3 0.6958333333333333 0.9111111111111111 0.12291666666666666 0.0925925925925926
3 0.6755208333333333 0.8361111111111111 0.10520833333333333 0.07962962962962963
3 0.8192708333333333 0.7453703703703703 0.065625 0.07962962962962963
3 0.6536458333333334 0.7435185185185186 0.08645833333333333 0.06481481481481481
3 0.5510416666666667 0.7768518518518519 0.05 0.06481481481481481
3 0.4479166666666667 0.7564814814814815 0.05 0.06851851851851852
2 0.47604166666666664 0.8055555555555556 0.01875 0.05555555555555556
1 0.47760416666666666 0.8 0.013541666666666667 0.05555555555555556
2 0.5354166666666667 0.8675925925925926 0.01875 0.053703703703703705
1 0.5333333333333333 0.8546296296296296 0.014583333333333334 0.06851851851851852
1 0.6020833333333333 0.9398148148148149 0.020833333333333332 0.03888888888888889
6 0.509375 0.9722222222222222 0.03125 0.05185185185185186
1 0.5041666666666667 0.9546296296296297 0.016666666666666666 0.03888888888888889
2 0.20885416666666667 0.9712962962962963 0.030208333333333334 0.05
1 0.20677083333333332 0.9583333333333334 0.017708333333333333 0.07592592592592592
0 0.20104166666666667 0.9796296296296296 0.0125 0.037037037037037035
9 0.1421875 0.9694444444444444 0.021875 0.05740740740740741
1 0.14427083333333332 0.9675925925925927 0.021875 0.053703703703703705
0 0.12291666666666666 0.9564814814814815 0.016666666666666666 0.06851851851851852
6 0.11041666666666666 0.9351851851851852 0.058333333333333334 0.0925925925925926
0 0.0640625 0.8796296296296297 0.015625 0.06666666666666667
9 0.034895833333333334 0.8055555555555556 0.034375 0.03333333333333333
7 0.3640625 0.7824074074074074 0.030208333333333334 0.09444444444444444
6 0.28854166666666664 0.7064814814814815 0.04791666666666666 0.061111111111111116
0 0.23489583333333333 0.6703703703703704 0.011458333333333333 0.040740740740740744
1 0.25104166666666666 0.6685185185185185 0.0125 0.02592592592592593
1 0.11927083333333333 0.7287037037037037 0.013541666666666667 0.031481481481481485
5 0.7291666666666666 0.5935185185185186 0.022916666666666665 0.05
3 0.6885416666666666 0.6046296296296296 0.03333333333333333 0.0462962962962963
3 0.6494791666666666 0.6074074074074074 0.03229166666666666 0.04814814814814815
6 0.4609375 0.6462962962962964 0.017708333333333333 0.037037037037037035
1 0.45677083333333335 0.6351851851851852 0.009375 0.02962962962962963
1 0.4609375 0.6407407407407407 0.009375 0.03333333333333333
5 0.6072916666666667 0.5851851851851853 0.041666666666666664 0.037037037037037035
6 0.46458333333333335 0.5731481481481482 0.014583333333333334 0.031481481481481485
1 0.4666666666666667 0.5657407407407408 0.008333333333333333 0.02777777777777778
1 0.46197916666666666 0.5675925925925926 0.007291666666666667 0.02777777777777778
9 0.38229166666666664 0.5990740740740741 0.0125 0.031481481481481485
0 0.38229166666666664 0.5935185185185186 0.010416666666666666 0.03888888888888889
2 0.41562499999999997 0.5712962962962963 0.00625 0.024074074074074074
1 0.41354166666666664 0.5648148148148149 0.00625 0.02592592592592593
0 0.4791666666666667 0.5546296296296297 0.004166666666666667 0.02777777777777778
1 0.5229166666666667 0.5916666666666667 0.008333333333333333 0.031481481481481485
5 0.5953125 0.46574074074074073 0.06770833333333333 0.05740740740740741
0 0.6385416666666667 0.5101851851851852 0.00625 0.031481481481481485
6 0.36302083333333335 0.5620370370370371 0.034375 0.031481481481481485
0 0.36666666666666664 0.5657407407407408 0.00625 0.031481481481481485
5 0.3723958333333333 0.5231481481481481 0.040625 0.031481481481481485
0 0.3765625 0.5305555555555556 0.005208333333333333 0.02777777777777778
0 0.38125 0.5296296296296297 0.00625 0.02592592592592593
9 0.4088541666666667 0.5259259259259259 0.017708333333333333 0.018518518518518517
0 0.3984375 0.5185185185185185 0.005208333333333333 0.022222222222222223
7 0.42864583333333334 0.5296296296296297 0.013541666666666667 0.044444444444444446
1 0.4276041666666667 0.5305555555555556 0.007291666666666667 0.024074074074074074
7 0.4354166666666667 0.5083333333333333 0.010416666666666666 0.03518518518518519
2 0.4890625 0.5435185185185185 0.009375 0.020370370370370372
1 0.48802083333333335 0.5370370370370371 0.007291666666666667 0.02962962962962963
1 0.4791666666666667 0.49444444444444446 0.00625 0.022222222222222223
2 0.4786458333333333 0.5037037037037038 0.005208333333333333 0.018518518518518517
6 0.46510416666666665 0.48055555555555557 0.011458333333333333 0.02777777777777778
1 0.465625 0.47314814814814815 0.00625 0.016666666666666666
2 0.4479166666666667 0.48055555555555557 0.00625 0.016666666666666666
1 0.4473958333333333 0.4759259259259259 0.005208333333333333 0.018518518518518517
1 0.45677083333333335 0.47314814814814815 0.005208333333333333 0.016666666666666666
2 0.45729166666666665 0.48055555555555557 0.004166666666666667 0.012962962962962964
1 0.48125 0.4703703703703704 0.00625 0.014814814814814815
2 0.48020833333333335 0.47870370370370374 0.004166666666666667 0.012962962962962964
2 0.9494791666666667 0.8990740740740741 0.036458333333333336 0.053703703703703705
0 0.34270833333333334 0.6037037037037037 0.008333333333333333 0.03333333333333333
1 0.35104166666666664 0.6148148148148148 0.008333333333333333 0.022222222222222223
1 0.3328125 0.6546296296296297 0.015625 0.031481481481481485
2 0.36666666666666664 0.6333333333333333 0.016666666666666666 0.022222222222222223
1 0.3671875 0.6296296296296297 0.007291666666666667 0.037037037037037035
1 0.37135416666666665 0.6277777777777778 0.007291666666666667 0.02592592592592593
0 0.3572916666666667 0.6092592592592593 0.008333333333333333 0.02962962962962963
6 0.33697916666666666 0.6175925925925926 0.04479166666666667 0.031481481481481485
6 0.33541666666666664 0.6314814814814815 0.04375 0.02962962962962963
