0 0.9606617647058824 0.715032679738562 0.05073529411764706 0.0915032679738562
1 0.9294117647058824 0.5588235294117647 0.03529411764705882 0.09281045751633986
1 0.9128676470588235 0.534640522875817 0.03308823529411765 0.08366013071895424
9 0.919485294117647 0.3810457516339869 0.0375 0.10326797385620914
9 0.9658088235294118 0.3333333333333333 0.05955882352941176 0.06274509803921569
0 0.8970588235294118 0.33921568627450976 0.027941176470588233 0.09019607843137255
0 0.8908088235294117 0.29869281045751633 0.03308823529411765 0.09542483660130718
0 0.9283088235294118 0.30392156862745096 0.03455882352941177 0.0849673202614379
0 0.9209558823529411 0.2647058823529412 0.03455882352941177 0.08235294117647059
0 0.9591911764705883 0.269281045751634 0.03308823529411765 0.08888888888888888
9 0.9863970588235293 0.20522875816993463 0.025735294117647058 0.0784313725490196
6 0.8323529411764706 0.18169934640522875 0.08235294117647059 0.0915032679738562
