9 0.05183823529411764 0.8431372549019607 0.04044117647058824 0.0522875816993464
0 0.2555147058823529 0.496078431372549 0.008088235294117646 0.04052287581699346
3 0.25919117647058826 0.5124183006535947 0.06102941176470588 0.04183006535947712
3 0.31727941176470587 0.5202614379084967 0.05955882352941176 0.04183006535947712
3 0.35919117647058824 0.7830065359477124 0.05220588235294118 0.11764705882352941
0 0.8091911764705882 0.9594771241830065 0.022794117647058822 0.07581699346405228
9 0.7783088235294118 0.8437908496732025 0.03308823529411765 0.04052287581699346
3 0.6665441176470588 0.796078431372549 0.06838235294117646 0.09673202614379084
3 0.7433823529411765 0.7705882352941176 0.08970588235294118 0.06928104575163398
5 0.6224264705882353 0.55359477124183 0.0375 0.07712418300653594
0 0.3827205882352941 0.5156862745098039 0.005147058823529412 0.03529411764705882
0 0.38345588235294115 0.522875816993464 0.005147058823529412 0.03398692810457516
0 0.3871323529411765 0.5183006535947712 0.005147058823529412 0.03529411764705882
3 0.6415441176470588 0.4686274509803921 0.04779411764705882 0.03529411764705882
4 0.6334558823529411 0.44248366013071894 0.04044117647058824 0.03790849673202614
0 0.5830882352941177 0.37385620915032675 0.0029411764705882353 0.02091503267973856
1 0.56875 0.38954248366013067 0.005147058823529412 0.01568627450980392
9 0.56875 0.39477124183006534 0.006617647058823529 0.01568627450980392
2 0.5724264705882353 0.3633986928104575 0.005147058823529412 0.01568627450980392
0 0.5794117647058823 0.37450980392156863 0.004411764705882353 0.02222222222222222
1 0.5716911764705882 0.3588235294117647 0.003676470588235294 0.01437908496732026
1 0.49522058823529413 0.3300653594771242 0.003676470588235294 0.01437908496732026
9 0.49522058823529413 0.33398692810457514 0.003676470588235294 0.01437908496732026
0 0.4525735294117647 0.3156862745098039 0.003676470588235294 0.01437908496732026
2 0.4514705882352941 0.31895424836601305 0.007352941176470588 0.00784313725490196
3 0.4566176470588235 0.3045751633986928 0.023529411764705882 0.01830065359477124
3 0.4738970588235294 0.3405228758169934 0.0125 0.0196078431372549
0 0.4823529411764706 0.3281045751633987 0.0029411764705882353 0.01830065359477124
3 0.48566176470588235 0.30392156862745096 0.011029411764705881 0.01699346405228758
1 0.475 0.32679738562091504 0.004411764705882353 0.0130718954248366
9 0.4753676470588235 0.33137254901960783 0.006617647058823529 0.011764705882352941
3 0.47830882352941173 0.31176470588235294 0.015441176470588236 0.01437908496732026
3 0.4801470588235294 0.3156862745098039 0.011764705882352941 0.0196078431372549
0 0.5735294117647058 0.2901960784313725 0.0029411764705882353 0.01568627450980392
3 0.5775735294117647 0.2699346405228758 0.015441176470588236 0.01437908496732026
0 0.5294117647058824 0.26862745098039215 0.0029411764705882353 0.011764705882352941
1 0.5073529411764706 0.28627450980392155 0.0029411764705882353 0.01045751633986928
2 0.50625 0.28823529411764703 0.008088235294117646 0.00915032679738562
0 0.4764705882352941 0.28823529411764703 0.0029411764705882353 0.01437908496732026
1 0.48455882352941176 0.28823529411764703 0.0029411764705882353 0.011764705882352941
2 0.48455882352941176 0.29084967320261434 0.0029411764705882353 0.00915032679738562
1 0.4985294117647059 0.2797385620915033 0.0029411764705882353 0.0130718954248366
9 0.4988970588235294 0.2830065359477124 0.006617647058823529 0.00915032679738562
3 0.48823529411764705 0.2797385620915033 0.01764705882352941 0.0130718954248366
3 0.5077205882352941 0.27581699346405225 0.016911764705882352 0.0130718954248366
3 0.5136029411764705 0.28169934640522876 0.011029411764705881 0.01437908496732026
3 0.45551470588235293 0.27124183006535946 0.016911764705882352 0.011764705882352941
3 0.4753676470588235 0.26862745098039215 0.016911764705882352 0.01437908496732026
6 0.5044117647058823 0.26405228758169935 0.004411764705882353 0.00784313725490196
3 0.5091911764705882 0.2568627450980392 0.008088235294117646 0.011764705882352941
3 0.5073529411764706 0.2529411764705882 0.007352941176470588 0.011764705882352941
3 0.5036764705882353 0.24901960784313723 0.007352941176470588 0.011764705882352941
3 0.5025735294117647 0.24509803921568626 0.006617647058823529 0.00915032679738562
3 0.5007352941176471 0.2437908496732026 0.007352941176470588 0.011764705882352941
0 0.51875 0.23202614379084965 0.0022058823529411764 0.00915032679738562
3 0.5411764705882353 0.24117647058823527 0.010294117647058823 0.0065359477124183
3 0.5334558823529412 0.23594771241830065 0.0125 0.00915032679738562
3 0.5198529411764706 0.2241830065359477 0.010294117647058823 0.0065359477124183
4 0.5191176470588236 0.22026143790849673 0.011764705882352941 0.011764705882352941
9 0.5136029411764705 0.23267973856209148 0.0022058823529411764 0.00784313725490196
7 0.506985294117647 0.226797385620915 0.005147058823529412 0.0065359477124183
3 0.5106617647058823 0.2130718954248366 0.008088235294117646 0.00784313725490196
4 0.5040441176470588 0.20849673202614377 0.003676470588235294 0.0065359477124183
3 0.5007352941176471 0.20522875816993463 0.0029411764705882353 0.00522875816993464
3 0.48933823529411763 0.20326797385620915 0.005147058823529412 0.0065359477124183
4 0.4823529411764706 0.19673202614379084 0.004411764705882353 0.0065359477124183
