0 0.05919117647058823 0.9176470588235294 0.015441176470588236 0.06797385620915032
0 0.03455882352941177 0.9176470588235294 0.020588235294117647 0.08104575163398692
0 0.005514705882352941 0.9516339869281045 0.011029411764705881 0.0392156862745098
0 0.32794117647058824 0.7993464052287581 0.013235294117647059 0.06143790849673202
0 0.6375 0.8006535947712418 0.014705882352941176 0.06143790849673202
0 0.6702205882352941 0.8398692810457515 0.016911764705882352 0.06666666666666667
0 0.7154411764705882 0.5797385620915032 0.014705882352941176 0.050980392156862744
5 0.06360294117647058 0.6209150326797385 0.07279411764705883 0.07581699346405228
1 0.39080882352941176 0.41960784313725485 0.009558823529411765 0.04183006535947712
2 0.39375 0.42810457516339867 0.022794117647058822 0.02222222222222222
6 0.4279411764705882 0.35686274509803917 0.032352941176470584 0.04967320261437908
3 0.43088235294117644 0.2915032679738562 0.032352941176470584 0.065359477124183
3 0.7886029411764706 0.5254901960784313 0.07720588235294118 0.07058823529411765
3 0.8183823529411764 0.4359477124183006 0.032352941176470584 0.0849673202614379
3 0.58125 0.9660130718954247 0.05367647058823529 0.065359477124183
3 0.45 0.9555555555555555 0.04852941176470588 0.08366013071895424
1 0.3625 0.6522875816993463 0.008823529411764706 0.04967320261437908
2 0.36727941176470585 0.6686274509803921 0.022794117647058822 0.043137254901960784
0 0.18713235294117647 0.27843137254901956 0.0125 0.047058823529411764
2 0.34375 0.35686274509803917 0.019852941176470587 0.0261437908496732
0 0.34301470588235294 0.19281045751633985 0.006617647058823529 0.0326797385620915
0 0.3154411764705882 0.19346405228758168 0.004411764705882353 0.0261437908496732
0 0.3110294117647059 0.19346405228758168 0.0029411764705882353 0.023529411764705882
0 0.3503676470588235 0.15163398692810456 0.003676470588235294 0.01830065359477124
0 0.3448529411764706 0.15294117647058822 0.004411764705882353 0.02875816993464052
0 0.3422794117647059 0.14640522875816991 0.005147058823529412 0.02875816993464052
3 0.3573529411764706 0.12091503267973855 0.027941176470588233 0.03006535947712418
3 0.3966911764705882 0.00718954248366013 0.011029411764705881 0.01437908496732026
1 0.38823529411764707 0.013725490196078431 0.0029411764705882353 0.01437908496732026
1 0.3827205882352941 0.02091503267973856 0.003676470588235294 0.01568627450980392
1 0.3838235294117647 0.03137254901960784 0.0029411764705882353 0.01568627450980392
9 0.38345588235294115 0.03986928104575163 0.0125 0.01699346405228758
6 0.45551470588235293 0.15359477124183005 0.0125 0.043137254901960784
1 0.4547794117647059 0.15294117647058822 0.005147058823529412 0.01568627450980392
3 0.4606617647058823 0.07908496732026143 0.013970588235294117 0.027450980392156862
3 0.4834558823529412 0.065359477124183 0.015441176470588236 0.02875816993464052
3 0.49411764705882355 0.01437908496732026 0.011764705882352941 0.023529411764705882
3 0.45955882352941174 0.03529411764705882 0.011764705882352941 0.0261437908496732
3 0.46286764705882355 0.01895424836601307 0.0125 0.02222222222222222
3 0.5470588235294117 0.043137254901960784 0.014705882352941176 0.0261437908496732
3 0.5871323529411765 0.20588235294117646 0.019852941176470587 0.03529411764705882
3 0.6301470588235294 0.027450980392156862 0.030882352941176472 0.0261437908496732
3 0.711764705882353 0.1699346405228758 0.026470588235294117 0.047058823529411764
3 0.6948529411764706 0.3431372549019608 0.05 0.05359477124183006
5 0.7132352941176471 0.4130718954248366 0.057352941176470586 0.08366013071895424
0 0.6746323529411765 0.45359477124183 0.008088235294117646 0.04444444444444444
0 0.6669117647058823 0.4562091503267974 0.007352941176470588 0.04444444444444444
0 0.6544117647058824 0.4490196078431372 0.007352941176470588 0.04836601307189542
0 0.6419117647058823 0.4464052287581699 0.007352941176470588 0.04052287581699346
3 0.6404411764705882 0.056862745098039215 0.016176470588235292 0.02483660130718954
5 0.6367647058823529 0.1065359477124183 0.022058823529411763 0.04836601307189542
0 0.5665441176470588 0.13986928104575164 0.005147058823529412 0.0261437908496732
0 0.5672794117647059 0.20196078431372547 0.005147058823529412 0.02222222222222222
0 0.5606617647058824 0.1954248366013072 0.005147058823529412 0.027450980392156862
0 0.5147058823529411 0.06209150326797385 0.004411764705882353 0.027450980392156862
0 0.45441176470588235 0.1065359477124183 0.004411764705882353 0.02222222222222222
1 0.5496323529411765 0.21045751633986925 0.005147058823529412 0.02091503267973856
1 0.54375 0.12483660130718953 0.003676470588235294 0.01437908496732026
1 0.5430147058823529 0.12287581699346405 0.003676470588235294 0.01568627450980392
1 0.48676470588235293 0.12091503267973855 0.0029411764705882353 0.01437908496732026
2 0.5488970588235293 0.2196078431372549 0.006617647058823529 0.0261437908496732
9 0.5426470588235294 0.12810457516339868 0.004411764705882353 0.01830065359477124
9 0.48566176470588235 0.13137254901960782 0.005147058823529412 0.02222222222222222
