5 0.25036764705882353 0.26013071895424833 0.09191176470588235 0.13333333333333333
3 0.2952205882352941 0.9503267973856209 0.09338235294117647 0.09673202614379084
3 0.44448529411764703 0.8366013071895424 0.06985294117647059 0.130718954248366
3 0.5613970588235294 0.841830065359477 0.05955882352941176 0.12287581699346405
3 0.39852941176470585 0.43006535947712415 0.05 0.07581699346405228
3 0.6143382352941177 0.01437908496732026 0.019852941176470587 0.0261437908496732
3 0.40551470588235294 0.596078431372549 0.04632352941176471 0.07058823529411765
3 0.4573529411764706 0.6418300653594771 0.060294117647058824 0.0915032679738562
3 0.5283088235294118 0.6725490196078431 0.05808823529411765 0.10065359477124182
4 0.6084558823529411 0.6640522875816993 0.05220588235294118 0.08888888888888888
3 0.538235294117647 0.5732026143790849 0.060294117647058824 0.0849673202614379
4 0.6301470588235294 0.5352941176470588 0.055882352941176466 0.08758169934640522
3 0.6915441176470588 0.549673202614379 0.04044117647058824 0.0718954248366013
3 0.6595588235294118 0.4398692810457516 0.039705882352941174 0.06143790849673202
3 0.7099264705882353 0.44705882352941173 0.0375 0.06274509803921569
3 0.6569852941176471 0.35620915032679734 0.0375 0.05359477124183006
3 0.7003676470588235 0.29346405228758166 0.028676470588235293 0.043137254901960784
3 0.725735294117647 0.37124183006535943 0.04264705882352941 0.054901960784313725
3 0.7136029411764706 0.33921568627450976 0.03308823529411765 0.050980392156862744
8 0.5959558823529412 0.4209150326797385 0.08161764705882353 0.14640522875816991
8 0.6746323529411765 0.2542483660130719 0.0625 0.09019607843137255
3 0.7746323529411765 0.32156862745098036 0.03455882352941177 0.0522875816993464
3 0.73125 0.22745098039215686 0.03161764705882353 0.04183006535947712
4 0.7363970588235293 0.27908496732026145 0.0375 0.06405228758169934
3 0.7966911764705882 0.2588235294117647 0.028676470588235293 0.04183006535947712
3 0.7709558823529412 0.24901960784313723 0.030147058823529412 0.0457516339869281
3 0.7761029411764706 0.1588235294117647 0.027205882352941177 0.03529411764705882
3 0.7650735294117647 0.20849673202614377 0.02426470588235294 0.03790849673202614
3 0.7919117647058823 0.21503267973856208 0.026470588235294117 0.03790849673202614
3 0.7952205882352941 0.1790849673202614 0.02426470588235294 0.03660130718954248
3 0.8264705882352941 0.21045751633986925 0.026470588235294117 0.04183006535947712
3 0.8136029411764706 0.1477124183006536 0.02426470588235294 0.03398692810457516
3 0.8132352941176471 0.1261437908496732 0.025 0.03006535947712418
3 0.8378676470588236 0.10522875816993463 0.025735294117647058 0.03529411764705882
3 0.8463235294117647 0.06274509803921569 0.022058823529411763 0.02875816993464052
3 0.8533088235294117 0.08300653594771241 0.02426470588235294 0.0326797385620915
3 0.8698529411764706 0.09281045751633986 0.022058823529411763 0.02875816993464052
3 0.8540441176470588 0.12941176470588234 0.021323529411764706 0.02875816993464052
5 0.8522058823529411 0.16013071895424835 0.03823529411764706 0.0718954248366013
3 0.8830882352941176 0.1196078431372549 0.022058823529411763 0.0326797385620915
3 0.8959558823529412 0.08169934640522876 0.019852941176470587 0.0326797385620915
3 0.9055147058823529 0.06013071895424836 0.01838235294117647 0.0261437908496732
5 0.9202205882352941 0.0261437908496732 0.030147058823529412 0.0522875816993464
0 0.85625 0.01830065359477124 0.0022058823529411764 0.02091503267973856
0 0.8606617647058823 0.01437908496732026 0.005147058823529412 0.02091503267973856
3 0.8683823529411765 0.02026143790849673 0.020588235294117647 0.027450980392156862
8 0.8841911764705882 0.03660130718954248 0.03897058823529412 0.07058823529411765
