3 0.01801470588235294 0.4313725490196078 0.019852941176470587 0.06274509803921569
0 0.0375 0.4339869281045751 0.020588235294117647 0.06797385620915032
3 0.059926470588235296 0.4444444444444444 0.019852941176470587 0.06274509803921569
3 0.08051470588235295 0.44248366013071894 0.01838235294117647 0.06143790849673202
3 0.09779411764705882 0.4379084967320261 0.01911764705882353 0.06797385620915032
3 0.2977941176470588 0.09803921568627451 0.016176470588235292 0.06274509803921569
3 0.32095588235294115 0.058823529411764705 0.015441176470588236 0.06013071895424836
3 0.3003676470588235 0.03202614379084967 0.016911764705882352 0.06143790849673202
3 0.39191176470588235 0.1241830065359477 0.014705882352941176 0.05751633986928104
3 0.3558823529411765 0.1954248366013072 0.01764705882352941 0.06928104575163398
3 0.43529411764705883 0.06013071895424836 0.01764705882352941 0.065359477124183
9 0.4724264705882353 0.11568627450980391 0.005147058823529412 0.02222222222222222
1 0.4724264705882353 0.11633986928104574 0.005147058823529412 0.0130718954248366
9 0.5191176470588236 0.15098039215686274 0.004411764705882353 0.0196078431372549
1 0.5183823529411765 0.14901960784313725 0.0029411764705882353 0.01045751633986928
4 0.5341911764705882 0.22352941176470587 0.016911764705882352 0.08366013071895424
6 0.5147058823529411 0.2647058823529412 0.007352941176470588 0.027450980392156862
1 0.5150735294117647 0.2647058823529412 0.005147058823529412 0.01437908496732026
3 0.6716911764705882 0.26862745098039215 0.015441176470588236 0.05620915032679738
3 0.6529411764705882 0.4156862745098039 0.023529411764705882 0.06274509803921569
3 0.7702205882352942 0.4241830065359477 0.015441176470588236 0.05359477124183006
4 0.8091911764705882 0.3581699346405228 0.028676470588235293 0.0261437908496732
3 0.7841911764705882 0.30653594771241827 0.03897058823529412 0.0326797385620915
0 0.3058823529411765 0.3300653594771242 0.007352941176470588 0.01437908496732026
0 0.3139705882352941 0.33856209150326794 0.0058823529411764705 0.0130718954248366
0 0.32316176470588237 0.3287581699346405 0.005147058823529412 0.01437908496732026
0 0.31948529411764703 0.3607843137254902 0.005147058823529412 0.0130718954248366
0 0.3492647058823529 0.3908496732026144 0.0058823529411764705 0.01045751633986928
3 0.35919117647058824 0.4026143790849673 0.01838235294117647 0.06274509803921569
3 0.4290441176470588 0.3503267973856209 0.013970588235294117 0.06274509803921569
3 0.29154411764705884 0.5215686274509803 0.016911764705882352 0.065359477124183
9 0.22720588235294117 0.9888888888888888 0.011764705882352941 0.0196078431372549
1 0.2286764705882353 0.818954248366013 0.007352941176470588 0.011764705882352941
0 0.23602941176470588 0.8300653594771241 0.0029411764705882353 0.00784313725490196
9 0.2485294117647059 0.634640522875817 0.007352941176470588 0.01437908496732026
1 0.24963235294117647 0.634640522875817 0.005147058823529412 0.011764705882352941
3 0.2841911764705882 0.8947712418300653 0.015441176470588236 0.0718954248366013
3 0.2786764705882353 0.9758169934640523 0.01764705882352941 0.04052287581699346
3 0.46911764705882353 0.9738562091503268 0.016176470588235292 0.047058823529411764
3 0.4224264705882353 0.9045751633986927 0.015441176470588236 0.06797385620915032
3 0.5367647058823529 0.9660130718954247 0.016176470588235292 0.06013071895424836
3 0.5371323529411764 0.8078431372549019 0.015441176470588236 0.04967320261437908
0 0.5253676470588236 0.8104575163398692 0.005147058823529412 0.0130718954248366
0 0.5202205882352942 0.8143790849673203 0.005147058823529412 0.00784313725490196
0 0.5136029411764705 0.8104575163398692 0.005147058823529412 0.0130718954248366
9 0.46249999999999997 0.8248366013071895 0.007352941176470588 0.023529411764705882
1 0.46286764705882355 0.8254901960784313 0.006617647058823529 0.01437908496732026
9 0.46286764705882355 0.7738562091503267 0.008088235294117646 0.023529411764705882
1 0.4632352941176471 0.7771241830065359 0.007352941176470588 0.01437908496732026
9 0.4463235294117647 0.7490196078431373 0.0058823529411764705 0.03137254901960784
1 0.4463235294117647 0.7483660130718953 0.007352941176470588 0.011764705882352941
3 0.44080882352941175 0.6333333333333333 0.015441176470588236 0.06405228758169934
