3 0.3698529411764706 0.5019607843137255 0.060294117647058824 0.19869281045751633
3 0.6639705882352941 0.7901960784313725 0.17794117647058824 0.15555555555555556
3 0.6003676470588235 0.23202614379084965 0.10073529411764706 0.07973856209150326
3 0.5702205882352941 0.17843137254901958 0.09926470588235294 0.07450980392156863
3 0.5827205882352942 0.09999999999999999 0.07573529411764705 0.07450980392156863
3 0.5713235294117647 0.058823529411764705 0.0838235294117647 0.06013071895424836
3 0.5691176470588235 0.03333333333333333 0.07794117647058824 0.03529411764705882
0 0.4264705882352941 0.20326797385620915 0.011764705882352941 0.05620915032679738
1 0.7261029411764706 0.3725490196078431 0.03308823529411765 0.0392156862745098
9 0.68125 0.32352941176470584 0.0125 0.06928104575163398
9 0.7897058823529411 0.5633986928104575 0.022058823529411763 0.08104575163398692
2 0.6904411764705882 0.2045751633986928 0.011764705882352941 0.05359477124183006
2 0.6470588235294118 0.2045751633986928 0.030882352941176472 0.03529411764705882
2 0.65625 0.08300653594771241 0.0125 0.04836601307189542
