5 0.22058823529411764 0.8823529411764706 0.11470588235294117 0.23267973856209148
3 0.2716911764705882 0.7732026143790849 0.05955882352941176 0.12941176470588234
5 0.30772058823529413 0.5784313725490196 0.06544117647058824 0.17124183006535945
4 0.3577205882352941 0.3915032679738562 0.03455882352941177 0.07712418300653594
4 0.5875 0.6071895424836601 0.03676470588235294 0.12156862745098039
3 0.5746323529411764 0.41437908496732023 0.03308823529411765 0.06797385620915032
3 0.48713235294117646 0.26601307189542484 0.027205882352941177 0.04836601307189542
3 0.4022058823529412 0.3431372549019608 0.032352941176470584 0.06928104575163398
3 0.9698529411764706 0.9614379084967319 0.03823529411764706 0.07450980392156863
9 0.88125 0.7352941176470588 0.0375 0.050980392156862744
2 0.8702205882352941 0.7124183006535947 0.04044117647058824 0.04183006535947712
9 0.8272058823529411 0.5888888888888888 0.020588235294117647 0.04836601307189542
9 0.8121323529411765 0.5620915032679739 0.027205882352941177 0.0392156862745098
9 0.7683823529411764 0.5156862745098039 0.025 0.043137254901960784
9 0.7823529411764706 0.48300653594771237 0.032352941176470584 0.0326797385620915
9 0.78125 0.47058823529411764 0.027205882352941177 0.02875816993464052
2 0.7386029411764706 0.4052287581699346 0.025735294117647058 0.02875816993464052
2 0.7386029411764706 0.3934640522875817 0.025735294117647058 0.0261437908496732
9 0.7378676470588236 0.3424836601307189 0.02426470588235294 0.02875816993464052
4 0.7040441176470588 0.2718954248366013 0.05073529411764706 0.04967320261437908
3 0.6650735294117647 0.23986928104575161 0.04485294117647059 0.050980392156862744
6 0.5709558823529411 0.24313725490196078 0.019852941176470587 0.03660130718954248
5 0.41470588235294115 0.161437908496732 0.05 0.04052287581699346
0 0.5558823529411765 0.22483660130718952 0.010294117647058823 0.03660130718954248
0 0.5742647058823529 0.18692810457516337 0.008823529411764706 0.02875816993464052
5 0.5709558823529411 0.15620915032679739 0.03308823529411765 0.05359477124183006
0 0.44816176470588237 0.161437908496732 0.008088235294117646 0.027450980392156862
4 0.5525735294117647 0.10392156862745097 0.015441176470588236 0.03529411764705882
4 0.555514705882353 0.08104575163398692 0.016911764705882352 0.03398692810457516
3 0.5003676470588235 0.04771241830065359 0.013970588235294117 0.027450980392156862
7 0.34375 0.16013071895424835 0.025735294117647058 0.0326797385620915
4 0.2551470588235294 0.1568627450980392 0.052941176470588235 0.03398692810457516
6 0.22830882352941176 0.1764705882352941 0.05073529411764706 0.03660130718954248
5 0.22830882352941176 0.1764705882352941 0.05073529411764706 0.03660130718954248
1 0.47316176470588234 0.14313725490196078 0.006617647058823529 0.0196078431372549
1 0.42426470588235293 0.3699346405228758 0.008823529411764706 0.02875816993464052
1 0.3981617647058823 0.6104575163398692 0.015441176470588236 0.047058823529411764
2 0.39595588235294116 0.6366013071895424 0.005147058823529412 0.03660130718954248
2 0.4227941176470588 0.388235294117647 0.010294117647058823 0.02875816993464052
2 0.47352941176470587 0.1522875816993464 0.007352941176470588 0.01699346405228758
4 0.5150735294117647 0.029411764705882353 0.016911764705882352 0.04052287581699346
3 0.5036764705882353 0.01633986928104575 0.014705882352941176 0.02222222222222222
3 0.45955882352941174 0.06666666666666667 0.032352941176470584 0.0261437908496732
0 0.4606617647058823 0.09803921568627451 0.006617647058823529 0.023529411764705882
0 0.45330882352941176 0.10065359477124182 0.006617647058823529 0.023529411764705882
0 0.4650735294117647 0.07973856209150326 0.003676470588235294 0.023529411764705882
0 0.45551470588235293 0.08431372549019607 0.005147058823529412 0.02222222222222222
3 0.46102941176470585 0.049019607843137254 0.01764705882352941 0.0326797385620915
0 0.4764705882352941 0.0738562091503268 0.004411764705882353 0.02222222222222222
0 0.475 0.05947712418300653 0.0058823529411764705 0.0196078431372549
1 0.5323529411764706 0.043137254901960784 0.004411764705882353 0.01568627450980392
6 0.5334558823529412 0.04967320261437908 0.008088235294117646 0.01830065359477124
6 0.6441176470588236 0.1326797385620915 0.020588235294117647 0.03529411764705882
9 0.6349264705882353 0.06013071895424836 0.0125 0.02091503267973856
6 0.47205882352941175 0.011764705882352941 0.011764705882352941 0.01830065359477124
0 0.6147058823529412 0.6934640522875817 0.01764705882352941 0.058823529411764705
0 0.8371323529411765 0.7124183006535947 0.015441176470588236 0.06274509803921569
1 0.8426470588235294 0.6980392156862745 0.008823529411764706 0.03137254901960784
3 0.4488970588235294 0.14248366013071895 0.021323529411764706 0.03660130718954248
