1 0.04963235294117647 0.20196078431372547 0.0125 0.027450980392156862
0 0.04301470588235294 0.17712418300653593 0.011029411764705881 0.043137254901960784
1 0.21764705882352942 0.32614379084967315 0.013235294117647059 0.0457516339869281
1 0.21066176470588235 0.3176470588235294 0.015441176470588236 0.04967320261437908
9 0.21029411764705883 0.33660130718954245 0.025 0.043137254901960784
0 0.3584558823529412 0.30130718954248364 0.0125 0.06666666666666667
0 0.4702205882352941 0.3764705882352941 0.009558823529411765 0.047058823529411764
0 0.46213235294117644 0.36209150326797385 0.009558823529411765 0.07058823529411765
0 0.4713235294117647 0.35163398692810455 0.016176470588235292 0.06274509803921569
1 0.44705882352941173 0.36405228758169933 0.010294117647058823 0.02483660130718954
3 0.36875 0.692156862745098 0.21102941176470588 0.15294117647058822
1 0.375 0.6856209150326797 0.020588235294117647 0.04052287581699346
1 0.9863970588235293 0.42156862745098034 0.015441176470588236 0.03790849673202614
6 0.9856617647058823 0.43660130718954243 0.027205882352941177 0.0915032679738562
3 0.9400735294117647 0.37973856209150325 0.07279411764705883 0.09281045751633986
3 0.8827205882352941 0.33137254901960783 0.06838235294117646 0.09803921568627451
3 0.9845588235294117 0.32091503267973853 0.029411764705882353 0.07712418300653594
0 0.8419117647058824 0.19477124183006533 0.010294117647058823 0.04183006535947712
0 0.8312499999999999 0.18692810457516337 0.008088235294117646 0.0392156862745098
0 0.8294117647058823 0.1941176470588235 0.007352941176470588 0.043137254901960784
0 0.8231617647058823 0.19477124183006533 0.008088235294117646 0.03398692810457516
9 0.8088235294117647 0.18627450980392155 0.010294117647058823 0.027450980392156862
3 0.6713235294117647 0.1803921568627451 0.041176470588235294 0.03660130718954248
0 0.6981617647058823 0.13660130718954247 0.008088235294117646 0.04052287581699346
3 0.7544117647058823 0.134640522875817 0.057352941176470586 0.03398692810457516
3 0.7683823529411764 0.11895424836601307 0.052941176470588235 0.02875816993464052
4 0.7963235294117647 0.11045751633986928 0.047058823529411764 0.027450980392156862
1 0.7069852941176471 0.12156862745098039 0.009558823529411765 0.01568627450980392
0 0.711764705882353 0.08627450980392157 0.007352941176470588 0.0261437908496732
0 0.7194852941176471 0.09281045751633986 0.005147058823529412 0.0261437908496732
1 0.7077205882352942 0.10588235294117647 0.008088235294117646 0.02091503267973856
4 0.8411764705882353 0.0895424836601307 0.025 0.0326797385620915
3 0.8639705882352942 0.08039215686274509 0.020588235294117647 0.02483660130718954
0 0.8783088235294118 0.0784313725490196 0.005147058823529412 0.02091503267973856
3 0.8544117647058823 0.04248366013071895 0.026470588235294117 0.02222222222222222
0 0.8536764705882353 0.041176470588235294 0.0029411764705882353 0.02222222222222222
0 0.8496323529411764 0.04248366013071895 0.005147058823529412 0.0196078431372549
9 0.8492647058823529 0.05751633986928104 0.011764705882352941 0.0130718954248366
9 0.8415441176470588 0.06013071895424836 0.013970588235294117 0.01568627450980392
9 0.8191176470588235 0.07320261437908496 0.014705882352941176 0.01568627450980392
