3 0.6966911764705882 0.9209150326797385 0.06691176470588235 0.15555555555555556
3 0.6323529411764706 0.8431372549019607 0.057352941176470586 0.1437908496732026
3 0.7033088235294117 0.7856209150326797 0.10955882352941176 0.15163398692810456
3 0.6301470588235294 0.6176470588235293 0.075 0.1111111111111111
3 0.6257352941176471 0.5450980392156862 0.08529411764705883 0.06274509803921569
3 0.6367647058823529 0.5013071895424837 0.07941176470588235 0.06666666666666667
3 0.6536764705882353 0.4718954248366013 0.07794117647058824 0.06274509803921569
3 0.6430147058823529 0.40784313725490196 0.06838235294117646 0.047058823529411764
3 0.6558823529411765 0.3908496732026144 0.057352941176470586 0.047058823529411764
3 0.6444852941176471 0.36405228758169933 0.0625 0.0457516339869281
3 0.5794117647058823 0.3660130718954248 0.060294117647058824 0.05751633986928104
3 0.5856617647058824 0.31241830065359477 0.04632352941176471 0.054901960784313725
3 0.5738970588235294 0.29084967320261434 0.04485294117647059 0.04836601307189542
3 0.5588235294117647 0.265359477124183 0.052941176470588235 0.06013071895424836
3 0.5772058823529411 0.2529411764705882 0.04264705882352941 0.043137254901960784
3 0.5944852941176471 0.24052287581699344 0.04485294117647059 0.03398692810457516
3 0.5919117647058824 0.226797385620915 0.039705882352941174 0.03529411764705882
4 0.6106617647058823 0.20392156862745098 0.04485294117647059 0.0392156862745098
3 0.5988970588235294 0.1895424836601307 0.03308823529411765 0.03398692810457516
3 0.569485294117647 0.18627450980392155 0.03455882352941177 0.03006535947712418
3 0.5577205882352941 0.17712418300653593 0.03455882352941177 0.0457516339869281
3 0.55625 0.1477124183006536 0.0375 0.02875816993464052
3 0.5551470588235294 0.13006535947712417 0.029411764705882353 0.0326797385620915
3 0.5625 0.11045751633986928 0.01764705882352941 0.0326797385620915
3 0.5540441176470589 0.09673202614379084 0.022794117647058822 0.02875816993464052
3 0.5481617647058823 0.08104575163398692 0.025735294117647058 0.02875816993464052
3 0.5621323529411765 0.07777777777777778 0.030147058823529412 0.027450980392156862
3 0.5632352941176471 0.07581699346405228 0.027941176470588233 0.03398692810457516
3 0.51875 0.11503267973856209 0.019852941176470587 0.03137254901960784
3 0.5011029411764706 0.07647058823529411 0.015441176470588236 0.0326797385620915
3 0.4985294117647059 0.0522875816993464 0.01764705882352941 0.0261437908496732
3 0.5176470588235293 0.04771241830065359 0.011764705882352941 0.0196078431372549
3 0.5367647058823529 0.04444444444444444 0.016176470588235292 0.02091503267973856
3 0.47463235294117645 0.05947712418300653 0.016911764705882352 0.027450980392156862
3 0.49338235294117644 0.1111111111111111 0.01764705882352941 0.03398692810457516
3 0.46875 0.09673202614379084 0.01838235294117647 0.03660130718954248
4 0.44779411764705884 0.12745098039215685 0.03823529411764706 0.03529411764705882
5 0.2577205882352941 0.9529411764705882 0.15220588235294116 0.0915032679738562
3 0.32941176470588235 0.8366013071895424 0.11323529411764706 0.15947712418300652
3 0.3301470588235294 0.6954248366013072 0.054411764705882354 0.13594771241830064
3 0.25919117647058826 0.6300653594771242 0.08161764705882353 0.07581699346405228
1 0.45073529411764707 0.8137254901960784 0.025 0.04836601307189542
6 0.4514705882352941 0.8196078431372549 0.029411764705882353 0.10980392156862745
9 0.7952205882352941 0.8333333333333333 0.04485294117647059 0.05359477124183006
9 0.8419117647058824 0.9333333333333332 0.03676470588235294 0.07581699346405228
9 0.8341911764705883 0.9568627450980391 0.04191176470588235 0.0784313725490196
9 0.8209558823529411 0.9614379084967319 0.030147058823529412 0.07450980392156863
3 0.2691176470588235 0.503921568627451 0.08088235294117647 0.06405228758169934
3 0.3003676470588235 0.46928104575163393 0.07426470588235294 0.07320261437908496
3 0.3698529411764706 0.4633986928104575 0.0661764705882353 0.06666666666666667
3 0.3900735294117647 0.3901960784313725 0.03602941176470588 0.09803921568627451
3 0.3426470588235294 0.33202614379084966 0.057352941176470586 0.05751633986928104
0 0.5617647058823529 0.44967320261437904 0.013235294117647059 0.0522875816993464
0 0.7132352941176471 0.5130718954248366 0.027941176470588233 0.027450980392156862
0 0.7106617647058824 0.49999999999999994 0.030147058823529412 0.0326797385620915
0 0.6485294117647059 0.4202614379084967 0.010294117647058823 0.04836601307189542
0 0.6400735294117647 0.31241830065359477 0.009558823529411765 0.04183006535947712
9 0.6363970588235294 0.2594771241830065 0.021323529411764706 0.027450980392156862
9 0.6356617647058823 0.26013071895424833 0.019852941176470587 0.02091503267973856
9 0.6378676470588235 0.25359477124183005 0.016911764705882352 0.0261437908496732
9 0.6231617647058824 0.22483660130718952 0.016911764705882352 0.023529411764705882
9 0.6205882352941177 0.22091503267973855 0.01764705882352941 0.023529411764705882
1 0.6 0.16601307189542483 0.007352941176470588 0.01568627450980392
1 0.5900735294117647 0.16666666666666666 0.008088235294117646 0.02222222222222222
1 0.6139705882352942 0.14248366013071895 0.010294117647058823 0.01830065359477124
0 0.6121323529411765 0.14183006535947712 0.0022058823529411764 0.011764705882352941
9 0.6139705882352942 0.13594771241830064 0.007352941176470588 0.01830065359477124
1 0.5919117647058824 0.10392156862745097 0.007352941176470588 0.0196078431372549
1 0.6014705882352941 0.09934640522875816 0.004411764705882353 0.0130718954248366
1 0.5970588235294118 0.10130718954248365 0.004411764705882353 0.01437908496732026
1 0.5974264705882353 0.09934640522875816 0.005147058823529412 0.01568627450980392
9 0.5900735294117647 0.07516339869281045 0.011029411764705881 0.01437908496732026
0 0.580514705882353 0.07058823529411765 0.006617647058823529 0.023529411764705882
4 0.5481617647058823 0.05620915032679738 0.015441176470588236 0.023529411764705882
3 0.5518382352941177 0.04836601307189542 0.015441176470588236 0.01830065359477124
3 0.5610294117647059 0.03986928104575163 0.027941176470588233 0.0196078431372549
3 0.549264705882353 0.03071895424836601 0.011764705882352941 0.02222222222222222
3 0.5529411764705883 0.02483660130718954 0.014705882352941176 0.01568627450980392
4 0.5761029411764705 0.025490196078431372 0.016911764705882352 0.027450980392156862
3 0.5922794117647059 0.023529411764705882 0.015441176470588236 0.02091503267973856
4 0.5683823529411764 0.01045751633986928 0.025 0.02091503267973856
3 0.5533088235294118 0.00849673202614379 0.02426470588235294 0.01699346405228758
6 0.5161764705882352 0.00849673202614379 0.01764705882352941 0.01699346405228758
1 0.513235294117647 0.0065359477124183 0.007352941176470588 0.0130718954248366
3 0.3952205882352941 0.01437908496732026 0.0125 0.02091503267973856
4 0.40036764705882355 0.0457516339869281 0.025735294117647058 0.03137254901960784
4 0.44485294117647056 0.02483660130718954 0.025 0.0261437908496732
3 0.45955882352941174 0.03464052287581699 0.014705882352941176 0.02483660130718954
3 0.4463235294117647 0.03529411764705882 0.027941176470588233 0.01830065359477124
3 0.4426470588235294 0.04248366013071895 0.030882352941176472 0.0196078431372549
3 0.4375 0.04967320261437908 0.027941176470588233 0.023529411764705882
3 0.4540441176470588 0.065359477124183 0.02426470588235294 0.02875816993464052
3 0.4551470588235294 0.07973856209150326 0.032352941176470584 0.0261437908496732
3 0.44705882352941173 0.09346405228758169 0.01764705882352941 0.027450980392156862
3 0.45551470588235293 0.10849673202614378 0.027205882352941177 0.0261437908496732
3 0.4522058823529412 0.11372549019607843 0.03529411764705882 0.03398692810457516
3 0.42463235294117646 0.06274509803921569 0.03308823529411765 0.02875816993464052
9 0.44375 0.13398692810457516 0.0125 0.0196078431372549
0 0.5216911764705883 0.06339869281045751 0.003676470588235294 0.02222222222222222
1 0.45955882352941174 0.16601307189542483 0.007352941176470588 0.0261437908496732
9 0.45955882352941174 0.1699346405228758 0.011764705882352941 0.0130718954248366
3 0.44227941176470587 0.16013071895424835 0.0375 0.027450980392156862
3 0.43529411764705883 0.1738562091503268 0.03676470588235294 0.03660130718954248
3 0.45073529411764707 0.19019607843137254 0.039705882352941174 0.03529411764705882
3 0.43823529411764706 0.21111111111111108 0.03529411764705882 0.043137254901960784
1 0.41066176470588234 0.18758169934640523 0.005147058823529412 0.02222222222222222
1 0.3977941176470588 0.18627450980392155 0.010294117647058823 0.0196078431372549
3 0.4338235294117647 0.25555555555555554 0.039705882352941174 0.043137254901960784
3 0.4117647058823529 0.28104575163398693 0.025 0.047058823529411764
3 0.4088235294117647 0.3156862745098039 0.032352941176470584 0.06143790849673202
3 0.4033088235294118 0.36013071895424836 0.05073529411764706 0.05620915032679738
