0 0.6041666666666666 0.5333333333333333 0.020833333333333332 0.08888888888888889
0 0.4192708333333333 0.6018518518518519 0.028125 0.08888888888888889
0 0.2484375 0.9398148148148149 0.034375 0.08703703703703704
0 0.28541666666666665 0.9157407407407407 0.0375 0.08703703703703704
0 0.4979166666666667 0.5287037037037037 0.01875 0.09074074074074075
0 0.5229166666666667 0.5370370370370371 0.022916666666666665 0.08148148148148149
0 0.3130208333333333 0.49074074074074076 0.02395833333333333 0.07407407407407407
0 0.3260416666666667 0.48888888888888893 0.025 0.07037037037037037
0 0.26666666666666666 0.5731481481481482 0.03125 0.09444444444444444
0 0.2598958333333333 0.4675925925925926 0.028125 0.07222222222222223
