3 0.5415441176470588 0.8359477124183006 0.03602941176470588 0.04052287581699346
9 0.5378676470588235 0.90718954248366 0.0125 0.0130718954248366
9 0.5404411764705882 0.8980392156862744 0.013235294117647059 0.01045751633986928
9 0.5408088235294117 0.8803921568627451 0.0125 0.011764705882352941
9 0.5430147058823529 0.8686274509803921 0.0125 0.01437908496732026
0 0.5459558823529411 0.9666666666666666 0.005147058823529412 0.011764705882352941
3 0.5345588235294118 0.7777777777777777 0.039705882352941174 0.047058823529411764
3 0.5363970588235294 0.7137254901960783 0.0375 0.03660130718954248
3 0.46249999999999997 0.7300653594771241 0.013235294117647059 0.06928104575163398
3 0.49816176470588236 0.6320261437908496 0.01838235294117647 0.06666666666666667
0 0.5636029411764706 0.7215686274509804 0.005147058823529412 0.01045751633986928
0 0.5602941176470588 0.7300653594771241 0.0058823529411764705 0.011764705882352941
3 0.3694852941176471 0.8594771241830065 0.03455882352941177 0.04052287581699346
3 0.4400735294117647 0.6202614379084966 0.015441176470588236 0.06928104575163398
3 0.3981617647058823 0.6052287581699346 0.015441176470588236 0.06797385620915032
9 0.4125 0.6202614379084966 0.007352941176470588 0.027450980392156862
1 0.41323529411764703 0.6209150326797385 0.007352941176470588 0.01568627450980392
0 0.32316176470588237 0.5738562091503268 0.005147058823529412 0.01045751633986928
0 0.31286764705882353 0.5555555555555555 0.006617647058823529 0.00784313725490196
0 0.33198529411764705 0.5477124183006535 0.005147058823529412 0.00784313725490196
0 0.33897058823529413 0.5470588235294117 0.0058823529411764705 0.00915032679738562
3 0.36875 0.4117647058823529 0.0375 0.02875816993464052
0 0.39963235294117644 0.4058823529411764 0.005147058823529412 0.011764705882352941
0 0.40404411764705883 0.36470588235294116 0.005147058823529412 0.0130718954248366
3 0.36617647058823527 0.32418300653594767 0.03529411764705882 0.03398692810457516
0 0.3775735294117647 0.3477124183006536 0.006617647058823529 0.0130718954248366
3 0.36580882352941174 0.26666666666666666 0.0375 0.04183006535947712
0 0.39338235294117646 0.27320261437908494 0.004411764705882353 0.0130718954248366
0 0.4415441176470588 0.2803921568627451 0.006617647058823529 0.01437908496732026
3 0.46691176470588236 0.41241830065359475 0.01911764705882353 0.06405228758169934
9 0.5511029411764706 0.3836601307189542 0.0125 0.00915032679738562
9 0.5459558823529411 0.4013071895424836 0.0125 0.01045751633986928
9 0.5588235294117647 0.40392156862745093 0.011764705882352941 0.00784313725490196
9 0.55625 0.4183006535947712 0.0125 0.0130718954248366
9 0.5088235294117647 0.418954248366013 0.014705882352941176 0.011764705882352941
9 0.5073529411764706 0.41045751633986927 0.014705882352941176 0.00784313725490196
9 0.5036764705882353 0.37385620915032675 0.007352941176470588 0.02091503267973856
9 0.4779411764705882 0.33660130718954245 0.0058823529411764705 0.02483660130718954
9 0.46433823529411766 0.30196078431372547 0.005147058823529412 0.023529411764705882
9 0.5058823529411764 0.2588235294117647 0.014705882352941176 0.00784313725490196
3 0.4875 0.27843137254901956 0.01764705882352941 0.06797385620915032
0 0.47941176470588237 0.33464052287581697 0.007352941176470588 0.0130718954248366
1 0.4650735294117647 0.3071895424836601 0.005147058823529412 0.00784313725490196
1 0.4650735294117647 0.3 0.005147058823529412 0.011764705882352941
1 0.5088235294117647 0.2568627450980392 0.007352941176470588 0.011764705882352941
0 0.5441176470588235 0.2725490196078431 0.007352941176470588 0.011764705882352941
0 0.5386029411764706 0.24901960784313723 0.005147058823529412 0.01699346405228758
9 0.4727941176470588 0.27058823529411763 0.004411764705882353 0.0261437908496732
0 0.47720588235294115 0.2797385620915033 0.004411764705882353 0.01568627450980392
1 0.4768382352941176 0.27058823529411763 0.005147058823529412 0.0130718954248366
3 0.48713235294117646 0.1980392156862745 0.0125 0.06405228758169934
9 0.50625 0.21437908496732025 0.0125 0.0130718954248366
9 0.5110294117647058 0.2091503267973856 0.010294117647058823 0.0130718954248366
9 0.50625 0.19346405228758168 0.0125 0.01568627450980392
9 0.5514705882352942 0.1915032679738562 0.011764705882352941 0.01699346405228758
9 0.5503676470588236 0.1803921568627451 0.0125 0.01045751633986928
9 0.5496323529411765 0.16666666666666666 0.0125 0.011764705882352941
0 0.5393382352941176 0.1830065359477124 0.005147058823529412 0.0130718954248366
0 0.4724264705882353 0.21111111111111108 0.005147058823529412 0.01437908496732026
1 0.47573529411764703 0.21241830065359477 0.0029411764705882353 0.011764705882352941
3 0.4511029411764706 0.1790849673202614 0.015441176470588236 0.06274509803921569
9 0.40625 0.23529411764705882 0.005147058823529412 0.023529411764705882
1 0.40661764705882353 0.23267973856209148 0.0058823529411764705 0.01568627450980392
1 0.4073529411764706 0.13660130718954247 0.0058823529411764705 0.01437908496732026
9 0.4073529411764706 0.13921568627450978 0.0058823529411764705 0.03006535947712418
0 0.3875 0.11372549019607843 0.004411764705882353 0.00784313725490196
3 0.3665441176470588 0.12810457516339868 0.03455882352941177 0.03660130718954248
6 0.3665441176470588 0.09542483660130718 0.022794117647058822 0.02091503267973856
0 0.39375 0.08235294117647059 0.005147058823529412 0.0130718954248366
9 0.40698529411764706 0.047058823529411764 0.005147058823529412 0.02091503267973856
1 0.40625 0.04444444444444444 0.005147058823529412 0.0130718954248366
