3 0.44926470588235295 0.588235294117647 0.060294117647058824 0.1411764705882353
3 0.5702205882352941 0.6470588235294117 0.08602941176470588 0.12549019607843137
3 0.4875 0.5111111111111111 0.07794117647058824 0.10196078431372549
3 0.19926470588235293 0.09411764705882353 0.027941176470588233 0.0522875816993464
3 0.7669117647058823 0.13202614379084968 0.03823529411764706 0.04967320261437908
3 0.5275735294117647 0.01895424836601307 0.025735294117647058 0.0326797385620915
3 0.16066176470588234 0.03986928104575163 0.02426470588235294 0.03790849673202614
3 0.16397058823529412 0.01111111111111111 0.029411764705882353 0.02483660130718954
0 0.11580882352941177 0.1764705882352941 0.0125 0.04183006535947712
0 0.1275735294117647 0.17254901960784313 0.011029411764705881 0.04967320261437908
0 0.6775735294117647 0.21437908496732025 0.009558823529411765 0.04183006535947712
0 0.7897058823529411 0.3333333333333333 0.014705882352941176 0.047058823529411764
0 0.9408088235294118 0.8137254901960784 0.02426470588235294 0.07712418300653594
0 0.7419117647058824 0.8222222222222222 0.01764705882352941 0.07058823529411765
1 0.46911764705882353 0.07973856209150326 0.007352941176470588 0.0261437908496732
0 0.07022058823529412 0.0718954248366013 0.009558823529411765 0.03398692810457516
9 0.0625 0.0673202614379085 0.01764705882352941 0.027450980392156862
9 0.0125 0.1326797385620915 0.023529411764705882 0.03006535947712418
9 0.04889705882352941 0.11568627450980391 0.022794117647058822 0.0326797385620915
9 0.46875 0.08758169934640522 0.0125 0.0261437908496732
9 0.2275735294117647 0.14901960784313725 0.0125 0.02091503267973856
1 0.2261029411764706 0.13790849673202613 0.009558823529411765 0.02222222222222222
6 0.7522058823529412 0.23660130718954248 0.052941176470588235 0.03398692810457516
6 0.8665441176470589 0.257516339869281 0.05220588235294118 0.02875816993464052
1 0.8613970588235293 0.24313725490196078 0.013970588235294117 0.03660130718954248
1 0.8220588235294117 0.2372549019607843 0.010294117647058823 0.04836601307189542
1 0.7992647058823529 0.25620915032679736 0.010294117647058823 0.03398692810457516
9 0.8198529411764706 0.24705882352941175 0.027941176470588233 0.02875816993464052
9 0.7977941176470588 0.2673202614379085 0.013235294117647059 0.03529411764705882
3 0.9198529411764705 0.2797385620915033 0.07352941176470588 0.047058823529411764
3 0.9125 0.22941176470588234 0.0661764705882353 0.0457516339869281
3 0.9794117647058823 0.26274509803921564 0.032352941176470584 0.04967320261437908
1 0.74375 0.22352941176470587 0.011029411764705881 0.03660130718954248
3 0.7194852941176471 0.06405228758169934 0.022794117647058822 0.047058823529411764
3 0.6433823529411765 0.09084967320261438 0.025 0.03790849673202614
0 0.63125 0.10588235294117647 0.006617647058823529 0.03398692810457516
0 0.6485294117647059 0.10784313725490195 0.007352941176470588 0.03529411764705882
0 0.6400735294117647 0.11045751633986928 0.006617647058823529 0.0326797385620915
3 0.5408088235294117 0.04967320261437908 0.027205882352941177 0.03660130718954248
0 0.5466911764705882 0.056862745098039215 0.008088235294117646 0.03006535947712418
9 0.5933823529411765 0.04836601307189542 0.022058823529411763 0.02875816993464052
0 0.7819852941176471 0.06601307189542484 0.009558823529411765 0.04052287581699346
3 0.8588235294117647 0.11307189542483659 0.057352941176470586 0.05620915032679738
3 0.7066176470588236 0.9111111111111111 0.11470588235294117 0.17516339869281045
3 0.15183823529411763 0.08235294117647059 0.022794117647058822 0.047058823529411764
