3 0.4010416666666667 0.7615740740740741 0.040625 0.09722222222222222
3 0.5140625 0.4814814814814815 0.022916666666666665 0.044444444444444446
3 0.4622395833333333 0.4027777777777778 0.019270833333333334 0.03518518518518519
3 0.5091145833333334 0.3699074074074074 0.021354166666666667 0.030555555555555558
3 0.4278645833333333 0.3976851851851852 0.021354166666666667 0.032407407407407406
3 0.24114583333333334 0.3675925925925926 0.025 0.03888888888888889
3 0.45859374999999997 0.3560185185185185 0.0171875 0.030555555555555558
1 0.5677083333333334 0.5041666666666667 0.009375 0.026851851851851852
9 0.56796875 0.5083333333333333 0.0109375 0.031481481481481485
3 0.42734374999999997 0.36574074074074076 0.0203125 0.03518518518518519
3 0.434375 0.3458333333333333 0.015625 0.025
3 0.45989583333333334 0.33287037037037037 0.015625 0.025
3 0.4786458333333333 0.3 0.013541666666666667 0.020370370370370372
3 0.4979166666666667 0.2740740740740741 0.013541666666666667 0.018518518518518517
3 0.48802083333333335 0.2351851851851852 0.010416666666666666 0.014814814814814815
3 0.4809895833333333 0.2925925925925926 0.0140625 0.018518518518518517
3 0.4796875 0.2791666666666667 0.013541666666666667 0.015740740740740743
3 0.4778645833333333 0.26990740740740743 0.0109375 0.017592592592592594
4 0.47552083333333334 0.2587962962962963 0.009375 0.021296296296296296
3 0.4734375 0.2518518518518519 0.011458333333333333 0.012962962962962964
3 0.4734375 0.24351851851851852 0.010416666666666666 0.014814814814814815
3 0.47239583333333335 0.23333333333333334 0.010416666666666666 0.012962962962962964
3 0.47161458333333334 0.22916666666666669 0.0078125 0.010185185185185186
3 0.47109375 0.22314814814814815 0.0078125 0.011111111111111112
3 0.4708333333333333 0.2175925925925926 0.009375 0.012962962962962964
3 0.45598958333333334 0.3138888888888889 0.015104166666666667 0.022222222222222223
3 0.45468749999999997 0.2972222222222222 0.0125 0.018518518518518517
3 0.45598958333333334 0.29120370370370374 0.013020833333333334 0.021296296296296296
3 0.4578125 0.27824074074074073 0.0125 0.019444444444444445
3 0.46041666666666664 0.26666666666666666 0.010416666666666666 0.020370370370370372
3 0.45546875 0.25833333333333336 0.0109375 0.018518518518518517
3 0.4578125 0.24722222222222223 0.010416666666666666 0.018518518518518517
4 0.45286458333333335 0.2425925925925926 0.0109375 0.018518518518518517
3 0.45677083333333335 0.23472222222222222 0.008333333333333333 0.012037037037037037
3 0.45546875 0.2300925925925926 0.008854166666666666 0.012037037037037037
3 0.45598958333333334 0.22037037037037038 0.008854166666666666 0.014814814814814815
3 0.45416666666666666 0.21296296296296297 0.007291666666666667 0.009259259259259259
3 0.4317708333333333 0.32453703703703707 0.016666666666666666 0.026851851851851852
3 0.4317708333333333 0.30324074074074076 0.014583333333333334 0.021296296296296296
3 0.4328125 0.2935185185185185 0.013541666666666667 0.020370370370370372
3 0.4354166666666667 0.2800925925925926 0.014583333333333334 0.019444444444444445
3 0.4354166666666667 0.26805555555555555 0.011458333333333333 0.019444444444444445
4 0.4359375 0.25462962962962965 0.010416666666666666 0.022222222222222223
3 0.4380208333333333 0.2425925925925926 0.010416666666666666 0.014814814814814815
3 0.43906249999999997 0.23703703703703705 0.010416666666666666 0.016666666666666666
3 0.4359375 0.22870370370370371 0.010416666666666666 0.012962962962962964
3 0.44114583333333335 0.225 0.008333333333333333 0.014814814814814815
3 0.43671875 0.22175925925925927 0.0078125 0.012037037037037037
3 0.43723958333333335 0.2162037037037037 0.0109375 0.01388888888888889
3 0.4421875 0.21481481481481482 0.007291666666666667 0.011111111111111112
3 0.42291666666666666 0.2125 0.010416666666666666 0.017592592592592594
3 0.3484375 0.2111111111111111 0.010416666666666666 0.012962962962962964
3 0.4510416666666667 0.19351851851851853 0.017708333333333333 0.012962962962962964
3 0.46041666666666664 0.16990740740740742 0.007291666666666667 0.012037037037037037
3 0.4635416666666667 0.14583333333333334 0.004166666666666667 0.010185185185185186
3 0.45416666666666666 0.14166666666666666 0.005208333333333333 0.007407407407407408
3 0.45286458333333335 0.1287037037037037 0.0046875 0.005555555555555556
3 0.47552083333333334 0.1513888888888889 0.00625 0.010185185185185186
3 0.46979166666666666 0.1837962962962963 0.017708333333333333 0.01388888888888889
3 0.4734375 0.18194444444444446 0.014583333333333334 0.01388888888888889
0 0.4927083333333333 0.17685185185185187 0.005208333333333333 0.011111111111111112
3 0.55546875 0.18194444444444446 0.0140625 0.01388888888888889
3 0.5372395833333333 0.17500000000000002 0.0140625 0.009259259259259259
3 0.5166666666666666 0.18101851851851852 0.013541666666666667 0.010185185185185186
3 0.5098958333333333 0.19768518518518519 0.016666666666666666 0.01388888888888889
3 0.5036458333333333 0.19305555555555556 0.0125 0.010185185185185186
3 0.5104166666666666 0.18425925925925926 0.011458333333333333 0.012962962962962964
3 0.5109375 0.1851851851851852 0.009375 0.007407407407407408
3 0.4309895833333333 0.18425925925925926 0.0140625 0.012962962962962964
3 0.42421875 0.1824074074074074 0.0140625 0.012962962962962964
3 0.3265625 0.2555555555555556 0.013541666666666667 0.020370370370370372
3 0.28854166666666664 0.23194444444444445 0.013541666666666667 0.017592592592592594
3 0.2973958333333333 0.22453703703703703 0.013541666666666667 0.017592592592592594
3 0.3072916666666667 0.2013888888888889 0.017708333333333333 0.017592592592592594
3 0.31536458333333334 0.19490740740740742 0.0203125 0.01388888888888889
3 0.31979166666666664 0.18981481481481483 0.01875 0.012962962962962964
3 0.3377604166666667 0.18333333333333335 0.009895833333333333 0.012962962962962964
3 0.36041666666666666 0.1875 0.014583333333333334 0.010185185185185186
3 0.3541666666666667 0.17175925925925928 0.007291666666666667 0.01388888888888889
3 0.3841145833333333 0.1925925925925926 0.0171875 0.012962962962962964
3 0.4041666666666667 0.18564814814814815 0.014583333333333334 0.012037037037037037
3 0.39739583333333334 0.1865740740740741 0.014583333333333334 0.008333333333333333
3 0.15729166666666666 0.1902777777777778 0.020833333333333332 0.012037037037037037
3 0.16666666666666666 0.19861111111111113 0.02395833333333333 0.017592592592592594
3 0.19036458333333334 0.19953703703703704 0.0171875 0.017592592592592594
3 0.2046875 0.19305555555555556 0.014583333333333334 0.01388888888888889
3 0.22291666666666665 0.19675925925925927 0.017708333333333333 0.01388888888888889
3 0.29661458333333335 0.18611111111111112 0.0140625 0.012962962962962964
1 0.33541666666666664 0.19907407407407407 0.004166666666666667 0.009259259259259259
9 0.33619791666666665 0.20231481481481484 0.0067708333333333336 0.008333333333333333
1 0.38177083333333334 0.19907407407407407 0.003125 0.007407407407407408
1 0.39036458333333335 0.2013888888888889 0.0046875 0.010185185185185186
6 0.3828125 0.20231481481481484 0.009375 0.008333333333333333
9 0.3911458333333333 0.20370370370370372 0.008333333333333333 0.009259259259259259
9 0.3872395833333333 0.18287037037037038 0.005729166666666666 0.006481481481481482
1 0.3875 0.18101851851851852 0.003125 0.008333333333333333
1 0.50546875 0.21574074074074076 0.0036458333333333334 0.011111111111111112
9 0.5046875 0.21805555555555556 0.004166666666666667 0.012037037037037037
3 0.3872395833333333 0.17222222222222222 0.0078125 0.012962962962962964
3 0.36614583333333334 0.1712962962962963 0.007291666666666667 0.009259259259259259
3 0.3653645833333333 0.16111111111111112 0.005729166666666666 0.007407407407407408
3 0.37213541666666666 0.15416666666666667 0.005729166666666666 0.008333333333333333
3 0.37473958333333335 0.14814814814814814 0.0046875 0.005555555555555556
3 0.3690104166666667 0.16805555555555557 0.005729166666666666 0.010185185185185186
3 0.37083333333333335 0.16574074074074074 0.00625 0.009259259259259259
3 0.3729166666666667 0.16064814814814815 0.005208333333333333 0.008333333333333333
3 0.37604166666666666 0.16064814814814815 0.005208333333333333 0.008333333333333333
3 0.37734375 0.15787037037037038 0.0046875 0.008333333333333333
3 0.378125 0.15694444444444444 0.00625 0.008333333333333333
3 0.3796875 0.1550925925925926 0.005208333333333333 0.008333333333333333
3 0.3809895833333333 0.1537037037037037 0.0046875 0.007407407407407408
3 0.3828125 0.15231481481481482 0.00625 0.008333333333333333
3 0.3848958333333333 0.1486111111111111 0.00625 0.006481481481481482
3 0.37734375 0.16990740740740742 0.0078125 0.010185185185185186
3 0.37994791666666666 0.1685185185185185 0.005729166666666666 0.009259259259259259
3 0.38177083333333334 0.16481481481481483 0.005208333333333333 0.009259259259259259
3 0.3848958333333333 0.16018518518518518 0.005208333333333333 0.007407407407407408
3 0.38671875 0.1574074074074074 0.0046875 0.007407407407407408
3 0.38984375 0.15416666666666667 0.005729166666666666 0.008333333333333333
3 0.39088541666666665 0.15185185185185185 0.005729166666666666 0.009259259259259259
3 0.39296875 0.14907407407407408 0.0046875 0.005555555555555556
3 0.3885416666666667 0.14305555555555557 0.005208333333333333 0.008333333333333333
4 0.39479166666666665 0.14351851851851852 0.005208333333333333 0.009259259259259259
4 0.3984375 0.14120370370370372 0.004166666666666667 0.008333333333333333
3 0.4010416666666667 0.13657407407407407 0.005208333333333333 0.006481481481481482
3 0.3953125 0.13518518518518519 0.004166666666666667 0.005555555555555556
3 0.4005208333333333 0.12916666666666668 0.004166666666666667 0.006481481481481482
3 0.4028645833333333 0.12638888888888888 0.0046875 0.006481481481481482
3 0.4041666666666667 0.12407407407407407 0.004166666666666667 0.005555555555555556
3 0.40651041666666665 0.11944444444444445 0.0036458333333333334 0.007407407407407408
3 0.38984375 0.1675925925925926 0.0078125 0.009259259259259259
3 0.39088541666666665 0.16296296296296298 0.005729166666666666 0.007407407407407408
3 0.39348958333333334 0.16064814814814815 0.0046875 0.008333333333333333
3 0.39479166666666665 0.1587962962962963 0.005208333333333333 0.008333333333333333
3 0.39609375 0.1574074074074074 0.0046875 0.007407407407407408
3 0.3966145833333333 0.1564814814814815 0.0046875 0.007407407407407408
3 0.3971354166666667 0.15462962962962964 0.005729166666666666 0.007407407407407408
3 0.3997395833333333 0.1537037037037037 0.005729166666666666 0.007407407407407408
3 0.4010416666666667 0.15046296296296297 0.005208333333333333 0.006481481481481482
3 0.4028645833333333 0.1462962962962963 0.0046875 0.007407407407407408
3 0.4041666666666667 0.1439814814814815 0.005208333333333333 0.008333333333333333
3 0.40598958333333335 0.14027777777777778 0.0046875 0.008333333333333333
3 0.4083333333333333 0.1375 0.00625 0.006481481481481482
3 0.3997395833333333 0.1712962962962963 0.0067708333333333336 0.009259259259259259
3 0.4015625 0.16805555555555557 0.007291666666666667 0.006481481481481482
3 0.4028645833333333 0.16666666666666669 0.0046875 0.007407407407407408
3 0.40338541666666666 0.16435185185185186 0.005729166666666666 0.006481481481481482
3 0.4041666666666667 0.16203703703703703 0.004166666666666667 0.005555555555555556
3 0.4041666666666667 0.16018518518518518 0.005208333333333333 0.007407407407407408
3 0.40729166666666666 0.15787037037037038 0.007291666666666667 0.008333333333333333
3 0.4080729166666667 0.15555555555555556 0.005729166666666666 0.009259259259259259
3 0.40989583333333335 0.1537037037037037 0.005208333333333333 0.007407407407407408
3 0.41171874999999997 0.15046296296296297 0.0046875 0.008333333333333333
3 0.41302083333333334 0.14675925925925926 0.004166666666666667 0.008333333333333333
3 0.41354166666666664 0.14351851851851852 0.004166666666666667 0.007407407407407408
3 0.4153645833333333 0.14212962962962963 0.0046875 0.008333333333333333
3 0.4166666666666667 0.13842592592592592 0.004166666666666667 0.008333333333333333
3 0.4184895833333333 0.13472222222222222 0.0046875 0.006481481481481482
4 0.4122395833333333 0.13055555555555556 0.0046875 0.007407407407407408
3 0.4153645833333333 0.1287037037037037 0.0046875 0.009259259259259259
1 0.17604166666666665 0.18888888888888888 0.004166666666666667 0.011111111111111112
