4 0.3 0.515032679738562 0.023529411764705882 0.06013071895424836
4 0.2893382352941176 0.396078431372549 0.019852941176470587 0.04183006535947712
5 0.44080882352941175 0.5967320261437908 0.03161764705882353 0.07450980392156863
3 0.48161764705882354 0.42810457516339867 0.025 0.03790849673202614
3 0.5477941176470588 0.4359477124183006 0.026470588235294117 0.04052287581699346
3 0.40588235294117647 0.26601307189542484 0.014705882352941176 0.02222222222222222
5 0.4345588235294118 0.2522875816993464 0.022058823529411763 0.054901960784313725
1 0.36213235294117646 0.5392156862745098 0.0125 0.0326797385620915
9 0.36213235294117646 0.5464052287581699 0.0125 0.02875816993464052
1 0.36066176470588235 0.41045751633986927 0.006617647058823529 0.0261437908496732
9 0.36066176470588235 0.4156862745098039 0.006617647058823529 0.0261437908496732
5 0.22830882352941176 0.23660130718954248 0.04044117647058824 0.03660130718954248
5 0.22242647058823528 0.2522875816993464 0.030147058823529412 0.0261437908496732
3 0.20919117647058824 0.2869281045751634 0.022794117647058822 0.01699346405228758
3 0.21433823529411763 0.2771241830065359 0.022794117647058822 0.01568627450980392
3 0.18125 0.22287581699346404 0.0125 0.01437908496732026
3 0.14485294117647057 0.22156862745098038 0.014705882352941176 0.01437908496732026
3 0.15919117647058822 0.23594771241830065 0.0125 0.01699346405228758
4 0.12242647058823529 0.24248366013071893 0.019852941176470587 0.02483660130718954
3 0.11360294117647059 0.2281045751633987 0.025735294117647058 0.01437908496732026
3 0.3261029411764706 0.230718954248366 0.009558823529411765 0.01437908496732026
3 0.3338235294117647 0.2241830065359477 0.010294117647058823 0.01437908496732026
3 0.3338235294117647 0.22091503267973855 0.010294117647058823 0.01568627450980392
3 0.34816176470588234 0.21176470588235294 0.008088235294117646 0.0130718954248366
3 0.9654411764705882 0.8405228758169934 0.06764705882352941 0.10196078431372549
3 0.8511029411764706 0.6882352941176471 0.06985294117647059 0.0718954248366013
3 0.7904411764705882 0.626797385620915 0.051470588235294115 0.06143790849673202
3 0.8375 0.6176470588235293 0.055882352941176466 0.058823529411764705
3 0.75 0.5640522875816993 0.05 0.058823529411764705
3 0.7856617647058823 0.5627450980392157 0.04485294117647059 0.050980392156862744
3 0.7077205882352942 0.5143790849673202 0.03897058823529412 0.0457516339869281
3 0.74375 0.5117647058823529 0.04779411764705882 0.050980392156862744
3 0.763235294117647 0.4888888888888889 0.039705882352941174 0.04183006535947712
3 0.6481617647058824 0.49738562091503263 0.03308823529411765 0.03790849673202614
3 0.7775735294117647 0.46274509803921565 0.0375 0.04183006535947712
5 0.6790441176470589 0.4764705882352941 0.0375 0.0457516339869281
4 0.825 0.549673202614379 0.045588235294117645 0.05620915032679738
3 0.7088235294117647 0.4725490196078431 0.03529411764705882 0.04052287581699346
3 0.7161764705882353 0.43725490196078426 0.032352941176470584 0.03529411764705882
3 0.6827205882352941 0.4379084967320261 0.03161764705882353 0.03398692810457516
4 0.6518382352941177 0.4437908496732026 0.03455882352941177 0.04052287581699346
3 0.6323529411764706 0.41699346405228754 0.029411764705882353 0.03398692810457516
3 0.6588235294117647 0.4052287581699346 0.026470588235294117 0.02875816993464052
3 0.6713235294117647 0.3915032679738562 0.026470588235294117 0.03006535947712418
3 0.6922794117647059 0.41503267973856206 0.030147058823529412 0.0326797385620915
3 0.71875 0.3980392156862745 0.027205882352941177 0.0326797385620915
3 0.6970588235294117 0.37712418300653594 0.027941176470588233 0.0326797385620915
3 0.6775735294117647 0.36013071895424836 0.02426470588235294 0.02483660130718954
3 0.6889705882352941 0.33921568627450976 0.022058823529411763 0.02483660130718954
3 0.6242647058823529 0.396078431372549 0.026470588235294117 0.02875816993464052
3 0.6393382352941176 0.38627450980392153 0.027205882352941177 0.03006535947712418
3 0.6488970588235294 0.3686274509803921 0.02426470588235294 0.02875816993464052
4 0.6095588235294117 0.37385620915032675 0.022058823529411763 0.03398692810457516
4 0.6235294117647059 0.36209150326797385 0.025 0.03398692810457516
4 0.6121323529411765 0.34509803921568627 0.019852941176470587 0.0261437908496732
4 0.5897058823529412 0.3431372549019608 0.025 0.03006535947712418
4 0.5941176470588235 0.36209150326797385 0.020588235294117647 0.02875816993464052
3 0.6363970588235294 0.3529411764705882 0.01838235294117647 0.023529411764705882
3 0.6202205882352941 0.33660130718954245 0.019852941176470587 0.02222222222222222
5 0.6658088235294117 0.3379084967320261 0.025735294117647058 0.0326797385620915
5 0.6378676470588235 0.3052287581699346 0.05073529411764706 0.06143790849673202
5 0.6764705882352942 0.3176470588235294 0.023529411764705882 0.02875816993464052
5 0.7308823529411764 0.3509803921568627 0.06470588235294117 0.07450980392156863
5 0.7488970588235294 0.4137254901960784 0.04485294117647059 0.06405228758169934
5 0.7393382352941177 0.3333333333333333 0.0875 0.10196078431372549
5 0.6875 0.2849673202614379 0.041176470588235294 0.06013071895424836
5 0.6375 0.2568627450980392 0.041176470588235294 0.050980392156862744
5 0.6033088235294117 0.2522875816993464 0.027205882352941177 0.0392156862745098
5 0.5658088235294118 0.2437908496732026 0.027205882352941177 0.043137254901960784
5 0.42463235294117646 0.22614379084967318 0.0125 0.04183006535947712
8 0.4485294117647059 0.22483660130718952 0.01764705882352941 0.03660130718954248
3 0.3180147058823529 0.20849673202614377 0.0125 0.01437908496732026
3 0.3338235294117647 0.2045751633986928 0.008823529411764706 0.01437908496732026
3 0.60625 0.32614379084967315 0.01838235294117647 0.02222222222222222
3 0.5779411764705882 0.33464052287581697 0.01764705882352941 0.0261437908496732
3 0.5783088235294117 0.3222222222222222 0.02426470588235294 0.02222222222222222
3 0.5941176470588235 0.31176470588235294 0.01764705882352941 0.0196078431372549
4 0.5797794117647058 0.2941176470588235 0.019852941176470587 0.0261437908496732
3 0.5680147058823529 0.31045751633986923 0.01838235294117647 0.0196078431372549
3 0.5610294117647059 0.30392156862745096 0.01764705882352941 0.0196078431372549
3 0.6121323529411765 0.2699346405228758 0.015441176470588236 0.01437908496732026
3 0.525 0.2699346405228758 0.010294117647058823 0.01699346405228758
3 0.5334558823529412 0.2771241830065359 0.0125 0.01568627450980392
3 0.5400735294117647 0.28627450980392155 0.0125 0.01568627450980392
3 0.5441176470588235 0.2973856209150327 0.013235294117647059 0.0196078431372549
3 0.5595588235294118 0.27385620915032677 0.013235294117647059 0.01699346405228758
3 0.5404411764705882 0.2542483660130719 0.013235294117647059 0.0196078431372549
