3 0.11510416666666666 0.7768518518518519 0.10520833333333333 0.12407407407407407
5 0.3385416666666667 0.6472222222222223 0.23333333333333334 0.3314814814814815
4 0.534375 0.45 0.0375 0.05555555555555556
5 0.5895833333333333 0.35370370370370374 0.08541666666666667 0.12222222222222223
5 0.5744791666666667 0.21851851851851853 0.057291666666666664 0.08518518518518518
8 0.6671875 0.26666666666666666 0.046875 0.06666666666666667
1 0.5953125 0.45462962962962966 0.009375 0.020370370370370372
1 0.5911458333333334 0.4564814814814815 0.007291666666666667 0.012962962962962964
9 0.5953125 0.46851851851851856 0.021875 0.02592592592592593
1 0.5755208333333334 0.4444444444444445 0.009375 0.022222222222222223
1 0.5734375 0.44537037037037036 0.005208333333333333 0.016666666666666666
9 0.5755208333333334 0.45462962962962966 0.013541666666666667 0.024074074074074074
3 0.6286458333333333 0.22962962962962963 0.019791666666666666 0.02592592592592593
3 0.6505208333333333 0.19907407407407407 0.019791666666666666 0.02777777777777778
9 0.5567708333333333 0.28055555555555556 0.019791666666666666 0.020370370370370372
3 0.7177083333333333 0.2712962962962963 0.022916666666666665 0.03518518518518519
3 0.7317708333333334 0.2175925925925926 0.021875 0.03518518518518519
3 0.8135416666666666 0.18611111111111112 0.022916666666666665 0.020370370370370372
3 0.8161458333333333 0.1814814814814815 0.028125 0.022222222222222223
0 0.8572916666666667 0.20555555555555557 0.008333333333333333 0.02962962962962963
1 0.8697916666666666 0.22222222222222224 0.00625 0.018518518518518517
1 0.8677083333333333 0.21666666666666667 0.008333333333333333 0.014814814814814815
