0 0.5786458333333333 0.549537037037037 0.007291666666666667 0.04351851851851852
3 0.5927083333333333 0.7527777777777778 0.059375 0.07962962962962963
3 0.48802083333333335 0.5546296296296297 0.0375 0.05185185185185186
3 0.09479166666666666 0.24861111111111112 0.04375 0.025
3 0.24348958333333334 0.23611111111111113 0.0359375 0.020370370370370372
3 0.3372395833333333 0.23472222222222222 0.033854166666666664 0.015740740740740743
3 0.7541666666666667 0.24444444444444446 0.03333333333333333 0.016666666666666666
3 0.7921875 0.2490740740740741 0.028125 0.016666666666666666
3 0.9416666666666667 0.26712962962962966 0.027083333333333334 0.019444444444444445
5 0.21484375 0.32037037037037036 0.022395833333333334 0.02962962962962963
3 0.23411458333333332 0.32962962962962966 0.013020833333333334 0.024074074074074074
3 0.2630208333333333 0.3421296296296296 0.017708333333333333 0.030555555555555558
3 0.3833333333333333 0.3416666666666667 0.01875 0.020370370370370372
3 0.3692708333333333 0.33564814814814814 0.01875 0.019444444444444445
3 0.3546875 0.32685185185185184 0.01875 0.018518518518518517
3 0.2872395833333333 0.33611111111111114 0.01614583333333333 0.02777777777777778
