3 0.34154411764705883 0.6875816993464052 0.08897058823529412 0.1830065359477124
3 0.4488970588235294 0.6529411764705881 0.06838235294117646 0.15294117647058822
3 0.40955882352941175 0.5137254901960784 0.060294117647058824 0.09673202614379084
3 0.4944852941176471 0.503921568627451 0.04485294117647059 0.08758169934640522
3 0.5922794117647059 0.4209150326797385 0.03455882352941177 0.07320261437908496
3 0.6757352941176471 0.40784313725490196 0.03529411764705882 0.054901960784313725
3 0.9080882352941176 0.5620915032679739 0.07794117647058824 0.10196078431372549
3 0.08566176470588235 0.5980392156862745 0.08602941176470588 0.09281045751633986
3 0.16176470588235295 0.5071895424836601 0.08235294117647059 0.0915032679738562
3 0.16286764705882353 0.31895424836601305 0.04779411764705882 0.047058823529411764
3 0.5948529411764706 0.17973856209150327 0.013235294117647059 0.027450980392156862
3 0.6051470588235294 0.13202614379084968 0.013235294117647059 0.01568627450980392
3 0.8555147058823529 0.46993464052287576 0.05955882352941176 0.07712418300653594
3 0.5117647058823529 0.20196078431372547 0.01764705882352941 0.04052287581699346
3 0.5202205882352942 0.18823529411764706 0.011029411764705881 0.02875816993464052
3 0.5231617647058824 0.16862745098039214 0.021323529411764706 0.02091503267973856
4 0.2275735294117647 0.35686274509803917 0.03455882352941177 0.07320261437908496
3 0.2261029411764706 0.43267973856209146 0.05220588235294118 0.07581699346405228
3 0.2797794117647059 0.37516339869281046 0.05514705882352941 0.06274509803921569
3 0.28823529411764703 0.3 0.04264705882352941 0.04836601307189542
4 0.2025735294117647 0.2830065359477124 0.0375 0.05620915032679738
3 0.24080882352941177 0.26274509803921564 0.04044117647058824 0.047058823529411764
0 0.4915441176470588 0.2699346405228758 0.008088235294117646 0.03790849673202614
1 0.43419117647058825 0.9784313725490196 0.030147058823529412 0.04052287581699346
0 0.007720588235294118 0.6143790849673202 0.015441176470588236 0.08104575163398692
6 0.5683823529411764 0.13986928104575164 0.007352941176470588 0.0130718954248366
9 0.15330882352941178 0.41241830065359475 0.015441176470588236 0.04052287581699346
9 0.009558823529411765 0.4294117647058823 0.01911764705882353 0.04052287581699346
9 0.01948529411764706 0.4117647058823529 0.022794117647058822 0.04967320261437908
9 0.2731617647058823 0.23398692810457514 0.025735294117647058 0.02091503267973856
3 0.8080882352941177 0.24640522875816992 0.05 0.03529411764705882
8 0.6003676470588235 0.05620915032679738 0.008088235294117646 0.01830065359477124
3 0.6132352941176471 0.06274509803921569 0.010294117647058823 0.01045751633986928
3 0.3871323529411765 0.24705882352941175 0.03455882352941177 0.054901960784313725
3 0.4154411764705882 0.2130718954248366 0.04852941176470588 0.04183006535947712
1 0.56875 0.134640522875817 0.005147058823529412 0.0130718954248366
1 0.5522058823529412 0.1457516339869281 0.0029411764705882353 0.011764705882352941
1 0.5426470588235294 0.13790849673202613 0.004411764705882353 0.0196078431372549
9 0.5419117647058823 0.1437908496732026 0.007352941176470588 0.0130718954248366
9 0.5522058823529412 0.1503267973856209 0.004411764705882353 0.0130718954248366
