3 0.4636029411764706 0.8470588235294118 0.04338235294117647 0.17254901960784313
3 0.5216911764705883 0.8647058823529411 0.05220588235294118 0.16601307189542483
3 0.6227941176470588 0.7777777777777777 0.05 0.12026143790849672
3 0.6025735294117647 0.6738562091503267 0.09044117647058823 0.0849673202614379
3 0.5904411764705882 0.4986928104575163 0.045588235294117645 0.11633986928104574
3 0.4591911764705882 0.6588235294117647 0.04044117647058824 0.1437908496732026
3 0.4577205882352941 0.4941176470588235 0.03455882352941177 0.10980392156862745
3 0.5125 0.43660130718954243 0.033823529411764704 0.08888888888888888
3 0.5566176470588236 0.365359477124183 0.041176470588235294 0.07712418300653594
3 0.5772058823529411 0.3 0.032352941176470584 0.06666666666666667
3 0.631985294117647 0.28627450980392155 0.05220588235294118 0.065359477124183
3 0.5003676470588235 0.28627450980392155 0.030147058823529412 0.06797385620915032
3 0.4514705882352941 0.34444444444444444 0.032352941176470584 0.09019607843137255
3 0.3676470588235294 0.7568627450980392 0.0838235294117647 0.13594771241830064
3 0.3529411764705882 0.6758169934640522 0.08235294117647059 0.13333333333333333
0 0.4183823529411765 0.7875816993464052 0.014705882352941176 0.0457516339869281
9 0.41801470588235295 0.8084967320261437 0.01838235294117647 0.05620915032679738
0 0.38529411764705884 0.8209150326797385 0.011764705882352941 0.0522875816993464
5 0.3849264705882353 0.48823529411764705 0.04485294117647059 0.17124183006535945
3 0.38566176470588237 0.3856209150326797 0.030147058823529412 0.06797385620915032
0 0.2786764705882353 0.426797385620915 0.014705882352941176 0.04836601307189542
0 0.2639705882352941 0.38954248366013067 0.007352941176470588 0.03398692810457516
0 0.1463235294117647 0.7758169934640522 0.01911764705882353 0.04836601307189542
3 0.45551470588235293 0.18758169934640523 0.022794117647058822 0.07712418300653594
3 0.5275735294117647 0.16209150326797384 0.027205882352941177 0.04967320261437908
3 0.5617647058823529 0.16732026143790849 0.026470588235294117 0.054901960784313725
3 0.5720588235294117 0.10915032679738561 0.044117647058823525 0.04052287581699346
3 0.5231617647058824 0.10130718954248365 0.019852941176470587 0.043137254901960784
3 0.518014705882353 0.03202614379084967 0.016911764705882352 0.03529411764705882
3 0.3838235294117647 0.3156862745098039 0.041176470588235294 0.07450980392156863
1 0.43713235294117647 0.1326797385620915 0.009558823529411765 0.027450980392156862
9 0.4363970588235294 0.14313725490196078 0.008088235294117646 0.02483660130718954
0 0.4275735294117647 0.10392156862745097 0.008088235294117646 0.0326797385620915
0 0.4238970588235294 0.16339869281045752 0.008088235294117646 0.03398692810457516
0 0.4202205882352941 0.13986928104575164 0.006617647058823529 0.03137254901960784
0 0.41801470588235295 0.1111111111111111 0.006617647058823529 0.02875816993464052
0 0.7047794117647058 0.4745098039215686 0.009558823529411765 0.04967320261437908
0 0.7154411764705882 0.47320261437908495 0.008823529411764706 0.0392156862745098
0 0.6849264705882353 0.357516339869281 0.0125 0.04836601307189542
2 0.6610294117647059 0.31895424836601305 0.010294117647058823 0.03660130718954248
2 0.7959558823529411 0.9803921568627451 0.0375 0.03137254901960784
2 0.7970588235294117 0.9124183006535947 0.032352941176470584 0.0392156862745098
9 0.8227941176470588 0.95359477124183 0.025 0.0849673202614379
