3 0.15729166666666666 0.9708333333333333 0.128125 0.05648148148148149
4 0.3953125 0.9634259259259259 0.103125 0.0712962962962963
3 0.42916666666666664 0.8115740740740741 0.09270833333333334 0.13425925925925927
3 0.76484375 0.6361111111111112 0.059895833333333336 0.0925925925925926
3 0.9434895833333333 0.5925925925925926 0.04635416666666667 0.06296296296296297
3 0.5653645833333333 0.9282407407407408 0.07239583333333333 0.14166666666666666
3 0.57421875 0.7300925925925926 0.0984375 0.09722222222222222
3 0.62109375 0.45555555555555555 0.0703125 0.05185185185185186
0 0.6734375 0.3662037037037037 0.007291666666666667 0.03425925925925926
1 0.6841145833333333 0.40231481481481485 0.0109375 0.03425925925925926
9 0.6833333333333333 0.4101851851851852 0.0125 0.031481481481481485
3 0.8697916666666666 0.4532407407407408 0.040625 0.05648148148148149
8 0.8591145833333333 0.2337962962962963 0.057812499999999996 0.0787037037037037
0 0.79921875 0.24537037037037038 0.0046875 0.03333333333333333
1 0.8028645833333333 0.24027777777777778 0.0036458333333333334 0.025
1 0.8059895833333334 0.23842592592592593 0.005729166666666666 0.017592592592592594
0 0.81484375 0.24675925925925926 0.0067708333333333336 0.026851851851851852
0 0.8153645833333333 0.23240740740740742 0.0067708333333333336 0.031481481481481485
0 0.8236979166666667 0.24861111111111112 0.005729166666666666 0.028703703703703703
0 0.8283854166666667 0.24722222222222223 0.005729166666666666 0.031481481481481485
3 0.91484375 0.25787037037037036 0.0265625 0.03425925925925926
3 0.8947916666666667 0.1875 0.022916666666666665 0.028703703703703703
3 0.9065104166666667 0.1763888888888889 0.021354166666666667 0.025
3 0.9255208333333333 0.16481481481481483 0.020833333333333332 0.024074074074074074
3 0.9346354166666666 0.1513888888888889 0.018229166666666668 0.02314814814814815
4 0.9565104166666667 0.1763888888888889 0.0234375 0.030555555555555558
3 0.9528645833333333 0.13425925925925927 0.0171875 0.022222222222222223
3 0.9809895833333333 0.13611111111111113 0.0203125 0.020370370370370372
3 0.9934895833333334 0.15972222222222224 0.011979166666666666 0.02314814814814815
3 0.9703125 0.11851851851851852 0.019791666666666666 0.020370370370370372
3 0.9953124999999999 0.10601851851851853 0.008333333333333333 0.015740740740740743
0 0.9880208333333333 0.11666666666666667 0.003125 0.012962962962962964
1 0.01171875 0.09212962962962963 0.005729166666666666 0.017592592592592594
2 0.011197916666666667 0.09537037037037037 0.013020833333333334 0.016666666666666666
3 0.03359375 0.38981481481481484 0.0671875 0.05555555555555556
4 0.02421875 0.37592592592592594 0.0484375 0.05555555555555556
3 0.01796875 0.3513888888888889 0.0359375 0.04351851851851852
3 0.0734375 0.31203703703703706 0.06666666666666667 0.044444444444444446
4 0.08463541666666667 0.3277777777777778 0.06302083333333333 0.05185185185185186
3 0.09791666666666667 0.3462962962962963 0.06354166666666666 0.04814814814814815
4 0.11354166666666667 0.35879629629629634 0.05520833333333333 0.04537037037037037
0 0.23854166666666665 0.19074074074074074 0.005208333333333333 0.02777777777777778
3 0.25416666666666665 0.2087962962962963 0.035416666666666666 0.032407407407407406
0 0.2734375 0.2013888888888889 0.004166666666666667 0.025
3 0.20598958333333334 0.2662037037037037 0.0546875 0.03981481481481482
4 0.22734374999999998 0.2800925925925926 0.049479166666666664 0.03796296296296296
4 0.24036458333333333 0.2865740740740741 0.0484375 0.03981481481481482
4 0.2559895833333333 0.3013888888888889 0.0515625 0.04722222222222222
0 0.2947916666666667 0.13148148148148148 0.005208333333333333 0.018518518518518517
2 0.28489583333333335 0.12407407407407407 0.007291666666666667 0.018518518518518517
9 0.31484375 0.1175925925925926 0.008854166666666666 0.018518518518518517
2 0.3072916666666667 0.11898148148148148 0.008333333333333333 0.017592592592592594
1 0.32708333333333334 0.11481481481481481 0.00625 0.016666666666666666
0 0.34609375 0.10833333333333334 0.0046875 0.022222222222222223
3 0.2934895833333333 0.17824074074074076 0.0390625 0.030555555555555558
4 0.3104166666666667 0.1837962962962963 0.026041666666666668 0.028703703703703703
4 0.3265625 0.19074074074074074 0.035416666666666666 0.03518518518518519
3 0.3385416666666667 0.20370370370370372 0.03958333333333333 0.03333333333333333
3 0.3515625 0.20833333333333334 0.040625 0.031481481481481485
3 0.3653645833333333 0.21666666666666667 0.0390625 0.03518518518518519
4 0.3390625 0.16435185185185186 0.03333333333333333 0.026851851851851852
3 0.3536458333333333 0.17222222222222222 0.03333333333333333 0.02592592592592593
3 0.38046875 0.1837962962962963 0.0359375 0.03425925925925926
3 0.39609375 0.19490740740740742 0.0359375 0.026851851851851852
4 0.3997395833333333 0.1685185185185185 0.0359375 0.02777777777777778
3 0.40781249999999997 0.14074074074074075 0.03333333333333333 0.024074074074074074
4 0.4197916666666667 0.1462962962962963 0.029166666666666667 0.02962962962962963
3 0.43671875 0.1550925925925926 0.0390625 0.026851851851851852
3 0.48984374999999997 0.15601851851851853 0.0359375 0.028703703703703703
3 0.5098958333333333 0.16574074074074074 0.035416666666666666 0.02592592592592593
3 0.4947916666666667 0.18703703703703706 0.03125 0.03333333333333333
3 0.4421875 0.13101851851851853 0.035416666666666666 0.025
3 0.4515625 0.13842592592592592 0.03125 0.025
3 0.4979166666666667 0.11527777777777778 0.021875 0.021296296296296296
4 0.50859375 0.11898148148148148 0.0265625 0.028703703703703703
3 0.5252604166666667 0.12824074074074074 0.030729166666666665 0.026851851851851852
3 0.5421875 0.13333333333333333 0.027083333333333334 0.024074074074074074
3 0.5291666666666667 0.11018518518518519 0.026041666666666668 0.020370370370370372
3 0.5385416666666667 0.11666666666666667 0.026041666666666668 0.024074074074074074
3 0.5528645833333333 0.12083333333333333 0.028645833333333332 0.021296296296296296
3 0.56484375 0.12962962962962962 0.027604166666666666 0.020370370370370372
1 0.5359375 0.07083333333333333 0.004166666666666667 0.01388888888888889
1 0.5385416666666667 0.06898148148148149 0.004166666666666667 0.012037037037037037
1 0.5520833333333334 0.07546296296296297 0.003125 0.008333333333333333
4 0.5747395833333333 0.0962962962962963 0.022395833333333334 0.02592592592592593
3 0.5859375 0.10231481481481482 0.021875 0.021296296296296296
3 0.6010416666666667 0.10694444444444445 0.025 0.021296296296296296
3 0.5997395833333333 0.09166666666666667 0.0203125 0.018518518518518517
0 0.5890625 0.05787037037037037 0.003125 0.019444444444444445
0 0.5947916666666666 0.061111111111111116 0.004166666666666667 0.018518518518518517
3 0.6236979166666666 0.10231481481481482 0.027604166666666666 0.021296296296296296
0 0.6489583333333333 0.049074074074074076 0.003125 0.014814814814814815
4 0.65234375 0.08425925925925926 0.019270833333333334 0.022222222222222223
3 0.6661458333333333 0.08842592592592594 0.02395833333333333 0.019444444444444445
