3 0.6208333333333333 0.1 0.003125 0.005555555555555556
3 0.6205729166666667 0.09444444444444444 0.0026041666666666665 0.005555555555555556
3 0.6140625 0.1 0.003125 0.005555555555555556
3 0.6184895833333334 0.11064814814814815 0.0036458333333333334 0.006481481481481482
3 0.6197916666666666 0.125 0.005208333333333333 0.007407407407407408
3 0.61171875 0.12175925925925926 0.005729166666666666 0.008333333333333333
3 0.6059895833333333 0.09953703703703703 0.0036458333333333334 0.006481481481481482
3 0.6059895833333333 0.10694444444444445 0.0046875 0.006481481481481482
3 0.5966145833333333 0.09722222222222222 0.0036458333333333334 0.005555555555555556
3 0.6010416666666667 0.10833333333333334 0.004166666666666667 0.007407407407407408
3 0.5973958333333333 0.11574074074074074 0.005208333333333333 0.005555555555555556
3 0.5911458333333334 0.12407407407407407 0.00625 0.005555555555555556
3 0.5908854166666666 0.13194444444444445 0.0067708333333333336 0.006481481481481482
3 0.6434895833333333 0.09861111111111112 0.0036458333333333334 0.006481481481481482
3 0.6479166666666667 0.1087962962962963 0.003125 0.004629629629629629
3 0.6471354166666666 0.09490740740740741 0.0026041666666666665 0.002777777777777778
3 0.6572916666666666 0.11064814814814815 0.004166666666666667 0.006481481481481482
3 0.6635416666666667 0.10833333333333334 0.004166666666666667 0.005555555555555556
3 0.6598958333333333 0.11666666666666667 0.004166666666666667 0.007407407407407408
3 0.6723958333333333 0.1287037037037037 0.004166666666666667 0.007407407407407408
3 0.6885416666666666 0.13055555555555556 0.00625 0.009259259259259259
3 0.68671875 0.15416666666666667 0.0078125 0.008333333333333333
3 0.6809895833333334 0.16203703703703703 0.0067708333333333336 0.009259259259259259
3 0.6716145833333333 0.19722222222222224 0.009895833333333333 0.018518518518518517
4 0.6848958333333334 0.1925925925925926 0.009375 0.014814814814814815
4 0.665625 0.13055555555555556 0.00625 0.009259259259259259
4 0.66796875 0.1574074074074074 0.0109375 0.020370370370370372
8 0.6973958333333333 0.1638888888888889 0.010416666666666666 0.022222222222222223
3 0.6604166666666667 0.15 0.007291666666666667 0.009259259259259259
3 0.71484375 0.22453703703703703 0.0109375 0.015740740740740743
3 0.7453125 0.28240740740740744 0.017708333333333333 0.02777777777777778
6 0.7822916666666666 0.25601851851851853 0.009375 0.015740740740740743
1 0.7809895833333333 0.250462962962963 0.0046875 0.008333333333333333
3 0.8822916666666667 0.4851851851851852 0.036458333333333336 0.04259259259259259
1 0.5036458333333333 0.2606481481481482 0.004166666666666667 0.01388888888888889
1 0.5135416666666667 0.25925925925925924 0.004166666666666667 0.011111111111111112
9 0.5036458333333333 0.26712962962962966 0.004166666666666667 0.015740740740740743
6 0.5135416666666667 0.26666666666666666 0.005208333333333333 0.018518518518518517
0 0.26536458333333335 0.2518518518518519 0.0046875 0.018518518518518517
0 0.34739583333333335 0.23101851851851854 0.004166666666666667 0.015740740740740743
0 0.3171875 0.23333333333333334 0.005208333333333333 0.016666666666666666
3 0.3229166666666667 0.2199074074074074 0.026041666666666668 0.01388888888888889
3 0.3559895833333333 0.2212962962962963 0.024479166666666666 0.014814814814814815
3 0.4010416666666667 0.22268518518518518 0.025 0.019444444444444445
3 0.4328125 0.22222222222222224 0.027083333333333334 0.014814814814814815
5 0.58984375 0.24629629629629632 0.015104166666666667 0.03888888888888889
4 0.39869791666666665 0.9597222222222223 0.05364583333333333 0.0787037037037037
4 0.6010416666666667 0.5662037037037038 0.02395833333333333 0.0712962962962963
4 0.5658854166666667 0.4027777777777778 0.018229166666666668 0.0462962962962963
4 0.6072916666666667 0.2611111111111111 0.014583333333333334 0.020370370370370372
4 0.5328125 0.28101851851851856 0.013541666666666667 0.02314814814814815
4 0.6171875 0.22083333333333335 0.0125 0.02314814814814815
3 0.6171875 0.2101851851851852 0.009375 0.011111111111111112
3 0.6184895833333334 0.23287037037037037 0.009895833333333333 0.012037037037037037
3 0.6197916666666666 0.24305555555555555 0.011458333333333333 0.017592592592592594
3 0.6145833333333334 0.2523148148148148 0.009375 0.015740740740740743
3 0.6221354166666666 0.26157407407407407 0.0109375 0.019444444444444445
3 0.6184895833333334 0.275 0.013020833333333334 0.018518518518518517
3 0.6122395833333333 0.3611111111111111 0.0171875 0.02962962962962963
3 0.6166666666666667 0.3837962962962963 0.01875 0.032407407407407406
3 0.6096354166666667 0.4763888888888889 0.022395833333333334 0.03796296296296296
3 0.6109375 0.44027777777777777 0.020833333333333332 0.03981481481481482
3 0.6109375 0.40694444444444444 0.01875 0.03425925925925926
3 0.6091145833333333 0.5208333333333334 0.0234375 0.05648148148148149
3 0.6130208333333333 0.6245370370370371 0.030208333333333334 0.08611111111111111
3 0.5979166666666667 0.9587962962962964 0.041666666666666664 0.08055555555555556
3 0.48359375 0.9402777777777778 0.043229166666666666 0.1175925925925926
3 0.6059895833333333 0.7125 0.030729166666666665 0.09166666666666667
3 0.61171875 0.8171296296296297 0.0390625 0.12314814814814816
3 0.5622395833333333 0.4481481481481482 0.01614583333333333 0.03888888888888889
3 0.5109375 0.36574074074074076 0.014583333333333334 0.03888888888888889
3 0.5278645833333333 0.3101851851851852 0.0140625 0.02592592592592593
3 0.5328125 0.42685185185185187 0.01875 0.040740740740740744
3 0.5559895833333334 0.49074074074074076 0.018229166666666668 0.04814814814814815
3 0.54296875 0.5523148148148148 0.025520833333333333 0.05462962962962963
3 0.4921875 0.39537037037037037 0.017708333333333333 0.03518518518518519
3 0.4796875 0.42129629629629634 0.022916666666666665 0.0462962962962963
3 0.4809895833333333 0.4620370370370371 0.022395833333333334 0.04259259259259259
4 0.5354166666666667 0.3856481481481482 0.014583333333333334 0.04351851851851852
4 0.5078125 0.4930555555555556 0.028125 0.06574074074074074
4 0.48984374999999997 0.5546296296296297 0.028645833333333332 0.07592592592592592
3 0.4591145833333333 0.5092592592592593 0.0328125 0.05185185185185186
3 0.44036458333333334 0.5638888888888889 0.034895833333333334 0.07037037037037037
3 0.5416666666666666 0.625462962962963 0.029166666666666667 0.0712962962962963
3 0.52734375 0.712037037037037 0.034895833333333334 0.09074074074074075
3 0.5109375 0.8277777777777778 0.04375 0.11666666666666667
3 0.47161458333333334 0.6652777777777779 0.04010416666666666 0.08055555555555556
3 0.44895833333333335 0.7523148148148149 0.04479166666666667 0.10092592592592593
3 0.4122395833333333 0.8680555555555556 0.05677083333333333 0.1287037037037037
3 0.32786458333333335 0.9055555555555556 0.07864583333333333 0.1537037037037037
3 0.375 0.7685185185185186 0.053125 0.10740740740740741
3 0.4158854166666667 0.6402777777777778 0.04010416666666666 0.07685185185185185
3 0.5885416666666666 0.26712962962962966 0.011458333333333333 0.019444444444444445
3 0.5890625 0.27731481481481485 0.0125 0.021296296296296296
3 0.5854166666666667 0.2916666666666667 0.015625 0.024074074074074074
3 0.5822916666666667 0.3106481481481482 0.014583333333333334 0.028703703703703703
3 0.5809895833333333 0.32731481481481484 0.0140625 0.021296296296296296
3 0.5703125 0.26157407407407407 0.0125 0.017592592592592594
3 0.5671875 0.27361111111111114 0.010416666666666666 0.019444444444444445
4 0.5598958333333334 0.28240740740740744 0.014583333333333334 0.022222222222222223
3 0.55546875 0.3 0.013020833333333334 0.022222222222222223
3 0.55546875 0.31527777777777777 0.0140625 0.019444444444444445
3 0.5505208333333333 0.24444444444444446 0.010416666666666666 0.018518518518518517
3 0.5473958333333333 0.25787037037037036 0.010416666666666666 0.015740740740740743
3 0.5447916666666667 0.27175925925925926 0.013541666666666667 0.021296296296296296
3 0.51796875 0.32962962962962966 0.018229166666666668 0.024074074074074074
3 0.5153645833333333 0.35370370370370374 0.0171875 0.02962962962962963
3 0.5528645833333333 0.3314814814814815 0.0140625 0.031481481481481485
3 0.5484375 0.34861111111111115 0.014583333333333334 0.028703703703703703
4 0.5411458333333333 0.36388888888888893 0.017708333333333333 0.03888888888888889
4 0.57109375 0.3689814814814815 0.015104166666666667 0.04166666666666667
3 0.5783854166666667 0.3509259259259259 0.015104166666666667 0.03333333333333333
3 0.5197916666666667 0.4564814814814815 0.02395833333333333 0.040740740740740744
8 0.6533854166666666 0.10416666666666667 0.005729166666666666 0.008333333333333333
8 0.6104166666666666 0.08750000000000001 0.004166666666666667 0.006481481481481482
