3 0.12316176470588235 0.0522875816993464 0.022794117647058822 0.02875816993464052
3 0.2150735294117647 0.1241830065359477 0.027205882352941177 0.03660130718954248
3 0.26580882352941176 0.14967320261437908 0.022794117647058822 0.0326797385620915
3 0.3029411764705882 0.049019607843137254 0.01911764705882353 0.027450980392156862
3 0.33786764705882355 0.00784313725490196 0.015441176470588236 0.01830065359477124
4 0.1213235294117647 0.19607843137254902 0.041176470588235294 0.07581699346405228
8 0.2801470588235294 0.2751633986928104 0.054411764705882354 0.11633986928104574
3 0.3514705882352941 0.9398692810457515 0.0661764705882353 0.11764705882352941
3 0.4386029411764706 0.9287581699346404 0.06544117647058824 0.13986928104575164
3 0.5213235294117647 0.872549019607843 0.07205882352941176 0.19477124183006533
3 0.3139705882352941 0.7013071895424836 0.08676470588235294 0.14509803921568626
3 0.37426470588235294 0.7529411764705882 0.0661764705882353 0.15163398692810456
3 0.40625 0.6248366013071895 0.04632352941176471 0.09673202614379084
3 0.5209558823529412 0.6895424836601307 0.05514705882352941 0.1503267973856209
3 0.5066176470588235 0.5555555555555555 0.044117647058823525 0.0915032679738562
3 0.5172794117647058 0.46470588235294114 0.03455882352941177 0.08235294117647059
3 0.45625 0.5934640522875817 0.04632352941176471 0.10980392156862745
4 0.4485294117647059 0.7294117647058823 0.060294117647058824 0.1830065359477124
3 0.4536764705882353 0.4915032679738562 0.039705882352941174 0.08627450980392157
3 0.4485294117647059 0.40457516339869276 0.032352941176470584 0.07450980392156863
3 0.40441176470588236 0.38169934640522873 0.03529411764705882 0.07581699346405228
8 0.3805147058823529 0.48823529411764705 0.10367647058823529 0.22614379084967318
3 0.45 0.3326797385620915 0.032352941176470584 0.06143790849673202
3 0.4209558823529412 0.27581699346405225 0.03308823529411765 0.054901960784313725
3 0.45698529411764705 0.27058823529411763 0.027205882352941177 0.047058823529411764
3 0.4915441176470588 0.28431372549019607 0.028676470588235293 0.05359477124183006
5 0.5183823529411765 0.34967320261437906 0.052941176470588235 0.12941176470588234
3 0.4926470588235294 0.1830065359477124 0.026470588235294117 0.04183006535947712
0 0.4051470588235294 0.21111111111111108 0.0058823529411764705 0.03790849673202614
0 0.41691176470588237 0.18627450980392155 0.0058823529411764705 0.03529411764705882
3 0.47830882352941173 0.13333333333333333 0.022794117647058822 0.03660130718954248
3 0.4606617647058823 0.22941176470588234 0.027205882352941177 0.050980392156862744
3 0.4176470588235294 0.17712418300653593 0.023529411764705882 0.04052287581699346
3 0.42169117647058824 0.21503267973856208 0.025735294117647058 0.0457516339869281
3 0.4602941176470588 0.19477124183006533 0.027941176470588233 0.04183006535947712
3 0.46948529411764706 0.0869281045751634 0.019852941176470587 0.03006535947712418
3 0.4400735294117647 0.14313725490196078 0.025735294117647058 0.043137254901960784
8 0.4400735294117647 0.07973856209150326 0.03161764705882353 0.08104575163398692
5 0.4724264705882353 0.03398692810457516 0.027205882352941177 0.06797385620915032
5 0.44080882352941175 0.02483660130718954 0.022794117647058822 0.04967320261437908
3 0.7158088235294118 0.01241830065359477 0.03455882352941177 0.01699346405228758
3 0.7279411764705882 0.02287581699346405 0.03529411764705882 0.027450980392156862
3 0.7588235294117647 0.045098039215686274 0.04264705882352941 0.0326797385620915
3 0.8077205882352941 0.00980392156862745 0.03897058823529412 0.0196078431372549
3 0.8172794117647059 0.02418300653594771 0.030147058823529412 0.0196078431372549
3 0.8242647058823529 0.03071895424836601 0.032352941176470584 0.0196078431372549
3 0.8382352941176471 0.03986928104575163 0.04264705882352941 0.02222222222222222
3 0.8551470588235294 0.05359477124183006 0.044117647058823525 0.0261437908496732
3 0.8290441176470588 0.09542483660130718 0.04044117647058824 0.04183006535947712
3 0.8908088235294117 0.029411764705882353 0.04044117647058824 0.027450980392156862
3 0.96875 0.04379084967320261 0.03602941176470588 0.0326797385620915
3 0.9801470588235294 0.01241830065359477 0.030882352941176472 0.02222222222222222
3 0.9647058823529412 0.00980392156862745 0.032352941176470584 0.0196078431372549
