3 0.26536458333333335 0.47314814814814815 0.09635416666666667 0.06851851851851852
1 0.1328125 0.43472222222222223 0.0125 0.026851851851851852
0 0.10104166666666667 0.4365740740740741 0.016666666666666666 0.05462962962962963
0 0.08541666666666667 0.4273148148148148 0.014583333333333334 0.05092592592592593
0 0.11536458333333333 0.4300925925925926 0.0140625 0.05277777777777778
0 0.11927083333333333 0.42453703703703705 0.0125 0.05277777777777778
3 0.5979166666666667 0.7518518518518519 0.17916666666666667 0.1685185185185185
4 0.44244791666666666 0.4439814814814815 0.07760416666666667 0.07685185185185185
3 0.86484375 0.4601851851851852 0.0703125 0.061111111111111116
5 0.8145833333333333 0.3666666666666667 0.053125 0.05555555555555556
6 0.5734375 0.4027777777777778 0.0375 0.04259259259259259
1 0.6036458333333333 0.39305555555555555 0.014583333333333334 0.032407407407407406
1 0.6127604166666667 0.3925925925925926 0.0109375 0.02777777777777778
1 0.6041666666666666 0.39305555555555555 0.013541666666666667 0.030555555555555558
2 0.6322916666666667 0.375462962962963 0.014583333333333334 0.025
2 0.6674479166666667 0.3703703703703704 0.022395833333333334 0.02592592592592593
3 0.6875 0.3578703703703704 0.028125 0.04722222222222222
3 0.6078125 0.15972222222222224 0.05520833333333333 0.04351851851851852
