3 0.03272058823529412 0.9385620915032679 0.06544117647058824 0.09934640522875816
3 0.09485294117647058 0.9594771241830065 0.12794117647058822 0.0784313725490196
4 0.05110294117647059 0.8790849673202614 0.10220588235294117 0.08758169934640522
3 0.1838235294117647 0.8084967320261437 0.10147058823529412 0.10065359477124182
3 0.8283088235294117 0.9287581699346404 0.08455882352941177 0.12156862745098039
3 0.9580882352941177 0.9444444444444444 0.08235294117647059 0.10849673202614378
3 0.7650735294117647 0.7941176470588235 0.05955882352941176 0.07973856209150326
3 0.18713235294117647 0.6725490196078431 0.08455882352941177 0.05359477124183006
9 0.3264705882352941 0.8294117647058823 0.014705882352941176 0.05620915032679738
1 0.3272058823529412 0.8098039215686273 0.014705882352941176 0.04052287581699346
9 0.0125 0.7967320261437908 0.025 0.0457516339869281
9 0.07683823529411765 0.6869281045751634 0.019852941176470587 0.03529411764705882
9 0.12426470588235294 0.611111111111111 0.020588235294117647 0.0326797385620915
6 0.1900735294117647 0.5888888888888888 0.03161764705882353 0.027450980392156862
3 0.2588235294117647 0.5738562091503268 0.057352941176470586 0.047058823529411764
3 0.2595588235294118 0.5477124183006535 0.060294117647058824 0.047058823529411764
5 0.2650735294117647 0.515032679738562 0.05955882352941176 0.0522875816993464
4 0.31985294117647056 0.5084967320261438 0.039705882352941174 0.06797385620915032
3 0.2702205882352941 0.47516339869281043 0.04926470588235294 0.0326797385620915
3 0.28823529411764703 0.4588235294117647 0.04264705882352941 0.03137254901960784
9 0.23308823529411765 0.4816993464052287 0.010294117647058823 0.027450980392156862
3 0.2838235294117647 0.44705882352941173 0.04264705882352941 0.0261437908496732
0 0.34411764705882353 0.49019607843137253 0.0058823529411764705 0.03398692810457516
0 0.34705882352941175 0.4875816993464052 0.007352941176470588 0.03137254901960784
0 0.3525735294117647 0.48627450980392156 0.006617647058823529 0.03398692810457516
4 0.3897058823529412 0.46013071895424834 0.020588235294117647 0.04444444444444444
3 0.2863970588235294 0.4209150326797385 0.03897058823529412 0.0261437908496732
3 0.2963235294117647 0.41241830065359475 0.03823529411764706 0.027450980392156862
6 0.3272058823529412 0.418954248366013 0.025 0.0196078431372549
3 0.31213235294117647 0.3980392156862745 0.03455882352941177 0.02222222222222222
3 0.3165441176470588 0.3901960784313725 0.03308823529411765 0.02222222222222222
0 0.34595588235294117 0.4006535947712418 0.005147058823529412 0.02222222222222222
3 0.3588235294117647 0.3699346405228758 0.027941176470588233 0.023529411764705882
3 0.325 0.36666666666666664 0.030882352941176472 0.02222222222222222
3 0.3790441176470588 0.35620915032679734 0.013970588235294117 0.02483660130718954
3 0.35441176470588237 0.3398692810457516 0.027941176470588233 0.01568627450980392
3 0.3463235294117647 0.33137254901960783 0.032352941176470584 0.01699346405228758
9 0.39191176470588235 0.33660130718954245 0.0058823529411764705 0.01699346405228758
6 0.7253676470588235 0.6915032679738562 0.03602941176470588 0.07058823529411765
6 0.6386029411764705 0.6084967320261437 0.019852941176470587 0.04052287581699346
1 0.6367647058823529 0.596078431372549 0.011764705882352941 0.02875816993464052
0 0.8584558823529411 0.5986928104575163 0.0125 0.0392156862745098
9 0.8694852941176471 0.5705882352941176 0.022794117647058822 0.0326797385620915
0 0.8319852941176471 0.5339869281045752 0.009558823529411765 0.03529411764705882
4 0.6724264705882352 0.5888888888888888 0.030147058823529412 0.05620915032679738
3 0.7613970588235294 0.5098039215686274 0.05514705882352941 0.04183006535947712
4 0.6525735294117647 0.5418300653594771 0.02426470588235294 0.04836601307189542
3 0.7011029411764705 0.4640522875816993 0.04485294117647059 0.02875816993464052
2 0.6213235294117647 0.5241830065359476 0.007352941176470588 0.02875816993464052
1 0.6213235294117647 0.5183006535947712 0.0058823529411764705 0.03006535947712418
3 0.6540441176470588 0.4418300653594771 0.021323529411764706 0.0261437908496732
6 0.6988970588235294 0.4392156862745098 0.01838235294117647 0.023529411764705882
0 0.7154411764705882 0.43006535947712415 0.0058823529411764705 0.0261437908496732
3 0.6397058823529411 0.4241830065359477 0.03823529411764706 0.03006535947712418
0 0.6676470588235294 0.3915032679738562 0.0058823529411764705 0.02222222222222222
0 0.6525735294117647 0.3934640522875817 0.005147058823529412 0.023529411764705882
5 0.6345588235294117 0.38627450980392153 0.027941176470588233 0.043137254901960784
3 0.6275735294117647 0.38235294117647056 0.03455882352941177 0.02222222222222222
3 0.6158088235294118 0.365359477124183 0.030147058823529412 0.0196078431372549
3 0.6073529411764705 0.35947712418300654 0.029411764705882353 0.01830065359477124
3 0.5772058823529411 0.3803921568627451 0.01764705882352941 0.0261437908496732
5 0.5011029411764706 0.4542483660130719 0.022794117647058822 0.05359477124183006
0 0.5650735294117647 0.3660130718954248 0.005147058823529412 0.02091503267973856
3 0.506985294117647 0.36732026143790847 0.0125 0.02091503267973856
3 0.5261029411764706 0.36732026143790847 0.013970588235294117 0.02091503267973856
3 0.5198529411764706 0.3464052287581699 0.013235294117647059 0.01830065359477124
3 0.55 0.3555555555555555 0.011764705882352941 0.02091503267973856
3 0.50625 0.3326797385620915 0.011029411764705881 0.0196078431372549
3 0.5363970588235294 0.3398692810457516 0.013970588235294117 0.01830065359477124
4 0.5768382352941176 0.33856209150326794 0.022794117647058822 0.023529411764705882
9 0.5463235294117647 0.37189542483660126 0.004411764705882353 0.01437908496732026
1 0.5463235294117647 0.36732026143790847 0.0029411764705882353 0.0130718954248366
0 0.6801470588235294 0.37385620915032675 0.004411764705882353 0.023529411764705882
0 0.6823529411764706 0.37385620915032675 0.0029411764705882353 0.01830065359477124
9 0.6613970588235294 0.35359477124183003 0.009558823529411765 0.011764705882352941
3 0.6363970588235294 0.322875816993464 0.025735294117647058 0.01568627450980392
3 0.5389705882352941 0.3176470588235294 0.010294117647058823 0.01568627450980392
0 0.575 0.32679738562091504 0.0029411764705882353 0.01568627450980392
3 0.5643382352941176 0.3176470588235294 0.019852941176470587 0.01568627450980392
6 0.55625 0.33660130718954245 0.009558823529411765 0.0196078431372549
6 0.5639705882352941 0.35359477124183003 0.010294117647058823 0.0196078431372549
6 0.625 0.3183006535947712 0.016176470588235292 0.0196078431372549
1 0.6253676470588235 0.31241830065359477 0.005147058823529412 0.01568627450980392
0 0.6 0.30130718954248364 0.0029411764705882353 0.01699346405228758
0 0.5963235294117647 0.30130718954248364 0.0029411764705882353 0.01699346405228758
3 0.5900735294117647 0.2869281045751634 0.009558823529411765 0.011764705882352941
4 0.5724264705882353 0.2823529411764706 0.009558823529411765 0.0130718954248366
0 0.569485294117647 0.2869281045751634 0.0022058823529411764 0.01437908496732026
4 0.5110294117647058 0.2915032679738562 0.007352941176470588 0.01568627450980392
3 0.44816176470588237 0.296078431372549 0.011029411764705881 0.01437908496732026
3 0.4801470588235294 0.2830065359477124 0.008823529411764706 0.01437908496732026
3 0.4338235294117647 0.28823529411764703 0.008823529411764706 0.01437908496732026
0 0.4051470588235294 0.31437908496732025 0.0029411764705882353 0.01699346405228758
0 0.40808823529411764 0.31437908496732025 0.0029411764705882353 0.01699346405228758
0 0.4036764705882353 0.28431372549019607 0.0029411764705882353 0.01437908496732026
3 0.37169117647058825 0.26601307189542484 0.021323529411764706 0.01699346405228758
9 0.4261029411764706 0.31045751633986923 0.0022058823529411764 0.011764705882352941
3 0.39044117647058824 0.2751633986928104 0.008823529411764706 0.01437908496732026
5 0.38529411764705884 0.2594771241830065 0.013235294117647059 0.01437908496732026
3 0.38823529411764707 0.2594771241830065 0.014705882352941176 0.01437908496732026
1 0.42720588235294116 0.3071895424836601 0.0029411764705882353 0.0130718954248366
1 0.41323529411764703 0.3071895424836601 0.0029411764705882353 0.0130718954248366
1 0.41875 0.3156862745098039 0.003676470588235294 0.011764705882352941
1 0.41948529411764707 0.3176470588235294 0.0022058823529411764 0.01045751633986928
9 0.41948529411764707 0.32156862745098036 0.005147058823529412 0.01045751633986928
2 0.4139705882352941 0.3078431372549019 0.0029411764705882353 0.011764705882352941
0 0.40955882352941175 0.28366013071895424 0.0029411764705882353 0.0130718954248366
6 0.5477941176470588 0.31699346405228757 0.007352941176470588 0.0196078431372549
0 0.5514705882352942 0.31699346405228757 0.0029411764705882353 0.0196078431372549
1 0.5488970588235293 0.31699346405228757 0.003676470588235294 0.011764705882352941
0 0.5610294117647059 0.261437908496732 0.0029411764705882353 0.0130718954248366
9 0.5257352941176471 0.28627450980392155 0.0029411764705882353 0.00784313725490196
1 0.525 0.2830065359477124 0.0029411764705882353 0.011764705882352941
3 0.4150735294117647 0.26274509803921564 0.009558823529411765 0.0130718954248366
3 0.4198529411764706 0.2529411764705882 0.007352941176470588 0.011764705882352941
3 0.4860294117647059 0.24313725490196078 0.007352941176470588 0.00784313725490196
3 0.49669117647058825 0.24248366013071893 0.006617647058823529 0.00915032679738562
3 0.48713235294117646 0.24052287581699344 0.005147058823529412 0.00784313725490196
3 0.47463235294117645 0.24640522875816992 0.005147058823529412 0.011764705882352941
3 0.4738970588235294 0.2418300653594771 0.006617647058823529 0.00784313725490196
3 0.42867647058823527 0.2392156862745098 0.007352941176470588 0.01045751633986928
3 0.44595588235294115 0.2281045751633987 0.0125 0.011764705882352941
3 0.43161764705882355 0.2281045751633987 0.011764705882352941 0.011764705882352941
3 0.4253676470588235 0.22549019607843135 0.0125 0.00915032679738562
3 0.47352941176470587 0.2281045751633987 0.010294117647058823 0.00915032679738562
3 0.5367647058823529 0.257516339869281 0.013235294117647059 0.0130718954248366
4 0.5698529411764706 0.2503267973856209 0.014705882352941176 0.01437908496732026
3 0.5507352941176471 0.23856209150326796 0.007352941176470588 0.00915032679738562
8 0.5415441176470588 0.23986928104575161 0.009558823529411765 0.0196078431372549
0 0.5095588235294117 0.24117647058823527 0.0029411764705882353 0.011764705882352941
0 0.5125 0.23856209150326796 0.0029411764705882353 0.00915032679738562
0 0.4386029411764706 0.23986928104575161 0.0022058823529411764 0.011764705882352941
2 0.4334558823529412 0.2522875816993464 0.0022058823529411764 0.00784313725490196
1 0.4334558823529412 0.24901960784313723 0.0022058823529411764 0.00915032679738562
0 0.5544117647058824 0.26078431372549016 0.0029411764705882353 0.011764705882352941
0 0.5551470588235294 0.24444444444444444 0.0014705882352941176 0.00784313725490196
2 0.5029411764705882 0.2418300653594771 0.0029411764705882353 0.00784313725490196
1 0.5036764705882353 0.23856209150326796 0.0029411764705882353 0.00915032679738562
