3 0.3671875 0.6935185185185185 0.084375 0.06851851851851852
3 0.75 0.6157407407407408 0.075 0.053703703703703705
3 0.7791666666666667 0.8055555555555556 0.07291666666666667 0.08148148148148149
4 0.8177083333333334 0.49074074074074076 0.052083333333333336 0.040740740740740744
3 0.771875 0.5527777777777778 0.0625 0.05
3 0.9692708333333333 0.5620370370370371 0.059375 0.053703703703703705
3 0.7479166666666667 0.4564814814814815 0.041666666666666664 0.031481481481481485
6 0.6505208333333333 0.5222222222222223 0.03854166666666667 0.02592592592592593
5 0.2546875 0.6055555555555556 0.07604166666666666 0.07777777777777778
6 0.8520833333333333 0.7657407407407407 0.058333333333333334 0.07962962962962963
6 0.9322916666666666 0.7796296296296297 0.05 0.08148148148148149
2 0.9598958333333333 0.7740740740740741 0.028125 0.040740740740740744
0 0.9630208333333333 0.7592592592592593 0.019791666666666666 0.06296296296296297
1 0.8510416666666667 0.7240740740740741 0.014583333333333334 0.040740740740740744
1 0.775 0.7407407407407408 0.01875 0.044444444444444446
1 0.7390625 0.8527777777777779 0.015625 0.053703703703703705
1 0.6901041666666666 0.8944444444444445 0.019791666666666666 0.05925925925925926
1 0.5880208333333333 0.8305555555555556 0.015625 0.06481481481481481
1 0.3572916666666667 0.5037037037037038 0.0125 0.02962962962962963
1 0.18489583333333334 0.6018518518518519 0.015625 0.040740740740740744
1 0.17395833333333333 0.5305555555555556 0.010416666666666666 0.031481481481481485
1 0.2911458333333333 0.4777777777777778 0.009375 0.02592592592592593
1 0.6447916666666667 0.5120370370370371 0.008333333333333333 0.031481481481481485
1 0.6526041666666667 0.5101851851851852 0.011458333333333333 0.031481481481481485
1 0.8380208333333333 0.5388888888888889 0.009375 0.02962962962962963
1 0.7385416666666667 0.5203703703703704 0.010416666666666666 0.02962962962962963
1 0.9197916666666667 0.7490740740740741 0.014583333333333334 0.04259259259259259
1 0.9296875 0.7574074074074074 0.017708333333333333 0.040740740740740744
1 0.8979166666666667 0.4638888888888889 0.010416666666666666 0.031481481481481485
1 0.8817708333333333 0.4564814814814815 0.009375 0.020370370370370372
0 0.5057291666666667 0.5055555555555555 0.007291666666666667 0.037037037037037035
0 0.5578125 0.8990740740740741 0.015625 0.07222222222222223
9 0.3567708333333333 0.5101851851851852 0.019791666666666666 0.031481481481481485
9 0.2911458333333333 0.4851851851851852 0.009375 0.02962962962962963
9 0.18541666666666667 0.6064814814814815 0.029166666666666667 0.031481481481481485
9 0.5901041666666667 0.837962962962963 0.03854166666666667 0.04259259259259259
9 0.6869791666666667 0.9157407407407407 0.03854166666666667 0.04259259259259259
9 0.7447916666666666 0.862037037037037 0.03333333333333333 0.053703703703703705
9 0.7729166666666667 0.7546296296296297 0.03125 0.0462962962962963
9 0.7369791666666666 0.5305555555555556 0.02395833333333333 0.02777777777777778
9 0.8380208333333333 0.5453703703703704 0.019791666666666666 0.02777777777777778
9 0.8984375 0.47222222222222227 0.017708333333333333 0.018518518518518517
9 0.8817708333333333 0.46481481481481485 0.021875 0.022222222222222223
9 0.17552083333333332 0.5435185185185185 0.021875 0.024074074074074074
9 0.2526041666666667 0.44351851851851853 0.013541666666666667 0.020370370370370372
9 0.2671875 0.4361111111111111 0.015625 0.020370370370370372
9 0.24947916666666667 0.40925925925925927 0.011458333333333333 0.018518518518518517
9 0.22760416666666666 0.4287037037037037 0.007291666666666667 0.020370370370370372
6 0.3333333333333333 0.43703703703703706 0.016666666666666666 0.018518518518518517
1 0.25104166666666666 0.4342592592592593 0.008333333333333333 0.024074074074074074
1 0.2671875 0.42962962962962964 0.009375 0.022222222222222223
1 0.24895833333333334 0.40092592592592596 0.008333333333333333 0.020370370370370372
1 0.22604166666666667 0.41944444444444445 0.008333333333333333 0.020370370370370372
1 0.33541666666666664 0.42962962962962964 0.008333333333333333 0.022222222222222223
1 0.35520833333333335 0.4324074074074074 0.008333333333333333 0.020370370370370372
0 0.39375 0.4222222222222222 0.00625 0.02962962962962963
0 0.38177083333333334 0.41481481481481486 0.007291666666666667 0.02962962962962963
1 0.21302083333333333 0.4175925925925926 0.007291666666666667 0.024074074074074074
1 0.23333333333333334 0.4462962962962963 0.008333333333333333 0.022222222222222223
2 0.23229166666666667 0.45555555555555555 0.008333333333333333 0.022222222222222223
9 0.7010416666666667 0.4462962962962963 0.01875 0.022222222222222223
4 0.8473958333333333 0.437962962962963 0.040625 0.031481481481481485
4 0.9552083333333333 0.4518518518518519 0.041666666666666664 0.037037037037037035
