3 0.5158088235294117 0.6156862745098038 0.015441176470588236 0.03137254901960784
3 0.4852941176470588 0.5437908496732026 0.011764705882352941 0.0261437908496732
3 0.45845588235294116 0.526797385620915 0.0125 0.02091503267973856
3 0.2161764705882353 0.6542483660130719 0.04264705882352941 0.0326797385620915
3 0.2275735294117647 0.6738562091503267 0.04338235294117647 0.027450980392156862
3 0.02426470588235294 0.7830065359477124 0.04852941176470588 0.03660130718954248
3 0.7731617647058824 0.9300653594771241 0.04485294117647059 0.06405228758169934
3 0.40588235294117647 0.5666666666666667 0.014705882352941176 0.0196078431372549
3 0.38345588235294115 0.6235294117647059 0.015441176470588236 0.02091503267973856
3 0.3816176470588235 0.6490196078431372 0.016176470588235292 0.02222222222222222
8 0.36176470588235293 0.7424836601307189 0.023529411764705882 0.0522875816993464
3 0.3738970588235294 0.7169934640522875 0.022794117647058822 0.027450980392156862
5 0.04595588235294117 0.7562091503267974 0.06985294117647059 0.04052287581699346
4 0.02536764705882353 0.7274509803921568 0.04926470588235294 0.04052287581699346
4 0.12794117647058822 0.9738562091503268 0.0661764705882353 0.04967320261437908
3 0.7378676470588236 0.8549019607843137 0.03602941176470588 0.054901960784313725
3 0.70625 0.788235294117647 0.030147058823529412 0.04967320261437908
3 0.6915441176470588 0.7588235294117647 0.028676470588235293 0.04836601307189542
3 0.6654411764705882 0.7058823529411764 0.023529411764705882 0.03660130718954248
3 0.6341911764705882 0.6470588235294117 0.01838235294117647 0.02875816993464052
3 0.6375 0.6176470588235293 0.016176470588235292 0.02483660130718954
3 0.6680147058823529 0.9627450980392156 0.04191176470588235 0.0718954248366013
3 0.6419117647058823 0.8888888888888888 0.033823529411764704 0.07581699346405228
3 0.6301470588235294 0.8274509803921568 0.03529411764705882 0.054901960784313725
3 0.6143382352941177 0.7888888888888889 0.027205882352941177 0.04052287581699346
3 0.5981617647058823 0.7411764705882352 0.022794117647058822 0.04967320261437908
3 0.5908088235294118 0.7130718954248365 0.01838235294117647 0.03529411764705882
3 0.5860294117647059 0.684313725490196 0.022058823529411763 0.04836601307189542
3 0.5448529411764705 0.5405228758169934 0.010294117647058823 0.01437908496732026
3 0.5533088235294118 0.5620915032679739 0.0125 0.023529411764705882
3 0.5573529411764706 0.5797385620915032 0.013235294117647059 0.02483660130718954
3 0.5606617647058824 0.6 0.0125 0.01830065359477124
3 0.5705882352941176 0.6333333333333333 0.01764705882352941 0.03529411764705882
3 0.3397058823529412 0.5830065359477123 0.013235294117647059 0.01830065359477124
3 0.34411764705882353 0.7732026143790849 0.016176470588235292 0.03790849673202614
0 0.7338235294117647 0.922875816993464 0.007352941176470588 0.047058823529411764
0 0.7470588235294118 0.9516339869281045 0.007352941176470588 0.03398692810457516
3 0.48566176470588235 0.4771241830065359 0.008088235294117646 0.01568627450980392
3 0.47205882352941175 0.47516339869281043 0.011764705882352941 0.01437908496732026
3 0.6095588235294117 0.588235294117647 0.01764705882352941 0.023529411764705882
3 0.45808823529411763 0.5156862745098039 0.010294117647058823 0.0196078431372549
3 0.49669117647058825 0.42483660130718953 0.009558823529411765 0.0130718954248366
3 0.4786764705882353 0.418954248366013 0.007352941176470588 0.00915032679738562
3 0.47095588235294117 0.43464052287581695 0.008088235294117646 0.00915032679738562
3 0.47941176470588237 0.4640522875816993 0.007352941176470588 0.0130718954248366
3 0.4860294117647059 0.503921568627451 0.010294117647058823 0.01699346405228758
3 0.3261029411764706 0.8777777777777778 0.03308823529411765 0.07712418300653594
3 0.3180147058823529 0.9509803921568627 0.04779411764705882 0.06928104575163398
3 0.39705882352941174 0.5980392156862745 0.01764705882352941 0.027450980392156862
3 0.4264705882352941 0.5052287581699346 0.008823529411764706 0.0196078431372549
3 0.4209558823529412 0.5248366013071895 0.015441176470588236 0.01437908496732026
3 0.40698529411764706 0.5477124183006535 0.0125 0.01568627450980392
3 0.41360294117647056 0.48300653594771237 0.025735294117647058 0.01437908496732026
3 0.41213235294117645 0.4718954248366013 0.022794117647058822 0.0130718954248366
0 0.5 0.6882352941176471 0.004411764705882353 0.02222222222222222
0 0.5022058823529412 0.6816993464052287 0.007352941176470588 0.027450980392156862
0 0.4577205882352941 0.6137254901960784 0.005147058823529412 0.02222222222222222
0 0.45330882352941176 0.6366013071895424 0.005147058823529412 0.02091503267973856
1 0.4713235294117647 0.5699346405228758 0.004411764705882353 0.01045751633986928
6 0.47095588235294117 0.5705882352941176 0.009558823529411765 0.01437908496732026
1 0.46286764705882355 0.55359477124183 0.005147058823529412 0.011764705882352941
9 0.4613970588235294 0.5588235294117647 0.006617647058823529 0.011764705882352941
3 0.5588235294117647 0.4640522875816993 0.014705882352941176 0.01830065359477124
3 0.5900735294117647 0.44967320261437904 0.013970588235294117 0.01568627450980392
3 0.5702205882352941 0.44052287581699345 0.015441176470588236 0.0130718954248366
3 0.5764705882352941 0.5098039215686274 0.011764705882352941 0.0130718954248366
3 0.47463235294117645 0.3980392156862745 0.008088235294117646 0.011764705882352941
3 0.4974264705882353 0.3915032679738562 0.005147058823529412 0.00915032679738562
3 0.5022058823529412 0.40196078431372545 0.007352941176470588 0.0065359477124183
8 0.5147058823529411 0.39281045751633986 0.007352941176470588 0.01437908496732026
3 0.5191176470588236 0.4052287581699346 0.008823529411764706 0.00522875816993464
3 0.5529411764705883 0.43464052287581695 0.014705882352941176 0.011764705882352941
3 0.5606617647058824 0.43660130718954243 0.015441176470588236 0.0130718954248366
8 0.6091911764705882 0.4398692810457516 0.02426470588235294 0.0196078431372549
3 0.4514705882352941 0.40392156862745093 0.010294117647058823 0.01045751633986928
1 0.53125 0.5366013071895425 0.005147058823529412 0.01437908496732026
9 0.5323529411764706 0.5418300653594771 0.007352941176470588 0.01699346405228758
1 0.5029411764705882 0.4588235294117647 0.0029411764705882353 0.0130718954248366
9 0.5044117647058823 0.46274509803921565 0.008823529411764706 0.00784313725490196
1 0.4650735294117647 0.4666666666666666 0.003676470588235294 0.0130718954248366
9 0.4650735294117647 0.47124183006535947 0.006617647058823529 0.011764705882352941
3 0.2948529411764706 0.6810457516339868 0.023529411764705882 0.0392156862745098
