3 0.034926470588235295 0.22091503267973855 0.0375 0.023529411764705882
3 0.04301470588235294 0.2026143790849673 0.03161764705882353 0.0261437908496732
3 0.04963235294117647 0.18758169934640523 0.022794117647058822 0.0196078431372549
0 0.14926470588235294 0.8620915032679738 0.008823529411764706 0.0326797385620915
0 0.1463235294117647 0.8444444444444443 0.007352941176470588 0.03398692810457516
9 0.13051470588235295 0.8150326797385621 0.016911764705882352 0.0326797385620915
2 0.04963235294117647 0.9450980392156862 0.0125 0.02875816993464052
0 0.07830882352941176 0.9888888888888888 0.009558823529411765 0.0196078431372549
3 0.17941176470588235 0.9581699346405228 0.045588235294117645 0.08104575163398692
3 0.24485294117647058 0.7287581699346405 0.03676470588235294 0.08758169934640522
3 0.2639705882352941 0.5562091503267973 0.04852941176470588 0.03790849673202614
4 0.27205882352941174 0.4287581699346405 0.03823529411764706 0.0392156862745098
4 0.24779411764705883 0.3941176470588235 0.022058823529411763 0.05359477124183006
3 0.2783088235294118 0.3908496732026144 0.022794117647058822 0.047058823529411764
2 0.31470588235294117 0.18366013071895423 0.011764705882352941 0.011764705882352941
3 0.3363970588235294 0.24705882352941175 0.015441176470588236 0.03398692810457516
3 0.35955882352941176 0.25098039215686274 0.01764705882352941 0.02875816993464052
3 0.3474264705882353 0.292156862745098 0.019852941176470587 0.04052287581699346
4 0.3352941176470588 0.3359477124183006 0.01764705882352941 0.04183006535947712
3 0.3238970588235294 0.3908496732026144 0.019852941176470587 0.0392156862745098
9 0.4091911764705882 0.37777777777777777 0.008088235294117646 0.023529411764705882
0 0.4099264705882353 0.3699346405228758 0.005147058823529412 0.02091503267973856
3 0.4713235294117647 0.630718954248366 0.022058823529411763 0.06143790849673202
9 0.5272058823529412 0.8758169934640522 0.007352941176470588 0.04183006535947712
0 0.5272058823529412 0.8660130718954248 0.010294117647058823 0.02222222222222222
9 0.5459558823529411 0.8830065359477124 0.009558823529411765 0.03529411764705882
0 0.5459558823529411 0.8738562091503267 0.008088235294117646 0.02222222222222222
2 0.6147058823529412 0.8679738562091502 0.007352941176470588 0.04183006535947712
0 0.6150735294117647 0.857516339869281 0.008088235294117646 0.02091503267973856
2 0.6363970588235294 0.9588235294117646 0.008088235294117646 0.0457516339869281
0 0.6371323529411764 0.9522875816993464 0.009558823529411765 0.027450980392156862
4 0.8165441176470588 0.7235294117647059 0.05220588235294118 0.04836601307189542
0 0.8161764705882353 0.7405228758169934 0.007352941176470588 0.03529411764705882
8 0.49558823529411766 0.4084967320261438 0.027941176470588233 0.10588235294117647
3 0.4702205882352941 0.17516339869281045 0.013970588235294117 0.02875816993464052
3 0.5018382352941176 0.13137254901960782 0.0125 0.02222222222222222
0 0.5683823529411764 0.09477124183006536 0.0029411764705882353 0.0196078431372549
0 0.5661764705882353 0.09738562091503267 0.0029411764705882353 0.01699346405228758
3 0.6636029411764706 0.10849673202614378 0.0125 0.023529411764705882
3 0.6841911764705882 0.19673202614379084 0.015441176470588236 0.0326797385620915
1 0.6404411764705882 0.09607843137254901 0.004411764705882353 0.011764705882352941
3 0.6599264705882353 0.054901960784313725 0.0125 0.02091503267973856
3 0.6779411764705883 0.056862745098039215 0.013235294117647059 0.02222222222222222
3 0.6930147058823529 0.05751633986928104 0.011029411764705881 0.02091503267973856
3 0.5772058823529411 0.05163398692810457 0.010294117647058823 0.0196078431372549
3 0.5772058823529411 0.03660130718954248 0.010294117647058823 0.01830065359477124
4 0.5202205882352942 0.02483660130718954 0.009558823529411765 0.02091503267973856
4 0.5073529411764706 0.00980392156862745 0.010294117647058823 0.0196078431372549
0 0.6481617647058824 0.2764705882352941 0.003676470588235294 0.0196078431372549
1 0.6216911764705882 0.2771241830065359 0.003676470588235294 0.0130718954248366
9 0.6198529411764706 0.3006535947712418 0.010294117647058823 0.01568627450980392
0 0.6801470588235294 0.3281045751633987 0.004411764705882353 0.023529411764705882
0 0.44375 0.0784313725490196 0.005147058823529412 0.02091503267973856
3 0.3952205882352941 0.08823529411764705 0.0125 0.02222222222222222
0 0.3411764705882353 0.1437908496732026 0.0029411764705882353 0.01568627450980392
0 0.34375 0.1457516339869281 0.003676470588235294 0.01699346405228758
