3 0.4547794117647059 0.6424836601307189 0.04485294117647059 0.10065359477124182
3 0.4963235294117647 0.4111111111111111 0.032352941176470584 0.058823529411764705
3 0.6496323529411765 0.43267973856209146 0.027205882352941177 0.04967320261437908
3 0.6191176470588236 0.3424836601307189 0.022058823529411763 0.0392156862745098
3 0.6213235294117647 0.2895424836601307 0.01764705882352941 0.0326797385620915
3 0.5264705882352941 0.30588235294117644 0.01911764705882353 0.03660130718954248
3 0.4264705882352941 0.2869281045751634 0.025 0.03529411764705882
3 0.5551470588235294 0.44967320261437904 0.06323529411764706 0.04444444444444444
3 0.6084558823529411 0.4640522875816993 0.027205882352941177 0.04967320261437908
3 0.7386029411764706 0.3418300653594771 0.027205882352941177 0.043137254901960784
3 0.6011029411764706 0.20588235294117646 0.013970588235294117 0.02222222222222222
3 0.5963235294117647 0.1790849673202614 0.013235294117647059 0.0261437908496732
3 0.6275735294117647 0.1941176470588235 0.01838235294117647 0.02222222222222222
3 0.5724264705882353 0.16013071895424835 0.0125 0.02483660130718954
3 0.5639705882352941 0.130718954248366 0.013235294117647059 0.02091503267973856
3 0.6011029411764706 0.10326797385620914 0.009558823529411765 0.01568627450980392
3 0.5227941176470589 0.2196078431372549 0.016176470588235292 0.02875816993464052
3 0.5378676470588235 0.23529411764705882 0.01838235294117647 0.03660130718954248
3 0.5801470588235293 0.07516339869281045 0.007352941176470588 0.01437908496732026
3 0.11691176470588235 0.34509803921568627 0.05 0.04183006535947712
3 0.09448529411764706 0.38627450980392153 0.04485294117647059 0.043137254901960784
3 0.3139705882352941 0.4509803921568627 0.055882352941176466 0.054901960784313725
3 0.45955882352941174 0.2176470588235294 0.01764705882352941 0.027450980392156862
3 0.48933823529411763 0.15947712418300652 0.0125 0.02091503267973856
3 0.4838235294117647 0.1699346405228758 0.014705882352941176 0.023529411764705882
3 0.4948529411764706 0.1522875816993464 0.010294117647058823 0.0196078431372549
3 0.5136029411764705 0.10718954248366012 0.011029411764705881 0.01568627450980392
3 0.5360294117647059 0.06209150326797385 0.010294117647058823 0.01699346405228758
3 0.5650735294117647 0.1915032679738562 0.013970588235294117 0.02483660130718954
3 0.5459558823529411 0.19934640522875816 0.0125 0.02222222222222222
3 0.5658088235294118 0.21895424836601304 0.015441176470588236 0.0326797385620915
4 0.5628676470588235 0.23986928104575161 0.019852941176470587 0.03529411764705882
3 0.5580882352941177 0.2764705882352941 0.01764705882352941 0.0326797385620915
4 0.5533088235294118 0.296078431372549 0.01838235294117647 0.043137254901960784
4 0.5422794117647058 0.36013071895424836 0.022794117647058822 0.05359477124183006
3 0.5488970588235293 0.33137254901960783 0.021323529411764706 0.04052287581699346
3 0.5463235294117647 0.4084967320261438 0.025 0.05620915032679738
3 0.49926470588235294 0.31895424836601305 0.020588235294117647 0.0392156862745098
3 0.48566176470588235 0.36013071895424836 0.02426470588235294 0.0457516339869281
3 0.4613970588235294 0.39738562091503266 0.04044117647058824 0.04967320261437908
3 0.6709558823529411 0.14313725490196078 0.0125 0.0196078431372549
3 0.6540441176470588 0.09607843137254901 0.008088235294117646 0.01437908496732026
4 0.5963235294117647 0.06928104575163398 0.007352941176470588 0.0130718954248366
3 0.6011029411764706 0.058823529411764705 0.006617647058823529 0.0130718954248366
3 0.5841911764705883 0.0522875816993464 0.006617647058823529 0.01045751633986928
3 0.5720588235294117 0.04640522875816993 0.007352941176470588 0.011764705882352941
3 0.5856617647058824 0.0392156862745098 0.005147058823529412 0.01045751633986928
3 0.6128676470588236 0.047058823529411764 0.006617647058823529 0.0130718954248366
3 0.6011029411764706 0.03464052287581699 0.005147058823529412 0.00915032679738562
0 0.6463235294117647 0.24248366013071893 0.0058823529411764705 0.02222222222222222
0 0.6808823529411765 0.396078431372549 0.007352941176470588 0.03398692810457516
0 0.6911764705882353 0.40392156862745093 0.007352941176470588 0.0392156862745098
0 0.6889705882352941 0.39934640522875814 0.007352941176470588 0.03529411764705882
3 0.48713235294117646 0.5026143790849673 0.027205882352941177 0.06405228758169934
0 0.5617647058823529 0.6352941176470588 0.008823529411764706 0.054901960784313725
1 0.43124999999999997 0.5359477124183006 0.0125 0.03137254901960784
1 0.4386029411764706 0.5254901960784313 0.011029411764705881 0.0261437908496732
1 0.4319852941176471 0.5235294117647058 0.0125 0.03529411764705882
1 0.4415441176470588 0.5137254901960784 0.009558823529411765 0.02875816993464052
1 0.6948529411764706 0.5862745098039215 0.014705882352941176 0.04052287581699346
9 0.6948529411764706 0.5986928104575163 0.014705882352941176 0.0392156862745098
6 0.4360294117647059 0.5418300653594771 0.025 0.058823529411764705
3 0.6066176470588235 0.8405228758169934 0.05 0.130718954248366
3 0.6845588235294118 0.9098039215686274 0.052941176470588235 0.1437908496732026
1 0.9113970588235294 0.968627450980392 0.01838235294117647 0.04967320261437908
9 0.9095588235294118 0.9751633986928104 0.025 0.047058823529411764
0 0.9253676470588235 0.6555555555555556 0.013970588235294117 0.06928104575163398
3 0.9779411764705882 0.5045751633986928 0.04264705882352941 0.04444444444444444
0 0.8452205882352941 0.3509803921568627 0.008088235294117646 0.0326797385620915
0 0.8617647058823529 0.36666666666666664 0.007352941176470588 0.02483660130718954
0 0.774264705882353 0.31699346405228757 0.007352941176470588 0.027450980392156862
0 0.9165441176470588 0.3803921568627451 0.011029411764705881 0.03137254901960784
0 0.9238970588235293 0.37973856209150325 0.008088235294117646 0.03529411764705882
1 0.7613970588235294 0.38954248366013067 0.009558823529411765 0.02875816993464052
1 0.6470588235294118 0.3326797385620915 0.007352941176470588 0.0196078431372549
1 0.6474264705882353 0.3281045751633987 0.009558823529411765 0.023529411764705882
9 0.6470588235294118 0.3359477124183006 0.010294117647058823 0.02875816993464052
9 0.7617647058823529 0.39738562091503266 0.01764705882352941 0.023529411764705882
5 0.5948529411764706 0.6222222222222222 0.04264705882352941 0.10196078431372549
3 0.7308823529411764 0.31895424836601305 0.025 0.03398692810457516
3 0.7198529411764706 0.2901960784313725 0.022058823529411763 0.03660130718954248
3 0.7143382352941177 0.2718954248366013 0.019852941176470587 0.03660130718954248
1 0.4547794117647059 0.25098039215686274 0.005147058823529412 0.02091503267973856
1 0.4426470588235294 0.3699346405228758 0.008823529411764706 0.03137254901960784
1 0.6088235294117647 0.1679738562091503 0.004411764705882353 0.01437908496732026
9 0.6088235294117647 0.17320261437908496 0.004411764705882353 0.01437908496732026
9 0.45551470588235293 0.25816993464052285 0.006617647058823529 0.0196078431372549
9 0.6095588235294117 0.14967320261437908 0.004411764705882353 0.011764705882352941
1 0.6095588235294117 0.14313725490196078 0.004411764705882353 0.011764705882352941
0 0.5191176470588236 0.09803921568627451 0.0029411764705882353 0.0130718954248366
0 0.5198529411764706 0.09869281045751634 0.0029411764705882353 0.01437908496732026
3 0.6628676470588235 0.12026143790849672 0.009558823529411765 0.01568627450980392
3 0.1323529411764706 0.4392156862745098 0.052941176470588235 0.0522875816993464
