3 0.4007352941176471 0.6130718954248365 0.06470588235294117 0.17254901960784313
3 0.2595588235294118 0.3156862745098039 0.061764705882352944 0.09542483660130718
3 0.16875 0.2699346405228758 0.0801470588235294 0.10065359477124182
3 0.19191176470588234 0.19869281045751633 0.041176470588235294 0.06797385620915032
4 0.0400735294117647 0.5738562091503268 0.07867647058823529 0.3424836601307189
3 0.23860294117647057 0.5254901960784313 0.06544117647058824 0.17254901960784313
9 0.5819852941176471 0.8941176470588235 0.06544117647058824 0.08627450980392157
1 0.04154411764705882 0.10392156862745097 0.015441176470588236 0.043137254901960784
1 0.07389705882352941 0.05555555555555555 0.013970588235294117 0.03529411764705882
9 0.04632352941176471 0.11764705882352941 0.016176470588235292 0.03660130718954248
9 0.07683823529411765 0.07254901960784313 0.0125 0.03006535947712418
0 0.1602941176470588 0.134640522875817 0.011764705882352941 0.0392156862745098
6 0.16948529411764707 0.1457516339869281 0.030147058823529412 0.05359477124183006
0 0.4636029411764706 0.7424836601307189 0.019852941176470587 0.08888888888888888
0 0.5011029411764706 0.7039215686274509 0.019852941176470587 0.06928104575163398
0 0.4753676470588235 0.6882352941176471 0.01838235294117647 0.06666666666666667
0 0.5375 0.5450980392156862 0.014705882352941176 0.0784313725490196
0 0.5591911764705882 0.518954248366013 0.013970588235294117 0.07581699346405228
0 0.5235294117647059 0.46732026143790845 0.01764705882352941 0.07450980392156863
0 0.549264705882353 0.43464052287581695 0.023529411764705882 0.06928104575163398
0 0.5617647058823529 0.4235294117647059 0.013235294117647059 0.06274509803921569
0 0.5709558823529411 0.43464052287581695 0.009558823529411765 0.058823529411764705
0 0.4577205882352941 0.33660130718954245 0.0125 0.08235294117647059
0 0.4051470588235294 0.3052287581699346 0.011764705882352941 0.058823529411764705
0 0.5264705882352941 0.30130718954248364 0.011764705882352941 0.058823529411764705
0 0.4051470588235294 0.33137254901960783 0.013235294117647059 0.06405228758169934
0 0.4198529411764706 0.3111111111111111 0.013235294117647059 0.07058823529411765
0 0.42720588235294116 0.23398692810457514 0.010294117647058823 0.06274509803921569
0 0.4025735294117647 0.13986928104575164 0.009558823529411765 0.04183006535947712
0 0.3327205882352941 0.12091503267973855 0.008088235294117646 0.04836601307189542
1 0.5911764705882353 0.6078431372549019 0.022058823529411763 0.04967320261437908
1 0.555514705882353 0.538562091503268 0.0125 0.03398692810457516
1 0.6363970588235294 0.4464052287581699 0.016911764705882352 0.0718954248366013
1 0.6764705882352942 0.46732026143790845 0.023529411764705882 0.04052287581699346
0 0.6794117647058824 0.4418300653594771 0.01764705882352941 0.07058823529411765
1 0.8044117647058824 0.33137254901960783 0.01764705882352941 0.05359477124183006
1 0.3845588235294118 0.29673202614379085 0.014705882352941176 0.02875816993464052
1 0.3698529411764706 0.32941176470588235 0.014705882352941176 0.04967320261437908
1 0.31580882352941175 0.2130718954248366 0.016911764705882352 0.03398692810457516
1 0.42573529411764705 0.16339869281045752 0.014705882352941176 0.03137254901960784
1 0.45588235294117646 0.21633986928104573 0.014705882352941176 0.04052287581699346
1 0.49338235294117644 0.2594771241830065 0.014705882352941176 0.04052287581699346
1 0.5283088235294118 0.17320261437908496 0.015441176470588236 0.03790849673202614
1 0.518014705882353 0.09477124183006536 0.0125 0.03529411764705882
0 0.5970588235294118 0.10196078431372549 0.011764705882352941 0.0522875816993464
0 0.6375 0.09477124183006536 0.011764705882352941 0.058823529411764705
1 0.5654411764705882 0.043137254901960784 0.010294117647058823 0.03137254901960784
1 0.5220588235294118 0.22026143790849673 0.014705882352941176 0.04836601307189542
0 0.65 0.21830065359477122 0.014705882352941176 0.06013071895424836
0 0.6246323529411765 0.19738562091503267 0.015441176470588236 0.06013071895424836
0 0.586764705882353 0.0673202614379085 0.007352941176470588 0.03006535947712418
0 0.6022058823529411 0.0784313725490196 0.007352941176470588 0.02875816993464052
0 0.5977941176470588 0.07254901960784313 0.007352941176470588 0.03529411764705882
6 0.5007352941176471 0.7790849673202613 0.08529411764705883 0.18823529411764706
6 0.37683823529411764 0.3359477124183006 0.05514705882352941 0.07058823529411765
6 0.3238970588235294 0.3026143790849673 0.06397058823529411 0.09803921568627451
6 0.3150735294117647 0.22745098039215686 0.03897058823529412 0.0392156862745098
6 0.34705882352941175 0.26862745098039215 0.04264705882352941 0.05359477124183006
6 0.5058823529411764 0.2915032679738562 0.06470588235294117 0.07058823529411765
6 0.6764705882352942 0.5359477124183006 0.0838235294117647 0.1045751633986928
6 0.6926470588235294 0.4947712418300653 0.08529411764705883 0.08235294117647059
6 0.8602941176470588 0.5699346405228758 0.07647058823529412 0.06013071895424836
9 0.9852941176470588 0.5712418300653594 0.027941176470588233 0.07058823529411765
9 0.9360294117647059 0.5686274509803921 0.060294117647058824 0.06274509803921569
1 0.8801470588235294 0.5248366013071895 0.020588235294117647 0.06143790849673202
1 0.8959558823529412 0.5437908496732026 0.019852941176470587 0.06013071895424836
1 0.9128676470588235 0.5490196078431372 0.01838235294117647 0.06274509803921569
1 0.9180147058823529 0.5254901960784313 0.028676470588235293 0.054901960784313725
1 0.9044117647058824 0.484313725490196 0.016176470588235292 0.06143790849673202
1 0.8852941176470588 0.4836601307189542 0.016176470588235292 0.06013071895424836
1 0.8761029411764706 0.4915032679738562 0.019852941176470587 0.02875816993464052
1 0.8930147058823529 0.49803921568627446 0.015441176470588236 0.02091503267973856
1 0.9113970588235294 0.4947712418300653 0.015441176470588236 0.03529411764705882
1 0.9257352941176471 0.4986928104575163 0.014705882352941176 0.05620915032679738
1 0.9264705882352942 0.48823529411764705 0.01764705882352941 0.06143790849673202
9 0.8 0.34509803921568627 0.033823529411764704 0.03660130718954248
1 0.7716911764705883 0.4725490196078431 0.015441176470588236 0.04052287581699346
2 0.8977941176470589 0.40392156862745093 0.04264705882352941 0.07058823529411765
2 0.9808823529411764 0.35359477124183003 0.032352941176470584 0.05620915032679738
2 0.5569852941176471 0.5555555555555555 0.027205882352941177 0.02875816993464052
9 0.6341911764705882 0.45359477124183 0.04338235294117647 0.0522875816993464
2 0.5647058823529412 0.09477124183006536 0.020588235294117647 0.0326797385620915
6 0.4926470588235294 0.10849673202614378 0.025 0.04444444444444444
2 0.5172794117647058 0.11241830065359476 0.009558823529411765 0.02875816993464052
9 0.524264705882353 0.052941176470588235 0.016176470588235292 0.0326797385620915
9 0.5371323529411764 0.07058823529411765 0.015441176470588236 0.02875816993464052
9 0.5503676470588236 0.08235294117647059 0.021323529411764706 0.03398692810457516
9 0.6088235294117647 0.13398692810457516 0.022058823529411763 0.03529411764705882
9 0.6139705882352942 0.1241830065359477 0.022058823529411763 0.02875816993464052
2 0.6746323529411765 0.13398692810457516 0.015441176470588236 0.03529411764705882
2 0.6569852941176471 0.1411764705882353 0.009558823529411765 0.02875816993464052
2 0.6470588235294118 0.13790849673202613 0.010294117647058823 0.0326797385620915
2 0.46433823529411766 0.1738562091503268 0.019852941176470587 0.0392156862745098
9 0.6650735294117647 0.22941176470588234 0.015441176470588236 0.04052287581699346
3 0.6220588235294118 0.9705882352941175 0.10735294117647058 0.05620915032679738
9 0.9297794117647059 0.8640522875816993 0.03455882352941177 0.08366013071895424
0 0.8301470588235293 0.7666666666666666 0.01764705882352941 0.07712418300653594
0 0.8496323529411764 0.8026143790849672 0.019852941176470587 0.08888888888888888
0 0.8665441176470589 0.8274509803921568 0.01838235294117647 0.07058823529411765
