1 0.5223958333333333 0.9444444444444445 0.011458333333333333 0.037037037037037035
1 0.5229166666666667 0.9287037037037037 0.0125 0.04259259259259259
1 0.41041666666666665 0.8981481481481481 0.014583333333333334 0.05555555555555556
1 0.4578125 0.9231481481481482 0.011458333333333333 0.04259259259259259
1 0.46041666666666664 0.9175925925925926 0.0125 0.05740740740740741
1 0.5942708333333333 0.8074074074074075 0.013541666666666667 0.02962962962962963
1 0.5942708333333333 0.8046296296296297 0.017708333333333333 0.05
1 0.5239583333333333 0.6027777777777777 0.008333333333333333 0.02777777777777778
1 0.5166666666666666 0.5722222222222223 0.00625 0.02592592592592593
1 0.5317708333333333 0.55 0.009375 0.02962962962962963
1 0.5635416666666666 0.6018518518518519 0.00625 0.02592592592592593
1 0.5791666666666666 0.5361111111111111 0.004166666666666667 0.031481481481481485
1 0.4192708333333333 0.9851851851851853 0.015625 0.02592592592592593
9 0.4578125 0.9296296296296297 0.017708333333333333 0.06666666666666667
9 0.5234375 0.937962962962963 0.013541666666666667 0.05740740740740741
9 0.40989583333333335 0.9120370370370371 0.013541666666666667 0.0462962962962963
9 0.5890625 0.9472222222222223 0.03854166666666667 0.061111111111111116
9 0.60625 0.8935185185185186 0.027083333333333334 0.053703703703703705
9 0.5942708333333333 0.8101851851851852 0.011458333333333333 0.05
9 0.5635416666666666 0.6064814814814815 0.010416666666666666 0.03518518518518519
9 0.5234375 0.6074074074074074 0.007291666666666667 0.02962962962962963
9 0.5161458333333333 0.5777777777777778 0.007291666666666667 0.02592592592592593
9 0.5307291666666667 0.5537037037037037 0.007291666666666667 0.02592592592592593
9 0.5348958333333333 0.49259259259259264 0.005208333333333333 0.018518518518518517
9 0.55 0.45555555555555555 0.00625 0.02592592592592593
9 0.5979166666666667 0.5824074074074075 0.014583333333333334 0.024074074074074074
1 0.5348958333333333 0.48888888888888893 0.005208333333333333 0.022222222222222223
1 0.5958333333333333 0.5722222222222223 0.008333333333333333 0.018518518518518517
3 0.5197916666666667 0.48055555555555557 0.029166666666666667 0.02777777777777778
3 0.5197916666666667 0.45555555555555555 0.03125 0.022222222222222223
3 0.5666666666666667 0.40370370370370373 0.0125 0.018518518518518517
3 0.5578125 0.3675925925925926 0.009375 0.016666666666666666
3 0.6052083333333333 0.4962962962962963 0.016666666666666666 0.02962962962962963
6 0.5760416666666667 0.5055555555555555 0.0125 0.02592592592592593
7 0.596875 0.5305555555555556 0.025 0.03888888888888889
0 0.6098958333333333 0.5962962962962963 0.007291666666666667 0.02962962962962963
0 0.134375 0.5694444444444444 0.00625 0.03518518518518519
3 0.5479166666666666 0.7620370370370371 0.035416666666666666 0.06851851851851852
