0 0.3536458333333333 0.5462962962962963 0.04895833333333333 0.1851851851851852
0 0.3697916666666667 0.42962962962962964 0.035416666666666666 0.13703703703703704
0 0.47552083333333334 0.38333333333333336 0.03229166666666666 0.11481481481481481
1 0.6911458333333333 0.3601851851851852 0.017708333333333333 0.05
1 0.5802083333333333 0.31666666666666665 0.014583333333333334 0.06296296296296297
1 0.575 0.31203703703703706 0.027083333333333334 0.07962962962962963
9 0.5760416666666667 0.33425925925925926 0.014583333333333334 0.05740740740740741
1 0.634375 0.3212962962962963 0.025 0.08703703703703704
9 0.6354166666666666 0.33981481481481485 0.014583333333333334 0.06481481481481481
1 0.6630208333333333 0.2953703703703704 0.017708333333333333 0.08703703703703704
9 0.6625 0.3194444444444445 0.03958333333333333 0.05740740740740741
1 0.6791666666666667 0.22314814814814815 0.0125 0.04259259259259259
1 0.6817708333333333 0.21666666666666667 0.015625 0.044444444444444446
0 0.7333333333333333 0.18981481481481483 0.014583333333333334 0.05
1 0.7854166666666667 0.2490740740740741 0.016666666666666666 0.03518518518518519
9 0.7489583333333333 0.24351851851851852 0.016666666666666666 0.05740740740740741
7 0.6942708333333333 0.15925925925925927 0.034375 0.044444444444444446
0 0.8098958333333334 0.32407407407407407 0.017708333333333333 0.07037037037037037
0 0.8229166666666666 0.3287037037037037 0.014583333333333334 0.06481481481481481
0 0.8286458333333333 0.3194444444444445 0.015625 0.06481481481481481
0 0.6932291666666667 0.26851851851851855 0.013541666666666667 0.06296296296296297
1 0.6838541666666667 0.2935185185185185 0.017708333333333333 0.061111111111111116
9 0.6822916666666666 0.31666666666666665 0.027083333333333334 0.044444444444444446
9 0.728125 0.26296296296296295 0.03125 0.044444444444444446
9 0.7192708333333333 0.27685185185185185 0.03229166666666666 0.05
0 0.7541666666666667 0.1925925925925926 0.010416666666666666 0.04814814814814815
0 0.7447916666666666 0.18981481481481483 0.0125 0.05
0 0.8114583333333333 0.21944444444444444 0.010416666666666666 0.053703703703703705
0 0.7713541666666667 0.20370370370370372 0.011458333333333333 0.04814814814814815
0 0.7682291666666666 0.20462962962962963 0.007291666666666667 0.0462962962962963
0 0.8229166666666666 0.1638888888888889 0.008333333333333333 0.03518518518518519
0 0.8098958333333334 0.16203703703703703 0.011458333333333333 0.04259259259259259
0 0.8223958333333333 0.2740740740740741 0.009375 0.040740740740740744
0 0.8380208333333333 0.26944444444444443 0.009375 0.05
0 0.8619791666666666 0.3055555555555556 0.013541666666666667 0.05185185185185186
1 0.8354166666666667 0.23148148148148148 0.014583333333333334 0.03333333333333333
0 0.8479166666666667 0.24351851851851852 0.010416666666666666 0.03888888888888889
0 0.8510416666666667 0.27592592592592596 0.010416666666666666 0.044444444444444446
0 0.8729166666666667 0.2555555555555556 0.0125 0.05185185185185186
0 0.8604166666666666 0.25092592592592594 0.010416666666666666 0.03888888888888889
0 0.8598958333333333 0.2240740740740741 0.011458333333333333 0.044444444444444446
0 0.8692708333333333 0.2111111111111111 0.009375 0.03333333333333333
0 0.8796875 0.20555555555555557 0.009375 0.037037037037037035
9 0.6505208333333333 0.20092592592592592 0.021875 0.04259259259259259
9 0.6317708333333333 0.21203703703703705 0.030208333333333334 0.04259259259259259
1 0.7885416666666667 0.2833333333333333 0.020833333333333332 0.04814814814814815
