0 0.3184895833333333 0.15046296296296297 0.0036458333333333334 0.015740740740740743
0 0.3216145833333333 0.1574074074074074 0.0026041666666666665 0.014814814814814815
3 0.3541666666666667 0.13055555555555556 0.008333333333333333 0.014814814814814815
3 0.3755208333333333 0.1375 0.009375 0.017592592592592594
0 0.4184895833333333 0.12916666666666668 0.0026041666666666665 0.012037037037037037
3 0.3546875 0.1425925925925926 0.013541666666666667 0.012962962962962964
3 0.34791666666666665 0.1449074074074074 0.010416666666666666 0.015740740740740743
3 0.3390625 0.12731481481481483 0.017708333333333333 0.012037037037037037
0 0.40520833333333334 0.13564814814814816 0.003125 0.01388888888888889
9 0.42552083333333335 0.13564814814814816 0.005208333333333333 0.008333333333333333
1 0.42552083333333335 0.13194444444444445 0.003125 0.012037037037037037
0 0.43854166666666666 0.15601851851851853 0.004166666666666667 0.01388888888888889
3 0.44557291666666665 0.1865740740740741 0.011979166666666666 0.019444444444444445
3 0.4322916666666667 0.21342592592592594 0.0125 0.019444444444444445
3 0.36354166666666665 0.18101851851851852 0.010416666666666666 0.017592592592592594
3 0.3442708333333333 0.22361111111111112 0.014583333333333334 0.021296296296296296
9 0.33151041666666664 0.20601851851851852 0.0036458333333333334 0.012037037037037037
1 0.33177083333333335 0.20370370370370372 0.004166666666666667 0.014814814814814815
3 0.33541666666666664 0.17222222222222222 0.011458333333333333 0.018518518518518517
3 0.33229166666666665 0.18055555555555555 0.0125 0.016666666666666666
3 0.32786458333333335 0.1875 0.013020833333333334 0.017592592592592594
3 0.32421875 0.19907407407407407 0.011979166666666666 0.018518518518518517
4 0.3184895833333333 0.20416666666666666 0.011979166666666666 0.025
3 0.31354166666666666 0.21851851851851853 0.014583333333333334 0.022222222222222223
3 0.30859375 0.22962962962962963 0.015104166666666667 0.024074074074074074
3 0.3028645833333333 0.24212962962962964 0.0171875 0.025
3 0.28854166666666664 0.26944444444444443 0.017708333333333333 0.02592592592592593
3 0.2947916666666667 0.2564814814814815 0.017708333333333333 0.02592592592592593
3 0.28229166666666666 0.2847222222222222 0.020833333333333332 0.03425925925925926
3 0.2739583333333333 0.3050925925925926 0.021875 0.03425925925925926
3 0.2635416666666667 0.32685185185185184 0.02395833333333333 0.037037037037037035
3 0.24973958333333332 0.35462962962962963 0.0234375 0.037037037037037035
3 0.23854166666666665 0.3791666666666667 0.028125 0.04166666666666667
3 0.22213541666666667 0.41250000000000003 0.028645833333333332 0.04537037037037037
0 0.26145833333333335 0.4277777777777778 0.00625 0.037037037037037035
0 0.26927083333333335 0.4226851851851852 0.007291666666666667 0.03796296296296296
3 0.20598958333333334 0.4532407407407408 0.0296875 0.05092592592592593
3 0.18411458333333333 0.4986111111111111 0.044270833333333336 0.06574074074074074
3 0.1578125 0.55 0.041666666666666664 0.07222222222222223
0 0.17682291666666666 0.6300925925925926 0.013020833333333334 0.05462962962962963
1 0.17916666666666667 0.6157407407407408 0.00625 0.018518518518518517
0 0.15911458333333334 0.6425925925925926 0.0109375 0.05555555555555556
0 0.13229166666666667 0.6620370370370371 0.013541666666666667 0.05740740740740741
3 0.09921875 0.6949074074074074 0.058854166666666666 0.09351851851851853
0 0.10182291666666667 0.7412037037037037 0.013020833333333334 0.06574074074074074
3 0.13229166666666667 0.6166666666666667 0.05520833333333333 0.07962962962962963
3 0.27369791666666665 0.5407407407407407 0.03697916666666667 0.07037037037037037
3 0.33098958333333334 0.6282407407407408 0.0359375 0.09351851851851853
3 0.2859375 0.8388888888888889 0.058333333333333334 0.14444444444444446
0 0.05286458333333333 0.8435185185185186 0.0140625 0.07037037037037037
3 0.3528645833333333 0.4671296296296297 0.028645833333333332 0.058333333333333334
3 0.6005208333333333 0.12361111111111112 0.015625 0.008333333333333333
3 0.6033854166666667 0.13055555555555556 0.019270833333333334 0.011111111111111112
3 0.6046875 0.1337962962962963 0.016666666666666666 0.012037037037037037
0 0.6010416666666667 0.1550925925925926 0.004166666666666667 0.015740740740740743
3 0.5591145833333333 0.16296296296296298 0.022395833333333334 0.016666666666666666
3 0.6166666666666667 0.15925925925925927 0.02395833333333333 0.016666666666666666
3 0.62109375 0.17222222222222222 0.0234375 0.014814814814814815
3 0.62421875 0.18287037037037038 0.0265625 0.015740740740740743
3 0.6270833333333333 0.18564814814814815 0.025 0.017592592592592594
3 0.6260416666666666 0.19814814814814816 0.027083333333333334 0.018518518518518517
1 0.6385416666666667 0.22777777777777777 0.004166666666666667 0.011111111111111112
3 0.5528645833333333 0.22870370370370371 0.0296875 0.02592592592592593
1 0.5666666666666667 0.22361111111111112 0.004166666666666667 0.019444444444444445
1 0.5697916666666667 0.22731481481481483 0.003125 0.012037037037037037
9 0.5666666666666667 0.22731481481481483 0.008333333333333333 0.012037037037037037
0 0.4822916666666667 0.13518518518518519 0.004166666666666667 0.012962962962962964
7 0.4765625 0.1337962962962963 0.008333333333333333 0.017592592592592594
0 0.4973958333333333 0.14583333333333334 0.003125 0.015740740740740743
0 0.5005208333333333 0.1449074074074074 0.003125 0.01388888888888889
0 0.5010416666666666 0.15787037037037038 0.003125 0.015740740740740743
1 0.4822916666666667 0.1587962962962963 0.003125 0.012037037037037037
1 0.475 0.17685185185185187 0.003125 0.012962962962962964
9 0.475 0.1800925925925926 0.003125 0.012037037037037037
2 0.4822916666666667 0.1625 0.0020833333333333333 0.008333333333333333
0 0.4921875 0.15185185185185185 0.003125 0.014814814814814815
0 0.4947916666666667 0.15185185185185185 0.0020833333333333333 0.014814814814814815
0 0.48776041666666664 0.15972222222222224 0.0036458333333333334 0.015740740740740743
1 0.48463541666666665 0.1814814814814815 0.0036458333333333334 0.012962962962962964
9 0.48463541666666665 0.18703703703703706 0.0026041666666666665 0.011111111111111112
3 0.4890625 0.17546296296296296 0.010416666666666666 0.015740740740740743
0 0.5122395833333333 0.18472222222222223 0.0036458333333333334 0.015740740740740743
0 0.5020833333333333 0.16990740740740742 0.003125 0.019444444444444445
0 0.50546875 0.17314814814814816 0.0015625 0.011111111111111112
0 0.51484375 0.20694444444444446 0.0046875 0.021296296296296296
0 0.5080729166666667 0.18703703703703706 0.0026041666666666665 0.011111111111111112
0 0.5091145833333334 0.19305555555555556 0.0036458333333333334 0.019444444444444445
3 0.4942708333333333 0.18611111111111112 0.010416666666666666 0.016666666666666666
3 0.4979166666666667 0.19398148148148148 0.0125 0.019444444444444445
3 0.5015625 0.20277777777777778 0.010416666666666666 0.016666666666666666
4 0.5046875 0.21296296296296297 0.013541666666666667 0.018518518518518517
3 0.5098958333333333 0.22361111111111112 0.015625 0.019444444444444445
9 0.48541666666666666 0.2175925925925926 0.004166666666666667 0.012962962962962964
1 0.4848958333333333 0.2125 0.004166666666666667 0.015740740740740743
3 0.4635416666666667 0.24953703703703706 0.014583333333333334 0.026851851851851852
3 0.4393229166666667 0.3768518518518519 0.022395833333333334 0.037037037037037035
3 0.47031249999999997 0.3111111111111111 0.017708333333333333 0.031481481481481485
3 0.5028645833333333 0.3037037037037037 0.019270833333333334 0.02777777777777778
0 0.5635416666666666 0.24212962962962964 0.004166666666666667 0.017592592592592594
3 0.5375 0.25 0.028125 0.022222222222222223
4 0.5434895833333333 0.25833333333333336 0.0328125 0.022222222222222223
3 0.5578125 0.25092592592592594 0.03229166666666666 0.020370370370370372
0 0.5716145833333334 0.24166666666666667 0.0046875 0.024074074074074074
0 0.5760416666666667 0.24722222222222223 0.004166666666666667 0.018518518518518517
3 0.5966145833333333 0.24722222222222223 0.033854166666666664 0.02592592592592593
4 0.6309895833333333 0.2490740740740741 0.024479166666666666 0.02777777777777778
4 0.6177083333333333 0.23981481481481481 0.03125 0.018518518518518517
7 0.6161458333333333 0.2657407407407408 0.021875 0.024074074074074074
3 0.578125 0.2587962962962963 0.028125 0.021296296296296296
3 0.58671875 0.2657407407407408 0.0328125 0.022222222222222223
3 0.62734375 0.27083333333333337 0.0328125 0.02314814814814815
4 0.6291666666666667 0.2796296296296296 0.03333333333333333 0.031481481481481485
0 0.6653645833333334 0.3 0.005729166666666666 0.02777777777777778
9 0.6692708333333334 0.2935185185185185 0.007291666666666667 0.018518518518518517
1 0.6697916666666667 0.2884259259259259 0.004166666666666667 0.026851851851851852
4 0.65859375 0.275 0.0203125 0.031481481481481485
0 0.68046875 0.26666666666666666 0.0046875 0.024074074074074074
4 0.7010416666666667 0.28101851851851856 0.020833333333333332 0.028703703703703703
0 0.7166666666666667 0.3351851851851852 0.004166666666666667 0.024074074074074074
3 0.7033854166666667 0.337037037037037 0.033854166666666664 0.031481481481481485
4 0.6559895833333333 0.33564814814814814 0.0390625 0.032407407407407406
4 0.6778645833333333 0.3476851851851852 0.0390625 0.032407407407407406
4 0.6549479166666666 0.3680555555555556 0.050520833333333334 0.04351851851851852
3 0.6809895833333334 0.3824074074074074 0.0484375 0.03333333333333333
4 0.7036458333333333 0.39212962962962966 0.05 0.03796296296296296
3 0.7239583333333334 0.40370370370370373 0.05 0.031481481481481485
3 0.7359375 0.42083333333333334 0.051041666666666666 0.03425925925925926
3 0.75546875 0.43842592592592594 0.057812499999999996 0.04166666666666667
2 0.6841145833333333 0.44953703703703707 0.0067708333333333336 0.030555555555555558
1 0.6890625 0.4449074074074074 0.00625 0.030555555555555558
1 0.74921875 0.4935185185185185 0.0109375 0.03333333333333333
9 0.7140625 0.5055555555555555 0.028125 0.02962962962962963
1 0.7130208333333333 0.5041666666666667 0.008333333333333333 0.03796296296296296
0 0.73671875 0.5305555555555556 0.0109375 0.0462962962962963
0 0.7002604166666666 0.5671296296296297 0.011979166666666666 0.049074074074074076
1 0.6846354166666666 0.55 0.0109375 0.04259259259259259
9 0.6833333333333333 0.5620370370370371 0.0125 0.031481481481481485
1 0.7205729166666667 0.5648148148148149 0.008854166666666666 0.024074074074074074
9 0.7466145833333333 0.5587962962962963 0.0140625 0.03796296296296296
9 0.7479166666666667 0.6 0.030208333333333334 0.03518518518518519
9 0.7528645833333333 0.6078703703703704 0.0328125 0.032407407407407406
9 0.7854166666666667 0.6722222222222223 0.029166666666666667 0.031481481481481485
9 0.8091145833333333 0.712037037037037 0.027604166666666666 0.040740740740740744
2 0.73359375 0.7486111111111111 0.011979166666666666 0.04537037037037037
0 0.8033854166666666 0.8083333333333333 0.0140625 0.06851851851851852
0 0.6140625 0.3800925925925926 0.005208333333333333 0.032407407407407406
0 0.61171875 0.39305555555555555 0.0078125 0.03425925925925926
4 0.6486979166666667 0.4449074074074074 0.028645833333333332 0.062037037037037036
3 0.5479166666666666 0.26712962962962966 0.03333333333333333 0.02314814814814815
0 0.5484375 0.26851851851851855 0.004166666666666667 0.024074074074074074
0 0.5453125 0.27037037037037037 0.005208333333333333 0.018518518518518517
3 0.5291666666666667 0.2833333333333333 0.017708333333333333 0.02777777777777778
3 0.5348958333333333 0.300462962962963 0.01875 0.028703703703703703
0 0.5614583333333333 0.3087962962962963 0.00625 0.028703703703703703
0 0.5653645833333333 0.3041666666666667 0.0046875 0.028703703703703703
3 0.5403645833333334 0.3189814814814815 0.0203125 0.028703703703703703
3 0.5497395833333333 0.34305555555555556 0.022395833333333334 0.032407407407407406
4 0.5377604166666666 0.3902777777777778 0.0234375 0.04537037037037037
4 0.5635416666666666 0.36388888888888893 0.027083333333333334 0.04259259259259259
3 0.56484375 0.3995370370370371 0.0234375 0.036111111111111115
4 0.5822916666666667 0.43703703703703706 0.03333333333333333 0.0462962962962963
0 0.57421875 0.43703703703703706 0.0078125 0.03888888888888889
3 0.5466145833333333 0.4462962962962963 0.0296875 0.0462962962962963
1 0.52109375 0.4361111111111111 0.0078125 0.031481481481481485
2 0.5208333333333334 0.4462962962962963 0.007291666666666667 0.02777777777777778
1 0.5359375 0.45740740740740743 0.009375 0.03333333333333333
2 0.5354166666666667 0.4671296296296297 0.009375 0.030555555555555558
3 0.5880208333333333 0.47500000000000003 0.026041666666666668 0.04259259259259259
3 0.43906249999999997 0.4425925925925926 0.02395833333333333 0.040740740740740744
3 0.48723958333333334 0.49583333333333335 0.0296875 0.05092592592592593
3 0.4479166666666667 0.5685185185185185 0.03229166666666666 0.061111111111111116
3 0.4510416666666667 0.6657407407407407 0.035416666666666666 0.08148148148148149
3 0.5171875 0.6680555555555556 0.03958333333333333 0.07685185185185185
3 0.4666666666666667 0.7592592592592593 0.052083333333333336 0.10925925925925926
3 0.46848958333333335 0.9259259259259259 0.05677083333333333 0.1425925925925926
3 0.7885416666666667 0.9796296296296296 0.06875 0.03888888888888889
3 0.728125 0.9240740740740742 0.096875 0.11851851851851852
3 0.7072916666666667 0.8365740740740741 0.084375 0.10277777777777779
3 0.67421875 0.7773148148148148 0.07760416666666667 0.09166666666666667
0 0.6265625 0.8245370370370371 0.017708333333333333 0.08055555555555556
3 0.6559895833333333 0.7115740740740741 0.07864583333333333 0.08425925925925926
3 0.6434895833333333 0.6606481481481482 0.06822916666666666 0.06944444444444445
3 0.6265625 0.6180555555555556 0.06666666666666667 0.06574074074074074
3 0.6416666666666666 0.538425925925926 0.06458333333333333 0.049074074074074076
9 0.5697916666666667 0.5305555555555556 0.020833333333333332 0.024074074074074074
1 0.5684895833333333 0.5236111111111111 0.0109375 0.030555555555555558
3 0.6010416666666667 0.5828703703703704 0.05520833333333333 0.06018518518518519
3 0.57421875 0.5583333333333333 0.0515625 0.05740740740740741
9 0.8385416666666666 0.4351851851851852 0.021875 0.024074074074074074
2 0.8359375 0.4305555555555556 0.017708333333333333 0.016666666666666666
1 0.7778645833333333 0.25416666666666665 0.0140625 0.019444444444444445
1 0.7453125 0.24537037037037038 0.004166666666666667 0.02777777777777778
2 0.8861979166666667 0.8907407407407407 0.04635416666666667 0.05
2 0.8947916666666667 0.887962962962963 0.041666666666666664 0.0462962962962963
