0 0.08455882352941177 0.18823529411764706 0.004411764705882353 0.01830065359477124
3 0.1 0.1915032679738562 0.027941176470588233 0.0196078431372549
0 0.26323529411764707 0.30653594771241827 0.0029411764705882353 0.02222222222222222
0 0.2661764705882353 0.3196078431372549 0.0029411764705882353 0.011764705882352941
0 0.27205882352941174 0.31241830065359477 0.004411764705882353 0.00784313725490196
0 0.275 0.31176470588235294 0.0058823529411764705 0.011764705882352941
0 0.28198529411764706 0.32418300653594767 0.005147058823529412 0.02875816993464052
0 0.2878676470588235 0.3300653594771242 0.003676470588235294 0.01437908496732026
0 0.3165441176470588 0.32156862745098036 0.003676470588235294 0.01830065359477124
0 0.32169117647058826 0.32091503267973853 0.005147058823529412 0.02483660130718954
0 0.2661764705882353 0.4071895424836601 0.007352941176470588 0.03529411764705882
0 0.22463235294117648 0.43660130718954243 0.008088235294117646 0.03398692810457516
0 0.2878676470588235 0.44248366013071894 0.006617647058823529 0.03006535947712418
7 0.3011029411764706 0.4032679738562091 0.022794117647058822 0.0196078431372549
0 0.16875 0.49542483660130715 0.006617647058823529 0.04183006535947712
4 0.5580882352941177 0.9405228758169935 0.1323529411764706 0.11633986928104574
0 0.5025735294117647 0.43725490196078426 0.006617647058823529 0.03529411764705882
0 0.4430147058823529 0.33921568627450976 0.005147058823529412 0.01699346405228758
0 0.41102941176470587 0.2699346405228758 0.0029411764705882353 0.02222222222222222
0 0.4022058823529412 0.27385620915032677 0.004411764705882353 0.011764705882352941
4 0.5746323529411764 0.15555555555555556 0.016911764705882352 0.01568627450980392
1 0.6533088235294118 0.1980392156862745 0.005147058823529412 0.01437908496732026
2 0.6533088235294118 0.2026143790849673 0.009558823529411765 0.0130718954248366
3 0.8981617647058824 0.22026143790849673 0.025735294117647058 0.0196078431372549
3 0.9158088235294117 0.22875816993464052 0.03455882352941177 0.023529411764705882
3 0.9422794117647059 0.22287581699346404 0.03455882352941177 0.0196078431372549
3 0.9827205882352941 0.2130718954248366 0.03308823529411765 0.02091503267973856
0 0.9731617647058823 0.269281045751634 0.005147058823529412 0.0261437908496732
0 0.9805147058823529 0.27320261437908494 0.003676470588235294 0.02091503267973856
0 0.9852941176470588 0.2830065359477124 0.004411764705882353 0.02222222222222222
0 0.9911764705882353 0.28366013071895424 0.0029411764705882353 0.02091503267973856
0 0.9915441176470589 0.30392156862745096 0.003676470588235294 0.02222222222222222
0 0.9227941176470588 0.2856209150326797 0.004411764705882353 0.0196078431372549
2 0.9202205882352941 0.29346405228758166 0.013970588235294117 0.01699346405228758
0 0.9477941176470588 0.3091503267973856 0.004411764705882353 0.027450980392156862
7 0.9665441176470588 0.29673202614379085 0.013970588235294117 0.02875816993464052
7 0.9775735294117647 0.31176470588235294 0.011029411764705881 0.02483660130718954
3 0.9297794117647059 0.3071895424836601 0.019852941176470587 0.03660130718954248
2 0.9419117647058823 0.32679738562091504 0.011764705882352941 0.01568627450980392
0 0.8966911764705883 0.33660130718954245 0.008088235294117646 0.01437908496732026
0 0.8702205882352941 0.37189542483660126 0.005147058823529412 0.027450980392156862
0 0.9492647058823529 0.3686274509803921 0.004411764705882353 0.02875816993464052
0 0.9275735294117647 0.33464052287581697 0.005147058823529412 0.03398692810457516
0 0.96875 0.36013071895424836 0.005147058823529412 0.027450980392156862
0 0.9775735294117647 0.36013071895424836 0.005147058823529412 0.027450980392156862
0 0.9591911764705883 0.3503267973856209 0.008088235294117646 0.01568627450980392
5 0.9327205882352941 0.3699346405228758 0.025735294117647058 0.03660130718954248
0 0.9441176470588235 0.43006535947712415 0.008823529411764706 0.03398692810457516
3 0.8867647058823529 0.4013071895424836 0.030882352941176472 0.047058823529411764
0 0.9198529411764705 0.4235294117647059 0.007352941176470588 0.03398692810457516
0 0.9272058823529412 0.426797385620915 0.007352941176470588 0.04052287581699346
0 0.9113970588235294 0.4202614379084967 0.005147058823529412 0.0326797385620915
4 0.8926470588235293 0.418954248366013 0.020588235294117647 0.05359477124183006
7 0.875 0.45228758169934635 0.023529411764705882 0.05751633986928104
0 0.8411764705882353 0.4993464052287581 0.007352941176470588 0.03660130718954248
0 0.8496323529411764 0.49999999999999994 0.005147058823529412 0.04052287581699346
0 0.8514705882352941 0.5104575163398692 0.008823529411764706 0.04052287581699346
0 0.8584558823529411 0.5241830065359476 0.005147058823529412 0.03660130718954248
0 0.8775735294117647 0.5529411764705882 0.006617647058823529 0.0392156862745098
0 0.8845588235294117 0.557516339869281 0.0058823529411764705 0.02222222222222222
0 0.8801470588235294 0.5418300653594771 0.007352941176470588 0.043137254901960784
0 0.8941176470588235 0.5326797385620915 0.0058823529411764705 0.04052287581699346
0 0.8988970588235294 0.5549019607843136 0.011029411764705881 0.04836601307189542
0 0.9503676470588235 0.5450980392156862 0.006617647058823529 0.02875816993464052
1 0.9466911764705882 0.5588235294117647 0.008088235294117646 0.03529411764705882
3 0.9283088235294118 0.5241830065359476 0.04044117647058824 0.06274509803921569
0 0.9908088235294118 0.5065359477124183 0.009558823529411765 0.02222222222222222
0 0.9764705882352941 0.5620915032679739 0.010294117647058823 0.04444444444444444
3 0.8191176470588235 0.4915032679738562 0.044117647058823525 0.06797385620915032
0 0.7753676470588236 0.5895424836601306 0.011029411764705881 0.047058823529411764
0 0.8235294117647058 0.5529411764705882 0.007352941176470588 0.04967320261437908
4 0.7992647058823529 0.5581699346405229 0.05 0.08888888888888888
2 0.9029411764705882 0.47320261437908495 0.01764705882352941 0.0130718954248366
4 0.9448529411764706 0.6248366013071895 0.047058823529411764 0.10980392156862745
0 0.9275735294117647 0.7 0.009558823529411765 0.043137254901960784
0 0.9169117647058823 0.6908496732026144 0.010294117647058823 0.058823529411764705
7 0.8430147058823529 0.6594771241830065 0.03455882352941177 0.06928104575163398
1 0.888235294117647 0.6705882352941176 0.010294117647058823 0.03660130718954248
1 0.8904411764705882 0.6581699346405229 0.011764705882352941 0.04052287581699346
9 0.8900735294117647 0.6745098039215686 0.015441176470588236 0.0392156862745098
0 0.8 0.6908496732026144 0.013235294117647059 0.0326797385620915
7 0.8077205882352941 0.7248366013071895 0.04338235294117647 0.0718954248366013
0 0.7849264705882353 0.7823529411764706 0.015441176470588236 0.06143790849673202
1 0.8025735294117647 0.7941176470588235 0.011029411764705881 0.027450980392156862
0 0.8018382352941177 0.8084967320261437 0.015441176470588236 0.06666666666666667
0 0.8205882352941176 0.7967320261437908 0.010294117647058823 0.06405228758169934
0 0.8294117647058823 0.7986928104575163 0.013235294117647059 0.054901960784313725
0 0.8529411764705882 0.30130718954248364 0.0029411764705882353 0.0196078431372549
0 0.8492647058823529 0.2973856209150327 0.004411764705882353 0.027450980392156862
0 0.2900735294117647 0.23856209150326796 0.003676470588235294 0.02222222222222222
0 0.15808823529411764 0.322875816993464 0.007352941176470588 0.02091503267973856
1 0.10882352941176471 0.492156862745098 0.014705882352941176 0.027450980392156862
1 0.15808823529411764 0.48300653594771237 0.007352941176470588 0.01699346405228758
