3 0.16838235294117646 0.8797385620915033 0.09705882352941177 0.19084967320261437
0 0.09264705882352942 0.7908496732026143 0.01764705882352941 0.07058823529411765
0 0.10882352941176471 0.7830065359477124 0.025 0.08104575163398692
3 0.041176470588235294 0.8254901960784313 0.08235294117647059 0.16339869281045752
3 0.06360294117647058 0.7084967320261437 0.12279411764705882 0.14901960784313725
3 0.65 0.9339869281045751 0.07205882352941176 0.12941176470588234
3 0.5147058823529411 0.711111111111111 0.052941176470588235 0.11764705882352941
3 0.5889705882352941 0.45751633986928103 0.03823529411764706 0.07058823529411765
3 0.34338235294117647 0.5117647058823529 0.047058823529411764 0.09803921568627451
3 0.4606617647058823 0.5032679738562091 0.06985294117647059 0.07581699346405228
3 0.5198529411764706 0.42810457516339867 0.03529411764705882 0.06405228758169934
3 0.5720588235294117 0.37385620915032675 0.032352941176470584 0.04967320261437908
3 0.774264705882353 0.6398692810457516 0.07647058823529412 0.11895424836601307
9 0.7150735294117647 0.4529411764705882 0.03161764705882353 0.03529411764705882
9 0.7676470588235293 0.42483660130718953 0.030882352941176472 0.03398692810457516
3 0.6875 0.42287581699346405 0.04264705882352941 0.06405228758169934
5 0.7316176470588235 0.3725490196078431 0.07352941176470588 0.05751633986928104
0 0.7783088235294118 0.35359477124183003 0.008088235294117646 0.0457516339869281
6 0.6444852941176471 0.3705882352941176 0.019852941176470587 0.04836601307189542
0 0.6470588235294118 0.3705882352941176 0.010294117647058823 0.0457516339869281
4 0.8724264705882353 0.9156862745098039 0.0801470588235294 0.16601307189542483
0 0.9253676470588235 0.8274509803921568 0.021323529411764706 0.07581699346405228
4 0.8643382352941177 0.6352941176470588 0.0625 0.11503267973856209
3 0.7191176470588235 0.32614379084967315 0.057352941176470586 0.04052287581699346
9 0.7261029411764706 0.3006535947712418 0.022794117647058822 0.0261437908496732
3 0.6996323529411764 0.28169934640522876 0.05514705882352941 0.04052287581699346
4 0.6727941176470588 0.261437908496732 0.05 0.047058823529411764
2 0.6860294117647059 0.21437908496732025 0.014705882352941176 0.023529411764705882
3 0.6709558823529411 0.19607843137254902 0.04191176470588235 0.03398692810457516
6 0.6088235294117647 0.19084967320261437 0.011764705882352941 0.0261437908496732
9 0.5886029411764706 0.21372549019607842 0.006617647058823529 0.027450980392156862
1 0.5886029411764706 0.21241830065359477 0.005147058823529412 0.02222222222222222
1 0.5886029411764706 0.2065359477124183 0.006617647058823529 0.0261437908496732
2 0.5963235294117647 0.19934640522875816 0.008823529411764706 0.0196078431372549
1 0.5970588235294118 0.19019607843137254 0.004411764705882353 0.02222222222222222
4 0.6404411764705882 0.15424836601307187 0.03676470588235294 0.03398692810457516
3 0.5977941176470588 0.15163398692810456 0.020588235294117647 0.02875816993464052
4 0.5779411764705882 0.15294117647058822 0.01764705882352941 0.0392156862745098
3 0.6378676470588235 0.1522875816993464 0.03897058823529412 0.02222222222222222
3 0.631985294117647 0.14052287581699346 0.03455882352941177 0.027450980392156862
4 0.6327205882352941 0.13006535947712417 0.04485294117647059 0.027450980392156862
0 0.6625 0.1372549019607843 0.004411764705882353 0.02875816993464052
0 0.6558823529411765 0.12679738562091503 0.004411764705882353 0.02875816993464052
1 0.6606617647058823 0.1287581699346405 0.005147058823529412 0.01699346405228758
0 0.5849264705882353 0.13986928104575164 0.005147058823529412 0.023529411764705882
3 0.5341911764705882 0.18823529411764706 0.02426470588235294 0.03660130718954248
3 0.5334558823529412 0.1522875816993464 0.016911764705882352 0.03006535947712418
3 0.6191176470588236 0.10522875816993463 0.033823529411764704 0.02483660130718954
0 0.6397058823529411 0.1065359477124183 0.004411764705882353 0.0196078431372549
3 0.6194852941176471 0.09542483660130718 0.03455882352941177 0.02091503267973856
4 0.6066176470588235 0.0895424836601307 0.023529411764705882 0.027450980392156862
6 0.5801470588235293 0.0784313725490196 0.016176470588235292 0.02875816993464052
6 0.5621323529411765 0.06274509803921569 0.009558823529411765 0.0261437908496732
4 0.5963235294117647 0.05947712418300653 0.016176470588235292 0.027450980392156862
3 0.5996323529411764 0.02810457516339869 0.019852941176470587 0.02222222222222222
3 0.5871323529411765 0.00784313725490196 0.022794117647058822 0.01830065359477124
0 0.5911764705882353 0.01241830065359477 0.0029411764705882353 0.01437908496732026
0 0.5790441176470588 0.03333333333333333 0.003676470588235294 0.027450980392156862
0 0.5720588235294117 0.06013071895424836 0.004411764705882353 0.02091503267973856
6 0.5386029411764706 0.05947712418300653 0.0125 0.02222222222222222
9 0.5522058823529412 0.00849673202614379 0.0029411764705882353 0.011764705882352941
1 0.5522058823529412 0.0058823529411764705 0.0029411764705882353 0.011764705882352941
9 0.19816176470588234 0.5816993464052287 0.016911764705882352 0.054901960784313725
1 0.19669117647058823 0.5725490196078431 0.015441176470588236 0.047058823529411764
3 0.24448529411764705 0.49019607843137253 0.04485294117647059 0.0915032679738562
3 0.20955882352941177 0.46470588235294114 0.05 0.08235294117647059
3 0.27941176470588236 0.4163398692810457 0.04264705882352941 0.07450980392156863
0 0.29926470588235293 0.4058823529411764 0.010294117647058823 0.04836601307189542
0 0.2474264705882353 0.4294117647058823 0.009558823529411765 0.0457516339869281
0 0.25698529411764703 0.38888888888888884 0.0125 0.04836601307189542
0 0.2702205882352941 0.3830065359477124 0.009558823529411765 0.04444444444444444
0 0.2676470588235294 0.36405228758169933 0.008823529411764706 0.0457516339869281
3 0.15404411764705883 0.4549019607843137 0.08308823529411764 0.07581699346405228
3 0.20955882352941177 0.32614379084967315 0.06764705882352941 0.04836601307189542
3 0.2323529411764706 0.2915032679738562 0.06470588235294117 0.04444444444444444
3 0.26801470588235293 0.2568627450980392 0.05808823529411765 0.03790849673202614
0 0.30661764705882355 0.2947712418300653 0.007352941176470588 0.04052287581699346
0 0.31286764705882353 0.2954248366013072 0.008088235294117646 0.04183006535947712
0 0.3180147058823529 0.2947712418300653 0.008088235294117646 0.03529411764705882
3 0.31286764705882353 0.26274509803921564 0.03161764705882353 0.047058823529411764
0 0.31029411764705883 0.23137254901960783 0.007352941176470588 0.03398692810457516
4 0.26691176470588235 0.21699346405228756 0.044117647058823525 0.04183006535947712
3 0.32279411764705884 0.20980392156862743 0.052941176470588235 0.04052287581699346
8 0.39080882352941176 0.21241830065359477 0.05514705882352941 0.10849673202614378
3 0.34338235294117647 0.18823529411764706 0.025 0.03660130718954248
4 0.31875 0.15163398692810456 0.0375 0.03660130718954248
4 0.31066176470588236 0.13660130718954247 0.019852941176470587 0.0326797385620915
0 0.3628676470588235 0.1588235294117647 0.005147058823529412 0.03006535947712418
0 0.3665441176470588 0.16209150326797384 0.005147058823529412 0.02091503267973856
3 0.3525735294117647 0.11568627450980391 0.03602941176470588 0.0326797385620915
0 0.3665441176470588 0.1326797385620915 0.005147058823529412 0.02222222222222222
0 0.37463235294117647 0.1287581699346405 0.008088235294117646 0.03006535947712418
3 0.38088235294117645 0.09869281045751634 0.027941176470588233 0.027450980392156862
3 0.43933823529411764 0.1287581699346405 0.019852941176470587 0.03529411764705882
3 0.36580882352941174 0.07908496732026143 0.03308823529411765 0.0196078431372549
3 0.3613970588235294 0.06928104575163398 0.03308823529411765 0.02091503267973856
3 0.3720588235294118 0.06405228758169934 0.030882352941176472 0.023529411764705882
3 0.3709558823529412 0.06013071895424836 0.030147058823529412 0.02091503267973856
9 0.39080882352941176 0.07320261437908496 0.005147058823529412 0.01830065359477124
1 0.39080882352941176 0.07058823529411765 0.005147058823529412 0.0261437908496732
0 0.4022058823529412 0.06470588235294117 0.004411764705882353 0.02222222222222222
0 0.40955882352941175 0.06405228758169934 0.004411764705882353 0.023529411764705882
0 0.3875 0.06143790849673202 0.004411764705882353 0.02091503267973856
