3 0.14791666666666667 0.5750000000000001 0.0125 0.04259259259259259
5 0.13697916666666665 0.6805555555555556 0.03229166666666666 0.0462962962962963
3 0.16302083333333334 0.5805555555555556 0.011458333333333333 0.04259259259259259
4 0.17604166666666665 0.587037037037037 0.010416666666666666 0.040740740740740744
3 0.20520833333333333 0.5953703703703704 0.014583333333333334 0.0462962962962963
3 0.2171875 0.5777777777777778 0.009375 0.044444444444444446
3 0.22916666666666666 0.6314814814814815 0.022916666666666665 0.018518518518518517
3 0.2630208333333333 0.6370370370370371 0.02395833333333333 0.018518518518518517
3 0.23802083333333332 0.5861111111111111 0.011458333333333333 0.0462962962962963
3 0.25364583333333335 0.5907407407407408 0.009375 0.044444444444444446
3 0.26666666666666666 0.587037037037037 0.010416666666666666 0.044444444444444446
3 0.2838541666666667 0.600925925925926 0.011458333333333333 0.04259259259259259
3 0.3 0.6037037037037037 0.0125 0.044444444444444446
3 0.2911458333333333 0.562962962962963 0.026041666666666668 0.018518518518518517
3 0.3296875 0.5777777777777778 0.009375 0.044444444444444446
3 0.3416666666666667 0.6074074074074074 0.0125 0.044444444444444446
3 0.36666666666666664 0.6064814814814815 0.0125 0.05
3 0.3807291666666667 0.5944444444444444 0.011458333333333333 0.040740740740740744
4 0.39479166666666665 0.587037037037037 0.010416666666666666 0.044444444444444446
3 0.45260416666666664 0.5935185185185186 0.011458333333333333 0.0462962962962963
3 0.4510416666666667 0.6407407407407407 0.025 0.018518518518518517
3 0.7208333333333333 0.9037037037037038 0.010416666666666666 0.044444444444444446
3 0.0984375 0.27870370370370373 0.028125 0.020370370370370372
3 0.10104166666666667 0.5092592592592593 0.025 0.014814814814814815
3 0.10052083333333334 0.5555555555555556 0.026041666666666668 0.018518518518518517
5 0.8447916666666666 0.14444444444444446 0.0125 0.05185185185185186
3 0.8010416666666667 0.012037037037037037 0.027083333333333334 0.020370370370370372
4 0.7786458333333334 0.04259259259259259 0.015625 0.05555555555555556
3 0.7380208333333333 0.04166666666666667 0.011458333333333333 0.04259259259259259
4 0.7802083333333333 0.12407407407407407 0.010416666666666666 0.03333333333333333
8 0.7067708333333333 0.2925925925925926 0.015625 0.07037037037037037
3 0.7625 0.4185185185185185 0.010416666666666666 0.04814814814814815
6 0.6364583333333333 0.040740740740740744 0.010416666666666666 0.011111111111111112
6 0.6369791666666667 0.053703703703703705 0.013541666666666667 0.011111111111111112
6 0.6359375 0.06759259259259259 0.017708333333333333 0.012962962962962964
6 0.6354166666666666 0.07962962962962963 0.016666666666666666 0.014814814814814815
6 0.6364583333333333 0.09722222222222222 0.014583333333333334 0.012962962962962964
6 0.6369791666666667 0.11481481481481481 0.017708333333333333 0.011111111111111112
6 0.6369791666666667 0.12685185185185185 0.017708333333333333 0.012962962962962964
6 0.6385416666666667 0.14074074074074075 0.014583333333333334 0.011111111111111112
6 0.6359375 0.15462962962962964 0.015625 0.009259259259259259
6 0.6369791666666667 0.16666666666666669 0.013541666666666667 0.011111111111111112
6 0.6390625 0.18055555555555555 0.015625 0.012962962962962964
6 0.6072916666666667 0.13055555555555556 0.016666666666666666 0.012962962962962964
6 0.6072916666666667 0.1425925925925926 0.016666666666666666 0.011111111111111112
6 0.6072916666666667 0.15462962962962964 0.016666666666666666 0.009259259259259259
6 0.6072916666666667 0.16574074074074074 0.01875 0.012962962962962964
6 0.6072916666666667 0.17777777777777778 0.01875 0.014814814814814815
6 0.6390625 0.2101851851851852 0.015625 0.012962962962962964
6 0.6385416666666667 0.2212962962962963 0.014583333333333334 0.012962962962962964
6 0.6390625 0.23703703703703705 0.015625 0.007407407407407408
6 0.6401041666666667 0.24814814814814815 0.017708333333333333 0.007407407407407408
6 0.6416666666666666 0.2796296296296296 0.014583333333333334 0.011111111111111112
6 0.6411458333333333 0.2953703703703704 0.017708333333333333 0.016666666666666666
6 0.6416666666666666 0.3194444444444445 0.014583333333333334 0.012962962962962964
6 0.6380208333333334 0.4046296296296297 0.015625 0.009259259259259259
6 0.6380208333333334 0.41481481481481486 0.017708333333333333 0.011111111111111112
6 0.6385416666666667 0.42685185185185187 0.01875 0.009259259259259259
6 0.6255208333333333 0.3212962962962963 0.017708333333333333 0.009259259259259259
6 0.6223958333333334 0.2935185185185185 0.015625 0.009259259259259259
6 0.6239583333333333 0.2796296296296296 0.016666666666666666 0.011111111111111112
9 0.628125 0.2675925925925926 0.0125 0.005555555555555556
9 0.6255208333333333 0.2555555555555556 0.011458333333333333 0.007407407407407408
9 0.6255208333333333 0.24722222222222223 0.013541666666666667 0.005555555555555556
9 0.625 0.23703703703703705 0.0125 0.007407407407407408
9 0.6239583333333333 0.22962962962962963 0.010416666666666666 0.007407407407407408
9 0.625 0.2175925925925926 0.0125 0.005555555555555556
9 0.625 0.20925925925925926 0.0125 0.007407407407407408
6 0.6817708333333333 0.2351851851851852 0.007291666666666667 0.037037037037037035
6 0.6848958333333334 0.2972222222222222 0.009375 0.031481481481481485
4 0.6822916666666666 0.36944444444444446 0.010416666666666666 0.0462962962962963
3 0.7109375 0.5481481481481482 0.009375 0.044444444444444446
3 0.7875 0.549074074074074 0.0125 0.04259259259259259
3 0.7255208333333333 0.6796296296296297 0.011458333333333333 0.044444444444444446
3 0.6364583333333333 0.5046296296296297 0.022916666666666665 0.020370370370370372
6 0.6364583333333333 0.5296296296296297 0.014583333333333334 0.014814814814814815
3 0.6510416666666666 0.5675925925925926 0.022916666666666665 0.016666666666666666
3 0.6411458333333333 0.5953703703703704 0.026041666666666668 0.020370370370370372
3 0.6416666666666666 0.6212962962962963 0.025 0.020370370370370372
3 0.6229166666666667 0.712962962962963 0.008333333333333333 0.02592592592592593
3 0.6864583333333333 0.7592592592592593 0.008333333333333333 0.02592592592592593
3 0.6869791666666667 0.7898148148148149 0.007291666666666667 0.02777777777777778
6 0.6505208333333333 0.7064814814814815 0.015625 0.012962962962962964
6 0.6515625 0.7175925925925927 0.017708333333333333 0.012962962962962964
6 0.6510416666666666 0.7305555555555556 0.01875 0.009259259259259259
6 0.6505208333333333 0.7416666666666667 0.017708333333333333 0.012962962962962964
6 0.6515625 0.7518518518518519 0.017708333333333333 0.011111111111111112
6 0.6526041666666667 0.7685185185185186 0.017708333333333333 0.011111111111111112
6 0.653125 0.7814814814814816 0.016666666666666666 0.014814814814814815
6 0.6541666666666667 0.7944444444444445 0.016666666666666666 0.014814814814814815
6 0.6546875 0.8490740740740741 0.015625 0.016666666666666666
6 0.6541666666666667 0.8592592592592593 0.016666666666666666 0.011111111111111112
6 0.6541666666666667 0.8703703703703703 0.016666666666666666 0.011111111111111112
6 0.6505208333333333 0.8185185185185185 0.007291666666666667 0.02962962962962963
6 0.6598958333333333 0.8185185185185185 0.007291666666666667 0.02592592592592593
6 0.6557291666666667 0.8833333333333334 0.017708333333333333 0.011111111111111112
6 0.6557291666666667 0.8962962962962964 0.013541666666666667 0.011111111111111112
6 0.6546875 0.9064814814814816 0.015625 0.009259259259259259
6 0.6557291666666667 0.9185185185185185 0.017708333333333333 0.011111111111111112
6 0.6557291666666667 0.9287037037037037 0.017708333333333333 0.012962962962962964
6 0.6557291666666667 0.9407407407407408 0.017708333333333333 0.007407407407407408
6 0.6546875 0.9500000000000001 0.015625 0.007407407407407408
6 0.6546875 0.9601851851851853 0.015625 0.012962962962962964
3 0.6979166666666666 0.987962962962963 0.008333333333333333 0.020370370370370372
3 0.6239583333333333 0.8953703703703704 0.014583333333333334 0.012962962962962964
3 0.6223958333333334 0.8842592592592593 0.013541666666666667 0.005555555555555556
3 0.8322916666666667 0.5555555555555556 0.0125 0.044444444444444446
3 0.8255208333333334 0.3314814814814815 0.013541666666666667 0.040740740740740744
9 0.8479166666666667 0.04259259259259259 0.010416666666666666 0.011111111111111112
3 0.8354166666666667 0.9185185185185185 0.0125 0.044444444444444446
3 0.24166666666666667 0.9472222222222223 0.016666666666666666 0.020370370370370372
