4 0.3588235294117647 0.9104575163398693 0.055882352941176466 0.16862745098039214
4 0.6514705882352941 0.7660130718954248 0.054411764705882354 0.13594771241830064
3 0.6058823529411764 0.6281045751633987 0.04264705882352941 0.09803921568627451
3 0.4834558823529412 0.5718954248366013 0.04191176470588235 0.09803921568627451
3 0.4091911764705882 0.5071895424836601 0.03897058823529412 0.0915032679738562
4 0.5525735294117647 0.41764705882352937 0.030147058823529412 0.07450980392156863
4 0.4930147058823529 0.3457516339869281 0.030147058823529412 0.07450980392156863
4 0.42573529411764705 0.29934640522875816 0.027941176470588233 0.06797385620915032
2 0.7584558823529411 0.9222222222222222 0.04779411764705882 0.06405228758169934
5 0.8933823529411764 0.8313725490196078 0.1426470588235294 0.2588235294117647
0 0.9044117647058824 0.9614379084967319 0.01911764705882353 0.07450980392156863
0 0.9352941176470588 0.9692810457516339 0.022058823529411763 0.05359477124183006
0 0.9345588235294118 0.9810457516339869 0.01764705882352941 0.0326797385620915
5 0.09448529411764706 0.5183006535947712 0.13455882352941176 0.2130718954248366
3 0.2088235294117647 0.230718954248366 0.027941176470588233 0.04052287581699346
6 0.1264705882352941 0.21437908496732025 0.032352941176470584 0.03137254901960784
3 0.18676470588235294 0.19607843137254902 0.023529411764705882 0.03398692810457516
3 0.21580882352941178 0.19999999999999998 0.02426470588235294 0.0392156862745098
3 0.19117647058823528 0.17058823529411762 0.027941176470588233 0.027450980392156862
0 0.10919117647058824 0.2045751633986928 0.005147058823529412 0.02483660130718954
1 0.09889705882352941 0.21241830065359477 0.008088235294117646 0.0196078431372549
4 0.18529411764705883 0.14313725490196078 0.05 0.043137254901960784
0 0.3044117647058823 0.19738562091503267 0.007352941176470588 0.03660130718954248
0 0.29669117647058824 0.19346405228758168 0.009558823529411765 0.03137254901960784
3 0.3738970588235294 0.26862745098039215 0.027205882352941177 0.04836601307189542
3 0.43933823529411764 0.20980392156862743 0.019852941176470587 0.04052287581699346
6 0.37683823529411764 0.2333333333333333 0.019852941176470587 0.03529411764705882
5 0.3863970588235294 0.21176470588235294 0.021323529411764706 0.02875816993464052
3 0.39191176470588235 0.1830065359477124 0.023529411764705882 0.03660130718954248
0 0.3238970588235294 0.17320261437908496 0.006617647058823529 0.02483660130718954
3 0.3213235294117647 0.16209150326797384 0.022058823529411763 0.03398692810457516
3 0.3316176470588235 0.13921568627450978 0.01764705882352941 0.03006535947712418
3 0.41213235294117645 0.11437908496732026 0.019852941176470587 0.027450980392156862
2 0.42830882352941174 0.14248366013071895 0.005147058823529412 0.01830065359477124
1 0.42720588235294116 0.134640522875817 0.004411764705882353 0.01830065359477124
4 0.41654411764705884 0.0915032679738562 0.01838235294117647 0.02875816993464052
0 0.43676470588235294 0.07777777777777778 0.004411764705882353 0.0196078431372549
3 0.555514705882353 0.24705882352941175 0.02426470588235294 0.0392156862745098
0 0.5481617647058823 0.19477124183006533 0.005147058823529412 0.02875816993464052
4 0.6143382352941177 0.1503267973856209 0.019852941176470587 0.03398692810457516
3 0.5838235294117647 0.0738562091503268 0.014705882352941176 0.02222222222222222
3 0.5779411764705882 0.06209150326797385 0.014705882352941176 0.02222222222222222
3 0.5025735294117647 0.06470588235294117 0.011029411764705881 0.0196078431372549
2 0.5176470588235293 0.0915032679738562 0.0029411764705882353 0.01568627450980392
1 0.5176470588235293 0.08627450980392157 0.0029411764705882353 0.01568627450980392
3 0.8022058823529412 0.28431372549019607 0.057352941176470586 0.04836601307189542
3 0.8900735294117647 0.27581699346405225 0.04191176470588235 0.04967320261437908
1 0.8783088235294118 0.3379084967320261 0.008088235294117646 0.01437908496732026
0 0.9051470588235294 0.31699346405228757 0.0058823529411764705 0.03529411764705882
0 0.9091911764705882 0.27908496732026145 0.006617647058823529 0.027450980392156862
9 0.763235294117647 0.2594771241830065 0.014705882352941176 0.0326797385620915
4 0.7779411764705882 0.22941176470588234 0.030882352941176472 0.050980392156862744
3 0.7654411764705882 0.2045751633986928 0.026470588235294117 0.043137254901960784
3 0.7378676470588236 0.20588235294117646 0.027205882352941177 0.043137254901960784
2 0.9371323529411765 0.28888888888888886 0.0125 0.0261437908496732
2 0.8613970588235293 0.23464052287581696 0.009558823529411765 0.027450980392156862
2 0.8180147058823529 0.19607843137254902 0.016911764705882352 0.02091503267973856
2 0.850735294117647 0.20392156862745098 0.010294117647058823 0.01830065359477124
2 0.8029411764705883 0.17581699346405227 0.010294117647058823 0.0196078431372549
2 0.79375 0.17320261437908496 0.009558823529411765 0.01699346405228758
3 0.7238970588235294 0.17058823529411762 0.04485294117647059 0.03006535947712418
3 0.700735294117647 0.1437908496732026 0.032352941176470584 0.0261437908496732
2 0.7669117647058823 0.13921568627450978 0.007352941176470588 0.01699346405228758
4 0.7128676470588236 0.09215686274509803 0.028676470588235293 0.027450980392156862
0 0.6823529411764706 0.07908496732026143 0.004411764705882353 0.0196078431372549
0 0.6904411764705882 0.08104575163398692 0.0029411764705882353 0.02091503267973856
0 0.6941176470588235 0.08300653594771241 0.004411764705882353 0.02222222222222222
5 0.6816176470588236 0.05032679738562091 0.01764705882352941 0.02222222222222222
3 0.649264705882353 0.06274509803921569 0.029411764705882353 0.01830065359477124
3 0.6426470588235293 0.054901960784313725 0.030882352941176472 0.01568627450980392
0 0.6897058823529412 0.0392156862745098 0.0029411764705882353 0.01830065359477124
4 0.6529411764705882 0.02222222222222222 0.022058823529411763 0.02091503267973856
3 0.6128676470588236 0.01111111111111111 0.022794117647058822 0.01699346405228758
3 0.5661764705882353 0.03137254901960784 0.010294117647058823 0.01568627450980392
3 0.5599264705882353 0.01111111111111111 0.009558823529411765 0.01437908496732026
0 0.6316176470588235 0.00784313725490196 0.0029411764705882353 0.0130718954248366
0 0.6338235294117647 0.00784313725490196 0.0029411764705882353 0.0130718954248366
0 0.6378676470588235 0.00784313725490196 0.003676470588235294 0.01568627450980392
3 0.4886029411764706 0.0065359477124183 0.009558823529411765 0.0130718954248366
3 0.4375 0.01503267973856209 0.011764705882352941 0.01699346405228758
3 0.44485294117647056 0.00457516339869281 0.010294117647058823 0.011764705882352941
3 0.2952205882352941 0.13006535947712417 0.030147058823529412 0.027450980392156862
3 0.3069852941176471 0.11568627450980391 0.0375 0.02483660130718954
3 0.3191176470588235 0.0869281045751634 0.041176470588235294 0.02483660130718954
6 0.31875 0.013725490196078431 0.011029411764705881 0.0196078431372549
4 0.3613970588235294 0.013725490196078431 0.01838235294117647 0.01437908496732026
