3 0.5658088235294118 0.6751633986928104 0.06985294117647059 0.15816993464052287
3 0.37463235294117647 0.16013071895424835 0.027205882352941177 0.05620915032679738
3 0.42426470588235293 0.09999999999999999 0.023529411764705882 0.04836601307189542
3 0.47205882352941175 0.13921568627450978 0.027941176470588233 0.04836601307189542
3 0.5194852941176471 0.10718954248366012 0.022794117647058822 0.04183006535947712
3 0.513235294117647 0.07581699346405228 0.025 0.0392156862745098
3 0.5051470588235294 0.050980392156862744 0.023529411764705882 0.03398692810457516
3 0.5033088235294118 0.021568627450980392 0.03161764705882353 0.03006535947712418
3 0.3698529411764706 0.025490196078431372 0.01911764705882353 0.04052287581699346
4 0.4566176470588235 0.025490196078431372 0.01911764705882353 0.043137254901960784
4 0.8209558823529411 0.38627450980392153 0.08455882352941177 0.0849673202614379
3 0.9117647058823529 0.492156862745098 0.11323529411764706 0.07712418300653594
3 0.9547794117647058 0.5581699346405229 0.0875 0.08366013071895424
9 0.7952205882352941 0.6405228758169934 0.04926470588235294 0.054901960784313725
1 0.7941176470588235 0.6254901960784314 0.01911764705882353 0.05620915032679738
9 0.5959558823529412 0.5450980392156862 0.016911764705882352 0.06013071895424836
9 0.6231617647058824 0.4026143790849673 0.030147058823529412 0.047058823529411764
2 0.5731617647058823 0.3607843137254902 0.013970588235294117 0.047058823529411764
2 0.5871323529411765 0.3150326797385621 0.0125 0.04444444444444444
2 0.7264705882352941 0.33464052287581697 0.014705882352941176 0.04183006535947712
2 0.7860294117647059 0.27843137254901956 0.01764705882352941 0.03660130718954248
2 0.8014705882352942 0.2771241830065359 0.013235294117647059 0.04183006535947712
2 0.3577205882352941 0.22026143790849673 0.006617647058823529 0.0326797385620915
9 0.9676470588235294 0.6692810457516339 0.045588235294117645 0.04444444444444444
9 0.8422794117647059 0.31176470588235294 0.0125 0.03790849673202614
9 0.8889705882352941 0.34444444444444444 0.026470588235294117 0.05359477124183006
9 0.8952205882352942 0.30588235294117644 0.015441176470588236 0.047058823529411764
9 0.8621323529411764 0.35163398692810455 0.0125 0.04183006535947712
2 0.8356617647058824 0.26405228758169935 0.02426470588235294 0.03660130718954248
9 0.7566176470588235 0.2954248366013072 0.011764705882352941 0.0392156862745098
9 0.5680147058823529 0.2823529411764706 0.02426470588235294 0.047058823529411764
9 0.5908088235294118 0.19477124183006533 0.022794117647058822 0.03137254901960784
9 0.46286764705882355 0.3156862745098039 0.016911764705882352 0.043137254901960784
7 0.42169117647058824 0.2594771241830065 0.022794117647058822 0.058823529411764705
7 0.4154411764705882 0.02026143790849673 0.010294117647058823 0.027450980392156862
7 0.3547794117647059 0.06993464052287582 0.022794117647058822 0.027450980392156862
9 0.54375 0.07647058823529411 0.006617647058823529 0.02222222222222222
9 0.5558823529411765 0.09803921568627451 0.020588235294117647 0.0261437908496732
9 0.40625 0.065359477124183 0.006617647058823529 0.02091503267973856
9 0.48051470588235295 0.03071895424836601 0.009558823529411765 0.027450980392156862
0 0.24669117647058822 0.33202614379084966 0.005147058823529412 0.0261437908496732
0 0.24044117647058824 0.32156862745098036 0.011764705882352941 0.0522875816993464
0 0.17941176470588235 0.2856209150326797 0.010294117647058823 0.05620915032679738
0 0.1875 0.2941176470588235 0.011764705882352941 0.0522875816993464
9 0.4827205882352941 0.23398692810457514 0.009558823529411765 0.03398692810457516
1 0.4827205882352941 0.22026143790849673 0.009558823529411765 0.03529411764705882
1 0.5966911764705882 0.5274509803921569 0.015441176470588236 0.05620915032679738
1 0.46397058823529413 0.3071895424836601 0.013235294117647059 0.04967320261437908
1 0.4264705882352941 0.25555555555555554 0.010294117647058823 0.04052287581699346
1 0.35698529411764707 0.20326797385620915 0.009558823529411765 0.03529411764705882
1 0.36066176470588235 0.20849673202614377 0.011029411764705881 0.027450980392156862
1 0.40625 0.05424836601307189 0.006617647058823529 0.02222222222222222
1 0.38823529411764707 0.02287581699346405 0.007352941176470588 0.027450980392156862
9 0.38786764705882354 0.03137254901960784 0.005147058823529412 0.02091503267973856
0 0.6389705882352941 0.36405228758169933 0.010294117647058823 0.05359477124183006
0 0.6154411764705883 0.34444444444444444 0.007352941176470588 0.05620915032679738
0 0.606985294117647 0.35163398692810455 0.009558823529411765 0.05751633986928104
0 0.6025735294117647 0.33660130718954245 0.008088235294117646 0.05620915032679738
0 0.5841911764705883 0.31045751633986923 0.009558823529411765 0.05359477124183006
0 0.5959558823529412 0.2947712418300653 0.008088235294117646 0.04836601307189542
0 0.6029411764705882 0.30392156862745096 0.007352941176470588 0.03790849673202614
0 0.5073529411764706 0.14509803921568626 0.007352941176470588 0.04183006535947712
0 0.5441176470588235 0.16405228758169935 0.007352941176470588 0.043137254901960784
0 0.5577205882352941 0.16666666666666666 0.006617647058823529 0.04836601307189542
0 0.56875 0.1941176470588235 0.008088235294117646 0.04836601307189542
0 0.5746323529411764 0.11045751633986928 0.005147058823529412 0.03790849673202614
0 0.5801470588235293 0.11045751633986928 0.0058823529411764705 0.04052287581699346
0 0.5514705882352942 0.0326797385620915 0.0058823529411764705 0.03398692810457516
0 0.5573529411764706 0.03790849673202614 0.007352941176470588 0.03398692810457516
3 0.5459558823529411 0.01111111111111111 0.0375 0.02483660130718954
0 0.71875 0.2869281045751634 0.009558823529411765 0.05620915032679738
0 0.7275735294117647 0.2764705882352941 0.011029411764705881 0.05359477124183006
0 0.7371323529411764 0.28366013071895424 0.009558823529411765 0.04967320261437908
0 0.7356617647058823 0.296078431372549 0.009558823529411765 0.04836601307189542
0 0.7452205882352941 0.25816993464052285 0.009558823529411765 0.04836601307189542
0 0.7613970588235294 0.2849673202614379 0.008088235294117646 0.04183006535947712
0 0.6698529411764705 0.30849673202614375 0.010294117647058823 0.05751633986928104
0 0.6761029411764706 0.31437908496732025 0.009558823529411765 0.05620915032679738
0 0.6801470588235294 0.31045751633986923 0.007352941176470588 0.06143790849673202
0 0.6856617647058824 0.3183006535947712 0.0125 0.04836601307189542
0 0.6875 0.31045751633986923 0.008823529411764706 0.05359477124183006
0 0.6470588235294118 0.27058823529411763 0.010294117647058823 0.04967320261437908
9 0.6426470588235293 0.269281045751634 0.026470588235294117 0.03660130718954248
0 0.6283088235294118 0.14836601307189543 0.009558823529411765 0.04052287581699346
0 0.6305147058823529 0.11176470588235293 0.006617647058823529 0.03790849673202614
0 0.29669117647058824 0.09934640522875816 0.006617647058823529 0.03398692810457516
1 0.2963235294117647 0.11045751633986928 0.004411764705882353 0.01437908496732026
0 0.5897058823529412 0.20784313725490194 0.007352941176470588 0.0392156862745098
