3 0.033823529411764704 0.692156862745098 0.06764705882352941 0.09803921568627451
3 0.08566176470588235 0.6 0.0713235294117647 0.0915032679738562
3 0.14411764705882352 0.5254901960784313 0.058823529411764705 0.07058823529411765
3 0.1786764705882353 0.46732026143790845 0.05 0.058823529411764705
3 0.20955882352941177 0.4359477124183006 0.044117647058823525 0.050980392156862744
3 0.14485294117647057 0.4457516339869281 0.03823529411764706 0.0522875816993464
4 0.16691176470588234 0.39999999999999997 0.03676470588235294 0.05751633986928104
3 0.07573529411764705 0.4032679738562091 0.060294117647058824 0.05620915032679738
9 0.10919117647058824 0.37973856209150325 0.015441176470588236 0.02483660130718954
9 0.12279411764705882 0.3607843137254902 0.014705882352941176 0.02091503267973856
9 0.1602941176470588 0.3372549019607843 0.01911764705882353 0.02091503267973856
9 0.17095588235294118 0.3287581699346405 0.019852941176470587 0.0196078431372549
3 0.2746323529411765 0.29281045751633983 0.0375 0.0261437908496732
3 0.2511029411764706 0.2745098039215686 0.0375 0.02875816993464052
3 0.2595588235294118 0.26405228758169935 0.032352941176470584 0.0261437908496732
0 0.28161764705882353 0.25555555555555554 0.0058823529411764705 0.02222222222222222
0 0.28713235294117645 0.2588235294117647 0.005147058823529412 0.023529411764705882
3 0.4154411764705882 0.23202614379084965 0.013235294117647059 0.0196078431372549
3 0.42205882352941176 0.22287581699346404 0.013235294117647059 0.0196078431372549
3 0.4577205882352941 0.14901960784313725 0.006617647058823529 0.01045751633986928
3 0.46691176470588236 0.15947712418300652 0.007352941176470588 0.01045751633986928
3 0.4713235294117647 0.14313725490196078 0.007352941176470588 0.00915032679738562
4 0.48125 0.13856209150326795 0.006617647058823529 0.0130718954248366
3 0.4834558823529412 0.12222222222222222 0.005147058823529412 0.011764705882352941
3 0.46948529411764706 0.11437908496732026 0.005147058823529412 0.00915032679738562
3 0.47720588235294115 0.11633986928104574 0.004411764705882353 0.00784313725490196
3 0.5117647058823529 0.21111111111111108 0.010294117647058823 0.01699346405228758
9 0.5003676470588235 0.22156862745098038 0.003676470588235294 0.011764705882352941
1 0.5 0.21633986928104573 0.004411764705882353 0.01437908496732026
4 0.5 0.5241830065359476 0.044117647058823525 0.09411764705882353
3 0.4827205882352941 0.9124183006535947 0.08897058823529412 0.15947712418300652
3 0.2908088235294118 0.6725490196078431 0.05955882352941176 0.10588235294117647
3 0.3805147058823529 0.6503267973856208 0.04779411764705882 0.09803921568627451
1 0.3040441176470588 0.4947712418300653 0.0125 0.043137254901960784
9 0.3029411764705882 0.5111111111111111 0.011764705882352941 0.03660130718954248
3 0.6349264705882353 0.2594771241830065 0.022794117647058822 0.02222222222222222
3 0.6683823529411764 0.2673202614379085 0.032352941176470584 0.02222222222222222
3 0.6547794117647059 0.3091503267973856 0.04485294117647059 0.027450980392156862
3 0.6838235294117647 0.3222222222222222 0.047058823529411764 0.027450980392156862
3 0.6753676470588236 0.3333333333333333 0.0375 0.0261437908496732
3 0.6371323529411764 0.38888888888888884 0.030147058823529412 0.04052287581699346
3 0.6533088235294118 0.4202614379084967 0.0375 0.04052287581699346
3 0.6702205882352941 0.461437908496732 0.04926470588235294 0.047058823529411764
3 0.6900735294117647 0.49542483660130715 0.04191176470588235 0.054901960784313725
0 0.8794117647058823 0.4947712418300653 0.007352941176470588 0.0326797385620915
0 0.8727941176470588 0.5640522875816993 0.013235294117647059 0.050980392156862744
0 0.8566176470588235 0.5640522875816993 0.010294117647058823 0.043137254901960784
1 0.9555147058823529 0.5705882352941176 0.011029411764705881 0.04836601307189542
1 0.9216911764705882 0.5581699346405229 0.021323529411764706 0.04183006535947712
1 0.9419117647058823 0.5529411764705882 0.014705882352941176 0.0392156862745098
1 0.8176470588235294 0.565359477124183 0.013235294117647059 0.03529411764705882
1 0.8102941176470588 0.549673202614379 0.013235294117647059 0.04052287581699346
1 0.7716911764705883 0.5673202614379085 0.016911764705882352 0.03398692810457516
1 0.7794117647058824 0.5679738562091503 0.011764705882352941 0.0326797385620915
1 0.7397058823529412 0.5313725490196078 0.01764705882352941 0.03790849673202614
1 0.7488970588235294 0.538562091503268 0.011029411764705881 0.03660130718954248
1 0.7514705882352941 0.5450980392156862 0.016176470588235292 0.04444444444444444
3 0.7459558823529412 0.6176470588235293 0.05514705882352941 0.07712418300653594
0 0.7294117647058823 0.6875816993464052 0.013235294117647059 0.07058823529411765
0 0.7404411764705883 0.6856209150326797 0.016176470588235292 0.06928104575163398
0 0.7477941176470588 0.6816993464052287 0.014705882352941176 0.06405228758169934
3 0.7856617647058823 0.6947712418300653 0.06691176470588235 0.09542483660130718
0 0.6827205882352941 0.7738562091503267 0.01838235294117647 0.0915032679738562
0 0.9334558823529412 0.9150326797385621 0.030147058823529412 0.09673202614379084
0 0.975735294117647 0.9549019607843137 0.025 0.08758169934640522
0 0.9874999999999999 0.9509803921568627 0.023529411764705882 0.09019607843137255
