3 0.05514705882352941 0.7640522875816993 0.11029411764705882 0.21045751633986925
0 0.17904411764705883 0.7568627450980392 0.01838235294117647 0.07320261437908496
1 0.2213235294117647 0.9339869281045751 0.023529411764705882 0.07450980392156863
1 0.21985294117647058 0.9333333333333332 0.023529411764705882 0.07581699346405228
2 0.22169117647058822 0.9594771241830065 0.03455882352941177 0.0784313725490196
1 0.31286764705882353 0.7333333333333333 0.016911764705882352 0.06274509803921569
9 0.31286764705882353 0.7568627450980392 0.013970588235294117 0.06013071895424836
1 0.5125 0.5424836601307189 0.014705882352941176 0.047058823529411764
2 0.5125 0.5555555555555555 0.023529411764705882 0.03660130718954248
3 0.7647058823529411 0.9111111111111111 0.1 0.17254901960784313
7 0.9400735294117647 0.7620915032679738 0.05955882352941176 0.08104575163398692
3 0.9665441176470588 0.6529411764705881 0.06544117647058824 0.08235294117647059
2 0.9150735294117647 0.6431372549019607 0.03308823529411765 0.0392156862745098
6 0.9209558823529411 0.4686274509803921 0.03308823529411765 0.043137254901960784
5 0.8136029411764706 0.5620915032679739 0.11102941176470588 0.17516339869281045
0 0.8172794117647059 0.4287581699346405 0.009558823529411765 0.0392156862745098
1 0.763235294117647 0.44313725490196076 0.007352941176470588 0.03660130718954248
1 0.7702205882352942 0.45228758169934635 0.008088235294117646 0.03137254901960784
1 0.7772058823529412 0.45555555555555555 0.007352941176470588 0.02222222222222222
1 0.7878676470588235 0.44509803921568625 0.008088235294117646 0.0326797385620915
1 0.7702205882352942 0.43660130718954243 0.006617647058823529 0.02875816993464052
1 0.7926470588235294 0.44248366013071894 0.007352941176470588 0.0326797385620915
1 0.805514705882353 0.44313725490196076 0.009558823529411765 0.0392156862745098
1 0.7977941176470588 0.4418300653594771 0.007352941176470588 0.03660130718954248
1 0.7886029411764706 0.4379084967320261 0.006617647058823529 0.02875816993464052
1 0.7860294117647059 0.4183006535947712 0.007352941176470588 0.02091503267973856
9 0.8220588235294117 0.43725490196078426 0.011764705882352941 0.027450980392156862
0 0.7716911764705883 0.39738562091503266 0.009558823529411765 0.02875816993464052
3 0.8341911764705883 0.4130718954248366 0.013970588235294117 0.02091503267973856
0 0.8352941176470589 0.4013071895424836 0.008823529411764706 0.0261437908496732
9 0.7466911764705882 0.388235294117647 0.013970588235294117 0.01830065359477124
3 0.01875 0.5784313725490196 0.03897058823529412 0.06143790849673202
3 0.07941176470588235 0.5359477124183006 0.09411764705882353 0.05751633986928104
3 0.10992647058823529 0.5111111111111111 0.09044117647058823 0.054901960784313725
3 0.11801470588235294 0.47581699346405226 0.07720588235294118 0.04967320261437908
3 0.12022058823529412 0.4444444444444444 0.04044117647058824 0.03398692810457516
0 0.08088235294117647 0.4352941176470588 0.007352941176470588 0.03398692810457516
0 0.06985294117647059 0.3699346405228758 0.007352941176470588 0.03660130718954248
9 0.008823529411764706 0.44313725490196076 0.014705882352941176 0.02875816993464052
9 0.007352941176470588 0.4640522875816993 0.014705882352941176 0.03398692810457516
3 0.21066176470588235 0.46928104575163393 0.06544117647058824 0.11241830065359476
3 0.16286764705882353 0.4091503267973856 0.03897058823529412 0.04183006535947712
3 0.1801470588235294 0.3758169934640523 0.03676470588235294 0.03006535947712418
4 0.12941176470588234 0.3424836601307189 0.045588235294117645 0.02875816993464052
4 0.14191176470588235 0.3372549019607843 0.03529411764705882 0.02091503267973856
9 0.06470588235294117 0.4006535947712418 0.01764705882352941 0.03006535947712418
0 0.23529411764705882 0.48300653594771237 0.007352941176470588 0.03529411764705882
0 0.2588235294117647 0.42549019607843136 0.007352941176470588 0.03790849673202614
0 0.2529411764705882 0.42287581699346405 0.007352941176470588 0.04052287581699346
0 0.26691176470588235 0.41764705882352937 0.007352941176470588 0.03529411764705882
0 0.2746323529411765 0.3679738562091503 0.009558823529411765 0.03529411764705882
0 0.2801470588235294 0.3660130718954248 0.0058823529411764705 0.03137254901960784
0 0.2900735294117647 0.3699346405228758 0.005147058823529412 0.03137254901960784
0 0.2893382352941176 0.36732026143790847 0.005147058823529412 0.03137254901960784
0 0.31580882352941175 0.30392156862745096 0.005147058823529412 0.02483660130718954
7 0.21176470588235294 0.35686274509803917 0.01911764705882353 0.03660130718954248
0 0.1738970588235294 0.33464052287581697 0.005147058823529412 0.023529411764705882
0 0.17830882352941177 0.3359477124183006 0.005147058823529412 0.02091503267973856
0 0.18713235294117647 0.32679738562091504 0.005147058823529412 0.02091503267973856
0 0.1827205882352941 0.32679738562091504 0.005147058823529412 0.02091503267973856
0 0.21801470588235294 0.33856209150326794 0.005147058823529412 0.0261437908496732
0 0.21654411764705883 0.3333333333333333 0.005147058823529412 0.0261437908496732
0 0.22316176470588234 0.3379084967320261 0.005147058823529412 0.027450980392156862
0 0.2275735294117647 0.3359477124183006 0.005147058823529412 0.0261437908496732
0 0.24301470588235294 0.3359477124183006 0.005147058823529412 0.0261437908496732
0 0.28125 0.34509803921568627 0.003676470588235294 0.023529411764705882
0 0.2893382352941176 0.3457516339869281 0.005147058823529412 0.027450980392156862
0 0.29448529411764707 0.3457516339869281 0.005147058823529412 0.027450980392156862
0 0.2823529411764706 0.31633986928104574 0.0058823529411764705 0.02091503267973856
0 0.2893382352941176 0.3176470588235294 0.005147058823529412 0.023529411764705882
0 0.29448529411764707 0.32352941176470584 0.005147058823529412 0.01437908496732026
0 0.28161764705882353 0.32745098039215687 0.0058823529411764705 0.011764705882352941
0 0.22095588235294117 0.3006535947712418 0.005147058823529412 0.023529411764705882
0 0.21470588235294116 0.3006535947712418 0.004411764705882353 0.023529411764705882
0 0.2172794117647059 0.30196078431372547 0.005147058823529412 0.023529411764705882
3 0.16911764705882354 0.3091503267973856 0.041176470588235294 0.027450980392156862
3 0.275 0.3071895424836601 0.041176470588235294 0.02875816993464052
3 0.20477941176470588 0.29281045751633983 0.0375 0.01568627450980392
3 0.2875 0.29934640522875816 0.039705882352941174 0.0261437908496732
3 0.29191176470588237 0.28888888888888886 0.033823529411764704 0.0261437908496732
3 0.23602941176470588 0.26013071895424833 0.014705882352941176 0.01830065359477124
3 0.2610294117647059 0.2803921568627451 0.01764705882352941 0.0196078431372549
0 0.38088235294117645 0.4071895424836601 0.007352941176470588 0.03529411764705882
0 0.37720588235294117 0.4137254901960784 0.007352941176470588 0.027450980392156862
4 0.3665441176470588 0.4006535947712418 0.03602941176470588 0.05359477124183006
3 0.4176470588235294 0.3954248366013072 0.029411764705882353 0.04836601307189542
3 0.3816176470588235 0.3431372549019608 0.022058823529411763 0.03790849673202614
3 0.3827205882352941 0.32679738562091504 0.015441176470588236 0.02091503267973856
3 0.4801470588235294 0.47777777777777775 0.032352941176470584 0.050980392156862744
3 0.5301470588235294 0.3705882352941176 0.020588235294117647 0.0326797385620915
3 0.5058823529411764 0.31241830065359477 0.020588235294117647 0.02875816993464052
3 0.4875 0.2797385620915033 0.013235294117647059 0.01568627450980392
3 0.42169117647058824 0.28823529411764703 0.013970588235294117 0.02222222222222222
3 0.42205882352941176 0.26666666666666666 0.013235294117647059 0.02091503267973856
3 0.4213235294117647 0.22745098039215686 0.010294117647058823 0.0130718954248366
0 0.5433823529411764 0.5006535947712418 0.007352941176470588 0.0522875816993464
0 0.5558823529411765 0.515032679738562 0.007352941176470588 0.047058823529411764
0 0.5698529411764706 0.4941176470588235 0.007352941176470588 0.0522875816993464
0 0.555514705882353 0.44248366013071894 0.009558823529411765 0.04052287581699346
0 0.5235294117647059 0.4130718954248366 0.007352941176470588 0.04183006535947712
0 0.5746323529411764 0.4418300653594771 0.005147058823529412 0.03398692810457516
0 0.5709558823529411 0.4339869281045751 0.005147058823529412 0.03398692810457516
1 0.5496323529411765 0.5045751633986928 0.008088235294117646 0.023529411764705882
2 0.5488970588235293 0.5169934640522875 0.006617647058823529 0.0196078431372549
1 0.525 0.44967320261437904 0.010294117647058823 0.03660130718954248
9 0.5238970588235294 0.4588235294117647 0.009558823529411765 0.02875816993464052
1 0.5080882352941176 0.4084967320261438 0.007352941176470588 0.02222222222222222
1 0.5077205882352941 0.4013071895424836 0.006617647058823529 0.023529411764705882
9 0.506985294117647 0.4156862745098039 0.005147058823529412 0.02875816993464052
3 0.5941176470588235 0.5339869281045752 0.045588235294117645 0.05620915032679738
3 0.5823529411764706 0.48823529411764705 0.039705882352941174 0.04836601307189542
1 0.47941176470588237 0.41437908496732023 0.007352941176470588 0.01568627450980392
1 0.4775735294117647 0.4091503267973856 0.008088235294117646 0.01568627450980392
6 0.4779411764705882 0.42156862745098034 0.01911764705882353 0.04052287581699346
1 0.44485294117647056 0.34967320261437906 0.007352941176470588 0.02222222222222222
9 0.4441176470588235 0.357516339869281 0.0058823529411764705 0.01437908496732026
3 0.47316176470588234 0.38431372549019605 0.022794117647058822 0.03660130718954248
1 0.47941176470588237 0.3424836601307189 0.004411764705882353 0.01045751633986928
6 0.4797794117647059 0.3522875816993464 0.0125 0.02483660130718954
3 0.5025735294117647 0.3581699346405228 0.025735294117647058 0.03398692810457516
3 0.5172794117647058 0.34509803921568627 0.015441176470588236 0.023529411764705882
7 0.48419117647058824 0.3183006535947712 0.0125 0.027450980392156862
4 0.45588235294117646 0.3379084967320261 0.014705882352941176 0.0326797385620915
3 0.4536764705882353 0.3156862745098039 0.01764705882352941 0.02483660130718954
3 0.4547794117647059 0.29281045751633983 0.0125 0.02091503267973856
3 0.4588235294117647 0.2764705882352941 0.013235294117647059 0.02222222222222222
3 0.4863970588235294 0.2699346405228758 0.0125 0.01699346405228758
3 0.4827205882352941 0.26013071895424833 0.0125 0.01568627450980392
3 0.4775735294117647 0.2483660130718954 0.011029411764705881 0.01568627450980392
3 0.48125 0.2588235294117647 0.011029411764705881 0.01568627450980392
3 0.4753676470588235 0.24248366013071893 0.009558823529411765 0.011764705882352941
3 0.46911764705882353 0.2281045751633987 0.008823529411764706 0.011764705882352941
3 0.4716911764705882 0.23202614379084965 0.009558823529411765 0.00915032679738562
1 0.46213235294117644 0.24640522875816992 0.005147058823529412 0.011764705882352941
6 0.46286764705882355 0.2522875816993464 0.006617647058823529 0.0130718954248366
