0 0.14044117647058824 0.0392156862745098 0.011764705882352941 0.0392156862745098
1 0.16544117647058823 0.0718954248366013 0.010294117647058823 0.03398692810457516
9 0.1661764705882353 0.08039215686274509 0.027941176470588233 0.027450980392156862
1 0.18639705882352942 0.12352941176470587 0.011029411764705881 0.04052287581699346
2 0.18823529411764706 0.1326797385620915 0.027941176470588233 0.02483660130718954
1 0.2202205882352941 0.056862745098039215 0.006617647058823529 0.02483660130718954
1 0.2125 0.050980392156862744 0.007352941176470588 0.03398692810457516
9 0.2139705882352941 0.060784313725490195 0.025 0.02222222222222222
0 0.19816176470588234 0.8888888888888888 0.025735294117647058 0.08888888888888888
0 0.22095588235294117 0.896078431372549 0.019852941176470587 0.07450980392156863
0 0.38823529411764707 0.5045751633986928 0.014705882352941176 0.065359477124183
0 0.3830882352941176 0.4686274509803921 0.014705882352941176 0.05359477124183006
1 0.26176470588235295 0.08169934640522876 0.007352941176470588 0.027450980392156862
1 0.2661764705882353 0.08169934640522876 0.007352941176470588 0.03529411764705882
9 0.26286764705882354 0.09215686274509803 0.025735294117647058 0.027450980392156862
4 0.31029411764705883 0.1261437908496732 0.07205882352941176 0.06143790849673202
1 0.38786764705882354 0.08169934640522876 0.008088235294117646 0.0196078431372549
1 0.37573529411764706 0.07516339869281045 0.010294117647058823 0.0326797385620915
1 0.3680147058823529 0.08627450980392157 0.008088235294117646 0.03398692810457516
7 0.37463235294117647 0.09346405228758169 0.04044117647058824 0.03006535947712418
3 0.4400735294117647 0.14967320261437908 0.07426470588235294 0.05359477124183006
3 0.5466911764705882 0.13137254901960782 0.06838235294117646 0.05359477124183006
4 0.5536764705882353 0.1941176470588235 0.060294117647058824 0.06405228758169934
4 0.42977941176470585 0.2026143790849673 0.07720588235294118 0.06274509803921569
3 0.5125 0.261437908496732 0.08088235294117647 0.06797385620915032
3 0.6011029411764706 0.33856209150326794 0.09191176470588235 0.07320261437908496
0 0.5573529411764706 0.484313725490196 0.010294117647058823 0.06405228758169934
0 0.6033088235294117 0.44313725490196076 0.009558823529411765 0.0522875816993464
2 0.5838235294117647 0.45359477124183 0.032352941176470584 0.0522875816993464
0 0.6294117647058823 0.4418300653594771 0.008823529411764706 0.04967320261437908
7 0.6165441176470589 0.4235294117647059 0.07573529411764705 0.08366013071895424
0 0.45625 0.45228758169934635 0.013970588235294117 0.06274509803921569
1 0.4536764705882353 0.48235294117647054 0.010294117647058823 0.047058823529411764
9 0.44926470588235295 0.4993464052287581 0.03529411764705882 0.03398692810457516
5 0.5113970588235294 0.43856209150326797 0.10220588235294117 0.10326797385620914
0 0.5003676470588235 0.5163398692810457 0.015441176470588236 0.054901960784313725
1 0.46249999999999997 0.5967320261437908 0.01764705882352941 0.04836601307189542
9 0.46397058823529413 0.6117647058823529 0.033823529411764704 0.04444444444444444
0 0.5183823529411765 0.6274509803921569 0.010294117647058823 0.06274509803921569
7 0.48198529411764707 0.6509803921568627 0.07279411764705883 0.09673202614379084
0 0.5764705882352941 0.5993464052287582 0.010294117647058823 0.06928104575163398
7 0.5816176470588236 0.5875816993464051 0.07205882352941176 0.07712418300653594
9 0.5136029411764705 0.8241830065359477 0.04779411764705882 0.05359477124183006
3 0.7433823529411765 0.6888888888888889 0.12941176470588234 0.10980392156862745
0 0.75 0.6013071895424836 0.016176470588235292 0.06274509803921569
0 0.7588235294117647 0.5830065359477123 0.016176470588235292 0.054901960784313725
1 0.8216911764705882 0.5973856209150327 0.01838235294117647 0.03660130718954248
2 0.8220588235294117 0.6248366013071895 0.047058823529411764 0.04967320261437908
9 0.6952205882352941 0.07124183006535947 0.021323529411764706 0.027450980392156862
3 0.6485294117647059 0.19281045751633985 0.075 0.04836601307189542
3 0.81875 0.14444444444444443 0.06397058823529411 0.04836601307189542
0 0.6613970588235294 0.39999999999999997 0.011029411764705881 0.06274509803921569
7 0.6952205882352941 0.41241830065359475 0.06544117647058824 0.05620915032679738
0 0.7878676470588235 0.43725490196078426 0.015441176470588236 0.06143790849673202
0 0.7819852941176471 0.39738562091503266 0.0125 0.047058823529411764
1 0.8981617647058824 0.5313725490196078 0.016911764705882352 0.0326797385620915
0 0.9341911764705882 0.5398692810457516 0.0125 0.06274509803921569
7 0.9525735294117647 0.5718954248366013 0.07720588235294118 0.06143790849673202
0 0.8066176470588236 0.42549019607843136 0.011764705882352941 0.05359477124183006
0 0.8154411764705882 0.4209150326797385 0.011764705882352941 0.06013071895424836
0 0.8345588235294118 0.4483660130718954 0.014705882352941176 0.06274509803921569
0 0.84375 0.44967320261437904 0.0125 0.05751633986928104
4 0.9316176470588236 0.4006535947712418 0.09558823529411764 0.07973856209150326
3 0.8588235294117647 0.24771241830065358 0.08088235294117647 0.06143790849673202
3 0.9852941176470588 0.39934640522875814 0.027941176470588233 0.07712418300653594
3 0.8165441176470588 0.00784313725490196 0.05955882352941176 0.01830065359477124
3 0.5672794117647059 0.01633986928104575 0.05220588235294118 0.0326797385620915
