0 0.7880208333333333 0.11111111111111112 0.021875 0.07777777777777778
1 0.6010416666666667 0.10925925925925926 0.014583333333333334 0.02962962962962963
0 0.028645833333333332 0.19722222222222224 0.036458333333333336 0.10555555555555556
0 0.17708333333333334 0.2425925925925926 0.03958333333333333 0.14814814814814814
0 0.0953125 0.1925925925925926 0.042708333333333334 0.07777777777777778
0 0.22916666666666666 0.08888888888888889 0.014583333333333334 0.06296296296296297
0 0.3411458333333333 0.9333333333333333 0.078125 0.12962962962962962
0 0.4322916666666667 0.45555555555555555 0.04791666666666666 0.1851851851851852
0 0.5421875 0.2935185185185185 0.036458333333333336 0.09444444444444444
0 0.4822916666666667 0.41481481481481486 0.052083333333333336 0.17777777777777778
0 0.5734375 0.46296296296296297 0.042708333333333334 0.20740740740740743
0 0.6203125 0.4564814814814815 0.042708333333333334 0.20185185185185187
0 0.6260416666666666 0.32222222222222224 0.0375 0.15555555555555556
0 0.6947916666666667 0.41574074074074074 0.04583333333333333 0.19074074074074074
0 0.7682291666666666 0.3685185185185185 0.04895833333333333 0.17777777777777778
0 0.6911458333333333 0.3712962962962963 0.030208333333333334 0.17962962962962964
0 0.7192708333333333 0.3564814814814815 0.03854166666666667 0.1574074074074074
0 0.3734375 0.24444444444444446 0.028125 0.12222222222222223
9 0.007291666666666667 0.07407407407407407 0.014583333333333334 0.03333333333333333
3 0.028645833333333332 0.075 0.013541666666666667 0.04259259259259259
3 0.05 0.07037037037037037 0.025 0.022222222222222223
3 0.057291666666666664 0.07962962962962963 0.014583333333333334 0.037037037037037035
9 0.09166666666666666 0.06759259259259259 0.014583333333333334 0.03888888888888889
9 0.14791666666666667 0.06296296296296297 0.016666666666666666 0.044444444444444446
9 0.12291666666666666 0.06574074074074074 0.029166666666666667 0.0462962962962963
9 0.17239583333333333 0.06018518518518519 0.02395833333333333 0.05
0 0.21979166666666666 0.05185185185185186 0.014583333333333334 0.04814814814814815
9 0.24427083333333333 0.05648148148148149 0.017708333333333333 0.04259259259259259
0 0.2984375 0.07314814814814816 0.019791666666666666 0.05740740740740741
0 0.32135416666666666 0.07407407407407407 0.013541666666666667 0.05555555555555556
9 0.3229166666666667 0.05555555555555556 0.020833333333333332 0.03333333333333333
9 0.34739583333333335 0.05092592592592593 0.013541666666666667 0.031481481481481485
0 0.3416666666666667 0.07962962962962963 0.016666666666666666 0.05555555555555556
0 0.3484375 0.13240740740740742 0.021875 0.07222222222222223
0 0.35520833333333335 0.16666666666666669 0.016666666666666666 0.08148148148148149
1 0.4848958333333333 0.2518518518518519 0.026041666666666668 0.06296296296296297
1 0.5083333333333333 0.2490740740740741 0.027083333333333334 0.07222222222222223
0 0.44479166666666664 0.18055555555555555 0.020833333333333332 0.09444444444444444
0 0.4005208333333333 0.17962962962962964 0.021875 0.1
0 0.3765625 0.15462962962962964 0.021875 0.08703703703703704
0 0.4005208333333333 0.1675925925925926 0.017708333333333333 0.08703703703703704
0 0.4036458333333333 0.1398148148148148 0.017708333333333333 0.09074074074074075
0 0.4197916666666667 0.1537037037037037 0.020833333333333332 0.08518518518518518
0 0.44687499999999997 0.1564814814814815 0.025 0.08703703703703704
0 0.45625 0.1398148148148148 0.01875 0.07962962962962963
0 0.4505208333333333 0.12037037037037038 0.019791666666666666 0.07407407407407407
0 0.41770833333333335 0.12314814814814816 0.016666666666666666 0.06851851851851852
1 0.5557291666666666 0.1925925925925926 0.02395833333333333 0.07037037037037037
1 0.5432291666666667 0.19722222222222224 0.030208333333333334 0.05
2 0.5598958333333334 0.1638888888888889 0.036458333333333336 0.05
1 0.5166666666666666 0.1175925925925926 0.016666666666666666 0.061111111111111116
1 0.47031249999999997 0.09074074074074075 0.015625 0.044444444444444446
1 0.465625 0.08055555555555556 0.01875 0.05
0 0.4791666666666667 0.07685185185185185 0.014583333333333334 0.061111111111111116
0 0.5927083333333333 0.1787037037037037 0.020833333333333332 0.07962962962962963
1 0.7333333333333333 0.937962962962963 0.08333333333333333 0.12037037037037038
1 0.7880208333333333 0.9185185185185185 0.11354166666666667 0.15185185185185185
1 0.8567708333333334 0.43333333333333335 0.065625 0.08888888888888889
1 0.8598958333333333 0.34444444444444444 0.03854166666666667 0.08148148148148149
0 0.9286458333333333 0.28703703703703703 0.034375 0.14074074074074075
0 0.8921875 0.24074074074074076 0.040625 0.12222222222222223
0 0.9828125 0.31851851851851853 0.03229166666666666 0.12592592592592594
0 0.9505208333333334 0.22962962962962963 0.034375 0.11111111111111112
0 0.8947916666666667 0.19074074074074074 0.03125 0.1
0 0.7255208333333333 0.1953703703703704 0.021875 0.07962962962962963
0 0.6484375 0.1398148148148148 0.021875 0.09074074074074075
1 0.6197916666666666 0.1824074074074074 0.020833333333333332 0.07592592592592592
0 0.6140625 0.1712962962962963 0.028125 0.061111111111111116
0 0.6197916666666666 0.12222222222222223 0.022916666666666665 0.08888888888888889
0 0.6723958333333333 0.13148148148148148 0.019791666666666666 0.07777777777777778
0 0.66875 0.12407407407407407 0.022916666666666665 0.0925925925925926
0 0.7463541666666667 0.1388888888888889 0.030208333333333334 0.0925925925925926
0 0.5552083333333333 0.06018518518518519 0.014583333333333334 0.05740740740740741
0 0.8848958333333333 0.10648148148148148 0.015625 0.061111111111111116
1 0.8979166666666667 0.07962962962962963 0.016666666666666666 0.03333333333333333
0 0.85625 0.04537037037037037 0.01875 0.03518518518518519
0 0.8473958333333333 0.04259259259259259 0.013541666666666667 0.05925925925925926
0 0.3723958333333333 0.07962962962962963 0.015625 0.06296296296296297
1 0.5510416666666667 0.10648148148148148 0.03125 0.031481481481481485
0 0.5395833333333333 0.07777777777777778 0.014583333333333334 0.05925925925925926
9 0.38177083333333334 0.05092592592592593 0.019791666666666666 0.031481481481481485
1 0.6046875 0.05740740740740741 0.013541666666666667 0.05555555555555556
