0 0.06354166666666666 0.1675925925925926 0.00625 0.009259259259259259
0 0.06875 0.17407407407407408 0.00625 0.007407407407407408
0 0.07239583333333333 0.1685185185185185 0.007291666666666667 0.007407407407407408
0 0.06822916666666666 0.16203703703703703 0.007291666666666667 0.009259259259259259
0 0.04791666666666666 0.27685185185185185 0.010416666666666666 0.009259259259259259
0 0.0359375 0.2925925925925926 0.009375 0.007407407407407408
0 0.033854166666666664 0.2962962962962963 0.007291666666666667 0.011111111111111112
0 0.034375 0.28611111111111115 0.00625 0.009259259259259259
0 0.059895833333333336 0.33240740740740743 0.009375 0.012962962962962964
0 0.084375 0.3175925925925926 0.00625 0.009259259259259259
0 0.08177083333333333 0.30833333333333335 0.007291666666666667 0.009259259259259259
0 0.090625 0.28611111111111115 0.00625 0.005555555555555556
0 0.10208333333333333 0.3111111111111111 0.008333333333333333 0.007407407407407408
0 0.10729166666666666 0.30462962962962964 0.00625 0.005555555555555556
0 0.10729166666666666 0.2990740740740741 0.008333333333333333 0.005555555555555556
0 0.10729166666666666 0.2935185185185185 0.008333333333333333 0.009259259259259259
0 0.11302083333333333 0.31851851851851853 0.009375 0.007407407407407408
0 0.13177083333333334 0.3287037037037037 0.007291666666666667 0.009259259259259259
0 0.1296875 0.325 0.005208333333333333 0.005555555555555556
0 0.16614583333333333 0.28055555555555556 0.009375 0.009259259259259259
0 0.16354166666666667 0.312962962962963 0.008333333333333333 0.007407407407407408
0 0.17395833333333333 0.3055555555555556 0.008333333333333333 0.011111111111111112
0 0.19583333333333333 0.29074074074074074 0.008333333333333333 0.007407407407407408
0 0.2015625 0.2990740740740741 0.009375 0.005555555555555556
0 0.21041666666666667 0.29444444444444445 0.010416666666666666 0.011111111111111112
0 0.24791666666666667 0.2740740740740741 0.008333333333333333 0.007407407407407408
0 0.2734375 0.2972222222222222 0.007291666666666667 0.005555555555555556
0 0.27239583333333334 0.28703703703703703 0.007291666666666667 0.007407407407407408
0 0.1140625 0.37222222222222223 0.007291666666666667 0.011111111111111112
0 0.084375 0.35000000000000003 0.00625 0.007407407407407408
0 0.08385416666666666 0.3425925925925926 0.007291666666666667 0.011111111111111112
0 0.09427083333333333 0.4185185185185185 0.007291666666666667 0.011111111111111112
0 0.0859375 0.4398148148148148 0.009375 0.012962962962962964
0 0.14583333333333334 0.4064814814814815 0.004166666666666667 0.009259259259259259
0 0.15572916666666667 0.4027777777777778 0.005208333333333333 0.012962962962962964
0 0.1640625 0.38981481481481484 0.009375 0.009259259259259259
0 0.16041666666666665 0.4027777777777778 0.004166666666666667 0.009259259259259259
0 0.12760416666666666 0.48240740740740745 0.007291666666666667 0.009259259259259259
0 0.10833333333333334 0.48703703703703705 0.008333333333333333 0.007407407407407408
0 0.10781249999999999 0.513888888888889 0.009375 0.012962962962962964
0 0.10104166666666667 0.5185185185185185 0.00625 0.007407407407407408
0 0.09166666666666666 0.5185185185185185 0.008333333333333333 0.007407407407407408
0 0.09270833333333334 0.5287037037037037 0.004166666666666667 0.005555555555555556
0 0.14739583333333334 0.5527777777777778 0.007291666666666667 0.009259259259259259
0 0.14895833333333333 0.5435185185185185 0.008333333333333333 0.005555555555555556
0 0.15 0.5361111111111111 0.00625 0.005555555555555556
0 0.17291666666666666 0.5055555555555555 0.00625 0.007407407407407408
0 0.16354166666666667 0.5620370370370371 0.00625 0.005555555555555556
0 0.19739583333333333 0.5296296296296297 0.007291666666666667 0.003703703703703704
0 0.1828125 0.6277777777777778 0.005208333333333333 0.007407407407407408
0 0.18489583333333334 0.637962962962963 0.007291666666666667 0.005555555555555556
0 0.18229166666666666 0.6444444444444445 0.00625 0.007407407407407408
0 0.12916666666666665 0.6546296296296297 0.00625 0.009259259259259259
0 0.12916666666666665 0.662962962962963 0.00625 0.007407407407407408
0 0.14583333333333334 0.6675925925925926 0.008333333333333333 0.009259259259259259
0 0.042708333333333334 0.7000000000000001 0.008333333333333333 0.007407407407407408
0 0.046875 0.712962962962963 0.00625 0.007407407407407408
0 0.06302083333333333 0.7194444444444444 0.009375 0.009259259259259259
0 0.05677083333333333 0.7425925925925926 0.009375 0.011111111111111112
0 0.016666666666666666 0.7546296296296297 0.00625 0.009259259259259259
0 0.01614583333333333 0.7592592592592593 0.007291666666666667 0.011111111111111112
0 0.010416666666666666 0.7740740740740741 0.010416666666666666 0.007407407407407408
0 0.015104166666666667 0.7796296296296297 0.007291666666666667 0.011111111111111112
0 0.029166666666666667 0.7703703703703704 0.008333333333333333 0.011111111111111112
0 0.0453125 0.7898148148148149 0.009375 0.009259259259259259
0 0.059895833333333336 0.7861111111111111 0.007291666666666667 0.009259259259259259
0 0.043229166666666666 0.8453703703703704 0.007291666666666667 0.009259259259259259
0 0.29270833333333335 0.075 0.004166666666666667 0.005555555555555556
0 0.3067708333333333 0.06944444444444445 0.005208333333333333 0.009259259259259259
0 0.31145833333333334 0.008333333333333333 0.008333333333333333 0.009259259259259259
0 0.2911458333333333 0.003703703703703704 0.007291666666666667 0.007407407407407408
0 0.2630208333333333 0.006481481481481482 0.005208333333333333 0.009259259259259259
0 0.22916666666666666 0.6055555555555556 0.004166666666666667 0.011111111111111112
0 0.2635416666666667 0.5574074074074075 0.00625 0.011111111111111112
0 0.24687499999999998 0.6287037037037038 0.00625 0.009259259259259259
0 0.24479166666666666 0.6351851851851852 0.00625 0.007407407407407408
0 0.25677083333333334 0.6657407407407407 0.009375 0.009259259259259259
0 0.2630208333333333 0.6537037037037037 0.007291666666666667 0.007407407407407408
0 0.225 0.6694444444444445 0.00625 0.005555555555555556
0 0.15833333333333333 0.6694444444444445 0.008333333333333333 0.009259259259259259
0 0.15729166666666666 0.6888888888888889 0.008333333333333333 0.014814814814814815
0 0.14479166666666665 0.6861111111111111 0.00625 0.009259259259259259
0 0.1265625 0.7046296296296296 0.009375 0.009259259259259259
0 0.10989583333333333 0.712037037037037 0.007291666666666667 0.009259259259259259
0 0.09427083333333333 0.7046296296296296 0.009375 0.012962962962962964
0 0.09010416666666667 0.7185185185185186 0.007291666666666667 0.011111111111111112
0 0.14479166666666665 0.7166666666666667 0.008333333333333333 0.011111111111111112
0 0.15729166666666666 0.7157407407407408 0.008333333333333333 0.012962962962962964
0 0.15729166666666666 0.7425925925925926 0.008333333333333333 0.011111111111111112
0 0.14270833333333333 0.7435185185185186 0.008333333333333333 0.009259259259259259
0 0.059895833333333336 0.7555555555555555 0.007291666666666667 0.007407407407407408
0 0.05416666666666667 0.7574074074074074 0.008333333333333333 0.007407407407407408
0 0.18177083333333333 0.7092592592592593 0.007291666666666667 0.011111111111111112
0 0.17760416666666667 0.7111111111111111 0.005208333333333333 0.007407407407407408
0 0.17864583333333334 0.6981481481481482 0.007291666666666667 0.007407407407407408
0 0.18229166666666666 0.6935185185185185 0.00625 0.012962962962962964
0 0.22291666666666665 0.7037037037037037 0.00625 0.011111111111111112
0 0.22239583333333332 0.7287037037037037 0.007291666666666667 0.009259259259259259
0 0.22552083333333334 0.7425925925925926 0.005208333333333333 0.007407407407407408
0 0.23489583333333333 0.7425925925925926 0.005208333333333333 0.011111111111111112
0 0.24322916666666666 0.7277777777777779 0.007291666666666667 0.011111111111111112
0 0.2546875 0.7055555555555556 0.007291666666666667 0.007407407407407408
0 0.2677083333333333 0.6944444444444444 0.004166666666666667 0.011111111111111112
0 0.2703125 0.7194444444444444 0.005208333333333333 0.005555555555555556
0 0.26666666666666666 0.7296296296296296 0.00625 0.007407407407407408
0 0.2755208333333333 0.7324074074074074 0.007291666666666667 0.009259259259259259
0 0.31354166666666666 0.7046296296296296 0.004166666666666667 0.009259259259259259
0 0.3203125 0.7000000000000001 0.005208333333333333 0.007407407407407408
0 0.26927083333333335 0.6564814814814816 0.005208333333333333 0.005555555555555556
0 0.2786458333333333 0.6203703703703703 0.005208333333333333 0.007407407407407408
0 0.2791666666666667 0.549074074074074 0.004166666666666667 0.005555555555555556
0 0.2942708333333333 0.6092592592592593 0.005208333333333333 0.007407407407407408
0 0.2947916666666667 0.6129629629629629 0.00625 0.007407407407407408
0 0.2984375 0.6185185185185186 0.005208333333333333 0.007407407407407408
0 0.3223958333333333 0.6185185185185186 0.005208333333333333 0.007407407407407408
0 0.33697916666666666 0.6351851851851852 0.005208333333333333 0.007407407407407408
0 0.32916666666666666 0.5916666666666667 0.00625 0.005555555555555556
0 0.3328125 0.5685185185185185 0.005208333333333333 0.007407407407407408
0 0.33489583333333334 0.5555555555555556 0.005208333333333333 0.007407407407407408
0 0.3302083333333333 0.5444444444444445 0.004166666666666667 0.007407407407407408
0 0.325 0.5361111111111111 0.00625 0.005555555555555556
0 0.2947916666666667 0.5342592592592593 0.00625 0.005555555555555556
0 0.28229166666666666 0.5305555555555556 0.00625 0.005555555555555556
0 0.28072916666666664 0.5277777777777778 0.005208333333333333 0.007407407407407408
0 0.2755208333333333 0.5305555555555556 0.005208333333333333 0.005555555555555556
0 0.2453125 0.5203703703703704 0.005208333333333333 0.007407407407407408
0 0.21302083333333333 0.5240740740740741 0.005208333333333333 0.007407407407407408
0 0.21770833333333334 0.5231481481481481 0.004166666666666667 0.005555555555555556
0 0.23854166666666665 0.49444444444444446 0.00625 0.007407407407407408
0 0.19479166666666667 0.47500000000000003 0.00625 0.005555555555555556
0 0.19479166666666667 0.4675925925925926 0.004166666666666667 0.005555555555555556
0 0.19583333333333333 0.4620370370370371 0.004166666666666667 0.005555555555555556
0 0.19479166666666667 0.45092592592592595 0.00625 0.005555555555555556
0 0.18645833333333334 0.45092592592592595 0.004166666666666667 0.005555555555555556
0 0.18541666666666667 0.4444444444444445 0.004166666666666667 0.007407407407407408
0 0.18854166666666666 0.43703703703703706 0.004166666666666667 0.007407407407407408
0 0.1828125 0.3907407407407408 0.007291666666666667 0.014814814814814815
0 0.20572916666666666 0.4416666666666667 0.005208333333333333 0.005555555555555556
0 0.20416666666666666 0.43703703703703706 0.004166666666666667 0.007407407407407408
0 0.20104166666666667 0.40740740740740744 0.00625 0.011111111111111112
0 0.19479166666666667 0.3824074074074074 0.004166666666666667 0.005555555555555556
0 0.19322916666666667 0.38703703703703707 0.005208333333333333 0.007407407407407408
0 0.19166666666666665 0.3824074074074074 0.004166666666666667 0.005555555555555556
0 0.18802083333333333 0.3814814814814815 0.003125 0.007407407407407408
0 0.18645833333333334 0.3805555555555556 0.004166666666666667 0.005555555555555556
0 0.18541666666666667 0.37777777777777777 0.004166666666666667 0.003703703703703704
0 0.1859375 0.3740740740740741 0.005208333333333333 0.007407407407407408
1 0.19479166666666667 0.33796296296296297 0.004166666666666667 0.005555555555555556
0 0.20781249999999998 0.3592592592592593 0.003125 0.007407407407407408
0 0.2109375 0.35462962962962963 0.003125 0.005555555555555556
0 0.20781249999999998 0.34814814814814815 0.003125 0.007407407407407408
0 0.21614583333333334 0.34351851851851856 0.003125 0.005555555555555556
0 0.23697916666666666 0.39814814814814814 0.005208333333333333 0.007407407407407408
0 0.23854166666666665 0.4083333333333333 0.00625 0.009259259259259259
0 0.23229166666666667 0.46851851851851856 0.00625 0.007407407407407408
0 0.22604166666666667 0.4675925925925926 0.00625 0.009259259259259259
0 0.23802083333333332 0.4842592592592593 0.005208333333333333 0.005555555555555556
0 0.24427083333333333 0.46851851851851856 0.005208333333333333 0.007407407407407408
0 0.2484375 0.4620370370370371 0.005208333333333333 0.005555555555555556
0 0.24687499999999998 0.44907407407407407 0.00625 0.009259259259259259
0 0.23333333333333334 0.4361111111111111 0.004166666666666667 0.005555555555555556
0 0.23645833333333333 0.4287037037037037 0.004166666666666667 0.009259259259259259
0 0.2265625 0.41203703703703703 0.003125 0.005555555555555556
0 0.22552083333333334 0.4046296296296297 0.005208333333333333 0.005555555555555556
0 0.22239583333333332 0.39722222222222225 0.003125 0.005555555555555556
0 0.21666666666666667 0.3925925925925926 0.00625 0.007407407407407408
0 0.21354166666666666 0.38796296296296295 0.004166666666666667 0.005555555555555556
0 0.21145833333333333 0.3842592592592593 0.004166666666666667 0.005555555555555556
0 0.20885416666666667 0.37962962962962965 0.005208333333333333 0.003703703703703704
0 0.20781249999999998 0.3842592592592593 0.003125 0.005555555555555556
0 0.20677083333333332 0.3851851851851852 0.003125 0.007407407407407408
0 0.2598958333333333 0.40555555555555556 0.005208333333333333 0.003703703703703704
0 0.2828125 0.45555555555555555 0.005208333333333333 0.007407407407407408
0 0.2859375 0.4444444444444445 0.005208333333333333 0.007407407407407408
0 0.24375 0.437962962962963 0.00625 0.005555555555555556
0 0.2484375 0.4342592592592593 0.003125 0.005555555555555556
0 0.25104166666666666 0.4324074074074074 0.004166666666666667 0.005555555555555556
0 0.25104166666666666 0.43703703703703706 0.004166666666666667 0.007407407407407408
0 0.25885416666666666 0.4342592592592593 0.005208333333333333 0.005555555555555556
0 0.2635416666666667 0.4314814814814815 0.004166666666666667 0.007407407407407408
0 0.2671875 0.4305555555555556 0.005208333333333333 0.009259259259259259
0 0.26979166666666665 0.42962962962962964 0.004166666666666667 0.007407407407407408
1 0.2734375 0.42685185185185187 0.005208333333333333 0.009259259259259259
1 0.2760416666666667 0.4203703703703704 0.004166666666666667 0.007407407407407408
1 0.2786458333333333 0.4175925925925926 0.003125 0.005555555555555556
1 0.28489583333333335 0.40925925925925927 0.005208333333333333 0.007407407407407408
1 0.2859375 0.4046296296296297 0.005208333333333333 0.009259259259259259
1 0.28802083333333334 0.4046296296296297 0.005208333333333333 0.009259259259259259
0 0.30104166666666665 0.38703703703703707 0.004166666666666667 0.007407407407407408
0 0.30572916666666666 0.3805555555555556 0.005208333333333333 0.009259259259259259
0 0.3067708333333333 0.3925925925925926 0.003125 0.007407407407407408
0 0.3015625 0.4425925925925926 0.005208333333333333 0.007407407407407408
0 0.2994791666666667 0.4314814814814815 0.005208333333333333 0.007407407407407408
0 0.30364583333333334 0.4305555555555556 0.005208333333333333 0.005555555555555556
0 0.3104166666666667 0.44537037037037036 0.004166666666666667 0.009259259259259259
1 0.3072916666666667 0.4425925925925926 0.004166666666666667 0.007407407407407408
1 0.3104166666666667 0.4351851851851852 0.004166666666666667 0.007407407407407408
0 0.31614583333333335 0.4287037037037037 0.003125 0.005555555555555556
0 0.30416666666666664 0.4175925925925926 0.004166666666666667 0.005555555555555556
0 0.3067708333333333 0.41203703703703703 0.005208333333333333 0.005555555555555556
0 0.3098958333333333 0.4203703703703704 0.005208333333333333 0.007407407407407408
1 0.3145833333333333 0.4185185185185185 0.004166666666666667 0.007407407407407408
1 0.3140625 0.41111111111111115 0.003125 0.007407407407407408
0 0.31927083333333334 0.40370370370370373 0.003125 0.007407407407407408
0 0.3171875 0.3990740740740741 0.003125 0.005555555555555556
0 0.31979166666666664 0.3824074074074074 0.004166666666666667 0.005555555555555556
0 0.31927083333333334 0.3740740740740741 0.005208333333333333 0.007407407407407408
0 0.33541666666666664 0.3888888888888889 0.004166666666666667 0.007407407407407408
0 0.3411458333333333 0.3907407407407408 0.003125 0.007407407407407408
0 0.3453125 0.39166666666666666 0.003125 0.005555555555555556
0 0.3458333333333333 0.3944444444444445 0.004166666666666667 0.007407407407407408
0 0.3385416666666667 0.3944444444444445 0.004166666666666667 0.007407407407407408
0 0.33541666666666664 0.39722222222222225 0.004166666666666667 0.005555555555555556
0 0.3255208333333333 0.4185185185185185 0.005208333333333333 0.011111111111111112
0 0.3536458333333333 0.4314814814814815 0.005208333333333333 0.007407407407407408
0 0.34479166666666666 0.4287037037037037 0.004166666666666667 0.005555555555555556
0 0.3421875 0.42592592592592593 0.003125 0.007407407407407408
0 0.3260416666666667 0.4388888888888889 0.004166666666666667 0.007407407407407408
0 0.3307291666666667 0.4462962962962963 0.005208333333333333 0.007407407407407408
0 0.3296875 0.4416666666666667 0.003125 0.005555555555555556
0 0.31927083333333334 0.45555555555555555 0.003125 0.011111111111111112
0 0.32135416666666666 0.45462962962962966 0.005208333333333333 0.005555555555555556
0 0.3140625 0.46574074074074073 0.003125 0.005555555555555556
0 0.3182291666666667 0.46944444444444444 0.005208333333333333 0.005555555555555556
0 0.31614583333333335 0.47222222222222227 0.003125 0.007407407407407408
0 0.3286458333333333 0.48240740740740745 0.003125 0.005555555555555556
0 0.3260416666666667 0.48055555555555557 0.0020833333333333333 0.005555555555555556
0 0.34479166666666666 0.5185185185185185 0.00625 0.007407407407407408
0 0.3609375 0.500925925925926 0.003125 0.005555555555555556
0 0.35572916666666665 0.5027777777777778 0.005208333333333333 0.005555555555555556
0 0.3572916666666667 0.5046296296296297 0.0020833333333333333 0.005555555555555556
0 0.3723958333333333 0.48055555555555557 0.005208333333333333 0.005555555555555556
0 0.42604166666666665 0.42962962962962964 0.004166666666666667 0.007407407407407408
0 0.4067708333333333 0.45925925925925926 0.003125 0.007407407407407408
0 0.4036458333333333 0.4620370370370371 0.003125 0.005555555555555556
0 0.4296875 0.47314814814814815 0.003125 0.005555555555555556
0 0.4192708333333333 0.47314814814814815 0.003125 0.005555555555555556
0 0.4166666666666667 0.47500000000000003 0.004166666666666667 0.005555555555555556
0 0.3541666666666667 0.5787037037037037 0.00625 0.009259259259259259
0 0.36041666666666666 0.5731481481481482 0.004166666666666667 0.005555555555555556
0 0.3671875 0.5851851851851853 0.005208333333333333 0.007407407407407408
0 0.3765625 0.600925925925926 0.003125 0.005555555555555556
0 0.38177083333333334 0.600925925925926 0.005208333333333333 0.005555555555555556
0 0.37916666666666665 0.6666666666666667 0.00625 0.011111111111111112
0 0.39479166666666665 0.6703703703703704 0.004166666666666667 0.007407407407407408
0 0.3932291666666667 0.6296296296296297 0.005208333333333333 0.007407407407407408
0 0.39166666666666666 0.6101851851851852 0.004166666666666667 0.005555555555555556
0 0.3932291666666667 0.5935185185185186 0.005208333333333333 0.005555555555555556
0 0.3848958333333333 0.5907407407407408 0.005208333333333333 0.007407407407407408
0 0.3932291666666667 0.5861111111111111 0.005208333333333333 0.005555555555555556
0 0.3854166666666667 0.5787037037037037 0.004166666666666667 0.009259259259259259
0 0.3848958333333333 0.5703703703703704 0.005208333333333333 0.007407407407407408
0 0.37916666666666665 0.5444444444444445 0.00625 0.007407407407407408
0 0.3880208333333333 0.5425925925925926 0.005208333333333333 0.007407407407407408
0 0.3796875 0.5324074074074074 0.005208333333333333 0.009259259259259259
0 0.3619791666666667 0.637962962962963 0.005208333333333333 0.005555555555555556
0 0.3645833333333333 0.6351851851851852 0.004166666666666667 0.007407407407407408
0 0.3609375 0.6296296296296297 0.003125 0.007407407407407408
0 0.36302083333333335 0.6342592592592593 0.005208333333333333 0.005555555555555556
0 0.36354166666666665 0.6277777777777778 0.004166666666666667 0.007407407407407408
0 0.3541666666666667 0.7546296296296297 0.00625 0.009259259259259259
0 0.35104166666666664 0.7444444444444445 0.010416666666666666 0.011111111111111112
0 0.38177083333333334 0.7685185185185186 0.007291666666666667 0.011111111111111112
0 0.396875 0.7185185185185186 0.00625 0.011111111111111112
0 0.41302083333333334 0.725925925925926 0.005208333333333333 0.011111111111111112
0 0.42291666666666666 0.7101851851851853 0.004166666666666667 0.005555555555555556
0 0.42864583333333334 0.7101851851851853 0.003125 0.005555555555555556
0 0.42864583333333334 0.6916666666666667 0.005208333333333333 0.009259259259259259
0 0.42604166666666665 0.7351851851851852 0.004166666666666667 0.007407407407407408
0 0.4223958333333333 0.7296296296296296 0.003125 0.007407407407407408
0 0.4223958333333333 0.7314814814814815 0.003125 0.007407407407407408
0 0.4505208333333333 0.7555555555555555 0.005208333333333333 0.011111111111111112
0 0.44687499999999997 0.788888888888889 0.00625 0.011111111111111112
0 0.103125 0.7805555555555556 0.00625 0.009259259259259259
0 0.04479166666666667 0.8009259259259259 0.00625 0.005555555555555556
0 0.0484375 0.7990740740740742 0.005208333333333333 0.005555555555555556
0 0.051041666666666666 0.7953703703703704 0.00625 0.009259259259259259
0 0.0546875 0.7935185185185185 0.007291666666666667 0.009259259259259259
0 0.004166666666666667 0.8546296296296296 0.008333333333333333 0.016666666666666666
0 0.07291666666666667 0.9398148148148149 0.008333333333333333 0.009259259259259259
0 0.0734375 0.9314814814814815 0.007291666666666667 0.011111111111111112
0 0.11666666666666667 0.9111111111111111 0.008333333333333333 0.007407407407407408
0 0.1171875 0.9685185185185186 0.009375 0.014814814814814815
0 0.13541666666666666 0.9055555555555556 0.00625 0.011111111111111112
0 0.1484375 0.9361111111111111 0.009375 0.016666666666666666
0 0.17916666666666667 0.9657407407407408 0.010416666666666666 0.012962962962962964
0 0.18489583333333334 0.9648148148148149 0.005208333333333333 0.011111111111111112
0 0.22291666666666665 0.9824074074074074 0.008333333333333333 0.016666666666666666
0 0.11354166666666667 0.47962962962962963 0.00625 0.007407407407407408
0 0.14166666666666666 0.7675925925925926 0.008333333333333333 0.012962962962962964
0 0.15520833333333334 0.7675925925925926 0.008333333333333333 0.009259259259259259
0 0.21562499999999998 0.7675925925925926 0.00625 0.009259259259259259
0 0.19791666666666666 0.7685185185185186 0.00625 0.007407407407407408
0 0.20104166666666667 0.7777777777777778 0.00625 0.007407407407407408
0 0.19322916666666667 0.7851851851851852 0.007291666666666667 0.007407407407407408
0 0.21562499999999998 0.8120370370370371 0.00625 0.009259259259259259
0 0.19583333333333333 0.8194444444444445 0.008333333333333333 0.009259259259259259
0 0.19791666666666666 0.8296296296296297 0.00625 0.011111111111111112
0 0.19479166666666667 0.8268518518518518 0.00625 0.009259259259259259
0 0.17083333333333334 0.8398148148148148 0.008333333333333333 0.012962962962962964
0 0.16302083333333334 0.8592592592592593 0.007291666666666667 0.011111111111111112
0 0.16614583333333333 0.8787037037037038 0.007291666666666667 0.009259259259259259
0 0.16302083333333334 0.8916666666666667 0.007291666666666667 0.009259259259259259
0 0.15104166666666666 0.888888888888889 0.008333333333333333 0.011111111111111112
0 0.14739583333333334 0.8925925925925926 0.007291666666666667 0.011111111111111112
0 0.20833333333333334 0.8805555555555555 0.008333333333333333 0.012962962962962964
0 0.228125 0.8675925925925926 0.00625 0.009259259259259259
0 0.2296875 0.8777777777777778 0.005208333333333333 0.011111111111111112
0 0.3140625 0.8435185185185186 0.005208333333333333 0.012962962962962964
0 0.30416666666666664 0.9175925925925926 0.004166666666666667 0.009259259259259259
0 0.30364583333333334 0.9268518518518519 0.005208333333333333 0.009259259259259259
0 0.3385416666666667 0.9074074074074074 0.00625 0.011111111111111112
0 0.353125 0.9055555555555556 0.00625 0.011111111111111112
0 0.3890625 0.9046296296296297 0.009375 0.012962962962962964
0 0.3927083333333333 0.8787037037037038 0.004166666666666667 0.009259259259259259
0 0.3958333333333333 0.8416666666666667 0.004166666666666667 0.012962962962962964
0 0.4010416666666667 0.8527777777777779 0.004166666666666667 0.009259259259259259
0 0.40729166666666666 0.8555555555555556 0.00625 0.011111111111111112
0 0.39947916666666666 0.9148148148148149 0.005208333333333333 0.011111111111111112
0 0.41041666666666665 0.9527777777777778 0.00625 0.009259259259259259
0 0.4197916666666667 0.9537037037037037 0.004166666666666667 0.011111111111111112
0 0.42604166666666665 0.9555555555555556 0.004166666666666667 0.011111111111111112
0 0.3885416666666667 0.9916666666666667 0.008333333333333333 0.012962962962962964
0 0.4505208333333333 0.9722222222222222 0.005208333333333333 0.011111111111111112
0 0.4661458333333333 0.9444444444444445 0.003125 0.011111111111111112
0 0.4734375 0.9490740740740741 0.005208333333333333 0.009259259259259259
0 0.46979166666666666 0.9555555555555556 0.004166666666666667 0.007407407407407408
0 0.4510416666666667 0.9083333333333333 0.004166666666666667 0.009259259259259259
0 0.4479166666666667 0.9064814814814816 0.004166666666666667 0.009259259259259259
0 0.4354166666666667 0.8824074074074074 0.00625 0.009259259259259259
0 0.4276041666666667 0.8388888888888889 0.005208333333333333 0.011111111111111112
0 0.40729166666666666 0.8425925925925927 0.004166666666666667 0.007407407407407408
0 0.4109375 0.8425925925925927 0.005208333333333333 0.011111111111111112
0 0.44375 0.8111111111111111 0.00625 0.007407407407407408
0 0.4421875 0.8185185185185185 0.003125 0.007407407407407408
0 0.4453125 0.8296296296296297 0.003125 0.007407407407407408
0 0.4505208333333333 0.8305555555555556 0.003125 0.009259259259259259
0 0.44895833333333335 0.8231481481481482 0.004166666666666667 0.005555555555555556
0 0.47604166666666664 0.8351851851851853 0.004166666666666667 0.007407407407407408
0 0.47604166666666664 0.8435185185185186 0.004166666666666667 0.009259259259259259
0 0.4786458333333333 0.8916666666666667 0.005208333333333333 0.009259259259259259
0 0.47552083333333334 0.8953703703703704 0.005208333333333333 0.009259259259259259
0 0.4947916666666667 0.8962962962962964 0.00625 0.011111111111111112
0 0.4921875 0.912962962962963 0.003125 0.007407407407407408
0 0.49114583333333334 0.9175925925925926 0.005208333333333333 0.009259259259259259
0 0.5135416666666667 0.9203703703703704 0.00625 0.011111111111111112
0 0.5197916666666667 0.9212962962962963 0.004166666666666667 0.009259259259259259
0 0.5067708333333333 0.9305555555555556 0.005208333333333333 0.009259259259259259
0 0.5119791666666667 0.9370370370370371 0.005208333333333333 0.007407407407407408
0 0.5052083333333334 0.9666666666666667 0.004166666666666667 0.011111111111111112
0 0.5192708333333333 0.9527777777777778 0.005208333333333333 0.012962962962962964
0 0.5010416666666666 0.9064814814814816 0.004166666666666667 0.009259259259259259
0 0.5458333333333333 0.8870370370370371 0.004166666666666667 0.007407407407407408
0 0.5453125 0.8685185185185186 0.003125 0.007407407407407408
0 0.5442708333333334 0.8685185185185186 0.005208333333333333 0.007407407407407408
0 0.5411458333333333 0.9583333333333334 0.005208333333333333 0.012962962962962964
0 0.5375 0.9685185185185186 0.008333333333333333 0.014814814814814815
0 0.5557291666666666 0.9425925925925926 0.005208333333333333 0.011111111111111112
0 0.5588541666666667 0.9314814814814815 0.005208333333333333 0.007407407407407408
0 0.5598958333333334 0.9388888888888889 0.003125 0.007407407407407408
0 0.5348958333333333 0.9925925925925926 0.009375 0.011111111111111112
0 0.5822916666666667 0.9444444444444445 0.004166666666666667 0.011111111111111112
0 0.5786458333333333 0.9555555555555556 0.003125 0.007407407407407408
0 0.5822916666666667 0.962037037037037 0.004166666666666667 0.005555555555555556
0 0.5885416666666666 0.9925925925925926 0.004166666666666667 0.011111111111111112
0 0.5895833333333333 0.9555555555555556 0.004166666666666667 0.007407407407407408
0 0.5901041666666667 0.9611111111111111 0.005208333333333333 0.007407407407407408
0 0.7192708333333333 0.987962962962963 0.007291666666666667 0.020370370370370372
0 0.6385416666666667 0.9166666666666667 0.004166666666666667 0.011111111111111112
0 0.6359375 0.9120370370370371 0.005208333333333333 0.009259259259259259
0 0.6911458333333333 0.937962962962963 0.005208333333333333 0.012962962962962964
0 0.6875 0.9342592592592593 0.00625 0.012962962962962964
0 0.6822916666666666 0.9388888888888889 0.004166666666666667 0.011111111111111112
0 0.6854166666666667 0.9481481481481482 0.004166666666666667 0.007407407407407408
0 0.6838541666666667 0.9425925925925926 0.005208333333333333 0.007407407407407408
0 0.5697916666666667 0.8361111111111111 0.008333333333333333 0.009259259259259259
0 0.5729166666666666 0.8287037037037037 0.004166666666666667 0.009259259259259259
0 0.5760416666666667 0.8240740740740741 0.004166666666666667 0.007407407407407408
0 0.5791666666666666 0.8027777777777778 0.004166666666666667 0.012962962962962964
0 0.5796875 0.8138888888888889 0.003125 0.005555555555555556
0 0.58125 0.8185185185185185 0.00625 0.011111111111111112
0 0.6411458333333333 0.7564814814814815 0.005208333333333333 0.005555555555555556
0 0.6385416666666667 0.7518518518518519 0.00625 0.011111111111111112
0 0.6255208333333333 0.763888888888889 0.005208333333333333 0.005555555555555556
0 0.6255208333333333 0.7555555555555555 0.005208333333333333 0.011111111111111112
0 0.6260416666666666 0.7166666666666667 0.004166666666666667 0.007407407407407408
0 0.6197916666666666 0.7175925925925927 0.00625 0.009259259259259259
0 0.6145833333333334 0.7212962962962963 0.004166666666666667 0.009259259259259259
0 0.5661458333333333 0.7546296296296297 0.005208333333333333 0.009259259259259259
0 0.5635416666666666 0.7611111111111112 0.004166666666666667 0.007407407407407408
0 0.5473958333333333 0.837962962962963 0.005208333333333333 0.012962962962962964
0 0.5234375 0.7611111111111112 0.005208333333333333 0.007407407407407408
0 0.5265625 0.7546296296296297 0.005208333333333333 0.009259259259259259
0 0.5458333333333333 0.712037037037037 0.004166666666666667 0.005555555555555556
0 0.5567708333333333 0.6925925925925926 0.003125 0.007407407407407408
0 0.553125 0.6861111111111111 0.004166666666666667 0.009259259259259259
0 0.54375 0.6814814814814815 0.004166666666666667 0.007407407407407408
0 0.5458333333333333 0.6777777777777778 0.004166666666666667 0.007407407407407408
0 0.5385416666666667 0.6805555555555556 0.004166666666666667 0.009259259259259259
0 0.5130208333333334 0.6935185185185185 0.003125 0.005555555555555556
0 0.5130208333333334 0.687962962962963 0.003125 0.005555555555555556
0 0.4822916666666667 0.7194444444444444 0.00625 0.012962962962962964
0 0.4822916666666667 0.7074074074074075 0.00625 0.007407407407407408
0 0.4666666666666667 0.737037037037037 0.00625 0.007407407407407408
0 0.4630208333333333 0.7296296296296296 0.005208333333333333 0.011111111111111112
0 0.47604166666666664 0.6935185185185185 0.004166666666666667 0.009259259259259259
0 0.47552083333333334 0.6787037037037037 0.005208333333333333 0.009259259259259259
0 0.4822916666666667 0.6694444444444445 0.00625 0.009259259259259259
0 0.4921875 0.6907407407407408 0.005208333333333333 0.007407407407407408
0 0.48541666666666666 0.6814814814814815 0.004166666666666667 0.011111111111111112
0 0.4890625 0.6796296296296297 0.003125 0.011111111111111112
0 0.4921875 0.674074074074074 0.005208333333333333 0.007407407407407408
0 0.4973958333333333 0.6805555555555556 0.003125 0.009259259259259259
0 0.5005208333333333 0.6768518518518519 0.005208333333333333 0.009259259259259259
0 0.5036458333333333 0.6805555555555556 0.005208333333333333 0.009259259259259259
0 0.5026041666666666 0.6694444444444445 0.005208333333333333 0.009259259259259259
0 0.5041666666666667 0.662962962962963 0.004166666666666667 0.007407407407407408
0 0.5005208333333333 0.6657407407407407 0.005208333333333333 0.009259259259259259
0 0.5088541666666666 0.6675925925925926 0.005208333333333333 0.009259259259259259
0 0.5119791666666667 0.6657407407407407 0.005208333333333333 0.009259259259259259
0 0.5197916666666667 0.674074074074074 0.00625 0.007407407407407408
0 0.5182291666666666 0.6657407407407407 0.005208333333333333 0.009259259259259259
0 0.5307291666666667 0.6546296296296297 0.005208333333333333 0.009259259259259259
0 0.5354166666666667 0.6435185185185185 0.004166666666666667 0.009259259259259259
0 0.5401041666666666 0.6444444444444445 0.005208333333333333 0.007407407407407408
0 0.5380208333333333 0.637962962962963 0.003125 0.005555555555555556
0 0.5416666666666666 0.7824074074074074 0.004166666666666667 0.009259259259259259
0 0.5447916666666667 0.7916666666666667 0.004166666666666667 0.009259259259259259
0 0.5484375 0.7870370370370371 0.005208333333333333 0.007407407407407408
0 0.5546875 0.7861111111111111 0.003125 0.005555555555555556
0 0.553125 0.7925925925925926 0.004166666666666667 0.007407407407407408
0 0.5473958333333333 0.8101851851851852 0.005208333333333333 0.005555555555555556
0 0.5505208333333333 0.8185185185185185 0.005208333333333333 0.007407407407407408
0 0.5489583333333333 0.8240740740740741 0.004166666666666667 0.007407407407407408
0 0.5786458333333333 0.7101851851851853 0.005208333333333333 0.005555555555555556
0 0.5729166666666666 0.700925925925926 0.004166666666666667 0.005555555555555556
0 0.56875 0.6935185185185185 0.00625 0.009259259259259259
0 0.5661458333333333 0.7046296296296296 0.005208333333333333 0.009259259259259259
0 0.5729166666666666 0.7111111111111111 0.00625 0.007407407407407408
0 0.5864583333333333 0.6240740740740741 0.004166666666666667 0.007407407407407408
0 0.5802083333333333 0.5898148148148148 0.004166666666666667 0.012962962962962964
0 0.5635416666666666 0.5925925925925926 0.00625 0.007407407407407408
0 0.6197916666666666 0.5953703703703704 0.004166666666666667 0.009259259259259259
0 0.6135416666666667 0.5824074074074075 0.004166666666666667 0.009259259259259259
0 0.6052083333333333 0.5750000000000001 0.004166666666666667 0.005555555555555556
0 0.6072916666666667 0.5796296296296296 0.008333333333333333 0.011111111111111112
0 0.8145833333333333 0.9805555555555556 0.008333333333333333 0.012962962962962964
0 0.8208333333333333 0.9796296296296296 0.004166666666666667 0.011111111111111112
0 0.8557291666666667 0.9925925925925926 0.007291666666666667 0.011111111111111112
0 0.85 0.9944444444444445 0.004166666666666667 0.007407407407407408
0 0.8583333333333333 0.8962962962962964 0.008333333333333333 0.011111111111111112
0 0.8473958333333333 0.8675925925925926 0.007291666666666667 0.012962962962962964
0 0.8291666666666666 0.8425925925925927 0.00625 0.007407407407407408
0 0.834375 0.8324074074074075 0.004166666666666667 0.009259259259259259
0 0.8255208333333334 0.7935185185185185 0.005208333333333333 0.009259259259259259
0 0.7697916666666667 0.7824074074074074 0.00625 0.009259259259259259
0 0.8005208333333333 0.7648148148148148 0.007291666666666667 0.011111111111111112
0 0.8072916666666666 0.7620370370370371 0.004166666666666667 0.009259259259259259
0 0.8453125 0.8120370370370371 0.007291666666666667 0.009259259259259259
0 0.8161458333333333 0.8212962962962963 0.007291666666666667 0.009259259259259259
0 0.8161458333333333 0.8305555555555556 0.005208333333333333 0.005555555555555556
0 0.8166666666666667 0.8361111111111111 0.004166666666666667 0.009259259259259259
0 0.6989583333333333 0.8055555555555556 0.004166666666666667 0.007407407407407408
0 0.7041666666666666 0.8055555555555556 0.004166666666666667 0.007407407407407408
0 0.7020833333333333 0.8111111111111111 0.004166666666666667 0.007407407407407408
0 0.8375 0.7212962962962963 0.00625 0.009259259259259259
0 0.34479166666666666 0.2990740740740741 0.00625 0.005555555555555556
0 0.34791666666666665 0.2925925925925926 0.00625 0.007407407407407408
0 0.3567708333333333 0.3055555555555556 0.005208333333333333 0.007407407407407408
0 0.35104166666666664 0.31851851851851853 0.00625 0.011111111111111112
0 0.38125 0.32962962962962966 0.00625 0.007407407407407408
0 0.38385416666666666 0.3194444444444445 0.005208333333333333 0.005555555555555556
0 0.3880208333333333 0.312962962962963 0.005208333333333333 0.007407407407407408
0 0.3885416666666667 0.325 0.004166666666666667 0.005555555555555556
0 0.3958333333333333 0.33981481481481485 0.004166666666666667 0.009259259259259259
0 0.4083333333333333 0.32962962962962966 0.008333333333333333 0.007407407407407408
0 0.4088541666666667 0.3212962962962963 0.005208333333333333 0.009259259259259259
0 0.42291666666666666 0.3101851851851852 0.004166666666666667 0.005555555555555556
0 0.42916666666666664 0.3138888888888889 0.004166666666666667 0.005555555555555556
0 0.45989583333333334 0.3277777777777778 0.005208333333333333 0.007407407407407408
0 0.4630208333333333 0.3472222222222222 0.005208333333333333 0.005555555555555556
0 0.4635416666666667 0.3574074074074074 0.00625 0.007407407407407408
0 0.47552083333333334 0.35555555555555557 0.005208333333333333 0.007407407407407408
0 0.39791666666666664 0.3805555555555556 0.00625 0.005555555555555556
0 0.39479166666666665 0.37777777777777777 0.004166666666666667 0.007407407407407408
0 0.39479166666666665 0.3814814814814815 0.004166666666666667 0.007407407407407408
0 0.40729166666666666 0.3675925925925926 0.004166666666666667 0.005555555555555556
0 0.4114583333333333 0.3731481481481482 0.004166666666666667 0.005555555555555556
0 0.41562499999999997 0.3675925925925926 0.00625 0.009259259259259259
0 0.4901041666666667 0.3731481481481482 0.005208333333333333 0.005555555555555556
0 0.4692708333333333 0.3768518518518519 0.005208333333333333 0.009259259259259259
0 0.4744791666666667 0.3787037037037037 0.005208333333333333 0.005555555555555556
0 0.4744791666666667 0.3740740740740741 0.005208333333333333 0.007407407407407408
0 0.4536458333333333 0.43703703703703706 0.005208333333333333 0.007407407407407408
0 0.46041666666666664 0.425 0.004166666666666667 0.005555555555555556
0 0.4630208333333333 0.4305555555555556 0.005208333333333333 0.009259259259259259
0 0.4942708333333333 0.412962962962963 0.005208333333333333 0.007407407407407408
0 0.5161458333333333 0.3601851851851852 0.005208333333333333 0.005555555555555556
0 0.515625 0.3509259259259259 0.00625 0.005555555555555556
0 0.4739583333333333 0.31666666666666665 0.004166666666666667 0.007407407407407408
0 0.5333333333333333 0.36203703703703705 0.004166666666666667 0.005555555555555556
0 0.5036458333333333 0.46296296296296297 0.003125 0.007407407407407408
0 0.49166666666666664 0.46296296296296297 0.004166666666666667 0.007407407407407408
0 0.4864583333333333 0.4712962962962963 0.004166666666666667 0.009259259259259259
0 0.4890625 0.4851851851851852 0.005208333333333333 0.007407407407407408
0 0.4666666666666667 0.46944444444444444 0.004166666666666667 0.009259259259259259
0 0.4588541666666667 0.4759259259259259 0.005208333333333333 0.007407407407407408
0 0.4505208333333333 0.47870370370370374 0.005208333333333333 0.009259259259259259
0 0.4479166666666667 0.48055555555555557 0.00625 0.009259259259259259
0 0.44479166666666664 0.48240740740740745 0.004166666666666667 0.009259259259259259
0 0.4421875 0.48888888888888893 0.003125 0.007407407407407408
0 0.4354166666666667 0.487962962962963 0.004166666666666667 0.005555555555555556
0 0.43854166666666666 0.4962962962962963 0.004166666666666667 0.007407407407407408
0 0.434375 0.4935185185185185 0.00625 0.005555555555555556
0 0.4510416666666667 0.49722222222222223 0.004166666666666667 0.005555555555555556
0 0.46197916666666666 0.4962962962962963 0.005208333333333333 0.007407407407407408
0 0.46979166666666666 0.4990740740740741 0.00625 0.005555555555555556
0 0.4817708333333333 0.5 0.005208333333333333 0.007407407407407408
0 0.49635416666666665 0.5046296296296297 0.0010416666666666667 0.005555555555555556
0 0.5010416666666666 0.4861111111111111 0.00625 0.009259259259259259
0 0.5125 0.47962962962962963 0.004166666666666667 0.007407407407407408
0 0.5067708333333333 0.4953703703703704 0.005208333333333333 0.009259259259259259
0 0.5276041666666667 0.5037037037037038 0.005208333333333333 0.007407407407407408
0 0.559375 0.46481481481481485 0.004166666666666667 0.011111111111111112
0 0.5385416666666667 0.5296296296296297 0.008333333333333333 0.011111111111111112
0 0.5322916666666666 0.5296296296296297 0.004166666666666667 0.007407407407407408
0 0.521875 0.5277777777777778 0.00625 0.007407407407407408
0 0.5057291666666667 0.5268518518518519 0.005208333333333333 0.009259259259259259
0 0.4947916666666667 0.5277777777777778 0.008333333333333333 0.011111111111111112
0 0.4786458333333333 0.5203703703703704 0.003125 0.007407407407407408
0 0.4822916666666667 0.5305555555555556 0.004166666666666667 0.005555555555555556
0 0.4692708333333333 0.5185185185185185 0.003125 0.007407407407407408
0 0.4640625 0.5111111111111112 0.003125 0.007407407407407408
0 0.4453125 0.5037037037037038 0.005208333333333333 0.007407407407407408
0 0.45989583333333334 0.5240740740740741 0.005208333333333333 0.014814814814814815
0 0.4510416666666667 0.5203703703703704 0.004166666666666667 0.007407407407407408
0 0.44479166666666664 0.512962962962963 0.00625 0.007407407407407408
0 0.44375 0.5240740740740741 0.00625 0.007407407407407408
0 0.4317708333333333 0.5148148148148148 0.003125 0.003703703703703704
0 0.4354166666666667 0.5259259259259259 0.004166666666666667 0.011111111111111112
0 0.43333333333333335 0.5398148148148149 0.004166666666666667 0.009259259259259259
0 0.44375 0.5416666666666667 0.00625 0.009259259259259259
0 0.45260416666666664 0.5407407407407407 0.005208333333333333 0.007407407407407408
0 0.46197916666666666 0.5407407407407407 0.005208333333333333 0.007407407407407408
0 0.4692708333333333 0.5425925925925926 0.003125 0.007407407407407408
0 0.4817708333333333 0.5425925925925926 0.003125 0.007407407407407408
0 0.46979166666666666 0.5555555555555556 0.004166666666666667 0.007407407407407408
0 0.4609375 0.5546296296296297 0.005208333333333333 0.009259259259259259
0 0.4536458333333333 0.5555555555555556 0.005208333333333333 0.007407407407407408
0 0.44479166666666664 0.5555555555555556 0.004166666666666667 0.007407407407407408
0 0.4348958333333333 0.5527777777777778 0.003125 0.005555555555555556
0 0.4270833333333333 0.5527777777777778 0.004166666666666667 0.009259259259259259
0 0.42604166666666665 0.5685185185185185 0.00625 0.011111111111111112
0 0.42604166666666665 0.5814814814814815 0.00625 0.007407407407407408
0 0.42604166666666665 0.5953703703703704 0.004166666666666667 0.009259259259259259
0 0.4322916666666667 0.6064814814814815 0.00625 0.009259259259259259
0 0.43385416666666665 0.5925925925925926 0.005208333333333333 0.007407407407407408
0 0.4348958333333333 0.5796296296296296 0.005208333333333333 0.007407407407407408
0 0.43333333333333335 0.5675925925925926 0.004166666666666667 0.009259259259259259
0 0.44166666666666665 0.5694444444444444 0.004166666666666667 0.005555555555555556
0 0.4432291666666667 0.5657407407407408 0.005208333333333333 0.005555555555555556
0 0.44166666666666665 0.5796296296296296 0.004166666666666667 0.007407407407407408
0 0.44166666666666665 0.5935185185185186 0.004166666666666667 0.009259259259259259
0 0.440625 0.6074074074074074 0.00625 0.007407407407407408
0 0.4510416666666667 0.6064814814814815 0.00625 0.009259259259259259
0 0.4505208333333333 0.5935185185185186 0.007291666666666667 0.009259259259259259
0 0.45208333333333334 0.5824074074074075 0.004166666666666667 0.009259259259259259
0 0.4536458333333333 0.5685185185185185 0.007291666666666667 0.007407407407407408
0 0.46197916666666666 0.5685185185185185 0.005208333333333333 0.007407407407407408
0 0.46197916666666666 0.5814814814814815 0.005208333333333333 0.007407407407407408
0 0.46041666666666664 0.5935185185185186 0.00625 0.009259259259259259
0 0.46041666666666664 0.6074074074074074 0.008333333333333333 0.011111111111111112
0 0.4692708333333333 0.6064814814814815 0.005208333333333333 0.009259259259259259
0 0.471875 0.5981481481481482 0.00625 0.007407407407407408
0 0.471875 0.5805555555555556 0.00625 0.009259259259259259
0 0.4734375 0.5694444444444444 0.003125 0.005555555555555556
0 0.4848958333333333 0.5564814814814815 0.007291666666666667 0.009259259259259259
0 0.4942708333333333 0.5435185185185185 0.005208333333333333 0.009259259259259259
0 0.4942708333333333 0.5546296296296297 0.005208333333333333 0.009259259259259259
0 0.49374999999999997 0.5712962962962963 0.00625 0.009259259259259259
0 0.48385416666666664 0.5703703703703704 0.005208333333333333 0.007407407407407408
0 0.4817708333333333 0.5805555555555556 0.005208333333333333 0.009259259259259259
0 0.4786458333333333 0.5925925925925926 0.005208333333333333 0.007407407407407408
0 0.48020833333333335 0.6083333333333334 0.004166666666666667 0.009259259259259259
0 0.4822916666666667 0.625925925925926 0.00625 0.007407407407407408
0 0.46458333333333335 0.6222222222222222 0.008333333333333333 0.011111111111111112
0 0.4505208333333333 0.6203703703703703 0.005208333333333333 0.007407407407407408
0 0.4317708333333333 0.6194444444444445 0.005208333333333333 0.009259259259259259
0 0.5072916666666667 0.5444444444444445 0.004166666666666667 0.011111111111111112
0 0.5197916666666667 0.5444444444444445 0.00625 0.011111111111111112
0 0.5354166666666667 0.549074074074074 0.00625 0.005555555555555556
0 0.5354166666666667 0.5601851851851852 0.00625 0.005555555555555556
0 0.5354166666666667 0.5703703703703704 0.00625 0.007407407407407408
0 0.5510416666666667 0.5768518518518518 0.00625 0.009259259259259259
0 0.5328125 0.5898148148148148 0.007291666666666667 0.012962962962962964
0 0.5276041666666667 0.6018518518518519 0.005208333333333333 0.014814814814814815
0 0.5208333333333334 0.5574074074074075 0.004166666666666667 0.011111111111111112
0 0.5223958333333333 0.5722222222222223 0.005208333333333333 0.011111111111111112
0 0.5052083333333334 0.5583333333333333 0.008333333333333333 0.009259259259259259
0 0.5083333333333333 0.5703703703703704 0.008333333333333333 0.011111111111111112
0 0.5177083333333333 0.5944444444444444 0.004166666666666667 0.007407407407407408
0 0.5213541666666667 0.6166666666666667 0.005208333333333333 0.011111111111111112
0 0.5041666666666667 0.5814814814814815 0.00625 0.011111111111111112
0 0.4942708333333333 0.5824074074074075 0.005208333333333333 0.009259259259259259
0 0.4942708333333333 0.5962962962962963 0.003125 0.011111111111111112
0 0.5036458333333333 0.5962962962962963 0.005208333333333333 0.011111111111111112
0 0.5041666666666667 0.612037037037037 0.00625 0.009259259259259259
0 0.4942708333333333 0.6101851851851852 0.005208333333333333 0.005555555555555556
0 0.4942708333333333 0.6287037037037038 0.005208333333333333 0.009259259259259259
0 0.4947916666666667 0.6370370370370371 0.004166666666666667 0.007407407407407408
0 0.5052083333333334 0.6305555555555555 0.004166666666666667 0.012962962962962964
0 0.5109375 0.6305555555555555 0.005208333333333333 0.009259259259259259
0 0.5244791666666666 0.6481481481481481 0.005208333333333333 0.007407407407407408
0 0.5192708333333333 0.6370370370370371 0.005208333333333333 0.007407407407407408
0 0.5161458333333333 0.6435185185185185 0.003125 0.009259259259259259
0 0.5109375 0.6444444444444445 0.003125 0.007407407407407408
0 0.5072916666666667 0.6435185185185185 0.00625 0.005555555555555556
0 0.5083333333333333 0.65 0.004166666666666667 0.007407407407407408
0 0.4817708333333333 0.6425925925925926 0.005208333333333333 0.011111111111111112
0 0.4947916666666667 0.6592592592592593 0.004166666666666667 0.011111111111111112
0 0.49166666666666664 0.662962962962963 0.00625 0.007407407407407408
0 0.4791666666666667 0.6481481481481481 0.004166666666666667 0.007407407407407408
0 0.47552083333333334 0.6555555555555556 0.005208333333333333 0.011111111111111112
0 0.4734375 0.6666666666666667 0.003125 0.007407407407407408
0 0.6197916666666666 0.5555555555555556 0.00625 0.011111111111111112
0 0.6041666666666666 0.45555555555555555 0.00625 0.007407407407407408
0 0.60625 0.44722222222222224 0.00625 0.005555555555555556
0 0.65625 0.46574074074074073 0.00625 0.009259259259259259
0 0.6229166666666667 0.44907407407407407 0.00625 0.005555555555555556
0 0.6244791666666667 0.4425925925925926 0.005208333333333333 0.003703703703703704
0 0.6260416666666666 0.4351851851851852 0.00625 0.007407407407407408
0 0.7260416666666667 0.5685185185185185 0.00625 0.007407407407407408
0 0.7583333333333333 0.5796296296296296 0.008333333333333333 0.007407407407407408
0 0.7223958333333333 0.6546296296296297 0.005208333333333333 0.012962962962962964
0 0.7286458333333333 0.6861111111111111 0.007291666666666667 0.009259259259259259
0 0.73125 0.6805555555555556 0.00625 0.009259259259259259
0 0.7692708333333333 0.6296296296296297 0.007291666666666667 0.011111111111111112
0 0.7697916666666667 0.5935185185185186 0.00625 0.012962962962962964
0 0.7755208333333333 0.6166666666666667 0.005208333333333333 0.011111111111111112
0 0.7697916666666667 0.5990740740740741 0.00625 0.009259259259259259
0 0.76875 0.6055555555555556 0.00625 0.007407407407407408
0 0.7635416666666667 0.6175925925925926 0.004166666666666667 0.005555555555555556
0 0.7661458333333333 0.6138888888888889 0.005208333333333333 0.005555555555555556
0 0.7692708333333333 0.6101851851851852 0.007291666666666667 0.005555555555555556
0 0.7692708333333333 0.6157407407407408 0.005208333333333333 0.009259259259259259
0 0.8010416666666667 0.6083333333333334 0.008333333333333333 0.009259259259259259
0 0.803125 0.600925925925926 0.00625 0.005555555555555556
0 0.8317708333333333 0.6185185185185186 0.005208333333333333 0.007407407407407408
0 0.8354166666666667 0.6287037037037038 0.00625 0.009259259259259259
0 0.8354166666666667 0.5898148148148148 0.00625 0.009259259259259259
0 0.8489583333333334 0.5916666666666667 0.008333333333333333 0.009259259259259259
0 0.8416666666666667 0.6037037037037037 0.004166666666666667 0.007407407407407408
0 0.8442708333333333 0.6055555555555556 0.003125 0.007407407407407408
0 0.8354166666666667 0.5620370370370371 0.00625 0.009259259259259259
0 0.8380208333333333 0.5611111111111111 0.005208333333333333 0.007407407407407408
0 0.840625 0.5212962962962964 0.008333333333333333 0.009259259259259259
0 0.8322916666666667 0.5111111111111112 0.00625 0.007407407407407408
0 0.8354166666666667 0.5074074074074074 0.00625 0.011111111111111112
0 0.8192708333333333 0.4981481481481482 0.005208333333333333 0.007407407407407408
0 0.8130208333333333 0.49074074074074076 0.007291666666666667 0.007407407407407408
0 0.8041666666666667 0.46851851851851856 0.008333333333333333 0.011111111111111112
0 0.7145833333333333 0.45 0.004166666666666667 0.007407407407407408
0 0.8255208333333334 0.47962962962962963 0.007291666666666667 0.011111111111111112
0 0.8291666666666666 0.48055555555555557 0.004166666666666667 0.009259259259259259
0 0.8317708333333333 0.46851851851851856 0.007291666666666667 0.007407407407407408
0 0.834375 0.4777777777777778 0.004166666666666667 0.007407407407407408
0 0.8385416666666666 0.47962962962962963 0.004166666666666667 0.007407407407407408
0 0.8411458333333334 0.4740740740740741 0.005208333333333333 0.007407407407407408
0 0.8453125 0.4703703703703704 0.005208333333333333 0.007407407407407408
0 0.8229166666666666 0.4425925925925926 0.008333333333333333 0.011111111111111112
0 0.8213541666666666 0.43703703703703706 0.007291666666666667 0.007407407407407408
0 0.8166666666666667 0.4046296296296297 0.008333333333333333 0.012962962962962964
0 0.8010416666666667 0.3990740740740741 0.004166666666666667 0.009259259259259259
0 0.79375 0.3851851851851852 0.00625 0.007407407407407408
0 0.7901041666666666 0.39351851851851855 0.007291666666666667 0.009259259259259259
0 0.7927083333333333 0.4046296296296297 0.004166666666666667 0.009259259259259259
0 0.7901041666666666 0.41111111111111115 0.007291666666666667 0.007407407407407408
0 0.8109375 0.437962962962963 0.009375 0.012962962962962964
0 0.7661458333333333 0.40925925925925927 0.009375 0.011111111111111112
0 0.7541666666666667 0.38981481481481484 0.00625 0.012962962962962964
0 0.71875 0.37592592592592594 0.00625 0.007407407407407408
0 0.6973958333333333 0.38333333333333336 0.005208333333333333 0.011111111111111112
0 0.6911458333333333 0.3685185185185185 0.005208333333333333 0.007407407407407408
0 0.6802083333333333 0.37592592592592594 0.008333333333333333 0.011111111111111112
0 0.6661458333333333 0.3805555555555556 0.005208333333333333 0.009259259259259259
0 0.6041666666666666 0.3685185185185185 0.00625 0.007407407407407408
0 0.603125 0.362962962962963 0.00625 0.007407407407407408
0 0.5989583333333334 0.325 0.004166666666666667 0.005555555555555556
0 0.5822916666666667 0.33240740740740743 0.00625 0.005555555555555556
0 0.5838541666666667 0.35185185185185186 0.005208333333333333 0.007407407407407408
0 0.5854166666666667 0.34351851851851856 0.004166666666666667 0.009259259259259259
0 0.5645833333333333 0.3425925925925926 0.004166666666666667 0.011111111111111112
0 0.5546875 0.337037037037037 0.005208333333333333 0.007407407407407408
0 0.5416666666666666 0.3472222222222222 0.004166666666666667 0.005555555555555556
0 0.540625 0.35555555555555557 0.00625 0.007407407407407408
0 0.5411458333333333 0.3611111111111111 0.005208333333333333 0.007407407407407408
0 0.5401041666666666 0.38333333333333336 0.005208333333333333 0.011111111111111112
0 0.5447916666666667 0.3824074074074074 0.004166666666666667 0.009259259259259259
0 0.5505208333333333 0.3861111111111111 0.005208333333333333 0.005555555555555556
0 0.853125 0.7425925925925926 0.00625 0.011111111111111112
0 0.9442708333333333 0.6203703703703703 0.009375 0.011111111111111112
1 0.9208333333333333 0.6175925925925926 0.004166666666666667 0.009259259259259259
1 0.9229166666666666 0.6287037037037038 0.00625 0.005555555555555556
1 0.47604166666666664 0.19814814814814816 0.004166666666666667 0.007407407407407408
1 0.4713541666666667 0.1962962962962963 0.005208333333333333 0.011111111111111112
1 0.45260416666666664 0.24444444444444446 0.005208333333333333 0.007407407407407408
1 0.4510416666666667 0.25462962962962965 0.00625 0.009259259259259259
1 0.4609375 0.2657407407407408 0.003125 0.009259259259259259
1 0.4661458333333333 0.2675925925925926 0.005208333333333333 0.009259259259259259
1 0.5098958333333333 0.18055555555555555 0.005208333333333333 0.009259259259259259
1 0.5125 0.17962962962962964 0.004166666666666667 0.011111111111111112
0 0.6411458333333333 0.07962962962962963 0.005208333333333333 0.014814814814814815
0 0.6442708333333333 0.0638888888888889 0.003125 0.005555555555555556
0 0.6411458333333333 0.0638888888888889 0.003125 0.005555555555555556
0 0.6239583333333333 0.06296296296296297 0.004166666666666667 0.018518518518518517
0 0.6416666666666666 0.049074074074074076 0.00625 0.016666666666666666
0 0.6541666666666667 0.0462962962962963 0.00625 0.011111111111111112
0 0.6192708333333333 0.021296296296296296 0.005208333333333333 0.009259259259259259
0 0.5104166666666666 0.23055555555555557 0.004166666666666667 0.005555555555555556
0 0.5057291666666667 0.23148148148148148 0.005208333333333333 0.007407407407407408
1 0.671875 0.3175925925925926 0.00625 0.009259259259259259
1 0.5619791666666667 0.30185185185185187 0.005208333333333333 0.007407407407407408
1 0.5630208333333333 0.3101851851851852 0.005208333333333333 0.005555555555555556
1 0.5645833333333333 0.24814814814814815 0.004166666666666667 0.007407407407407408
1 0.5645833333333333 0.24074074074074076 0.004166666666666667 0.007407407407407408
1 0.5645833333333333 0.23611111111111113 0.004166666666666667 0.005555555555555556
1 0.6739583333333333 0.2555555555555556 0.004166666666666667 0.007407407407407408
1 0.6739583333333333 0.24814814814814815 0.004166666666666667 0.007407407407407408
1 0.6755208333333333 0.23981481481481481 0.005208333333333333 0.009259259259259259
1 0.6755208333333333 0.20370370370370372 0.007291666666666667 0.007407407407407408
1 0.6760416666666667 0.19444444444444445 0.00625 0.007407407407407408
0 0.6708333333333333 0.16574074074074074 0.004166666666666667 0.009259259259259259
1 0.5677083333333334 0.19166666666666668 0.004166666666666667 0.009259259259259259
1 0.5677083333333334 0.1824074074074074 0.004166666666666667 0.009259259259259259
0 0.59375 0.058333333333333334 0.00625 0.012962962962962964
0 0.5796875 0.025 0.003125 0.005555555555555556
0 0.5791666666666666 0.018518518518518517 0.004166666666666667 0.007407407407407408
0 0.5776041666666667 0.020370370370370372 0.005208333333333333 0.007407407407407408
0 0.5442708333333334 0.014814814814814815 0.005208333333333333 0.014814814814814815
0 0.6291666666666667 0.011111111111111112 0.0020833333333333333 0.007407407407407408
0 0.6171875 0.005555555555555556 0.003125 0.011111111111111112
0 0.6203125 0.007407407407407408 0.003125 0.011111111111111112
0 0.6322916666666667 0.020370370370370372 0.004166666666666667 0.014814814814814815
0 0.47552083333333334 0.012037037037037037 0.005208333333333333 0.009259259259259259
0 0.48802083333333335 0.005555555555555556 0.005208333333333333 0.011111111111111112
0 0.48125 0.004629629629629629 0.00625 0.012962962962962964
0 0.016666666666666666 0.05462962962962963 0.008333333333333333 0.012962962962962964
0 0.3770833333333333 0.004629629629629629 0.004166666666666667 0.012962962962962964
0 0.42604166666666665 0.010185185185185186 0.008333333333333333 0.012962962962962964
0 0.5859375 0.005555555555555556 0.003125 0.011111111111111112
6 0.7140625 0.005555555555555556 0.017708333333333333 0.014814814814814815
3 0.7380208333333333 0.007407407407407408 0.026041666666666668 0.018518518518518517
9 0.7588541666666666 0.01388888888888889 0.011458333333333333 0.020370370370370372
9 0.7671875 0.010185185185185186 0.009375 0.020370370370370372
6 0.7822916666666666 0.016666666666666666 0.014583333333333334 0.018518518518518517
7 0.8020833333333334 0.016666666666666666 0.016666666666666666 0.022222222222222223
3 0.85 0.017592592592592594 0.025 0.024074074074074074
3 0.8781249999999999 0.024074074074074074 0.025 0.022222222222222223
3 0.9083333333333333 0.02777777777777778 0.027083333333333334 0.02592592592592593
0 0.8973958333333333 0.04351851851851852 0.009375 0.009259259259259259
6 0.9432291666666667 0.009259259259259259 0.013541666666666667 0.014814814814814815
1 0.9479166666666666 0.008333333333333333 0.004166666666666667 0.012962962962962964
3 0.9489583333333333 0.032407407407407406 0.027083333333333334 0.024074074074074074
3 0.9817708333333334 0.03981481481481482 0.028125 0.024074074074074074
0 0.9072916666666666 0.05462962962962963 0.008333333333333333 0.009259259259259259
0 0.9078125 0.06481481481481481 0.009375 0.011111111111111112
0 0.9197916666666667 0.06851851851851852 0.008333333333333333 0.011111111111111112
0 0.91875 0.07592592592592592 0.008333333333333333 0.011111111111111112
0 0.9505208333333334 0.08888888888888889 0.009375 0.014814814814814815
0 0.9817708333333334 0.08240740740740742 0.009375 0.012962962962962964
1 0.7333333333333333 0.21944444444444444 0.004166666666666667 0.009259259259259259
1 0.7270833333333333 0.21944444444444444 0.004166666666666667 0.009259259259259259
3 0.8781249999999999 0.3527777777777778 0.00625 0.012962962962962964
3 0.8692708333333333 0.33240740740740743 0.003125 0.009259259259259259
0 0.865625 0.3685185185185185 0.004166666666666667 0.007407407407407408
0 0.8713541666666667 0.3685185185185185 0.005208333333333333 0.007407407407407408
0 0.8666666666666667 0.37222222222222223 0.00625 0.011111111111111112
0 0.8822916666666667 0.3824074074074074 0.008333333333333333 0.009259259259259259
0 0.8677083333333333 0.38703703703703707 0.004166666666666667 0.007407407407407408
0 0.8604166666666666 0.3925925925925926 0.00625 0.007407407407407408
0 0.8677083333333333 0.40185185185185185 0.004166666666666667 0.011111111111111112
0 0.88125 0.39351851851851855 0.00625 0.009259259259259259
0 0.8791666666666667 0.3907407407407408 0.00625 0.007407407407407408
0 0.8958333333333334 0.3685185185185185 0.008333333333333333 0.007407407407407408
0 0.896875 0.3740740740740741 0.008333333333333333 0.007407407407407408
0 0.8947916666666667 0.39351851851851855 0.004166666666666667 0.009259259259259259
0 0.9005208333333333 0.3990740740740741 0.005208333333333333 0.005555555555555556
0 0.88125 0.4101851851851852 0.004166666666666667 0.005555555555555556
0 0.8635416666666667 0.4064814814814815 0.00625 0.009259259259259259
0 0.8729166666666667 0.40740740740740744 0.00625 0.003703703703703704
0 0.8755208333333333 0.412962962962963 0.007291666666666667 0.007407407407407408
0 0.8744791666666667 0.4185185185185185 0.007291666666666667 0.003703703703703704
0 0.8786458333333333 0.4398148148148148 0.007291666666666667 0.009259259259259259
0 0.8624999999999999 0.4518518518518519 0.00625 0.011111111111111112
0 0.8895833333333333 0.4324074074074074 0.008333333333333333 0.009259259259259259
0 0.8895833333333333 0.42129629629629634 0.004166666666666667 0.009259259259259259
0 0.8927083333333333 0.41944444444444445 0.004166666666666667 0.009259259259259259
0 0.896875 0.4240740740740741 0.004166666666666667 0.007407407407407408
0 0.896875 0.4305555555555556 0.004166666666666667 0.009259259259259259
0 0.8942708333333333 0.44074074074074077 0.009375 0.007407407407407408
0 0.9135416666666667 0.3453703703703704 0.008333333333333333 0.009259259259259259
0 0.9166666666666666 0.3416666666666667 0.008333333333333333 0.009259259259259259
0 0.9260416666666667 0.33796296296296297 0.008333333333333333 0.012962962962962964
0 0.9317708333333333 0.3388888888888889 0.007291666666666667 0.011111111111111112
0 0.9421875 0.34351851851851856 0.009375 0.009259259259259259
0 0.9432291666666667 0.3351851851851852 0.007291666666666667 0.007407407407407408
0 0.9541666666666666 0.3425925925925926 0.008333333333333333 0.007407407407407408
0 0.9005208333333333 0.5546296296296297 0.005208333333333333 0.012962962962962964
0 0.9036458333333334 0.5555555555555556 0.005208333333333333 0.011111111111111112
1 0.8567708333333334 0.6907407407407408 0.005208333333333333 0.007407407407407408
1 0.8604166666666666 0.6907407407407408 0.00625 0.011111111111111112
1 0.8692708333333333 0.6898148148148149 0.005208333333333333 0.009259259259259259
1 0.8708333333333333 0.6907407407407408 0.004166666666666667 0.007407407407407408
1 0.8739583333333333 0.6916666666666667 0.004166666666666667 0.009259259259259259
1 0.8942708333333333 0.7083333333333334 0.007291666666666667 0.009259259259259259
1 0.8630208333333333 0.7564814814814815 0.019791666666666666 0.012962962962962964
1 0.88125 0.7555555555555555 0.008333333333333333 0.014814814814814815
1 0.8848958333333333 0.7592592592592593 0.005208333333333333 0.011111111111111112
0 0.9760416666666667 0.8268518518518518 0.008333333333333333 0.009259259259259259
0 0.46979166666666666 0.6666666666666667 0.004166666666666667 0.011111111111111112
0 0.4666666666666667 0.6685185185185185 0.004166666666666667 0.007407407407407408
0 0.4630208333333333 0.6685185185185185 0.003125 0.011111111111111112
0 0.4583333333333333 0.6703703703703704 0.004166666666666667 0.007407407407407408
0 0.45416666666666666 0.6685185185185185 0.004166666666666667 0.007407407407407408
0 0.45677083333333335 0.6592592592592593 0.005208333333333333 0.007407407407407408
0 0.4630208333333333 0.6509259259259259 0.003125 0.005555555555555556
0 0.4609375 0.6546296296296297 0.005208333333333333 0.009259259259259259
0 0.46041666666666664 0.6444444444444445 0.004166666666666667 0.007407407407407408
0 0.4578125 0.6453703703703704 0.003125 0.005555555555555556
0 0.4557291666666667 0.6435185185185185 0.0010416666666666667 0.005555555555555556
0 0.4536458333333333 0.637962962962963 0.005208333333333333 0.005555555555555556
0 0.4473958333333333 0.6324074074074074 0.003125 0.005555555555555556
0 0.4510416666666667 0.6472222222222223 0.004166666666666667 0.005555555555555556
0 0.45260416666666664 0.6555555555555556 0.005208333333333333 0.007407407407407408
0 0.4505208333333333 0.6574074074074074 0.003125 0.007407407407407408
0 0.44635416666666666 0.6546296296296297 0.005208333333333333 0.005555555555555556
0 0.44479166666666664 0.6620370370370371 0.004166666666666667 0.005555555555555556
0 0.44427083333333334 0.6425925925925926 0.003125 0.007407407407407408
0 0.4421875 0.6444444444444445 0.003125 0.007407407407407408
0 0.4380208333333333 0.6731481481481482 0.007291666666666667 0.005555555555555556
0 0.4276041666666667 0.6731481481481482 0.005208333333333333 0.005555555555555556
0 0.4317708333333333 0.6657407407407407 0.005208333333333333 0.009259259259259259
0 0.4125 0.6675925925925926 0.00625 0.009259259259259259
0 0.4239583333333333 0.6666666666666667 0.004166666666666667 0.007407407407407408
0 0.421875 0.6601851851851852 0.00625 0.005555555555555556
0 0.4380208333333333 0.6203703703703703 0.005208333333333333 0.007407407407407408
0 0.43645833333333334 0.6277777777777778 0.004166666666666667 0.007407407407407408
0 0.4322916666666667 0.6305555555555555 0.004166666666666667 0.009259259259259259
0 0.4354166666666667 0.6351851851851852 0.004166666666666667 0.007407407407407408
0 0.4380208333333333 0.638888888888889 0.005208333333333333 0.007407407407407408
0 0.43854166666666666 0.6444444444444445 0.004166666666666667 0.007407407407407408
0 0.4359375 0.6435185185185185 0.003125 0.005555555555555556
0 0.4348958333333333 0.6435185185185185 0.005208333333333333 0.009259259259259259
0 0.4380208333333333 0.6490740740740741 0.005208333333333333 0.005555555555555556
0 0.4359375 0.6546296296296297 0.003125 0.005555555555555556
0 0.43385416666666665 0.6509259259259259 0.005208333333333333 0.005555555555555556
0 0.4317708333333333 0.6453703703703704 0.003125 0.009259259259259259
0 0.4328125 0.6435185185185185 0.003125 0.005555555555555556
0 0.42916666666666664 0.6416666666666667 0.004166666666666667 0.005555555555555556
0 0.4265625 0.6416666666666667 0.005208333333333333 0.005555555555555556
0 0.42864583333333334 0.6472222222222223 0.005208333333333333 0.005555555555555556
0 0.42552083333333335 0.6444444444444445 0.005208333333333333 0.007407407407407408
0 0.42291666666666666 0.65 0.004166666666666667 0.007407407407407408
0 0.4197916666666667 0.6537037037037037 0.004166666666666667 0.007407407407407408
0 0.4197916666666667 0.6425925925925926 0.004166666666666667 0.007407407407407408
0 0.4161458333333333 0.6370370370370371 0.003125 0.007407407407407408
0 0.39479166666666665 0.6537037037037037 0.004166666666666667 0.007407407407407408
0 0.39739583333333334 0.6574074074074074 0.005208333333333333 0.007407407407407408
0 0.3984375 0.6444444444444445 0.003125 0.007407407407407408
0 0.3963541666666667 0.6407407407407407 0.005208333333333333 0.007407407407407408
0 0.4041666666666667 0.6425925925925926 0.004166666666666667 0.007407407407407408
0 0.4041666666666667 0.6342592592592593 0.00625 0.005555555555555556
0 0.3953125 0.5731481481481482 0.003125 0.005555555555555556
0 0.3885416666666667 0.5111111111111112 0.004166666666666667 0.007407407407407408
0 0.3958333333333333 0.5092592592592593 0.004166666666666667 0.007407407407407408
0 0.39791666666666664 0.5175925925925926 0.004166666666666667 0.005555555555555556
0 0.3880208333333333 0.5175925925925926 0.005208333333333333 0.005555555555555556
0 0.38958333333333334 0.525 0.004166666666666667 0.005555555555555556
0 0.3854166666666667 0.5194444444444445 0.00625 0.009259259259259259
0 0.39479166666666665 0.55 0.004166666666666667 0.007407407407407408
0 0.39947916666666666 0.4962962962962963 0.005208333333333333 0.007407407407407408
0 0.4244791666666667 0.4842592592592593 0.0010416666666666667 0.005555555555555556
0 0.4203125 0.4842592592592593 0.003125 0.005555555555555556
0 0.4161458333333333 0.4842592592592593 0.005208333333333333 0.005555555555555556
0 0.40520833333333334 0.4935185185185185 0.004166666666666667 0.009259259259259259
0 0.4010416666666667 0.5055555555555555 0.00625 0.007407407407407408
0 0.40520833333333334 0.5092592592592593 0.004166666666666667 0.007407407407407408
0 0.41041666666666665 0.5092592592592593 0.004166666666666667 0.007407407407407408
0 0.41041666666666665 0.5166666666666667 0.004166666666666667 0.007407407407407408
0 0.40729166666666666 0.5185185185185185 0.004166666666666667 0.007407407407407408
0 0.4036458333333333 0.5185185185185185 0.003125 0.003703703703703704
0 0.4041666666666667 0.5157407407407407 0.004166666666666667 0.005555555555555556
0 0.39739583333333334 0.5240740740740741 0.005208333333333333 0.007407407407407408
0 0.39739583333333334 0.5425925925925926 0.003125 0.007407407407407408
0 0.3953125 0.5351851851851852 0.003125 0.007407407407407408
0 0.39427083333333335 0.5305555555555556 0.005208333333333333 0.005555555555555556
0 0.41302083333333334 0.48703703703703705 0.003125 0.007407407407407408
0 0.4109375 0.48888888888888893 0.003125 0.007407407407407408
0 0.40729166666666666 0.4916666666666667 0.004166666666666667 0.005555555555555556
0 0.4067708333333333 0.5046296296296297 0.005208333333333333 0.005555555555555556
0 0.4109375 0.4990740740740741 0.003125 0.005555555555555556
0 0.4348958333333333 0.5046296296296297 0.003125 0.005555555555555556
