3 0.40729166666666666 0.9462962962962963 0.08541666666666667 0.10555555555555556
3 0.45989583333333334 0.5504629629629629 0.040625 0.0712962962962963
3 0.4348958333333333 0.5101851851851852 0.042708333333333334 0.07592592592592592
3 0.4041666666666667 0.5 0.0375 0.07222222222222223
3 0.36614583333333334 0.4935185185185185 0.03333333333333333 0.07222222222222223
3 0.41875 0.40601851851851856 0.034375 0.06574074074074074
3 0.4653645833333333 0.27685185185185185 0.0296875 0.0462962962962963
3 0.42291666666666666 0.26666666666666666 0.03125 0.0462962962962963
3 0.38046875 0.29583333333333334 0.0328125 0.05648148148148149
3 0.3546875 0.28564814814814815 0.03125 0.04537037037037037
3 0.33046875 0.26851851851851855 0.0296875 0.04259259259259259
3 0.30104166666666665 0.26805555555555555 0.03958333333333333 0.05277777777777778
3 0.3984375 0.25601851851851853 0.03333333333333333 0.05462962962962963
3 0.3755208333333333 0.24351851851851852 0.030208333333333334 0.05
3 0.3520833333333333 0.2300925925925926 0.03125 0.049074074074074076
3 0.33098958333333334 0.23148148148148148 0.03177083333333333 0.04259259259259259
3 0.3078125 0.22361111111111112 0.035416666666666666 0.04537037037037037
3 0.2817708333333333 0.2152777777777778 0.03333333333333333 0.049074074074074076
3 0.275 0.2611111111111111 0.03125 0.044444444444444446
3 0.25104166666666666 0.2537037037037037 0.03854166666666667 0.0462962962962963
3 0.23229166666666667 0.2388888888888889 0.03854166666666667 0.05555555555555556
3 0.6072916666666667 0.23194444444444445 0.02395833333333333 0.04351851851851852
3 0.5854166666666667 0.22685185185185186 0.017708333333333333 0.03888888888888889
3 0.5658854166666667 0.21435185185185185 0.021354166666666667 0.036111111111111115
3 0.5393229166666667 0.21296296296296297 0.027604166666666666 0.037037037037037035
3 0.5059895833333333 0.20925925925925926 0.0265625 0.03888888888888889
3 0.48151041666666666 0.19907407407407407 0.028645833333333332 0.044444444444444446
3 0.45598958333333334 0.19351851851851853 0.025520833333333333 0.03888888888888889
3 0.4309895833333333 0.1800925925925926 0.027604166666666666 0.03981481481481482
3 0.40911458333333334 0.16898148148148148 0.0296875 0.03796296296296296
3 0.3716145833333333 0.1615740740740741 0.0328125 0.04351851851851852
3 0.32916666666666666 0.14907407407407408 0.03333333333333333 0.044444444444444446
3 0.5447916666666667 0.15185185185185185 0.020833333333333332 0.031481481481481485
3 0.525 0.14675925925925926 0.025 0.03425925925925926
3 0.4497395833333333 0.11944444444444445 0.0265625 0.02777777777777778
3 0.59921875 0.1625 0.022395833333333334 0.030555555555555558
3 0.6296875 0.13842592592592592 0.019791666666666666 0.030555555555555558
3 0.5872395833333334 0.12731481481481483 0.024479166666666666 0.03981481481481482
3 0.60859375 0.13518518518518519 0.021354166666666667 0.04259259259259259
3 0.4791666666666667 0.12916666666666668 0.026041666666666668 0.036111111111111115
3 0.38177083333333334 0.10555555555555556 0.02395833333333333 0.03888888888888889
3 0.2752604166666667 0.1337962962962963 0.0296875 0.03981481481481482
3 0.05651041666666667 0.33935185185185185 0.05572916666666666 0.049074074074074076
3 0.11979166666666667 0.2847222222222222 0.035416666666666666 0.04351851851851852
3 0.19296875 0.20925925925925926 0.033854166666666664 0.044444444444444446
3 0.3567708333333333 0.0587962962962963 0.02395833333333333 0.032407407407407406
3 0.41432291666666665 0.07222222222222223 0.024479166666666666 0.03518518518518519
3 0.44088541666666664 0.07916666666666666 0.022395833333333334 0.03796296296296296
3 0.45651041666666664 0.08472222222222223 0.025520833333333333 0.036111111111111115
3 0.4786458333333333 0.09675925925925927 0.02395833333333333 0.03796296296296296
3 0.5010416666666666 0.09166666666666667 0.021875 0.03518518518518519
3 0.5653645833333333 0.11620370370370371 0.022395833333333334 0.03425925925925926
3 0.5424479166666667 0.10787037037037038 0.021354166666666667 0.03796296296296296
3 0.6291666666666667 0.08472222222222223 0.020833333333333332 0.026851851851851852
3 0.6065104166666666 0.08055555555555556 0.0203125 0.03333333333333333
3 0.58984375 0.06898148148148149 0.0171875 0.03425925925925926
3 0.6171875 0.053703703703703705 0.030208333333333334 0.031481481481481485
3 0.6536458333333334 0.06527777777777778 0.03125 0.030555555555555558
4 0.5703125 0.06574074074074074 0.02395833333333333 0.03518518518518519
3 0.5510416666666667 0.06064814814814815 0.014583333333333334 0.032407407407407406
3 0.5283854166666666 0.05555555555555556 0.0203125 0.02962962962962963
3 0.5065104166666666 0.05277777777777778 0.021354166666666667 0.02962962962962963
3 0.48984374999999997 0.0462962962962963 0.0234375 0.02777777777777778
3 0.4747395833333333 0.04027777777777778 0.021354166666666667 0.032407407407407406
3 0.45677083333333335 0.03657407407407408 0.020833333333333332 0.028703703703703703
3 0.44114583333333335 0.034722222222222224 0.016666666666666666 0.030555555555555558
3 0.4005208333333333 0.02314814814814815 0.020833333333333332 0.02962962962962963
3 0.4510416666666667 0.02175925925925926 0.030208333333333334 0.028703703703703703
3 0.4197916666666667 0.028240740740740743 0.022916666666666665 0.026851851851851852
3 0.3609375 0.10231481481481482 0.028125 0.03425925925925926
3 0.2604166666666667 0.33981481481481485 0.03854166666666667 0.05925925925925926
3 0.2947916666666667 0.3560185185185185 0.0375 0.058333333333333334
3 0.1703125 0.3194444444444445 0.04791666666666666 0.05555555555555556
9 0.012239583333333333 0.4134259259259259 0.015104166666666667 0.030555555555555558
9 0.02421875 0.39490740740740743 0.019270833333333334 0.030555555555555558
9 0.004166666666666667 0.32592592592592595 0.008333333333333333 0.020370370370370372
9 0.08723958333333333 0.2490740740740741 0.009895833333333333 0.031481481481481485
9 0.109375 0.23472222222222222 0.0125 0.025
9 0.12369791666666667 0.22037037037037038 0.01614583333333333 0.022222222222222223
9 0.12734375 0.2162037037037037 0.015104166666666667 0.019444444444444445
9 0.13854166666666667 0.21157407407407408 0.011458333333333333 0.02314814814814815
9 0.14166666666666666 0.20601851851851852 0.011458333333333333 0.02314814814814815
9 0.15286458333333333 0.19351851851851853 0.013020833333333334 0.02777777777777778
9 0.16145833333333334 0.1851851851851852 0.0125 0.024074074074074074
9 0.33984375 0.08009259259259259 0.0265625 0.032407407407407406
9 0.24479166666666666 0.11712962962962964 0.013541666666666667 0.019444444444444445
9 0.24921875 0.10925925925925926 0.0140625 0.018518518518518517
9 0.2515625 0.10601851851851853 0.015625 0.019444444444444445
9 0.23411458333333332 0.10648148148148148 0.0140625 0.020370370370370372
3 0.4223958333333333 0.11296296296296297 0.02395833333333333 0.037037037037037035
3 0.3984375 0.10972222222222222 0.027083333333333334 0.03796296296296296
0 0.3770833333333333 0.19074074074074074 0.00625 0.02777777777777778
1 0.29973958333333334 0.5773148148148148 0.011979166666666666 0.04537037037037037
3 0.48984374999999997 0.28101851851851856 0.027604166666666666 0.05462962962962963
3 0.5515625 0.2657407407407408 0.03854166666666667 0.04259259259259259
9 0.44479166666666664 0.6310185185185185 0.015625 0.036111111111111115
9 0.609375 0.28194444444444444 0.009375 0.026851851851851852
0 0.4440104166666667 0.625 0.008854166666666666 0.031481481481481485
0 0.43984375 0.6347222222222223 0.0046875 0.02314814814814815
0 0.6091145833333333 0.275 0.0067708333333333336 0.031481481481481485
0 0.5286458333333334 0.9305555555555556 0.009375 0.0462962962962963
0 0.6596354166666667 0.9305555555555556 0.013020833333333334 0.03518518518518519
9 0.6614583333333334 0.9365740740740741 0.015625 0.05648148148148149
9 0.7479166666666667 0.9787037037037037 0.03333333333333333 0.040740740740740744
0 0.7216145833333333 0.8060185185185186 0.0140625 0.04351851851851852
0 0.71171875 0.7898148148148149 0.0078125 0.040740740740740744
9 0.7841145833333333 0.675462962962963 0.0109375 0.05092592592592593
9 0.7622395833333333 0.6814814814814815 0.009895833333333333 0.044444444444444446
9 0.8153645833333333 0.6703703703703704 0.008854166666666666 0.0462962962962963
9 0.8252604166666666 0.7037037037037037 0.01614583333333333 0.044444444444444446
9 0.7627604166666666 0.638425925925926 0.008854166666666666 0.03796296296296296
9 0.7479166666666667 0.6189814814814815 0.011458333333333333 0.036111111111111115
9 0.7348958333333333 0.6138888888888889 0.00625 0.03888888888888889
