9 0.09889705882352941 0.6032679738562091 0.008088235294117646 0.027450980392156862
1 0.3003676470588235 0.5810457516339869 0.008088235294117646 0.02222222222222222
0 0.31213235294117647 0.5699346405228758 0.008088235294117646 0.03398692810457516
0 0.3238970588235294 0.5699346405228758 0.008088235294117646 0.03398692810457516
5 0.4172794117647059 0.28627450980392155 0.03455882352941177 0.03660130718954248
5 0.4915441176470588 0.3588235294117647 0.04485294117647059 0.043137254901960784
3 0.34154411764705883 0.39934640522875814 0.021323529411764706 0.02222222222222222
3 0.34154411764705883 0.4542483660130719 0.03455882352941177 0.027450980392156862
0 0.45625 0.4490196078431372 0.006617647058823529 0.02483660130718954
0 0.46286764705882355 0.4457516339869281 0.005147058823529412 0.023529411764705882
3 0.48051470588235295 0.46013071895424834 0.022794117647058822 0.02875816993464052
0 0.5051470588235294 0.5111111111111111 0.007352941176470588 0.02875816993464052
0 0.5044117647058823 0.545751633986928 0.0058823529411764705 0.03006535947712418
0 0.5091911764705882 0.5431372549019607 0.006617647058823529 0.03006535947712418
0 0.5334558823529412 0.6156862745098038 0.008088235294117646 0.03660130718954248
0 0.5533088235294118 0.6732026143790849 0.009558823529411765 0.03137254901960784
0 0.44375 0.6816993464052287 0.006617647058823529 0.04052287581699346
0 0.45036764705882354 0.680392156862745 0.006617647058823529 0.04052287581699346
9 0.4375 0.7078431372549019 0.007352941176470588 0.03006535947712418
1 0.4363970588235294 0.6947712418300653 0.009558823529411765 0.0326797385620915
0 0.4488970588235294 0.7450980392156862 0.011029411764705881 0.04444444444444444
0 0.39338235294117646 0.6967320261437908 0.007352941176470588 0.02875816993464052
5 0.37463235294117647 0.6542483660130719 0.06985294117647059 0.08235294117647059
7 0.3900735294117647 0.7091503267973855 0.04044117647058824 0.04836601307189542
1 0.6279411764705882 0.5084967320261438 0.008823529411764706 0.01568627450980392
3 0.11286764705882353 0.6901960784313725 0.04044117647058824 0.06013071895424836
3 0.03529411764705882 0.7601307189542483 0.07205882352941176 0.058823529411764705
4 0.09264705882352942 0.8673202614379084 0.09117647058823529 0.07712418300653594
3 0.2389705882352941 0.8633986928104574 0.08529411764705883 0.06405228758169934
3 0.3584558823529412 0.9111111111111111 0.08308823529411764 0.07320261437908496
4 0.27794117647058825 0.6660130718954248 0.025 0.06143790849673202
7 0.27205882352941174 0.7620915032679738 0.047058823529411764 0.04444444444444444
1 0.26323529411764707 0.7568627450980392 0.010294117647058823 0.03398692810457516
0 0.8529411764705882 0.7372549019607842 0.013235294117647059 0.04183006535947712
0 0.6838235294117647 0.7209150326797386 0.008823529411764706 0.043137254901960784
9 0.7003676470588235 0.7509803921568627 0.028676470588235293 0.0326797385620915
1 0.700735294117647 0.7431372549019607 0.010294117647058823 0.03790849673202614
3 0.5183823529411765 0.7980392156862745 0.07205882352941176 0.058823529411764705
3 0.5636029411764706 0.8620915032679738 0.08602941176470588 0.06666666666666667
3 0.8058823529411765 0.7816993464052288 0.075 0.054901960784313725
3 0.9433823529411764 0.7875816993464052 0.075 0.058823529411764705
7 0.9794117647058823 0.7 0.039705882352941174 0.0457516339869281
3 0.9018382352941177 0.973202614379085 0.07720588235294118 0.043137254901960784
