3 0.18489583333333334 0.9222222222222223 0.08020833333333333 0.05555555555555556
1 0.203125 0.9675925925925927 0.01875 0.020370370370370372
9 0.13177083333333334 0.812962962962963 0.019791666666666666 0.037037037037037035
1 0.10364583333333333 0.8046296296296297 0.009375 0.024074074074074074
1 0.11041666666666666 0.8018518518518519 0.010416666666666666 0.02592592592592593
3 0.4921875 0.8777777777777778 0.030208333333333334 0.08518518518518518
3 0.5307291666666667 0.8074074074074075 0.036458333333333336 0.07407407407407407
3 0.4510416666666667 0.7481481481481482 0.025 0.05555555555555556
0 0.2421875 0.7000000000000001 0.007291666666666667 0.02962962962962963
0 0.23697916666666666 0.6675925925925926 0.007291666666666667 0.031481481481481485
0 0.21302083333333333 0.6129629629629629 0.007291666666666667 0.02592592592592593
0 0.20104166666666667 0.7018518518518518 0.00625 0.022222222222222223
0 0.20677083333333332 0.6981481481481482 0.007291666666666667 0.02962962962962963
1 0.21614583333333334 0.5666666666666667 0.005208333333333333 0.014814814814814815
1 0.22083333333333333 0.5620370370370371 0.004166666666666667 0.020370370370370372
3 0.4380208333333333 0.637962962962963 0.019791666666666666 0.04259259259259259
3 0.4661458333333333 0.5740740740740741 0.019791666666666666 0.03333333333333333
3 0.4395833333333333 0.587037037037037 0.016666666666666666 0.03333333333333333
3 0.4354166666666667 0.55 0.014583333333333334 0.02962962962962963
3 0.43385416666666665 0.5120370370370371 0.013541666666666667 0.031481481481481485
3 0.46041666666666664 0.5342592592592593 0.01875 0.03518518518518519
3 0.45989583333333334 0.5055555555555555 0.011458333333333333 0.022222222222222223
1 0.4197916666666667 0.5731481481481482 0.00625 0.016666666666666666
9 0.42083333333333334 0.5805555555555556 0.004166666666666667 0.020370370370370372
1 0.48541666666666666 0.49259259259259264 0.00625 0.018518518518518517
9 0.4848958333333333 0.5027777777777778 0.005208333333333333 0.016666666666666666
3 0.6203125 0.3851851851851852 0.009375 0.018518518518518517
3 0.5864583333333333 0.3907407407407408 0.020833333333333332 0.014814814814814815
3 0.5505208333333333 0.3925925925925926 0.015625 0.014814814814814815
0 0.6166666666666667 0.37777777777777777 0.004166666666666667 0.014814814814814815
0 0.6197916666666666 0.3768518518518519 0.0020833333333333333 0.012962962962962964
0 0.5697916666666667 0.5620370370370371 0.00625 0.020370370370370372
0 0.5489583333333333 0.5509259259259259 0.004166666666666667 0.024074074074074074
0 0.5416666666666666 0.55 0.00625 0.018518518518518517
1 0.4822916666666667 0.42685185185185187 0.004166666666666667 0.009259259259259259
9 0.4822916666666667 0.4314814814814815 0.004166666666666667 0.011111111111111112
3 0.4635416666666667 0.40370370370370373 0.020833333333333332 0.018518518518518517
3 0.43333333333333335 0.4185185185185185 0.020833333333333332 0.018518518518518517
3 0.39791666666666664 0.42962962962962964 0.022916666666666665 0.018518518518518517
3 0.41041666666666665 0.40740740740740744 0.01875 0.018518518518518517
5 0.3854166666666667 0.4027777777777778 0.025 0.016666666666666666
3 0.34791666666666665 0.4388888888888889 0.020833333333333332 0.014814814814814815
7 0.28229166666666666 0.4675925925925926 0.016666666666666666 0.020370370370370372
1 0.31927083333333334 0.41944444444444445 0.003125 0.012962962962962964
2 0.3182291666666667 0.4277777777777778 0.005208333333333333 0.011111111111111112
1 0.3296875 0.40925925925925927 0.003125 0.011111111111111112
2 0.3296875 0.4175925925925926 0.009375 0.009259259259259259
3 0.38229166666666664 0.37222222222222223 0.008333333333333333 0.018518518518518517
3 0.3885416666666667 0.337037037037037 0.008333333333333333 0.018518518518518517
3 0.39166666666666666 0.30092592592592593 0.00625 0.012962962962962964
3 0.39427083333333335 0.28703703703703703 0.005208333333333333 0.007407407407407408
3 0.4041666666666667 0.2777777777777778 0.00625 0.007407407407407408
3 0.43124999999999997 0.2814814814814815 0.00625 0.011111111111111112
3 0.42916666666666664 0.2675925925925926 0.00625 0.009259259259259259
4 0.40572916666666664 0.2574074074074074 0.005208333333333333 0.007407407407407408
