9 0.5973958333333333 0.8898148148148148 0.051041666666666666 0.09074074074074075
1 0.5979166666666667 0.8666666666666667 0.027083333333333334 0.08148148148148149
9 0.49114583333333334 0.8777777777777778 0.021875 0.08518518518518518
1 0.4895833333333333 0.8546296296296296 0.020833333333333332 0.08333333333333334
1 0.6864583333333333 0.8212962962962963 0.016666666666666666 0.10185185185185186
9 0.8901041666666667 0.8277777777777778 0.051041666666666666 0.06296296296296297
0 0.9505208333333334 0.8481481481481482 0.03854166666666667 0.0925925925925926
0 0.9755208333333333 0.8435185185185186 0.017708333333333333 0.09444444444444444
0 0.9317708333333333 0.8305555555555556 0.019791666666666666 0.09074074074074075
2 0.9791666666666666 0.8675925925925926 0.0375 0.06481481481481481
9 0.803125 0.6685185185185185 0.016666666666666666 0.05925925925925926
7 0.6088541666666667 0.6787037037037037 0.03854166666666667 0.10185185185185186
6 0.6729166666666666 0.6796296296296297 0.07708333333333334 0.07407407407407407
3 0.7364583333333333 0.5666666666666667 0.07291666666666667 0.06666666666666667
0 0.7166666666666667 0.5416666666666667 0.010416666666666666 0.04259259259259259
3 0.7671875 0.5055555555555555 0.08020833333333333 0.05925925925925926
9 0.8385416666666666 0.6787037037037037 0.01875 0.0462962962962963
1 0.7192708333333333 0.7583333333333334 0.021875 0.053703703703703705
3 0.8453125 0.9740740740740741 0.15104166666666666 0.04814814814814815
9 0.10677083333333333 0.8277777777777778 0.06770833333333333 0.08888888888888889
9 0.18541666666666667 0.737962962962963 0.04583333333333333 0.04259259259259259
9 0.3536458333333333 0.7101851851851853 0.03854166666666667 0.04259259259259259
9 0.38177083333333334 0.7342592592592593 0.015625 0.05740740740740741
1 0.3854166666666667 0.7148148148148148 0.022916666666666665 0.07777777777777778
0 0.39427083333333335 0.6935185185185185 0.013541666666666667 0.053703703703703705
0 0.3598958333333333 0.6564814814814816 0.013541666666666667 0.07222222222222223
0 0.3260416666666667 0.6564814814814816 0.0125 0.061111111111111116
9 0.3927083333333333 0.6296296296296297 0.03958333333333333 0.04814814814814815
0 0.3927083333333333 0.6287037037037038 0.014583333333333334 0.06481481481481481
9 0.26927083333333335 0.6074074074074074 0.030208333333333334 0.040740740740740744
2 0.24791666666666667 0.6092592592592593 0.03333333333333333 0.037037037037037035
0 0.6911458333333333 0.5240740740740741 0.011458333333333333 0.05555555555555556
0 0.6635416666666667 0.5194444444444445 0.0125 0.053703703703703705
6 0.6286458333333333 0.5564814814814815 0.02395833333333333 0.03888888888888889
0 0.6020833333333333 0.5222222222222223 0.010416666666666666 0.044444444444444446
0 0.6119791666666666 0.5185185185185185 0.007291666666666667 0.04814814814814815
9 0.5776041666666667 0.5046296296296297 0.013541666666666667 0.031481481481481485
9 0.559375 0.5240740740740741 0.01875 0.044444444444444446
1 0.5619791666666667 0.5185185185185185 0.013541666666666667 0.04814814814814815
0 0.5276041666666667 0.5037037037037038 0.013541666666666667 0.05185185185185186
0 0.5458333333333333 0.4425925925925926 0.008333333333333333 0.040740740740740744
6 0.45677083333333335 0.5194444444444445 0.017708333333333333 0.05
1 0.45729166666666665 0.5083333333333333 0.0125 0.03518518518518519
9 0.4692708333333333 0.48333333333333334 0.009375 0.037037037037037035
9 0.4942708333333333 0.45 0.011458333333333333 0.03333333333333333
1 0.46979166666666666 0.4712962962962963 0.008333333333333333 0.03518518518518519
1 0.4942708333333333 0.44351851851851853 0.011458333333333333 0.04259259259259259
6 0.5197916666666667 0.4 0.014583333333333334 0.02962962962962963
6 0.5411458333333333 0.39722222222222225 0.015625 0.031481481481481485
5 0.3854166666666667 0.4935185185185185 0.027083333333333334 0.07592592592592592
7 0.3578125 0.46574074074074073 0.040625 0.05740740740740741
3 0.421875 0.4398148148148148 0.025 0.053703703703703705
0 0.4635416666666667 0.41203703703703703 0.00625 0.04259259259259259
0 0.4708333333333333 0.40185185185185185 0.008333333333333333 0.040740740740740744
6 0.4427083333333333 0.36944444444444446 0.03333333333333333 0.02777777777777778
7 0.4817708333333333 0.3472222222222222 0.015625 0.03888888888888889
0 0.5572916666666666 0.3814814814814815 0.00625 0.02962962962962963
9 0.5223958333333333 0.37962962962962965 0.007291666666666667 0.02592592592592593
0 0.5276041666666667 0.3805555555555556 0.007291666666666667 0.02777777777777778
2 0.5354166666666667 0.3731481481481482 0.016666666666666666 0.020370370370370372
1 0.5348958333333333 0.3666666666666667 0.009375 0.02962962962962963
1 0.4557291666666667 0.35370370370370374 0.007291666666666667 0.022222222222222223
9 0.4578125 0.35462962962962963 0.009375 0.024074074074074074
9 0.5041666666666667 0.3111111111111111 0.00625 0.018518518518518517
9 0.49114583333333334 0.3111111111111111 0.005208333333333333 0.018518518518518517
1 0.4901041666666667 0.3055555555555556 0.005208333333333333 0.018518518518518517
1 0.5041666666666667 0.30462962962962964 0.00625 0.016666666666666666
5 0.44635416666666666 0.2962962962962963 0.036458333333333336 0.037037037037037035
6 0.4890625 0.2675925925925926 0.007291666666666667 0.016666666666666666
6 0.47604166666666664 0.2675925925925926 0.008333333333333333 0.020370370370370372
6 0.45729166666666665 0.275 0.014583333333333334 0.020370370370370372
9 0.49635416666666665 0.27314814814814814 0.005208333333333333 0.016666666666666666
1 0.49635416666666665 0.2675925925925926 0.005208333333333333 0.012962962962962964
0 0.9432291666666667 0.7111111111111111 0.013541666666666667 0.07037037037037037
9 0.06302083333333333 0.9046296296296297 0.017708333333333333 0.05740740740740741
2 0.042708333333333334 0.8962962962962964 0.027083333333333334 0.040740740740740744
