3 0.31727941176470587 0.9679738562091502 0.05955882352941176 0.06143790849673202
3 0.5283088235294118 0.8254901960784313 0.05661764705882353 0.1738562091503268
3 0.6716911764705882 0.9058823529411764 0.0713235294117647 0.18562091503267972
3 0.618014705882353 0.630718954248366 0.04779411764705882 0.10849673202614378
3 0.5720588235294117 0.4718954248366013 0.052941176470588235 0.12549019607843137
3 0.6272058823529412 0.49999999999999994 0.045588235294117645 0.10849673202614378
3 0.6051470588235294 0.38692810457516336 0.04264705882352941 0.08888888888888888
3 0.6242647058823529 0.3333333333333333 0.07794117647058824 0.06797385620915032
3 0.35919117647058824 0.596078431372549 0.04779411764705882 0.130718954248366
3 0.36213235294117646 0.4816993464052287 0.07279411764705883 0.10326797385620914
3 0.40955882352941175 0.22614379084967318 0.032352941176470584 0.06797385620915032
3 0.3988970588235294 0.3137254901960784 0.0375 0.08888888888888888
4 0.4209558823529412 0.14836601307189543 0.022794117647058822 0.06928104575163398
4 0.4301470588235294 0.07647058823529411 0.020588235294117647 0.043137254901960784
3 0.44595588235294115 0.04640522875816993 0.027205882352941177 0.0457516339869281
3 0.4411764705882353 0.01568627450980392 0.032352941176470584 0.03398692810457516
6 0.2275735294117647 0.41764705882352937 0.03897058823529412 0.0849673202614379
1 0.3816176470588235 0.9758169934640523 0.023529411764705882 0.0457516339869281
9 0.7514705882352941 0.8888888888888888 0.04852941176470588 0.04967320261437908
9 0.7356617647058823 0.811111111111111 0.04191176470588235 0.04836601307189542
3 0.5926470588235294 0.2130718954248366 0.029411764705882353 0.06797385620915032
3 0.5753676470588235 0.08300653594771241 0.025735294117647058 0.043137254901960784
3 0.5845588235294118 0.15555555555555556 0.03676470588235294 0.054901960784313725
0 0.3875 0.41699346405228754 0.014705882352941176 0.04183006535947712
0 0.4301470588235294 0.42156862745098034 0.011764705882352941 0.05359477124183006
1 0.4658088235294118 0.3333333333333333 0.009558823529411765 0.04183006535947712
9 0.4647058823529412 0.3431372549019608 0.010294117647058823 0.043137254901960784
9 0.27058823529411763 0.41699346405228754 0.032352941176470584 0.04183006535947712
0 0.2727941176470588 0.2483660130718954 0.008823529411764706 0.04183006535947712
0 0.3246323529411765 0.16601307189542483 0.008088235294117646 0.03660130718954248
0 0.33088235294117646 0.161437908496732 0.007352941176470588 0.03529411764705882
9 0.29705882352941176 0.1764705882352941 0.007352941176470588 0.03398692810457516
0 0.45 0.09738562091503267 0.007352941176470588 0.03529411764705882
0 0.4415441176470588 0.09803921568627451 0.006617647058823529 0.03398692810457516
1 0.5452205882352941 0.06143790849673202 0.006617647058823529 0.02875816993464052
2 0.5448529411764705 0.06993464052287582 0.0058823529411764705 0.01699346405228758
2 0.3698529411764706 0.26601307189542484 0.025 0.03006535947712418
9 0.3577205882352941 0.29673202614379085 0.030147058823529412 0.02875816993464052
9 0.3466911764705882 0.33660130718954245 0.025735294117647058 0.027450980392156862
2 0.35404411764705884 0.3732026143790849 0.02426470588235294 0.03529411764705882
2 0.3275735294117647 0.08169934640522876 0.022794117647058822 0.02222222222222222
1 0.3011029411764706 0.13333333333333333 0.009558823529411765 0.0261437908496732
0 0.32941176470588235 0.07450980392156863 0.010294117647058823 0.03660130718954248
