3 0.9551470588235293 0.1830065359477124 0.08823529411764705 0.0915032679738562
4 0.9669117647058824 0.36928104575163395 0.06470588235294117 0.09803921568627451
3 0.9051470588235294 0.28888888888888886 0.09264705882352942 0.09673202614379084
3 0.8040441176470589 0.2130718954248366 0.08455882352941177 0.09673202614379084
3 0.7845588235294118 0.3633986928104575 0.09411764705882353 0.1045751633986928
3 0.8393382352941177 0.5156862745098039 0.09485294117647058 0.10588235294117647
5 0.6577205882352941 0.5797385620915032 0.10073529411764706 0.10849673202614378
3 0.6488970588235294 0.4738562091503268 0.09632352941176471 0.1111111111111111
3 0.5360294117647059 0.5509803921568627 0.09264705882352942 0.1111111111111111
3 0.46544117647058825 0.4457516339869281 0.10147058823529412 0.11241830065359476
3 0.41470588235294115 0.33660130718954245 0.07205882352941176 0.0849673202614379
3 0.41213235294117645 0.6281045751633987 0.10955882352941176 0.11372549019607843
3 0.46911764705882353 0.7026143790849673 0.1 0.11895424836601307
3 0.2775735294117647 0.6947712418300653 0.10661764705882353 0.1241830065359477
3 0.18125 0.8660130718954248 0.12279411764705882 0.13202614379084968
3 0.12463235294117647 0.7901960784313725 0.10955882352941176 0.11633986928104574
