0 0.11360294117647059 0.2594771241830065 0.0125 0.050980392156862744
1 0.12867647058823528 0.26405228758169935 0.010294117647058823 0.02875816993464052
9 0.19191176470588234 0.30588235294117644 0.025 0.03398692810457516
3 0.19816176470588234 0.3830065359477124 0.06691176470588235 0.08104575163398692
3 0.3426470588235294 0.0673202614379085 0.022058823529411763 0.0326797385620915
3 0.23124999999999998 0.13137254901960782 0.03161764705882353 0.04052287581699346
0 0.26580882352941176 0.18562091503267972 0.005147058823529412 0.03398692810457516
0 0.23823529411764705 0.2222222222222222 0.007352941176470588 0.03660130718954248
0 0.23455882352941176 0.22483660130718952 0.007352941176470588 0.04183006535947712
3 0.23676470588235293 0.24313725490196078 0.06323529411764706 0.04967320261437908
0 0.2963235294117647 0.22091503267973855 0.008823529411764706 0.04183006535947712
3 0.10588235294117647 0.6 0.08235294117647059 0.13594771241830064
3 0.04485294117647059 0.7522875816993464 0.08970588235294118 0.14509803921568626
3 0.13088235294117648 0.7202614379084967 0.09264705882352942 0.17254901960784313
1 0.28125 0.6915032679738562 0.022794117647058822 0.07320261437908496
2 0.2775735294117647 0.7176470588235294 0.016911764705882352 0.07058823529411765
9 0.014338235294117646 0.4993464052287581 0.015441176470588236 0.06797385620915032
2 0.05551470588235294 0.42810457516339867 0.019852941176470587 0.04836601307189542
4 0.3551470588235294 0.027450980392156862 0.01764705882352941 0.03660130718954248
6 0.42316176470588235 0.11830065359477124 0.009558823529411765 0.02483660130718954
1 0.4227941176470588 0.11045751633986928 0.008823529411764706 0.027450980392156862
1 0.35551470588235295 0.3156862745098039 0.011029411764705881 0.027450980392156862
3 0.46875 0.01437908496732026 0.016911764705882352 0.03137254901960784
3 0.5283088235294118 0.011764705882352941 0.015441176470588236 0.023529411764705882
3 0.45551470588235293 0.13986928104575164 0.02426470588235294 0.05751633986928104
3 0.5481617647058823 0.12941176470588234 0.02426470588235294 0.0392156862745098
4 0.5091911764705882 0.15424836601307187 0.022794117647058822 0.04967320261437908
3 0.5147058823529411 0.2594771241830065 0.027941176470588233 0.050980392156862744
1 0.5625 0.07973856209150326 0.007352941176470588 0.0261437908496732
2 0.5628676470588235 0.08627450980392157 0.006617647058823529 0.023529411764705882
2 0.5863970588235294 0.13398692810457516 0.009558823529411765 0.02222222222222222
1 0.5863970588235294 0.12352941176470587 0.008088235294117646 0.0326797385620915
0 0.5823529411764706 0.14444444444444443 0.007352941176470588 0.03529411764705882
1 0.5632352941176471 0.165359477124183 0.010294117647058823 0.027450980392156862
9 0.5632352941176471 0.17450980392156862 0.007352941176470588 0.027450980392156862
1 0.5709558823529411 0.23986928104575161 0.009558823529411765 0.0326797385620915
2 0.5709558823529411 0.25359477124183005 0.009558823529411765 0.03398692810457516
4 0.6176470588235294 0.052941176470588235 0.020588235294117647 0.043137254901960784
1 0.6275735294117647 0.4241830065359477 0.0125 0.04836601307189542
9 0.6261029411764706 0.4352941176470588 0.0125 0.04444444444444444
3 0.5547794117647059 0.9673202614379084 0.07720588235294118 0.06274509803921569
1 0.6400735294117647 0.05947712418300653 0.005147058823529412 0.0196078431372549
3 0.7139705882352941 0.0261437908496732 0.022058823529411763 0.0261437908496732
0 0.7485294117647059 0.30196078431372547 0.010294117647058823 0.04967320261437908
0 0.675 0.13006535947712417 0.007352941176470588 0.0326797385620915
2 0.6941176470588235 0.13660130718954247 0.01764705882352941 0.027450980392156862
0 0.6639705882352941 0.12287581699346405 0.0029411764705882353 0.0261437908496732
9 0.6625 0.11437908496732026 0.010294117647058823 0.0196078431372549
1 0.66875 0.11895424836601307 0.006617647058823529 0.0261437908496732
2 0.6816176470588236 0.11503267973856209 0.0058823529411764705 0.023529411764705882
0 0.6889705882352941 0.11568627450980391 0.004411764705882353 0.0326797385620915
0 0.6867647058823529 0.11045751633986928 0.004411764705882353 0.02483660130718954
0 0.6897058823529412 0.10718954248366012 0.004411764705882353 0.02875816993464052
1 0.7761029411764706 0.41241830065359475 0.0125 0.06143790849673202
2 0.7753676470588236 0.4261437908496732 0.013970588235294117 0.04967320261437908
