3 0.41470588235294115 0.85359477124183 0.05 0.14901960784313725
3 0.34595588235294117 0.8522875816993464 0.04926470588235294 0.15424836601307187
3 0.4852941176470588 0.7156862745098038 0.045588235294117645 0.09803921568627451
3 0.46213235294117644 0.5934640522875817 0.0375 0.07058823529411765
3 0.44926470588235295 0.5130718954248366 0.030882352941176472 0.06928104575163398
3 0.2878676470588235 0.8653594771241829 0.05955882352941176 0.1437908496732026
3 0.2202205882352941 0.8653594771241829 0.06544117647058824 0.1568627450980392
0 0.26801470588235293 0.7444444444444444 0.0125 0.06405228758169934
0 0.32095588235294115 0.7026143790849673 0.0125 0.06143790849673202
3 0.14595588235294119 0.8627450980392156 0.06544117647058824 0.14901960784313725
3 0.06801470588235294 0.8790849673202614 0.0713235294117647 0.15294117647058822
3 0.017279411764705883 0.8999999999999999 0.03455882352941177 0.11895424836601307
3 0.0400735294117647 0.6849673202614378 0.06691176470588235 0.08888888888888888
3 0.09411764705882353 0.6464052287581699 0.07058823529411765 0.07450980392156863
3 0.14080882352941176 0.6222222222222222 0.06838235294117646 0.07320261437908496
3 0.1900735294117647 0.5895424836601306 0.06691176470588235 0.07581699346405228
3 0.23529411764705882 0.5627450980392157 0.07352941176470588 0.09019607843137255
3 0.28161764705882353 0.5169934640522875 0.07794117647058824 0.04836601307189542
3 0.28566176470588234 0.46732026143790845 0.07279411764705883 0.050980392156862744
3 0.3025735294117647 0.430718954248366 0.06102941176470588 0.03529411764705882
3 0.29558823529411765 0.4084967320261438 0.060294117647058824 0.04052287581699346
3 0.28823529411764703 0.3849673202614379 0.039705882352941174 0.03529411764705882
3 0.34301470588235294 0.6901960784313725 0.09044117647058823 0.06797385620915032
3 0.37536764705882353 0.6588235294117647 0.08602941176470588 0.06274509803921569
3 0.37316176470588236 0.6130718954248365 0.08455882352941177 0.047058823529411764
3 0.3889705882352941 0.5862745098039215 0.08970588235294118 0.058823529411764705
3 0.3845588235294118 0.5509803921568627 0.08529411764705883 0.04836601307189542
3 0.39375 0.518954248366013 0.0713235294117647 0.047058823529411764
3 0.3911764705882353 0.49542483660130715 0.075 0.03398692810457516
3 0.3845588235294118 0.4679738562091503 0.07205882352941176 0.04183006535947712
3 0.38125 0.4509803921568627 0.06102941176470588 0.03398692810457516
3 0.38529411764705884 0.4287581699346405 0.061764705882352944 0.03398692810457516
3 0.3573529411764706 0.41241830065359475 0.054411764705882354 0.03529411764705882
3 0.3577205882352941 0.38888888888888884 0.05220588235294118 0.03529411764705882
3 0.43308823529411766 0.4313725490196078 0.027941176470588233 0.04183006535947712
3 0.5463235294117647 0.5339869281045752 0.033823529411764704 0.05620915032679738
3 0.6540441176470588 0.6640522875816993 0.05661764705882353 0.0784313725490196
3 0.6183823529411765 0.5862745098039215 0.05 0.06143790849673202
3 0.5959558823529412 0.526797385620915 0.04191176470588235 0.04967320261437908
0 0.6238970588235294 0.665359477124183 0.0125 0.054901960784313725
4 0.5735294117647058 0.47058823529411764 0.027941176470588233 0.054901960784313725
3 0.5533088235294118 0.43660130718954243 0.025735294117647058 0.03660130718954248
3 0.5411764705882353 0.4058823529411764 0.025 0.04052287581699346
3 0.5121323529411764 0.41699346405228754 0.027205882352941177 0.04183006535947712
3 0.5227941176470589 0.4764705882352941 0.03676470588235294 0.05359477124183006
1 0.5452205882352941 0.47320261437908495 0.0125 0.04444444444444444
1 0.5022058823529412 0.4941176470588235 0.010294117647058823 0.03660130718954248
0 0.4727941176470588 0.37712418300653594 0.0058823529411764705 0.027450980392156862
3 0.4264705882352941 0.3875816993464052 0.022058823529411763 0.04052287581699346
3 0.4466911764705882 0.3555555555555555 0.025735294117647058 0.047058823529411764
3 0.4007352941176471 0.33856209150326794 0.047058823529411764 0.03398692810457516
3 0.4158088235294118 0.32091503267973853 0.019852941176470587 0.02483660130718954
3 0.3323529411764706 0.31241830065359477 0.025 0.03660130718954248
3 0.37463235294117647 0.3098039215686274 0.04485294117647059 0.02875816993464052
3 0.3775735294117647 0.28366013071895424 0.03897058823529412 0.02875816993464052
3 0.3363970588235294 0.2751633986928104 0.03897058823529412 0.027450980392156862
3 0.37683823529411764 0.27058823529411763 0.03455882352941177 0.023529411764705882
3 0.36727941176470585 0.2633986928104575 0.03455882352941177 0.02483660130718954
3 0.32169117647058826 0.26274509803921564 0.04191176470588235 0.01830065359477124
3 0.3264705882352941 0.25098039215686274 0.03823529411764706 0.02091503267973856
3 0.3297794117647059 0.2392156862745098 0.03455882352941177 0.02091503267973856
3 0.3503676470588235 0.20718954248366012 0.03161764705882353 0.02222222222222222
3 0.39852941176470585 0.2418300653594771 0.014705882352941176 0.02875816993464052
3 0.3963235294117647 0.21699346405228756 0.014705882352941176 0.0261437908496732
3 0.39191176470588235 0.19738562091503267 0.013235294117647059 0.01830065359477124
3 0.34705882352941175 0.19281045751633985 0.027941176470588233 0.0196078431372549
3 0.34852941176470587 0.1803921568627451 0.025 0.02091503267973856
3 0.9636029411764706 0.6254901960784314 0.06985294117647059 0.07712418300653594
3 0.930514705882353 0.49084967320261436 0.06397058823529411 0.06405228758169934
3 0.5051470588235294 0.32679738562091504 0.032352941176470584 0.04183006535947712
3 0.49338235294117644 0.30849673202614375 0.020588235294117647 0.0261437908496732
3 0.4926470588235294 0.2941176470588235 0.016176470588235292 0.023529411764705882
3 0.47941176470588237 0.27058823529411763 0.01764705882352941 0.0261437908496732
3 0.46911764705882353 0.24967320261437906 0.016176470588235292 0.023529411764705882
3 0.46691176470588236 0.23529411764705882 0.014705882352941176 0.02091503267973856
3 0.45992647058823527 0.22287581699346404 0.015441176470588236 0.02222222222222222
3 0.4566176470588235 0.21176470588235294 0.013235294117647059 0.01830065359477124
3 0.44485294117647056 0.18823529411764706 0.011764705882352941 0.02091503267973856
3 0.44705882352941173 0.17581699346405227 0.010294117647058823 0.0196078431372549
3 0.43713235294117647 0.1718954248366013 0.009558823529411765 0.0196078431372549
3 0.43272058823529413 0.16339869281045752 0.009558823529411765 0.01568627450980392
3 0.3886029411764706 0.18169934640522875 0.0125 0.01568627450980392
3 0.3863970588235294 0.1738562091503268 0.011029411764705881 0.01568627450980392
3 0.38345588235294115 0.1477124183006536 0.0125 0.02091503267973856
3 0.3529411764705882 0.15294117647058822 0.01911764705882353 0.01568627450980392
3 0.33308823529411763 0.16274509803921566 0.025 0.01699346405228758
6 0.3025735294117647 0.5627450980392157 0.027205882352941177 0.05359477124183006
0 0.2775735294117647 0.2980392156862745 0.005147058823529412 0.02875816993464052
0 0.28345588235294117 0.3006535947712418 0.005147058823529412 0.02875816993464052
0 0.28713235294117645 0.29869281045751633 0.005147058823529412 0.027450980392156862
0 0.29044117647058826 0.31045751633986923 0.004411764705882353 0.02483660130718954
0 0.2959558823529412 0.3137254901960784 0.005147058823529412 0.0261437908496732
0 0.30367647058823527 0.30588235294117644 0.007352941176470588 0.03398692810457516
2 0.29705882352941176 0.27843137254901956 0.014705882352941176 0.01568627450980392
3 0.34301470588235294 0.14705882352941174 0.01838235294117647 0.011764705882352941
3 0.3356617647058823 0.1437908496732026 0.016911764705882352 0.0130718954248366
3 0.3375 0.1372549019607843 0.020588235294117647 0.0130718954248366
3 0.3375 0.12483660130718953 0.01911764705882353 0.01437908496732026
3 0.3352941176470588 0.10522875816993463 0.016176470588235292 0.011764705882352941
3 0.3356617647058823 0.09477124183006536 0.015441176470588236 0.011764705882352941
3 0.33933823529411766 0.0915032679738562 0.0125 0.01045751633986928
3 0.3397058823529412 0.08627450980392157 0.013235294117647059 0.0130718954248366
3 0.4033088235294118 0.09084967320261438 0.008088235294117646 0.01699346405228758
3 0.4113970588235294 0.10784313725490195 0.006617647058823529 0.01437908496732026
3 0.4088235294117647 0.09999999999999999 0.007352941176470588 0.011764705882352941
7 0.3235294117647059 0.36732026143790847 0.014705882352941176 0.03398692810457516
7 0.34338235294117647 0.37189542483660126 0.014705882352941176 0.027450980392156862
7 0.3889705882352941 0.37712418300653594 0.022058823529411763 0.027450980392156862
