3 0.5698529411764706 0.8209150326797385 0.09264705882352942 0.261437908496732
3 0.4886029411764706 0.5620915032679739 0.0801470588235294 0.1568627450980392
3 0.6363970588235294 0.418954248366013 0.04926470588235294 0.12156862745098039
3 0.5698529411764706 0.34901960784313724 0.04264705882352941 0.07581699346405228
3 0.6496323529411765 0.30392156862745096 0.03455882352941177 0.07712418300653594
3 0.5963235294117647 0.26405228758169935 0.03676470588235294 0.06797385620915032
3 0.6165441176470589 0.1980392156862745 0.025735294117647058 0.05359477124183006
3 0.6599264705882353 0.19999999999999998 0.022794117647058822 0.047058823529411764
8 0.6672794117647058 0.11699346405228757 0.030147058823529412 0.07712418300653594
7 0.8077205882352941 0.3352941176470588 0.028676470588235293 0.06666666666666667
3 0.6466911764705883 0.0869281045751634 0.013970588235294117 0.02483660130718954
3 0.6371323529411764 0.10522875816993463 0.016911764705882352 0.0196078431372549
4 0.6338235294117647 0.13594771241830064 0.020588235294117647 0.04183006535947712
3 0.6202205882352941 0.15947712418300652 0.02426470588235294 0.03137254901960784
3 0.7363970588235293 0.056862745098039215 0.0125 0.01699346405228758
3 0.7051470588235293 0.03725490196078431 0.008823529411764706 0.0196078431372549
3 0.7150735294117647 0.03202614379084967 0.009558823529411765 0.01437908496732026
3 0.6981617647058823 0.027450980392156862 0.011029411764705881 0.0130718954248366
3 0.7272058823529411 0.03137254901960784 0.010294117647058823 0.01568627450980392
3 0.6977941176470588 0.00457516339869281 0.008823529411764706 0.011764705882352941
3 0.7216911764705882 0.01764705882352941 0.009558823529411765 0.011764705882352941
3 0.7165441176470588 0.00326797385620915 0.009558823529411765 0.00915032679738562
3 0.825 0.9431372549019608 0.11176470588235293 0.1111111111111111
1 0.8963235294117647 0.4679738562091503 0.01764705882352941 0.054901960784313725
9 0.8952205882352942 0.48039215686274506 0.015441176470588236 0.058823529411764705
3 0.9077205882352941 0.24313725490196078 0.04485294117647059 0.04967320261437908
3 0.888235294117647 0.056862745098039215 0.025 0.027450980392156862
3 0.8705882352941177 0.04444444444444444 0.025 0.01568627450980392
3 0.8676470588235294 0.03986928104575163 0.023529411764705882 0.0196078431372549
3 0.9882352941176471 0.12026143790849672 0.022058823529411763 0.03398692810457516
1 0.5077205882352941 0.322875816993464 0.013970588235294117 0.0392156862745098
9 0.5073529411764706 0.33660130718954245 0.014705882352941176 0.0457516339869281
0 0.45808823529411763 0.17058823529411762 0.007352941176470588 0.0326797385620915
0 0.4698529411764706 0.17712418300653593 0.007352941176470588 0.0326797385620915
3 0.4290441176470588 0.26405228758169935 0.04485294117647059 0.06274509803921569
3 0.39595588235294116 0.23856209150326796 0.04485294117647059 0.05359477124183006
3 0.2878676470588235 0.3248366013071895 0.06102941176470588 0.06928104575163398
0 0.19852941176470587 0.4790849673202614 0.014705882352941176 0.06928104575163398
0 0.24816176470588236 0.40392156862745093 0.0125 0.06013071895424836
0 0.26176470588235295 0.3699346405228758 0.011764705882352941 0.054901960784313725
0 0.0849264705882353 0.37189542483660126 0.0125 0.06143790849673202
0 0.07389705882352941 0.3555555555555555 0.0125 0.065359477124183
0 0.09852941176470588 0.361437908496732 0.014705882352941176 0.06143790849673202
1 0.04595588235294117 0.25620915032679736 0.009558823529411765 0.0392156862745098
1 0.03897058823529412 0.2594771241830065 0.013235294117647059 0.03790849673202614
0 0.11544117647058823 0.2522875816993464 0.013235294117647059 0.04444444444444444
0 0.08970588235294118 0.3078431372549019 0.014705882352941176 0.058823529411764705
0 0.12095588235294118 0.3424836601307189 0.015441176470588236 0.05751633986928104
0 0.2389705882352941 0.3352941176470588 0.010294117647058823 0.05359477124183006
0 0.23161764705882354 0.3359477124183006 0.008823529411764706 0.04967320261437908
0 0.24705882352941178 0.32091503267973853 0.010294117647058823 0.05359477124183006
0 0.2555147058823529 0.2947712418300653 0.008088235294117646 0.0457516339869281
0 0.2665441176470588 0.31176470588235294 0.016911764705882352 0.050980392156862744
0 0.2801470588235294 0.3006535947712418 0.008823529411764706 0.047058823529411764
0 0.3382352941176471 0.2751633986928104 0.010294117647058823 0.04836601307189542
0 0.3466911764705882 0.25359477124183005 0.008088235294117646 0.04183006535947712
1 0.3654411764705882 0.23464052287581696 0.010294117647058823 0.0326797385620915
9 0.36580882352941174 0.2457516339869281 0.009558823529411765 0.03660130718954248
0 0.33125 0.3477124183006536 0.011029411764705881 0.054901960784313725
