3 0.225 0.49346405228758167 0.029411764705882353 0.02483660130718954
3 0.20735294117647057 0.5745098039215686 0.03823529411764706 0.03529411764705882
3 0.19779411764705881 0.6209150326797385 0.03823529411764706 0.04183006535947712
3 0.14227941176470588 0.7026143790849673 0.027205882352941177 0.04836601307189542
3 0.22316176470588234 0.8797385620915033 0.0375 0.04183006535947712
3 0.05845588235294118 0.8124183006535947 0.04485294117647059 0.043137254901960784
3 0.02426470588235294 0.7320261437908496 0.030882352941176472 0.04183006535947712
3 0.33602941176470585 0.33660130718954245 0.025 0.05620915032679738
3 0.3547794117647059 0.3 0.022794117647058822 0.05359477124183006
3 0.3125 0.2620915032679738 0.025 0.050980392156862744
3 0.2338235294117647 0.2549019607843137 0.026470588235294117 0.054901960784313725
3 0.32426470588235295 0.22614379084967318 0.029411764705882353 0.04967320261437908
3 0.2900735294117647 0.20718954248366012 0.022794117647058822 0.0457516339869281
3 0.2963235294117647 0.13333333333333333 0.023529411764705882 0.054901960784313725
3 0.2757352941176471 0.14444444444444443 0.025 0.05359477124183006
3 0.21691176470588236 0.1954248366013072 0.022058823529411763 0.05359477124183006
3 0.1889705882352941 0.12352941176470587 0.023529411764705882 0.04836601307189542
3 0.16654411764705881 0.05620915032679738 0.01838235294117647 0.04444444444444444
3 0.2536764705882353 0.08758169934640522 0.025 0.0522875816993464
3 0.2761029411764706 0.06666666666666667 0.021323529411764706 0.0522875816993464
3 0.2588235294117647 0.01503267973856209 0.01911764705882353 0.02222222222222222
3 0.3636029411764706 0.01503267973856209 0.01838235294117647 0.027450980392156862
3 0.3900735294117647 0.01633986928104575 0.01838235294117647 0.027450980392156862
3 0.3805147058823529 0.06274509803921569 0.021323529411764706 0.0392156862745098
3 0.4091911764705882 0.03464052287581699 0.015441176470588236 0.05359477124183006
3 0.45 0.09673202614379084 0.023529411764705882 0.04183006535947712
3 0.4602941176470588 0.12549019607843137 0.016176470588235292 0.04967320261437908
3 0.47941176470588237 0.12549019607843137 0.01764705882352941 0.06274509803921569
3 0.5077205882352941 0.10784313725490195 0.02426470588235294 0.0457516339869281
3 0.5441176470588235 0.09084967320261438 0.020588235294117647 0.050980392156862744
3 0.555514705882353 0.01045751633986928 0.027205882352941177 0.02091503267973856
3 0.7573529411764706 0.023529411764705882 0.029411764705882353 0.03660130718954248
3 0.7194852941176471 0.06470588235294117 0.030147058823529412 0.03529411764705882
3 0.8683823529411765 0.06993464052287582 0.01764705882352941 0.043137254901960784
3 0.8117647058823529 0.21372549019607842 0.03676470588235294 0.03529411764705882
3 0.8716911764705882 0.2764705882352941 0.01838235294117647 0.043137254901960784
3 0.8183823529411764 0.35424836601307186 0.029411764705882353 0.03398692810457516
3 0.8474264705882353 0.31045751633986923 0.027205882352941177 0.05359477124183006
3 0.8397058823529412 0.418954248366013 0.032352941176470584 0.03006535947712418
3 0.8058823529411765 0.47124183006535947 0.027941176470588233 0.04836601307189542
3 0.7889705882352941 0.49542483660130715 0.030882352941176472 0.04183006535947712
3 0.7669117647058823 0.5169934640522875 0.030882352941176472 0.03529411764705882
3 0.7334558823529411 0.5424836601307189 0.04044117647058824 0.03660130718954248
3 0.6948529411764706 0.6013071895424836 0.03676470588235294 0.03660130718954248
3 0.6875 0.6444444444444444 0.026470588235294117 0.03660130718954248
3 0.8591911764705882 0.3398692810457516 0.027205882352941177 0.03398692810457516
3 0.6698529411764705 0.6673202614379085 0.020588235294117647 0.043137254901960784
3 0.6724264705882352 0.7137254901960783 0.030147058823529412 0.03398692810457516
3 0.6702205882352941 0.7843137254901961 0.025735294117647058 0.06013071895424836
3 0.6933823529411764 0.8431372549019607 0.027941176470588233 0.054901960784313725
3 0.7165441176470588 0.9183006535947712 0.027205882352941177 0.058823529411764705
3 0.7433823529411765 0.9771241830065359 0.022058823529411763 0.03790849673202614
3 0.5838235294117647 0.8797385620915033 0.026470588235294117 0.06013071895424836
3 0.5073529411764706 0.9091503267973856 0.03529411764705882 0.04836601307189542
3 0.5544117647058824 0.7712418300653594 0.022058823529411763 0.05751633986928104
3 0.42463235294117646 0.8673202614379084 0.0375 0.03006535947712418
