5 0.5338541666666666 0.5703703703703704 0.042708333333333334 0.1962962962962963
5 0.41302083333333334 0.3787037037037037 0.03229166666666666 0.10925925925925926
1 0.39427083333333335 0.5046296296296297 0.007291666666666667 0.024074074074074074
9 0.39427083333333335 0.5185185185185185 0.017708333333333333 0.022222222222222223
3 0.4197916666666667 0.9740740740740741 0.05 0.04814814814814815
3 0.5854166666666667 0.4101851851851852 0.025 0.04259259259259259
1 0.5666666666666667 0.4166666666666667 0.00625 0.022222222222222223
0 0.5546875 0.412962962962963 0.007291666666666667 0.018518518518518517
9 0.5541666666666667 0.41944444444444445 0.0125 0.016666666666666666
9 0.56875 0.42592592592592593 0.0125 0.018518518518518517
3 0.5588541666666667 0.23981481481481481 0.017708333333333333 0.02777777777777778
1 0.58125 0.2518518518518519 0.00625 0.011111111111111112
9 0.5807291666666666 0.2564814814814815 0.013541666666666667 0.016666666666666666
5 0.5067708333333333 0.17592592592592593 0.011458333333333333 0.02592592592592593
3 0.5072916666666667 0.1527777777777778 0.0125 0.016666666666666666
1 0.5520833333333334 0.20277777777777778 0.004166666666666667 0.012962962962962964
9 0.5510416666666667 0.20740740740740743 0.0125 0.011111111111111112
4 0.575 0.20925925925925926 0.0125 0.02962962962962963
4 0.60625 0.27314814814814814 0.01875 0.031481481481481485
1 0.6442708333333333 0.24166666666666667 0.009375 0.02777777777777778
1 0.6791666666666667 0.3111111111111111 0.008333333333333333 0.022222222222222223
1 0.6864583333333333 0.3148148148148148 0.008333333333333333 0.02592592592592593
1 0.9661458333333334 0.26851851851851855 0.005208333333333333 0.014814814814814815
9 0.9671875 0.27685185185185185 0.015625 0.020370370370370372
1 0.9447916666666667 0.25462962962962965 0.004166666666666667 0.016666666666666666
9 0.9458333333333333 0.2601851851851852 0.014583333333333334 0.012962962962962964
0 0.7479166666666667 0.5175925925925926 0.010416666666666666 0.03518518518518519
