3 0.4125 0.4006535947712418 0.057352941176470586 0.1503267973856209
3 0.6077205882352941 0.4444444444444444 0.07279411764705883 0.13856209150326795
3 0.14044117647058824 0.6411764705882352 0.12205882352941176 0.1790849673202614
3 0.04264705882352941 0.7725490196078431 0.08676470588235294 0.19346405228758168
0 0.9841911764705882 0.5183006535947712 0.030147058823529412 0.07712418300653594
9 0.9058823529411765 0.5143790849673202 0.047058823529411764 0.05620915032679738
0 0.9386029411764706 0.3071895424836601 0.027205882352941177 0.08104575163398692
0 0.9047794117647059 0.2849673202614379 0.0125 0.06274509803921569
0 0.7084558823529412 0.1241830065359477 0.0125 0.06274509803921569
0 0.6856617647058824 0.1196078431372549 0.011029411764705881 0.05359477124183006
0 0.611764705882353 0.07908496732026143 0.014705882352941176 0.05359477124183006
9 0.6360294117647058 0.05359477124183006 0.025 0.03137254901960784
9 0.6621323529411764 0.14313725490196078 0.027205882352941177 0.03790849673202614
9 0.6720588235294117 0.14901960784313725 0.032352941176470584 0.03398692810457516
9 0.2878676470588235 0.39215686274509803 0.03897058823529412 0.04183006535947712
