0 0.8794117647058823 0.9084967320261438 0.01764705882352941 0.05751633986928104
0 0.8466911764705882 0.8366013071895424 0.015441176470588236 0.0522875816993464
3 0.5790441176470588 0.8320261437908496 0.04338235294117647 0.15294117647058822
3 0.4375 0.8124183006535947 0.044117647058823525 0.14509803921568626
4 0.4279411764705882 0.957516339869281 0.041176470588235294 0.08235294117647059
9 0.3323529411764706 0.7104575163398692 0.013235294117647059 0.050980392156862744
2 0.3628676470588235 0.7732026143790849 0.027205882352941177 0.043137254901960784
9 0.3841911764705882 0.7496732026143791 0.03455882352941177 0.0326797385620915
9 0.3875 0.6862745098039216 0.032352941176470584 0.03398692810457516
0 0.34963235294117645 0.5124183006535947 0.0125 0.0261437908496732
0 0.9595588235294118 0.5901960784313726 0.01764705882352941 0.050980392156862744
1 0.9764705882352941 0.6013071895424836 0.01764705882352941 0.0392156862745098
0 0.4786764705882353 0.6620915032679738 0.007352941176470588 0.0457516339869281
0 0.49779411764705883 0.645751633986928 0.013235294117647059 0.04183006535947712
0 0.5095588235294117 0.6483660130718953 0.007352941176470588 0.047058823529411764
3 0.5 0.7209150326797386 0.045588235294117645 0.12941176470588234
3 0.4963235294117647 0.5202614379084967 0.033823529411764704 0.10196078431372549
3 0.4540441176470588 0.5209150326797385 0.03308823529411765 0.09542483660130718
3 0.4647058823529412 0.4352941176470588 0.03529411764705882 0.0915032679738562
3 0.45955882352941174 0.3588235294117647 0.05 0.08235294117647059
9 0.4073529411764706 0.19869281045751633 0.007352941176470588 0.0261437908496732
1 0.4176470588235294 0.09869281045751634 0.007352941176470588 0.02222222222222222
3 0.4290441176470588 0.01764705882352941 0.04044117647058824 0.03006535947712418
3 0.43786764705882353 0.01045751633986928 0.03308823529411765 0.02091503267973856
3 0.46875 0.2797385620915033 0.02426470588235294 0.06797385620915032
4 0.47610294117647056 0.2222222222222222 0.02426470588235294 0.06797385620915032
3 0.4742647058823529 0.16666666666666666 0.023529411764705882 0.05620915032679738
3 0.4764705882352941 0.11895424836601307 0.020588235294117647 0.047058823529411764
3 0.48161764705882354 0.08627450980392157 0.01764705882352941 0.04444444444444444
3 0.48051470588235295 0.043137254901960784 0.019852941176470587 0.04444444444444444
4 0.5220588235294118 0.09215686274509803 0.01911764705882353 0.04052287581699346
9 0.5301470588235294 0.03856209150326797 0.004411764705882353 0.02222222222222222
1 0.5305147058823529 0.03464052287581699 0.005147058823529412 0.0196078431372549
9 0.8459558823529412 0.5450980392156862 0.030147058823529412 0.0392156862745098
9 0.8400735294117647 0.5045751633986928 0.030147058823529412 0.03660130718954248
9 0.836764705882353 0.4810457516339869 0.026470588235294117 0.03660130718954248
3 0.7275735294117647 0.4444444444444444 0.04191176470588235 0.07581699346405228
3 0.6911764705882353 0.2954248366013072 0.027941176470588233 0.054901960784313725
3 0.7058823529411764 0.35620915032679734 0.032352941176470584 0.06143790849673202
3 0.6341911764705882 0.13529411764705881 0.019852941176470587 0.04052287581699346
3 0.680514705882353 0.2392156862745098 0.025735294117647058 0.047058823529411764
3 0.6669117647058823 0.17973856209150327 0.023529411764705882 0.04052287581699346
0 0.6095588235294117 0.00784313725490196 0.007352941176470588 0.01830065359477124
3 0.6323529411764706 0.03660130718954248 0.020588235294117647 0.03137254901960784
3 0.6408088235294117 0.06339869281045751 0.016911764705882352 0.03006535947712418
3 0.6481617647058824 0.09869281045751634 0.016911764705882352 0.0326797385620915
3 0.9426470588235294 0.42483660130718953 0.05 0.03660130718954248
3 0.9238970588235293 0.3901960784313725 0.05514705882352941 0.0457516339869281
3 0.9077205882352941 0.35686274509803917 0.05367647058823529 0.0522875816993464
3 0.8805147058823529 0.3006535947712418 0.05367647058823529 0.047058823529411764
3 0.8577205882352941 0.24509803921568626 0.05955882352941176 0.04836601307189542
3 0.8323529411764706 0.1915032679738562 0.051470588235294115 0.04052287581699346
3 0.825 0.16666666666666666 0.05 0.03790849673202614
3 0.8106617647058824 0.14640522875816991 0.04338235294117647 0.03660130718954248
3 0.9768382352941176 0.1849673202614379 0.0375 0.05620915032679738
3 0.9764705882352941 0.07058823529411765 0.032352941176470584 0.04183006535947712
3 0.8871323529411764 0.07254901960784313 0.027205882352941177 0.04052287581699346
3 0.9158088235294117 0.0673202614379085 0.030147058823529412 0.04052287581699346
3 0.8665441176470589 0.07320261437908496 0.028676470588235293 0.03660130718954248
