4 0.4197916666666667 0.9351851851851852 0.09375 0.12592592592592594
9 0.4041666666666667 0.837962962962963 0.014583333333333334 0.05740740740740741
3 0.4635416666666667 0.7796296296296297 0.05625 0.07407407407407407
3 0.5229166666666667 0.6851851851851852 0.03333333333333333 0.05555555555555556
3 0.6020833333333333 0.6231481481481481 0.022916666666666665 0.053703703703703705
3 0.6796875 0.5925925925925926 0.026041666666666668 0.05555555555555556
4 0.8333333333333334 0.6046296296296296 0.027083333333333334 0.05
3 0.7958333333333333 0.4388888888888889 0.016666666666666666 0.02592592592592593
3 0.7276041666666666 0.31851851851851853 0.019791666666666666 0.014814814814814815
3 0.63125 0.5324074074074074 0.020833333333333332 0.04259259259259259
3 0.6041666666666666 0.4981481481481482 0.0375 0.02962962962962963
3 0.6255208333333333 0.45 0.019791666666666666 0.02962962962962963
3 0.6322916666666667 0.4324074074074074 0.03333333333333333 0.024074074074074074
3 0.6348958333333333 0.4175925925925926 0.03229166666666666 0.024074074074074074
3 0.6895833333333333 0.375 0.014583333333333334 0.020370370370370372
5 0.8572916666666667 0.5055555555555555 0.016666666666666666 0.02962962962962963
3 0.8572916666666667 0.4675925925925926 0.020833333333333332 0.03518518518518519
3 0.9385416666666666 0.513888888888889 0.05 0.02777777777777778
3 0.9260416666666667 0.46851851851851856 0.03958333333333333 0.02962962962962963
3 0.9692708333333333 0.5916666666666667 0.059375 0.0462962962962963
0 0.9197916666666667 0.9157407407407407 0.014583333333333334 0.0462962962962963
3 0.7828125 0.950925925925926 0.090625 0.09444444444444444
3 0.8161458333333333 0.3574074074074074 0.011458333333333333 0.018518518518518517
3 0.8229166666666666 0.34444444444444444 0.0125 0.018518518518518517
3 0.778125 0.2796296296296296 0.00625 0.011111111111111112
3 0.8020833333333334 0.2675925925925926 0.008333333333333333 0.009259259259259259
3 0.8072916666666666 0.2814814814814815 0.00625 0.011111111111111112
3 0.8119791666666667 0.2953703703703704 0.007291666666666667 0.012962962962962964
3 0.8140625 0.3092592592592593 0.009375 0.011111111111111112
3 0.8161458333333333 0.3175925925925926 0.011458333333333333 0.012962962962962964
3 0.8192708333333333 0.3287037037037037 0.009375 0.016666666666666666
3 0.9541666666666666 0.44351851851851853 0.020833333333333332 0.03518518518518519
3 0.7828125 0.23240740740740742 0.011458333333333333 0.009259259259259259
3 0.7942708333333334 0.24074074074074076 0.005208333333333333 0.007407407407407408
3 0.7104166666666667 0.3055555555555556 0.008333333333333333 0.014814814814814815
3 0.7229166666666667 0.27037037037037037 0.010416666666666666 0.011111111111111112
3 0.7208333333333333 0.27870370370370373 0.008333333333333333 0.012962962962962964
3 0.7177083333333333 0.2833333333333333 0.008333333333333333 0.014814814814814815
3 0.7151041666666667 0.2935185185185185 0.007291666666666667 0.012962962962962964
3 0.4947916666666667 0.6175925925925926 0.035416666666666666 0.05740740740740741
0 0.46770833333333334 0.6370370370370371 0.008333333333333333 0.03333333333333333
0 0.4609375 0.6407407407407407 0.007291666666666667 0.03333333333333333
0 0.45260416666666664 0.638888888888889 0.007291666666666667 0.037037037037037035
3 0.06666666666666667 0.44907407407407407 0.041666666666666664 0.020370370370370372
6 0.18541666666666667 0.525 0.020833333333333332 0.031481481481481485
6 0.09166666666666666 0.5444444444444445 0.01875 0.02962962962962963
6 0.12916666666666665 0.5685185185185185 0.03125 0.03333333333333333
0 0.22291666666666665 0.6083333333333334 0.010416666666666666 0.03518518518518519
6 0.15677083333333333 0.5101851851851852 0.028125 0.031481481481481485
6 0.10416666666666667 0.4851851851851852 0.020833333333333332 0.02962962962962963
6 0.04479166666666667 0.47962962962962963 0.027083333333333334 0.03333333333333333
6 0.050520833333333334 0.4638888888888889 0.021875 0.024074074074074074
9 0.9072916666666666 0.6425925925925926 0.0125 0.037037037037037035
9 0.04479166666666667 0.5351851851851852 0.0125 0.018518518518518517
3 0.8307291666666666 0.38703703703703707 0.013541666666666667 0.018518518518518517
3 0.8385416666666666 0.4046296296296297 0.016666666666666666 0.020370370370370372
5 0.8489583333333334 0.4324074074074074 0.020833333333333332 0.03518518518518519
