0 0.5522058823529412 0.4784313725490196 0.007352941176470588 0.03398692810457516
0 0.5400735294117647 0.5660130718954248 0.006617647058823529 0.04183006535947712
0 0.5334558823529412 0.5738562091503268 0.006617647058823529 0.02091503267973856
0 0.3779411764705882 0.618954248366013 0.010294117647058823 0.03790849673202614
1 0.17573529411764705 0.5771241830065359 0.014705882352941176 0.03529411764705882
0 0.23161764705882354 0.5771241830065359 0.007352941176470588 0.0457516339869281
1 0.22389705882352942 0.5660130718954248 0.006617647058823529 0.023529411764705882
0 0.2363970588235294 0.5169934640522875 0.006617647058823529 0.04052287581699346
0 0.31029411764705883 0.5124183006535947 0.008823529411764706 0.0392156862745098
0 0.3264705882352941 0.4941176470588235 0.008823529411764706 0.03660130718954248
2 0.3724264705882353 0.4895424836601307 0.0125 0.027450980392156862
6 0.3584558823529412 0.49019607843137253 0.022794117647058822 0.02091503267973856
3 0.15698529411764706 0.2771241830065359 0.030147058823529412 0.01568627450980392
9 0.09301470588235294 0.28627450980392155 0.009558823529411765 0.0130718954248366
0 0.38125 0.31633986928104574 0.005147058823529412 0.02091503267973856
1 0.3948529411764706 0.3830065359477124 0.007352941176470588 0.0261437908496732
0 0.34411764705882353 0.388235294117647 0.004411764705882353 0.03137254901960784
1 0.3466911764705882 0.38954248366013067 0.005147058823529412 0.01568627450980392
0 0.47205882352941175 0.36732026143790847 0.004411764705882353 0.0261437908496732
1 0.4606617647058823 0.3686274509803921 0.005147058823529412 0.01568627450980392
0 0.45588235294117646 0.36209150326797385 0.0029411764705882353 0.01568627450980392
3 0.6507352941176471 0.2542483660130719 0.022058823529411763 0.0196078431372549
0 0.7676470588235293 0.40392156862745093 0.004411764705882353 0.0261437908496732
1 0.7709558823529412 0.4006535947712418 0.005147058823529412 0.011764705882352941
0 0.7863970588235294 0.7450980392156862 0.015441176470588236 0.0522875816993464
3 0.9720588235294118 0.3222222222222222 0.03676470588235294 0.02483660130718954
4 0.9095588235294118 0.28169934640522876 0.025 0.0196078431372549
0 0.8764705882352941 0.39999999999999997 0.004411764705882353 0.02091503267973856
0 0.8735294117647059 0.39477124183006534 0.007352941176470588 0.0261437908496732
0 0.9036764705882353 0.5156862745098039 0.007352941176470588 0.03006535947712418
0 0.9952205882352941 0.9281045751633986 0.008088235294117646 0.07320261437908496
0 0.9867647058823529 0.9235294117647058 0.011764705882352941 0.04836601307189542
3 0.9647058823529412 0.8209150326797385 0.060294117647058824 0.09934640522875816
1 0.8834558823529411 0.8117647058823528 0.015441176470588236 0.0392156862745098
0 0.9283088235294118 0.80718954248366 0.009558823529411765 0.05620915032679738
0 0.9154411764705882 0.8006535947712418 0.010294117647058823 0.05359477124183006
0 0.919485294117647 0.8176470588235294 0.015441176470588236 0.06143790849673202
1 0.9202205882352941 0.80718954248366 0.006617647058823529 0.0326797385620915
6 0.8919117647058823 0.8398692810457515 0.044117647058823525 0.07712418300653594
6 0.9238970588235293 0.7738562091503267 0.03455882352941177 0.07581699346405228
0 0.9077205882352941 0.6908496732026144 0.011029411764705881 0.050980392156862744
4 0.8731617647058824 0.665359477124183 0.05514705882352941 0.10196078431372549
0 0.8977941176470589 0.6562091503267974 0.007352941176470588 0.04444444444444444
3 0.9915441176470589 0.4032679738562091 0.015441176470588236 0.04052287581699346
0 0.9808823529411764 0.430718954248366 0.007352941176470588 0.027450980392156862
0 0.9735294117647059 0.43464052287581695 0.007352941176470588 0.02483660130718954
1 0.9595588235294118 0.43725490196078426 0.007352941176470588 0.0196078431372549
4 0.9926470588235294 0.46732026143790845 0.013235294117647059 0.04052287581699346
0 0.950735294117647 0.6705882352941176 0.014705882352941176 0.0522875816993464
0 0.9613970588235294 0.6581699346405229 0.009558823529411765 0.04836601307189542
0 0.9566176470588235 0.6437908496732025 0.007352941176470588 0.04836601307189542
0 0.9371323529411765 0.626797385620915 0.009558823529411765 0.04836601307189542
0 0.9198529411764705 0.6078431372549019 0.010294117647058823 0.04967320261437908
3 0.9136029411764706 0.6013071895424836 0.009558823529411765 0.0392156862745098
3 0.8889705882352941 0.5967320261437908 0.047058823529411764 0.06928104575163398
2 0.9830882352941176 0.618954248366013 0.014705882352941176 0.0326797385620915
0 0.9856617647058823 0.6176470588235293 0.013970588235294117 0.04052287581699346
7 0.9463235294117647 0.5529411764705882 0.027941176470588233 0.05751633986928104
3 0.9588235294117647 0.5026143790849673 0.04264705882352941 0.043137254901960784
0 0.9727941176470588 0.5045751633986928 0.0058823529411764705 0.04183006535947712
7 0.9669117647058824 0.5248366013071895 0.032352941176470584 0.058823529411764705
0 0.9834558823529411 0.5235294117647058 0.009558823529411765 0.0326797385620915
0 0.9970588235294118 0.5294117647058824 0.004411764705882353 0.03660130718954248
0 0.9874999999999999 0.5241830065359476 0.010294117647058823 0.04183006535947712
