0 0.7666666666666666 0.8532407407407407 0.026041666666666668 0.14537037037037037
0 0.8171875 0.8657407407407408 0.026041666666666668 0.14074074074074075
0 0.8666666666666667 0.924537037037037 0.036458333333333336 0.14907407407407408
0 0.87734375 0.8703703703703703 0.0265625 0.14444444444444446
2 0.9421875 0.8611111111111112 0.04375 0.11296296296296297
0 0.9416666666666667 0.8435185185185186 0.034375 0.12222222222222223
0 0.9752604166666666 0.8189814814814815 0.027604166666666666 0.1212962962962963
0 0.76796875 0.6736111111111112 0.0140625 0.0787037037037037
0 0.7484375 0.6708333333333334 0.01875 0.0638888888888889
0 0.8778645833333333 0.7481481481481482 0.0203125 0.10555555555555556
0 0.8755208333333333 0.7138888888888889 0.016666666666666666 0.09444444444444444
0 0.4635416666666667 0.8722222222222222 0.021875 0.15925925925925927
0 0.4380208333333333 0.8925925925925926 0.02395833333333333 0.1537037037037037
0 0.41302083333333334 0.8689814814814815 0.020833333333333332 0.16203703703703703
0 0.4010416666666667 0.8722222222222222 0.017708333333333333 0.11296296296296297
0 0.4278645833333333 0.8555555555555556 0.022395833333333334 0.15185185185185185
0 0.46979166666666666 0.7513888888888889 0.026041666666666668 0.1175925925925926
0 0.30052083333333335 0.8476851851851852 0.03333333333333333 0.14907407407407408
0 0.2739583333333333 0.8453703703703704 0.029166666666666667 0.14444444444444446
0 0.15416666666666667 0.9402777777777778 0.042708333333333334 0.1175925925925926
0 0.08411458333333333 0.9203703703703704 0.04114583333333333 0.1574074074074074
0 0.3109375 0.800462962962963 0.027083333333333334 0.1212962962962963
0 0.27291666666666664 0.7819444444444444 0.026041666666666668 0.1175925925925926
0 0.2421875 0.7898148148148149 0.026041666666666668 0.12222222222222223
0 0.36041666666666666 0.7472222222222222 0.020833333333333332 0.10555555555555556
0 0.3390625 0.7439814814814815 0.017708333333333333 0.10092592592592593
0 0.1609375 0.7787037037037038 0.03229166666666666 0.1277777777777778
0 0.10911458333333333 0.7861111111111111 0.0234375 0.13148148148148148
0 0.08098958333333334 0.7967592592592593 0.024479166666666666 0.1212962962962963
0 0.06796875 0.7787037037037038 0.0296875 0.12592592592592594
0 0.03046875 0.7537037037037038 0.027604166666666666 0.11851851851851852
0 0.018489583333333334 0.7481481481481482 0.022395833333333334 0.13148148148148148
0 0.20104166666666667 0.7111111111111111 0.01875 0.09074074074074075
0 0.17473958333333334 0.6824074074074075 0.0171875 0.0962962962962963
0 0.2747395833333333 0.6615740740740741 0.0140625 0.07685185185185185
0 0.3125 0.6518518518518519 0.015625 0.06851851851851852
0 0.35963541666666665 0.6796296296296297 0.015104166666666667 0.07777777777777778
0 0.40338541666666666 0.6569444444444444 0.011979166666666666 0.0712962962962963
0 0.41796875 0.6555555555555556 0.018229166666666668 0.08148148148148149
0 0.4947916666666667 0.674074074074074 0.0125 0.08148148148148149
0 0.5080729166666667 0.6787037037037037 0.013020833333333334 0.08148148148148149
0 0.51484375 0.6921296296296297 0.013020833333333334 0.08796296296296297
0 0.5255208333333333 0.6953703703703704 0.015625 0.08888888888888889
0 0.5265625 0.650462962962963 0.011458333333333333 0.06944444444444445
0 0.3520833333333333 0.6444444444444445 0.013541666666666667 0.07037037037037037
0 0.3421875 0.611574074074074 0.010416666666666666 0.06574074074074074
0 0.4010416666666667 0.5782407407407407 0.008333333333333333 0.03796296296296296
0 0.40729166666666666 0.5796296296296296 0.007291666666666667 0.044444444444444446
0 0.4296875 0.5736111111111112 0.007291666666666667 0.04166666666666667
0 0.421875 0.5768518518518518 0.00625 0.037037037037037035
0 0.4140625 0.575462962962963 0.008333333333333333 0.04351851851851852
0 0.4109375 0.5699074074074074 0.005208333333333333 0.03981481481481482
0 0.39739583333333334 0.5550925925925926 0.007291666666666667 0.030555555555555558
0 0.4317708333333333 0.5449074074074074 0.00625 0.032407407407407406
0 0.4578125 0.5953703703703704 0.009375 0.040740740740740744
2 0.45807291666666666 0.6083333333333334 0.01614583333333333 0.03333333333333333
0 0.4497395833333333 0.5703703703703704 0.005729166666666666 0.02592592592592593
0 0.45598958333333334 0.5652777777777778 0.0078125 0.03981481481481482
0 0.5265625 0.6078703703703704 0.008333333333333333 0.049074074074074076
0 0.5385416666666667 0.6055555555555556 0.00625 0.03518518518518519
0 0.5466145833333333 0.5972222222222222 0.009895833333333333 0.05185185185185186
0 0.5440104166666666 0.5712962962962963 0.0078125 0.0462962962962963
0 0.5239583333333333 0.5675925925925926 0.007291666666666667 0.04814814814814815
0 0.5018229166666667 0.5652777777777778 0.0067708333333333336 0.032407407407407406
0 0.4921875 0.5680555555555555 0.00625 0.028703703703703703
0 0.7497395833333333 0.6439814814814815 0.013020833333333334 0.062037037037037036
0 0.7364583333333333 0.6199074074074075 0.0125 0.0638888888888889
0 0.7260416666666667 0.6185185185185186 0.010416666666666666 0.06851851851851852
0 0.6671875 0.6435185185185185 0.011458333333333333 0.06851851851851852
0 0.6778645833333333 0.6416666666666667 0.011979166666666666 0.07407407407407407
0 0.6854166666666667 0.6171296296296297 0.010416666666666666 0.06018518518518519
0 0.6596354166666667 0.6018518518518519 0.0109375 0.0462962962962963
0 0.64921875 0.5981481481481482 0.0109375 0.05555555555555556
0 0.6684895833333333 0.5814814814814815 0.0078125 0.04814814814814815
0 0.6291666666666667 0.5861111111111111 0.010416666666666666 0.044444444444444446
0 0.6197916666666666 0.5888888888888889 0.007291666666666667 0.04259259259259259
0 0.5783854166666667 0.7759259259259259 0.019270833333333334 0.10555555555555556
0 0.5666666666666667 0.7652777777777778 0.014583333333333334 0.11944444444444445
4 0.6205729166666667 0.6972222222222223 0.06822916666666666 0.16481481481481483
0 0.5984375 0.5587962962962963 0.00625 0.036111111111111115
0 0.5934895833333333 0.5532407407407408 0.0026041666666666665 0.028703703703703703
0 0.58984375 0.5541666666666667 0.0046875 0.028703703703703703
0 0.6111979166666667 0.5712962962962963 0.0067708333333333336 0.037037037037037035
0 0.6171875 0.5712962962962963 0.008333333333333333 0.03888888888888889
0 0.6205729166666667 0.5671296296296297 0.005729166666666666 0.036111111111111115
0 0.6223958333333334 0.5638888888888889 0.00625 0.037037037037037035
0 0.64296875 0.5703703703703704 0.0046875 0.03888888888888889
0 0.64921875 0.5652777777777778 0.008854166666666666 0.04166666666666667
0 0.6833333333333333 0.5800925925925926 0.009375 0.04351851851851852
3 0.7104166666666667 0.5782407407407407 0.06354166666666666 0.05092592592592593
3 0.6947916666666667 0.5555555555555556 0.025 0.03333333333333333
3 0.10338541666666666 0.7185185185185186 0.019270833333333334 0.10925925925925926
