3 0.3011029411764706 0.9581699346405228 0.10220588235294117 0.08104575163398692
3 0.31985294117647056 0.8830065359477124 0.1 0.08758169934640522
3 0.3363970588235294 0.8150326797385621 0.09338235294117647 0.0718954248366013
3 0.7294117647058823 0.9248366013071895 0.1 0.09542483660130718
3 0.7154411764705882 0.8555555555555555 0.10294117647058823 0.07712418300653594
3 0.7356617647058823 0.7385620915032679 0.09338235294117647 0.065359477124183
3 0.7448529411764706 0.6973856209150326 0.08970588235294118 0.05620915032679738
3 0.7536764705882353 0.5601307189542484 0.06470588235294117 0.043137254901960784
3 0.7503676470588235 0.44967320261437904 0.05808823529411765 0.04967320261437908
3 0.5654411764705882 0.43660130718954243 0.052941176470588235 0.04183006535947712
4 0.6889705882352941 0.5052287581699346 0.07058823529411765 0.058823529411764705
4 0.4786764705882353 0.1980392156862745 0.039705882352941174 0.0326797385620915
4 0.5073529411764706 0.12483660130718953 0.025 0.02222222222222222
4 0.7066176470588236 0.7784313725490195 0.07941176470588235 0.08758169934640522
6 0.74375 0.657516339869281 0.05955882352941176 0.06013071895424836
3 0.44779411764705884 0.30849673202614375 0.04852941176470588 0.0392156862745098
3 0.5136029411764705 0.3457516339869281 0.027205882352941177 0.06405228758169934
3 0.44926470588235295 0.36732026143790847 0.022058823529411763 0.04967320261437908
3 0.4779411764705882 0.3503267973856209 0.020588235294117647 0.047058823529411764
3 0.5944852941176471 0.3627450980392157 0.019852941176470587 0.04836601307189542
3 0.5625 0.3633986928104575 0.01911764705882353 0.047058823529411764
3 0.5790441176470588 0.24248366013071893 0.04632352941176471 0.03006535947712418
3 0.5816176470588236 0.22483660130718952 0.041176470588235294 0.0261437908496732
3 0.5779411764705882 0.21045751633986925 0.03676470588235294 0.023529411764705882
0 0.4849264705882353 0.2830065359477124 0.005147058823529412 0.027450980392156862
0 0.47610294117647056 0.2588235294117647 0.005147058823529412 0.0261437908496732
3 0.46911764705882353 0.24967320261437906 0.039705882352941174 0.03398692810457516
3 0.46948529411764706 0.24052287581699344 0.0375 0.02875816993464052
3 0.4647058823529412 0.22287581699346404 0.03823529411764706 0.03006535947712418
3 0.4724264705882353 0.21241830065359477 0.0375 0.027450980392156862
3 0.49779411764705883 0.15359477124183005 0.033823529411764704 0.02222222222222222
3 0.4985294117647059 0.14509803921568626 0.032352941176470584 0.023529411764705882
3 0.5011029411764706 0.13333333333333333 0.030147058823529412 0.02091503267973856
3 0.506985294117647 0.11895424836601307 0.030147058823529412 0.0261437908496732
3 0.5091911764705882 0.11045751633986928 0.028676470588235293 0.02222222222222222
3 0.5095588235294117 0.10196078431372549 0.027941176470588233 0.01830065359477124
2 0.5363970588235294 0.09738562091503267 0.003676470588235294 0.011764705882352941
9 0.5338235294117647 0.09738562091503267 0.004411764705882353 0.01437908496732026
9 0.5279411764705882 0.09738562091503267 0.0058823529411764705 0.011764705882352941
3 0.5672794117647059 0.11895424836601307 0.015441176470588236 0.02091503267973856
3 0.6286764705882353 0.1241830065359477 0.014705882352941176 0.02091503267973856
3 0.6727941176470588 0.10915032679738561 0.013235294117647059 0.0196078431372549
3 0.7297794117647058 0.11568627450980391 0.022794117647058822 0.02222222222222222
4 0.8731617647058824 0.14901960784313725 0.03161764705882353 0.0261437908496732
3 0.8334558823529412 0.134640522875817 0.016911764705882352 0.023529411764705882
3 0.8327205882352942 0.12026143790849672 0.01838235294117647 0.01568627450980392
0 0.8128676470588235 0.31699346405228757 0.009558823529411765 0.027450980392156862
