1 0.8434895833333333 0.9185185185185185 0.0296875 0.13518518518518519
2 0.84609375 0.9430555555555556 0.0765625 0.09907407407407408
7 0.9770833333333333 0.7541666666666667 0.04479166666666667 0.09537037037037037
2 0.8716145833333333 0.7550925925925926 0.0359375 0.05462962962962963
2 0.91796875 0.7550925925925926 0.0421875 0.05648148148148149
3 0.79296875 0.774537037037037 0.1546875 0.10462962962962963
1 0.7864583333333334 0.7680555555555556 0.03125 0.05277777777777778
0 0.5947916666666666 0.9078703703703704 0.036458333333333336 0.13796296296296298
0 0.5322916666666666 0.8712962962962963 0.029166666666666667 0.1277777777777778
0 0.5052083333333334 0.8662037037037037 0.029166666666666667 0.14537037037037037
1 0.28671875 0.8180555555555555 0.0234375 0.08611111111111111
0 0.055989583333333336 0.9222222222222223 0.0421875 0.15
0 0.10416666666666667 0.9222222222222223 0.042708333333333334 0.1537037037037037
0 0.15963541666666667 0.8925925925925926 0.025520833333333333 0.13703703703703704
0 0.19114583333333332 0.8930555555555556 0.025 0.1398148148148148
0 0.22239583333333332 0.8939814814814815 0.03125 0.13796296296296298
0 0.20026041666666666 0.8060185185185186 0.018229166666666668 0.11203703703703705
0 0.15598958333333332 0.7546296296296297 0.022395833333333334 0.10555555555555556
0 0.13854166666666667 0.7550925925925926 0.025 0.09722222222222222
0 0.062239583333333334 0.7569444444444444 0.018229166666666668 0.06018518518518519
0 0.07291666666666667 0.7430555555555556 0.019791666666666666 0.09351851851851853
0 0.0921875 0.7449074074074075 0.022916666666666665 0.10648148148148148
0 0.2630208333333333 0.7305555555555556 0.017708333333333333 0.08518518518518518
0 0.3692708333333333 0.7425925925925926 0.014583333333333334 0.0925925925925926
0 0.29921875 0.6962962962962963 0.0140625 0.07777777777777778
0 0.28541666666666665 0.6930555555555555 0.013541666666666667 0.08055555555555556
0 0.2622395833333333 0.6393518518518518 0.0171875 0.05648148148148149
0 0.21432291666666667 0.6310185185185185 0.011979166666666666 0.058333333333333334
0 0.21979166666666666 0.6143518518518519 0.007291666666666667 0.05648148148148149
0 0.23046875 0.6245370370370371 0.009895833333333333 0.058333333333333334
0 0.24479166666666666 0.6171296296296297 0.007291666666666667 0.05277777777777778
0 0.24036458333333333 0.6138888888888889 0.0067708333333333336 0.05185185185185186
0 0.23723958333333334 0.6092592592592593 0.005729166666666666 0.05
0 0.24296874999999998 0.6032407407407407 0.0078125 0.05462962962962963
0 0.25364583333333335 0.6037037037037037 0.010416666666666666 0.053703703703703705
0 0.2635416666666667 0.6064814814814815 0.010416666666666666 0.05
0 0.28151041666666665 0.6180555555555556 0.015104166666666667 0.049074074074074076
0 0.2890625 0.6546296296296297 0.014583333333333334 0.06851851851851852
0 0.3028645833333333 0.662962962962963 0.01614583333333333 0.06851851851851852
0 0.3046875 0.6148148148148148 0.010416666666666666 0.05185185185185186
0 0.28541666666666665 0.5949074074074074 0.008333333333333333 0.049074074074074076
0 0.3072916666666667 0.5810185185185185 0.008333333333333333 0.04166666666666667
0 0.2872395833333333 0.5898148148148148 0.0078125 0.04814814814814815
0 0.7572916666666667 0.6703703703703704 0.008333333333333333 0.04259259259259259
0 0.7359375 0.6773148148148148 0.011458333333333333 0.058333333333333334
0 0.7127604166666667 0.6703703703703704 0.015104166666666667 0.06851851851851852
9 0.69609375 0.7523148148148149 0.0390625 0.06018518518518519
1 0.6872395833333333 0.7398148148148148 0.021354166666666667 0.061111111111111116
1 0.69609375 0.7416666666666667 0.019270833333333334 0.08703703703703704
0 0.625 0.7652777777777778 0.01875 0.09166666666666667
0 0.6059895833333333 0.7601851851851852 0.019270833333333334 0.0925925925925926
0 0.66796875 0.6157407407407408 0.0109375 0.0462962962962963
0 0.6453125 0.6162037037037037 0.009375 0.049074074074074076
0 0.6203125 0.587962962962963 0.007291666666666667 0.04259259259259259
0 0.6125 0.6013888888888889 0.00625 0.03796296296296296
0 0.6098958333333333 0.5930555555555556 0.00625 0.03981481481481482
0 0.31979166666666664 0.6087962962962963 0.008333333333333333 0.04537037037037037
0 0.3260416666666667 0.6180555555555556 0.007291666666666667 0.049074074074074076
0 0.33098958333333334 0.6199074074074075 0.0067708333333333336 0.04722222222222222
0 0.3411458333333333 0.6189814814814815 0.008333333333333333 0.04166666666666667
0 0.3416666666666667 0.6148148148148148 0.009375 0.05
0 0.35104166666666664 0.6101851851851852 0.010416666666666666 0.044444444444444446
0 0.36041666666666666 0.6078703703703704 0.010416666666666666 0.05092592592592593
0 0.3716145833333333 0.6245370370370371 0.0109375 0.05648148148148149
0 0.3815104166666667 0.6097222222222223 0.008854166666666666 0.049074074074074076
0 0.3841145833333333 0.5856481481481481 0.0078125 0.04351851851851852
0 0.37734375 0.5884259259259259 0.0078125 0.036111111111111115
0 0.33046875 0.5935185185185186 0.0078125 0.044444444444444446
0 0.34296875 0.6777777777777778 0.0140625 0.07592592592592592
0 0.3572916666666667 0.6777777777777778 0.011458333333333333 0.07962962962962963
0 0.3796875 0.6717592592592593 0.014583333333333334 0.06944444444444445
0 0.3677083333333333 0.6773148148148148 0.013541666666666667 0.07685185185185185
0 0.42473958333333334 0.6819444444444445 0.013020833333333334 0.06944444444444445
0 0.42916666666666664 0.687962962962963 0.008333333333333333 0.07037037037037037
0 0.4375 0.6907407407407408 0.0125 0.06666666666666667
0 0.5005208333333333 0.6671296296296296 0.013541666666666667 0.06944444444444445
0 0.52109375 0.6680555555555556 0.013020833333333334 0.0712962962962963
0 0.5510416666666667 0.6606481481481482 0.010416666666666666 0.06759259259259259
0 0.5697916666666667 0.675 0.014583333333333334 0.07222222222222223
0 0.5947916666666666 0.6782407407407408 0.011458333333333333 0.06759259259259259
0 0.6080729166666666 0.6726851851851852 0.01614583333333333 0.075
0 0.5934895833333333 0.637962962962963 0.0109375 0.053703703703703705
0 0.58359375 0.6370370370370371 0.011979166666666666 0.05925925925925926
0 0.5817708333333333 0.6208333333333333 0.008333333333333333 0.049074074074074076
0 0.5885416666666666 0.6212962962962963 0.008333333333333333 0.04814814814814815
0 0.5966145833333333 0.6208333333333333 0.0078125 0.049074074074074076
0 0.5921875 0.5949074074074074 0.00625 0.04351851851851852
0 0.5973958333333333 0.5930555555555556 0.00625 0.04166666666666667
0 0.4505208333333333 0.6449074074074075 0.00625 0.04166666666666667
0 0.45859374999999997 0.638425925925926 0.0109375 0.062037037037037036
0 0.46041666666666664 0.6236111111111111 0.005208333333333333 0.021296296296296296
0 0.47734375 0.6069444444444445 0.0067708333333333336 0.04537037037037037
0 0.48593749999999997 0.6157407407407408 0.007291666666666667 0.04814814814814815
0 0.4947916666666667 0.6175925925925926 0.007291666666666667 0.04814814814814815
0 0.4479166666666667 0.5907407407407408 0.005208333333333333 0.03518518518518519
0 0.42916666666666664 0.5856481481481481 0.005208333333333333 0.04166666666666667
0 0.4315104166666667 0.5902777777777778 0.005729166666666666 0.036111111111111115
0 0.4510416666666667 0.5888888888888889 0.004166666666666667 0.03888888888888889
0 0.45651041666666664 0.5893518518518519 0.005729166666666666 0.03981481481481482
0 0.46041666666666664 0.5907407407407408 0.005208333333333333 0.03888888888888889
0 0.45677083333333335 0.5462962962962963 0.004166666666666667 0.02962962962962963
0 0.4614583333333333 0.5666666666666667 0.007291666666666667 0.037037037037037035
0 0.4630208333333333 0.5555555555555556 0.004166666666666667 0.024074074074074074
0 0.4630208333333333 0.5476851851851852 0.005208333333333333 0.030555555555555558
0 0.46979166666666666 0.5435185185185185 0.005208333333333333 0.024074074074074074
0 0.4778645833333333 0.5435185185185185 0.0046875 0.024074074074074074
0 0.4809895833333333 0.5430555555555556 0.0036458333333333334 0.02314814814814815
0 0.4828125 0.5453703703703704 0.005208333333333333 0.024074074074074074
0 0.48541666666666666 0.5458333333333334 0.003125 0.017592592592592594
0 0.48984374999999997 0.5439814814814815 0.0046875 0.025
0 0.4966145833333333 0.5435185185185185 0.0036458333333333334 0.024074074074074074
0 0.5005208333333333 0.5449074074074074 0.003125 0.025
0 0.5059895833333333 0.5439814814814815 0.0046875 0.026851851851851852
0 0.5109375 0.5518518518518519 0.004166666666666667 0.02592592592592593
0 0.5096354166666667 0.5435185185185185 0.0036458333333333334 0.024074074074074074
0 0.5127604166666666 0.5439814814814815 0.0046875 0.025
0 0.5145833333333333 0.5430555555555556 0.003125 0.02314814814814815
0 0.5171875 0.5435185185185185 0.004166666666666667 0.022222222222222223
0 0.5247395833333334 0.5532407407407408 0.0046875 0.028703703703703703
0 0.5302083333333333 0.5509259259259259 0.004166666666666667 0.031481481481481485
0 0.5255208333333333 0.5430555555555556 0.004166666666666667 0.025
0 0.5309895833333333 0.5439814814814815 0.0046875 0.025
3 0.5497395833333333 0.5310185185185186 0.033854166666666664 0.019444444444444445
0 0.5403645833333334 0.5425925925925926 0.0046875 0.020370370370370372
0 0.5440104166666666 0.5421296296296296 0.0036458333333333334 0.021296296296296296
0 0.5393229166666667 0.5583333333333333 0.005729166666666666 0.02592592592592593
0 0.5447916666666667 0.5569444444444445 0.007291666666666667 0.026851851851851852
0 0.5609375 0.5523148148148148 0.005208333333333333 0.028703703703703703
0 0.5671875 0.5472222222222223 0.004166666666666667 0.02777777777777778
0 0.5729166666666666 0.5578703703703703 0.004166666666666667 0.028703703703703703
0 0.57734375 0.5606481481481481 0.0036458333333333334 0.028703703703703703
0 0.5822916666666667 0.5574074074074075 0.007291666666666667 0.02592592592592593
0 0.475 0.5685185185185185 0.00625 0.03518518518518519
0 0.4947916666666667 0.5652777777777778 0.00625 0.032407407407407406
0 0.5041666666666667 0.5699074074074074 0.005208333333333333 0.03425925925925926
0 0.5166666666666666 0.5861111111111111 0.007291666666666667 0.03333333333333333
0 0.5229166666666667 0.5814814814814815 0.007291666666666667 0.03888888888888889
0 0.546875 0.5939814814814816 0.009375 0.04537037037037037
0 0.5541666666666667 0.5962962962962963 0.007291666666666667 0.040740740740740744
0 0.5604166666666667 0.5949074074074074 0.007291666666666667 0.04537037037037037
0 0.5510416666666667 0.5893518518518519 0.008333333333333333 0.04351851851851852
0 0.5640625 0.5805555555555556 0.005208333333333333 0.03518518518518519
0 0.5671875 0.5810185185185185 0.005208333333333333 0.036111111111111115
0 0.5739583333333333 0.5824074074074075 0.00625 0.037037037037037035
0 0.5815104166666667 0.5819444444444445 0.005729166666666666 0.036111111111111115
