9 0.29791666666666666 0.9236111111111112 0.02395833333333333 0.04722222222222222
1 0.24166666666666667 0.9777777777777779 0.019791666666666666 0.04259259259259259
1 0.44036458333333334 0.6671296296296296 0.008854166666666666 0.026851851851851852
1 0.5015625 0.6814814814814815 0.007291666666666667 0.02592592592592593
1 0.4510416666666667 0.5810185185185185 0.007291666666666667 0.017592592592592594
1 0.4471354166666667 0.5398148148148149 0.005729166666666666 0.016666666666666666
1 0.4510416666666667 0.45416666666666666 0.005208333333333333 0.01388888888888889
1 0.4791666666666667 0.47500000000000003 0.005208333333333333 0.014814814814814815
1 0.47291666666666665 0.4467592592592593 0.004166666666666667 0.01388888888888889
1 0.5166666666666666 0.5398148148148149 0.004166666666666667 0.012962962962962964
1 0.4622395833333333 0.5217592592592593 0.0046875 0.01388888888888889
1 0.4309895833333333 0.6435185185185185 0.009895833333333333 0.02592592592592593
1 0.5135416666666667 0.6981481481481482 0.008333333333333333 0.020370370370370372
1 0.5135416666666667 0.6902777777777778 0.010416666666666666 0.028703703703703703
1 0.4317708333333333 0.6398148148148148 0.008333333333333333 0.02777777777777778
1 0.4622395833333333 0.5208333333333334 0.0046875 0.015740740740740743
1 0.4622395833333333 0.46296296296296297 0.005729166666666666 0.016666666666666666
1 0.4622395833333333 0.46481481481481485 0.0036458333333333334 0.020370370370370372
1 0.4630208333333333 0.4226851851851852 0.004166666666666667 0.012037037037037037
1 0.4536458333333333 0.4134259259259259 0.005208333333333333 0.006481481481481482
1 0.5036458333333333 0.5462962962962963 0.005208333333333333 0.014814814814814815
1 0.4309895833333333 0.7231481481481482 0.0078125 0.016666666666666666
1 0.42473958333333334 0.9185185185185185 0.0140625 0.04259259259259259
1 0.4328125 0.9157407407407407 0.013541666666666667 0.0462962962962963
1 0.4421875 0.9171296296296296 0.015625 0.05277777777777778
1 0.4309895833333333 0.5337962962962963 0.0078125 0.017592592592592594
9 0.43359375 0.9259259259259259 0.0390625 0.05185185185185186
9 0.42916666666666664 0.7425925925925926 0.010416666666666666 0.03333333333333333
9 0.5020833333333333 0.701388888888889 0.009375 0.025
9 0.5140625 0.7064814814814815 0.008333333333333333 0.020370370370370372
9 0.5041666666666667 0.5606481481481481 0.008333333333333333 0.019444444444444445
1 0.5192708333333333 0.8972222222222223 0.010416666666666666 0.031481481481481485
1 0.51796875 0.8824074074074074 0.0109375 0.03333333333333333
9 0.5184895833333333 0.8930555555555556 0.0140625 0.049074074074074076
2 0.43984375 0.6814814814814815 0.005729166666666666 0.02777777777777778
9 0.4309895833333333 0.6555555555555556 0.009895833333333333 0.031481481481481485
1 0.41432291666666665 0.6907407407407408 0.008854166666666666 0.022222222222222223
7 0.4153645833333333 0.687962962962963 0.013020833333333334 0.05740740740740741
3 0.47239583333333335 0.6916666666666667 0.028125 0.07037037037037037
9 0.4510416666666667 0.5930555555555556 0.010416666666666666 0.025
9 0.4630208333333333 0.5356481481481482 0.007291666666666667 0.017592592592592594
9 0.4622395833333333 0.46944444444444444 0.0067708333333333336 0.014814814814814815
9 0.4734375 0.45601851851851855 0.00625 0.01388888888888889
9 0.45208333333333334 0.4226851851851852 0.00625 0.01388888888888889
9 0.4635416666666667 0.4324074074074074 0.005208333333333333 0.014814814814814815
6 0.41041666666666665 0.5157407407407407 0.026041666666666668 0.024074074074074074
6 0.4309895833333333 0.5412037037037037 0.011979166666666666 0.030555555555555558
6 0.5591145833333333 0.7939814814814815 0.03177083333333333 0.06944444444444445
3 0.5565104166666667 0.7175925925925927 0.03177083333333333 0.07962962962962963
3 0.5528645833333333 0.6606481481481482 0.027604166666666666 0.05648148148148149
0 0.5260416666666666 0.6833333333333333 0.008333333333333333 0.0462962962962963
0 0.5328125 0.6833333333333333 0.007291666666666667 0.03888888888888889
0 0.5234375 0.5925925925925926 0.008333333333333333 0.03518518518518519
2 0.4473958333333333 0.5527777777777778 0.00625 0.022222222222222223
2 0.4510416666666667 0.4675925925925926 0.005208333333333333 0.016666666666666666
9 0.4791666666666667 0.4842592592592593 0.005208333333333333 0.012962962962962964
3 0.47031249999999997 0.4981481481481482 0.01875 0.03888888888888889
0 0.4359375 0.45972222222222225 0.005208333333333333 0.025
0 0.4421875 0.4569444444444445 0.00625 0.026851851851851852
9 0.39296875 0.48240740740740745 0.0140625 0.014814814814814815
2 0.41484375 0.48564814814814816 0.009895833333333333 0.01388888888888889
9 0.40729166666666666 0.4902777777777778 0.008333333333333333 0.019444444444444445
4 0.7486979166666666 0.5319444444444444 0.022395833333333334 0.04537037037037037
9 0.68984375 0.4430555555555556 0.0140625 0.015740740740740743
3 0.6830729166666667 0.42824074074074076 0.03802083333333333 0.030555555555555558
3 0.5424479166666667 0.5296296296296297 0.025520833333333333 0.03333333333333333
3 0.53984375 0.4935185185185185 0.025520833333333333 0.03333333333333333
3 0.5393229166666667 0.45833333333333337 0.025520833333333333 0.03333333333333333
0 0.6658854166666667 0.46435185185185185 0.005729166666666666 0.02314814814814815
9 0.7166666666666667 0.4527777777777778 0.017708333333333333 0.014814814814814815
9 0.7247395833333333 0.46481481481481485 0.018229166666666668 0.012962962962962964
0 0.7216145833333333 0.48935185185185187 0.0067708333333333336 0.025
9 0.7247395833333333 0.49212962962962964 0.0171875 0.017592592592592594
9 0.6854166666666667 0.5203703703703704 0.019791666666666666 0.022222222222222223
6 0.2872395833333333 0.9814814814814815 0.0609375 0.03518518518518519
3 0.3497395833333333 0.7666666666666667 0.049479166666666664 0.08703703703703704
3 0.6567708333333333 0.8416666666666667 0.035416666666666666 0.06666666666666667
0 0.64609375 0.8074074074074075 0.0078125 0.02592592592592593
9 0.5166666666666666 0.5527777777777778 0.00625 0.016666666666666666
3 0.5739583333333333 0.8837962962962963 0.0375 0.09722222222222222
