3 0.6334558823529411 0.3464052287581699 0.022794117647058822 0.04183006535947712
3 0.4852941176470588 0.17124183006535945 0.008823529411764706 0.02091503267973856
3 0.4349264705882353 0.23856209150326796 0.009558823529411765 0.01699346405228758
3 0.43419117647058825 0.2620915032679738 0.011029411764705881 0.02222222222222222
4 0.4275735294117647 0.2849673202614379 0.022794117647058822 0.02091503267973856
3 0.41654411764705884 0.31241830065359477 0.02426470588235294 0.0261437908496732
4 0.4430147058823529 0.3150326797385621 0.015441176470588236 0.03137254901960784
3 0.42830882352941174 0.3352941176470588 0.015441176470588236 0.0326797385620915
4 0.43823529411764706 0.35686274509803917 0.01764705882352941 0.04183006535947712
3 0.4198529411764706 0.3830065359477124 0.01764705882352941 0.03137254901960784
3 0.41875 0.41764705882352937 0.016911764705882352 0.03529411764705882
3 0.43970588235294117 0.4313725490196078 0.01764705882352941 0.04183006535947712
4 0.3981617647058823 0.4333333333333333 0.030147058823529412 0.04052287581699346
3 0.42205882352941176 0.4620915032679738 0.020588235294117647 0.03529411764705882
3 0.42058823529411765 0.4986928104575163 0.04264705882352941 0.03006535947712418
3 0.46911764705882353 0.522875816993464 0.022058823529411763 0.04967320261437908
3 0.4727941176470588 0.6679738562091503 0.029411764705882353 0.07581699346405228
1 0.44705882352941173 0.2542483660130719 0.007352941176470588 0.0196078431372549
1 0.5169117647058823 0.23267973856209148 0.0058823529411764705 0.02091503267973856
1 0.5 0.2771241830065359 0.0058823529411764705 0.01568627450980392
9 0.5014705882352941 0.2869281045751634 0.008823529411764706 0.011764705882352941
1 0.48308823529411765 0.32614379084967315 0.007352941176470588 0.0196078431372549
2 0.48308823529411765 0.3352941176470588 0.0029411764705882353 0.01699346405228758
1 0.4944852941176471 0.3359477124183006 0.005147058823529412 0.01830065359477124
2 0.49522058823529413 0.3464052287581699 0.005147058823529412 0.01568627450980392
1 0.5018382352941176 0.31241830065359477 0.005147058823529412 0.01568627450980392
2 0.5011029411764706 0.3222222222222222 0.005147058823529412 0.011764705882352941
1 0.5084558823529411 0.33137254901960783 0.005147058823529412 0.0196078431372549
2 0.5088235294117647 0.3424836601307189 0.0058823529411764705 0.0130718954248366
4 0.5305147058823529 0.3156862745098039 0.011029411764705881 0.02483660130718954
3 0.5275735294117647 0.357516339869281 0.019852941176470587 0.0326797385620915
3 0.5459558823529411 0.34117647058823525 0.027205882352941177 0.02875816993464052
4 0.5452205882352941 0.388235294117647 0.016911764705882352 0.03660130718954248
4 0.5761029411764705 0.3509803921568627 0.03161764705882353 0.027450980392156862
0 0.6356617647058823 0.3908496732026144 0.005147058823529412 0.02875816993464052
0 0.5886029411764706 0.27320261437908494 0.006617647058823529 0.023529411764705882
3 0.5720588235294117 0.41764705882352937 0.03676470588235294 0.02483660130718954
0 0.5834558823529412 0.40196078431372545 0.008088235294117646 0.02222222222222222
4 0.5779411764705882 0.4620915032679738 0.032352941176470584 0.03529411764705882
4 0.569485294117647 0.5013071895424837 0.027205882352941177 0.0326797385620915
3 0.5702205882352941 0.5437908496732026 0.03455882352941177 0.047058823529411764
3 0.5415441176470588 0.5169934640522875 0.021323529411764706 0.05620915032679738
0 0.6783088235294118 0.47973856209150323 0.006617647058823529 0.0392156862745098
0 0.6841911764705882 0.47777777777777775 0.006617647058823529 0.0326797385620915
7 0.6886029411764706 0.44248366013071894 0.03308823529411765 0.03006535947712418
1 0.6948529411764706 0.4392156862745098 0.0058823529411764705 0.02091503267973856
9 0.7393382352941177 0.5111111111111111 0.015441176470588236 0.01830065359477124
9 0.7448529411764706 0.526797385620915 0.01764705882352941 0.02091503267973856
0 0.8036764705882353 0.6124183006535947 0.007352941176470588 0.03790849673202614
0 0.8161764705882353 0.6052287581699346 0.007352941176470588 0.04444444444444444
0 0.8253676470588235 0.6124183006535947 0.008088235294117646 0.04052287581699346
9 0.7650735294117647 0.6392156862745098 0.019852941176470587 0.03398692810457516
2 0.8452205882352941 0.7189542483660131 0.030147058823529412 0.03137254901960784
9 0.8191176470588235 0.6797385620915032 0.022058823529411763 0.03398692810457516
0 0.5533088235294118 0.6725490196078431 0.009558823529411765 0.04836601307189542
0 0.5621323529411765 0.6849673202614378 0.009558823529411765 0.04967320261437908
0 0.5709558823529411 0.6862745098039216 0.008088235294117646 0.04967320261437908
0 0.575735294117647 0.6797385620915032 0.007352941176470588 0.047058823529411764
2 0.5735294117647058 0.5915032679738562 0.022058823529411763 0.027450980392156862
3 0.5838235294117647 0.6444444444444444 0.027941176470588233 0.054901960784313725
3 0.6055147058823529 0.7339869281045751 0.03455882352941177 0.07712418300653594
3 0.6529411764705882 0.6555555555555556 0.07941176470588235 0.05620915032679738
4 0.6801470588235294 0.6104575163398692 0.027941176470588233 0.065359477124183
3 0.6827205882352941 0.7444444444444444 0.06985294117647059 0.06143790849673202
5 0.36580882352941174 0.44771241830065356 0.0625 0.06405228758169934
0 0.31470588235294117 0.4594771241830065 0.010294117647058823 0.03529411764705882
4 0.3150735294117647 0.545751633986928 0.05367647058823529 0.050980392156862744
3 0.30330882352941174 0.6235294117647059 0.06544117647058824 0.054901960784313725
0 0.4091911764705882 0.676470588235294 0.009558823529411765 0.05359477124183006
7 0.3827205882352941 0.6941176470588235 0.04779411764705882 0.06797385620915032
0 0.3051470588235294 0.6862745098039216 0.010294117647058823 0.047058823529411764
3 0.38235294117647056 0.7830065359477124 0.03823529411764706 0.10718954248366012
0 0.35661764705882354 0.8673202614379084 0.011764705882352941 0.05359477124183006
0 0.39963235294117644 0.8986928104575163 0.0125 0.06143790849673202
3 0.31691176470588234 0.8372549019607842 0.032352941176470584 0.1241830065359477
9 0.2139705882352941 0.8771241830065359 0.032352941176470584 0.03137254901960784
0 0.2213235294117647 0.9084967320261438 0.010294117647058823 0.047058823529411764
1 0.2323529411764706 0.9078431372549018 0.011764705882352941 0.03790849673202614
1 0.24301470588235294 0.9215686274509803 0.015441176470588236 0.047058823529411764
3 0.4672794117647059 0.8934640522875816 0.04044117647058824 0.12941176470588234
3 0.5713235294117647 0.9705882352941175 0.041176470588235294 0.05620915032679738
0 0.7161764705882353 0.9464052287581699 0.010294117647058823 0.06013071895424836
4 0.6356617647058823 0.8686274509803921 0.03897058823529412 0.10326797385620914
3 0.6514705882352941 0.9692810457516339 0.045588235294117645 0.058823529411764705
0 0.8084558823529412 0.8849673202614379 0.0125 0.06274509803921569
0 0.8113970588235294 0.8496732026143791 0.011029411764705881 0.03137254901960784
0 0.8283088235294117 0.8660130718954248 0.0125 0.050980392156862744
1 0.9441176470588235 0.8620915032679738 0.013235294117647059 0.03790849673202614
1 0.9408088235294118 0.8398692810457515 0.015441176470588236 0.04052287581699346
1 0.9544117647058823 0.8816993464052287 0.010294117647058823 0.027450980392156862
9 0.9363970588235294 0.90718954248366 0.03602941176470588 0.03660130718954248
9 0.9731617647058823 0.9457516339869281 0.03602941176470588 0.03529411764705882
2 0.9143382352941176 0.9764705882352941 0.0375 0.04183006535947712
9 0.8863970588235294 0.9705882352941175 0.03602941176470588 0.05620915032679738
0 0.8845588235294117 0.9431372549019608 0.011764705882352941 0.0457516339869281
9 0.9014705882352941 0.9274509803921568 0.03676470588235294 0.03529411764705882
1 0.8985294117647059 0.8666666666666666 0.010294117647058823 0.04444444444444444
9 0.8959558823529412 0.8764705882352941 0.027205882352941177 0.050980392156862744
0 0.913235294117647 0.8620915032679738 0.007352941176470588 0.043137254901960784
0 0.9058823529411765 0.8385620915032679 0.010294117647058823 0.05620915032679738
0 0.9191176470588235 0.841830065359477 0.013235294117647059 0.06013071895424836
3 0.37426470588235294 0.5875816993464051 0.061764705882352944 0.05359477124183006
1 0.3599264705882353 0.6039215686274509 0.009558823529411765 0.03660130718954248
9 0.3558823529411765 0.6156862745098038 0.01764705882352941 0.023529411764705882
0 0.3628676470588235 0.530718954248366 0.006617647058823529 0.03398692810457516
0 0.43823529411764706 0.2176470588235294 0.0029411764705882353 0.0196078431372549
0 0.43676470588235294 0.21503267973856208 0.0029411764705882353 0.02222222222222222
1 0.45441176470588235 0.17058823529411762 0.0029411764705882353 0.011764705882352941
1 0.4522058823529412 0.17516339869281045 0.0029411764705882353 0.00784313725490196
9 0.4536764705882353 0.1738562091503268 0.0029411764705882353 0.01045751633986928
9 0.45330882352941176 0.17973856209150327 0.005147058823529412 0.011764705882352941
0 0.6283088235294118 0.3934640522875817 0.005147058823529412 0.01830065359477124
0 0.6169117647058824 0.3483660130718954 0.004411764705882353 0.027450980392156862
0 0.6128676470588236 0.34901960784313724 0.005147058823529412 0.0261437908496732
0 0.6084558823529411 0.34967320261437906 0.005147058823529412 0.0326797385620915
0 0.6238970588235294 0.40980392156862744 0.005147058823529412 0.027450980392156862
0 0.6033088235294117 0.4137254901960784 0.006617647058823529 0.0326797385620915
0 0.6680147058823529 0.33137254901960783 0.005147058823529412 0.027450980392156862
9 0.6305147058823529 0.2947712418300653 0.011029411764705881 0.00915032679738562
9 0.6334558823529411 0.3026143790849673 0.009558823529411765 0.011764705882352941
9 0.6352941176470588 0.30849673202614375 0.010294117647058823 0.00784313725490196
9 0.6400735294117647 0.3137254901960784 0.0125 0.00784313725490196
9 0.6448529411764706 0.3156862745098039 0.010294117647058823 0.011764705882352941
9 0.6139705882352942 0.28627450980392155 0.011764705882352941 0.0130718954248366
9 0.6253676470588235 0.2764705882352941 0.0125 0.01437908496732026
9 0.5992647058823529 0.22549019607843135 0.008823529411764706 0.011764705882352941
9 0.6051470588235294 0.23986928104575161 0.010294117647058823 0.01699346405228758
0 0.5772058823529411 0.24901960784313723 0.004411764705882353 0.02222222222222222
0 0.5367647058823529 0.27908496732026145 0.004411764705882353 0.0196078431372549
2 0.5389705882352941 0.26274509803921564 0.007352941176470588 0.01568627450980392
3 0.5459558823529411 0.2483660130718954 0.025735294117647058 0.02091503267973856
3 0.5529411764705883 0.26274509803921564 0.022058823529411763 0.01830065359477124
3 0.5525735294117647 0.27385620915032677 0.022794117647058822 0.01699346405228758
3 0.5566176470588236 0.28366013071895424 0.029411764705882353 0.01830065359477124
5 0.5676470588235294 0.2947712418300653 0.027941176470588233 0.027450980392156862
3 0.5551470588235294 0.3 0.025 0.0196078431372549
3 0.5636029411764706 0.31176470588235294 0.030147058823529412 0.02222222222222222
3 0.5816176470588236 0.3281045751633987 0.03529411764705882 0.02875816993464052
3 0.5503676470588236 0.23856209150326796 0.022794117647058822 0.0196078431372549
3 0.5397058823529411 0.19999999999999998 0.025 0.01830065359477124
3 0.5400735294117647 0.21176470588235294 0.025735294117647058 0.01830065359477124
0 0.5591911764705882 0.2026143790849673 0.003676470588235294 0.02091503267973856
0 0.5544117647058824 0.20130718954248364 0.004411764705882353 0.01830065359477124
0 0.5514705882352942 0.20130718954248364 0.0029411764705882353 0.01568627450980392
9 0.5808823529411765 0.2176470588235294 0.004411764705882353 0.011764705882352941
3 0.5672794117647059 0.19281045751633985 0.022794117647058822 0.01437908496732026
3 0.5507352941176471 0.1549019607843137 0.007352941176470588 0.01437908496732026
3 0.5290441176470588 0.16209150326797384 0.013970588235294117 0.0130718954248366
3 0.5363970588235294 0.1718954248366013 0.016911764705882352 0.01437908496732026
0 0.5463235294117647 0.1718954248366013 0.0029411764705882353 0.01437908496732026
3 0.40808823529411764 0.13137254901960782 0.01764705882352941 0.011764705882352941
3 0.3669117647058823 0.13594771241830064 0.014705882352941176 0.0130718954248366
3 0.37830882352941175 0.14052287581699346 0.015441176470588236 0.01437908496732026
3 0.37022058823529413 0.14248366013071895 0.01838235294117647 0.01830065359477124
4 0.3988970588235294 0.12549019607843137 0.0125 0.0130718954248366
2 0.35551470588235295 0.33660130718954245 0.005147058823529412 0.01437908496732026
2 0.3356617647058823 0.3509803921568627 0.006617647058823529 0.0196078431372549
4 0.40625 0.27124183006535946 0.027205882352941177 0.027450980392156862
9 0.3863970588235294 0.17712418300653593 0.009558823529411765 0.011764705882352941
9 0.3838235294117647 0.18823529411764706 0.008823529411764706 0.0130718954248366
9 0.38235294117647056 0.19281045751633985 0.010294117647058823 0.011764705882352941
9 0.39301470588235293 0.1895424836601307 0.009558823529411765 0.00784313725490196
9 0.3941176470588235 0.19673202614379084 0.008823529411764706 0.011764705882352941
9 0.3900735294117647 0.19869281045751633 0.008088235294117646 0.0130718954248366
9 0.37463235294117647 0.23267973856209148 0.009558823529411765 0.01045751633986928
9 0.38566176470588237 0.23464052287581696 0.009558823529411765 0.01437908496732026
9 0.37830882352941175 0.24444444444444444 0.009558823529411765 0.0130718954248366
0 0.3775735294117647 0.26013071895424833 0.003676470588235294 0.01830065359477124
0 0.37316176470588236 0.25555555555555554 0.005147058823529412 0.0196078431372549
0 0.40147058823529413 0.1849673202614379 0.0029411764705882353 0.01437908496732026
0 0.40551470588235294 0.18692810457516337 0.003676470588235294 0.01830065359477124
5 0.45588235294117646 0.06405228758169934 0.022058823529411763 0.01830065359477124
