3 0.4223958333333333 0.8828703703703704 0.028125 0.06759259259259259
3 0.3885416666666667 0.8833333333333334 0.026041666666666668 0.07222222222222223
3 0.3346354166666667 0.4851851851851852 0.011979166666666666 0.02592592592592593
3 0.39166666666666666 0.8212962962962963 0.025 0.05925925925925926
3 0.5091145833333334 0.9662037037037038 0.0296875 0.06574074074074074
3 0.6135416666666667 0.9467592592592593 0.04479166666666667 0.07314814814814816
3 0.6635416666666667 0.8416666666666667 0.035416666666666666 0.05925925925925926
3 0.49166666666666664 0.8203703703703704 0.022916666666666665 0.05185185185185186
3 0.36171875 0.7865740740740741 0.0203125 0.05462962962962963
0 0.17604166666666665 0.8935185185185186 0.007291666666666667 0.037037037037037035
3 0.7153645833333333 0.8967592592592593 0.03802083333333333 0.0638888888888889
3 0.6916666666666667 0.8375 0.03229166666666666 0.04722222222222222
3 0.6736979166666667 0.7930555555555556 0.03177083333333333 0.03981481481481482
3 0.65859375 0.7555555555555555 0.027604166666666666 0.03888888888888889
3 0.6424479166666667 0.7185185185185186 0.025520833333333333 0.037037037037037035
3 0.5791666666666666 0.7106481481481481 0.02395833333333333 0.036111111111111115
3 0.6072916666666667 0.7041666666666667 0.027083333333333334 0.03796296296296296
3 0.5078125 0.6597222222222222 0.020833333333333332 0.030555555555555558
4 0.8778645833333333 0.7907407407407407 0.0296875 0.05555555555555556
3 0.8635416666666667 0.7532407407407408 0.051041666666666666 0.03425925925925926
3 0.89921875 0.9810185185185185 0.0453125 0.036111111111111115
3 0.8609375 0.9212962962962963 0.0625 0.05
3 0.8802083333333334 0.9592592592592593 0.06875 0.05
3 0.8442708333333333 0.8935185185185186 0.057291666666666664 0.0462962962962963
3 0.8299479166666667 0.8625 0.059895833333333336 0.04722222222222222
3 0.8135416666666666 0.837037037037037 0.05 0.03518518518518519
3 0.7872395833333333 0.7921296296296296 0.0546875 0.036111111111111115
3 0.7747395833333334 0.7689814814814815 0.0515625 0.036111111111111115
3 0.7653645833333333 0.750462962962963 0.050520833333333334 0.03425925925925926
3 0.7486979166666666 0.7287037037037037 0.049479166666666664 0.03518518518518519
3 0.7427083333333333 0.7101851851851853 0.040625 0.02592592592592593
3 0.73359375 0.6949074074074074 0.0390625 0.026851851851851852
3 0.7078125 0.6648148148148149 0.034375 0.022222222222222223
3 0.7041666666666666 0.6513888888888889 0.042708333333333334 0.030555555555555558
3 0.6854166666666667 0.6305555555555555 0.029166666666666667 0.024074074074074074
3 0.6799479166666667 0.6162037037037037 0.034895833333333334 0.026851851851851852
4 0.7033854166666667 0.5402777777777777 0.027604166666666666 0.03425925925925926
3 0.6567708333333333 0.5439814814814815 0.02395833333333333 0.021296296296296296
3 0.6770833333333334 0.5439814814814815 0.021875 0.021296296296296296
3 0.63671875 0.5435185185185185 0.0203125 0.024074074074074074
3 0.6372395833333333 0.5222222222222223 0.027604166666666666 0.018518518518518517
3 0.6466145833333333 0.5115740740740741 0.028645833333333332 0.017592592592592594
3 0.6348958333333333 0.5069444444444444 0.02395833333333333 0.017592592592592594
3 0.6239583333333333 0.5037037037037038 0.028125 0.020370370370370372
3 0.6166666666666667 0.4916666666666667 0.020833333333333332 0.016666666666666666
0 0.13541666666666666 0.9560185185185186 0.010416666666666666 0.03981481481481482
0 0.12682291666666667 0.9560185185185186 0.008854166666666666 0.03796296296296296
9 0.4153645833333333 0.9680555555555556 0.024479166666666666 0.026851851851851852
1 0.4166666666666667 0.9592592592592593 0.008333333333333333 0.031481481481481485
2 0.6260416666666666 0.638425925925926 0.00625 0.019444444444444445
3 0.5997395833333333 0.6300925925925926 0.021354166666666667 0.030555555555555558
3 0.5903645833333333 0.6069444444444445 0.0203125 0.026851851851851852
3 0.57734375 0.5828703703703704 0.0203125 0.026851851851851852
3 0.5010416666666666 0.5680555555555555 0.016666666666666666 0.02314814814814815
3 0.46979166666666666 0.5305555555555556 0.013541666666666667 0.020370370370370372
8 0.4921875 0.5018518518518519 0.028125 0.05185185185185186
1 0.3559895833333333 0.5074074074074074 0.0036458333333333334 0.012962962962962964
2 0.3497395833333333 0.5023148148148149 0.0036458333333333334 0.010185185185185186
1 0.3497395833333333 0.4949074074074074 0.0046875 0.012037037037037037
2 0.35546875 0.512962962962963 0.0036458333333333334 0.012962962962962964
3 0.4479166666666667 0.48935185185185187 0.014583333333333334 0.021296296296296296
3 0.43723958333333335 0.47731481481481486 0.0109375 0.015740740740740743
3 0.45286458333333335 0.4675925925925926 0.0140625 0.018518518518518517
3 0.4666666666666667 0.46481481481481485 0.013541666666666667 0.016666666666666666
3 0.4354166666666667 0.4462962962962963 0.0125 0.014814814814814815
3 0.4934895833333333 0.46296296296296297 0.0140625 0.018518518518518517
3 0.5028645833333333 0.47361111111111115 0.0140625 0.017592592592592594
3 0.5109375 0.4828703703703704 0.013541666666666667 0.015740740740740743
4 0.4536458333333333 0.42083333333333334 0.014583333333333334 0.015740740740740743
3 0.5190104166666667 0.49444444444444446 0.015104166666666667 0.016666666666666666
3 0.46249999999999997 0.42962962962962964 0.0125 0.014814814814814815
3 0.4453125 0.41574074074074074 0.010416666666666666 0.012962962962962964
3 0.43906249999999997 0.40740740740740744 0.010416666666666666 0.012962962962962964
3 0.4322916666666667 0.40231481481481485 0.010416666666666666 0.012037037037037037
3 0.42421875 0.3962962962962963 0.011979166666666666 0.012962962962962964
3 0.42864583333333334 0.42129629629629634 0.010416666666666666 0.012962962962962964
3 0.4192708333333333 0.4310185185185185 0.009375 0.012037037037037037
3 0.40598958333333335 0.4305555555555556 0.0109375 0.014814814814814815
3 0.4067708333333333 0.41203703703703703 0.010416666666666666 0.011111111111111112
3 0.4010416666666667 0.4203703703703704 0.010416666666666666 0.012962962962962964
3 0.3921875 0.4134259259259259 0.011458333333333333 0.012037037037037037
3 0.38177083333333334 0.4013888888888889 0.010416666666666666 0.01388888888888889
3 0.39036458333333335 0.3990740740740741 0.009895833333333333 0.009259259259259259
3 0.39036458333333335 0.3861111111111111 0.0109375 0.012962962962962964
3 0.3690104166666667 0.3907407407407408 0.009895833333333333 0.011111111111111112
3 0.37473958333333335 0.3837962962962963 0.009895833333333333 0.012037037037037037
3 0.3729166666666667 0.37222222222222223 0.009375 0.009259259259259259
3 0.3572916666666667 0.3787037037037037 0.009375 0.011111111111111112
8 0.3559895833333333 0.36342592592592593 0.019270833333333334 0.02314814814814815
3 0.3768229166666667 0.34675925925925927 0.013020833333333334 0.008333333333333333
3 0.34348958333333335 0.34351851851851856 0.013020833333333334 0.007407407407407408
3 0.33151041666666664 0.35879629629629634 0.009895833333333333 0.010185185185185186
3 0.3372395833333333 0.3564814814814815 0.0078125 0.009259259259259259
3 0.3453125 0.35462962962962963 0.008333333333333333 0.009259259259259259
3 0.3216145833333333 0.3523148148148148 0.009895833333333333 0.010185185185185186
3 0.3171875 0.34351851851851856 0.009375 0.009259259259259259
3 0.5591145833333333 0.5078703703703704 0.0234375 0.015740740740740743
3 0.5528645833333333 0.4990740740740741 0.0234375 0.014814814814814815
3 0.5510416666666667 0.48842592592592593 0.016666666666666666 0.017592592592592594
3 0.5768229166666666 0.48194444444444445 0.011979166666666666 0.017592592592592594
3 0.5622395833333333 0.47870370370370374 0.013020833333333334 0.016666666666666666
3 0.53359375 0.4791666666666667 0.01614583333333333 0.017592592592592594
3 0.5515625 0.4675925925925926 0.014583333333333334 0.016666666666666666
3 0.5153645833333333 0.4689814814814815 0.011979166666666666 0.01388888888888889
3 0.49973958333333335 0.4532407407407408 0.0140625 0.012037037037037037
3 0.5078125 0.45925925925925926 0.011458333333333333 0.012962962962962964
4 0.5234375 0.4430555555555556 0.016666666666666666 0.015740740740740743
8 0.12604166666666666 0.39675925925925926 0.014583333333333334 0.030555555555555558
8 0.14270833333333333 0.4175925925925926 0.0125 0.03333333333333333
8 0.14036458333333332 0.39722222222222225 0.0109375 0.024074074074074074
8 0.11041666666666666 0.41712962962962963 0.013541666666666667 0.032407407407407406
8 0.11041666666666666 0.40046296296296297 0.011458333333333333 0.021296296296296296
8 0.11536458333333333 0.3689814814814815 0.0109375 0.026851851851851852
8 0.0734375 0.40231481481481485 0.0125 0.028703703703703703
8 0.009895833333333333 0.4337962962962963 0.019791666666666666 0.04166666666666667
8 0.10104166666666667 0.3685185185185185 0.011458333333333333 0.022222222222222223
8 0.0703125 0.46851851851851856 0.06770833333333333 0.044444444444444446
2 0.2908854166666667 0.7925925925925926 0.0067708333333333336 0.02592592592592593
2 0.2520833333333333 0.850462962962963 0.01875 0.019444444444444445
2 0.23619791666666667 0.8745370370370371 0.019270833333333334 0.019444444444444445
2 0.23541666666666666 0.8657407407407408 0.014583333333333334 0.018518518518518517
2 0.18854166666666666 0.9115740740740741 0.019791666666666666 0.026851851851851852
2 0.1734375 0.925462962962963 0.019791666666666666 0.030555555555555558
2 0.18151041666666667 0.9236111111111112 0.013020833333333334 0.030555555555555558
2 0.2171875 0.7953703703703704 0.017708333333333333 0.024074074074074074
2 0.22291666666666665 0.7796296296296297 0.017708333333333333 0.020370370370370372
2 0.13932291666666666 0.9365740740740741 0.008854166666666666 0.03981481481481482
4 0.22916666666666666 0.32083333333333336 0.010416666666666666 0.010185185185185186
4 0.26588541666666665 0.274537037037037 0.0078125 0.006481481481481482
3 0.4125 0.3666666666666667 0.009375 0.011111111111111112
3 0.46979166666666666 0.40601851851851856 0.011458333333333333 0.015740740740740743
3 0.4809895833333333 0.4152777777777778 0.0109375 0.01388888888888889
