3 0.5330882352941176 0.6758169934640522 0.1323529411764706 0.15163398692810456
0 0.45183823529411765 0.8555555555555555 0.03455882352941177 0.07712418300653594
0 0.22977941176470587 0.8058823529411764 0.030147058823529412 0.10326797385620914
0 0.26544117647058824 0.8065359477124182 0.027941176470588233 0.11764705882352941
3 0.2698529411764706 0.13986928104575164 0.08088235294117647 0.08104575163398692
3 0.7764705882352941 0.2620915032679738 0.06470588235294117 0.09019607843137255
3 0.86875 0.2633986928104575 0.05220588235294118 0.06666666666666667
3 0.8838235294117647 0.3359477124183006 0.075 0.0784313725490196
3 0.8275735294117647 0.5522875816993463 0.13602941176470587 0.09019607843137255
0 0.8279411764705882 0.49803921568627446 0.01764705882352941 0.07058823529411765
3 0.8121323529411765 0.6542483660130719 0.10220588235294117 0.13986928104575164
3 0.9238970588235293 0.9098039215686274 0.15073529411764705 0.1437908496732026
3 0.9113970588235294 0.7869281045751634 0.1610294117647059 0.13856209150326795
0 0.9216911764705882 0.7202614379084967 0.027205882352941177 0.07058823529411765
0 0.9691176470588235 0.7366013071895424 0.023529411764705882 0.07450980392156863
0 0.9463235294117647 0.7405228758169934 0.01764705882352941 0.06928104575163398
0 0.93125 0.44509803921568625 0.022794117647058822 0.06666666666666667
3 0.9433823529411764 0.6973856209150326 0.11176470588235293 0.11895424836601307
3 0.95 0.44705882352941173 0.09852941176470588 0.1045751633986928
3 0.975 0.37973856209150325 0.04852941176470588 0.050980392156862744
4 0.02022058823529412 0.03071895424836601 0.04044117647058824 0.06143790849673202
4 0.05919117647058823 0.01830065359477124 0.03455882352941177 0.03660130718954248
