3 0.4102941176470588 0.9450980392156862 0.057352941176470586 0.10718954248366012
3 0.5055147058823529 0.9614379084967319 0.05514705882352941 0.07450980392156863
3 0.6216911764705882 0.9156862745098039 0.05955882352941176 0.16339869281045752
3 0.5852941176470589 0.6418300653594771 0.041176470588235294 0.09411764705882353
4 0.30808823529411766 0.7915032679738562 0.057352941176470586 0.16339869281045752
4 0.3838235294117647 0.4490196078431372 0.03529411764705882 0.08758169934640522
4 0.5136029411764705 0.1849673202614379 0.01838235294117647 0.04052287581699346
4 0.28198529411764706 0.09607843137254901 0.019852941176470587 0.03529411764705882
0 0.20404411764705882 0.9614379084967319 0.016911764705882352 0.07450980392156863
9 0.34301470588235294 0.6437908496732025 0.02426470588235294 0.06405228758169934
6 0.4158088235294118 0.5581699346405229 0.030147058823529412 0.07581699346405228
3 0.5102941176470588 0.4686274509803921 0.032352941176470584 0.06928104575163398
3 0.4551470588235294 0.38169934640522873 0.029411764705882353 0.06274509803921569
3 0.5150735294117647 0.31895424836601305 0.025735294117647058 0.047058823529411764
3 0.46397058823529413 0.31437908496732025 0.026470588235294117 0.05359477124183006
3 0.46544117647058825 0.24771241830065358 0.022058823529411763 0.04052287581699346
3 0.47720588235294115 0.18627450980392155 0.020588235294117647 0.043137254901960784
3 0.48566176470588235 0.15424836601307187 0.016911764705882352 0.02875816993464052
3 0.54375 0.13986928104575164 0.01838235294117647 0.02875816993464052
3 0.549264705882353 0.11241830065359476 0.016176470588235292 0.0261437908496732
3 0.45441176470588235 0.09934640522875816 0.01764705882352941 0.02875816993464052
3 0.49816176470588236 0.02418300653594771 0.011029411764705881 0.0196078431372549
3 0.5511029411764706 0.0457516339869281 0.016911764705882352 0.023529411764705882
3 0.6790441176470589 0.7588235294117647 0.09926470588235294 0.09019607843137255
3 0.6746323529411765 0.6483660130718953 0.0875 0.0784313725490196
3 0.6639705882352941 0.6045751633986928 0.08529411764705883 0.06666666666666667
1 0.4125 0.3359477124183006 0.008823529411764706 0.02875816993464052
1 0.4415441176470588 0.28823529411764703 0.008088235294117646 0.02222222222222222
1 0.48566176470588235 0.0895424836601307 0.005147058823529412 0.01437908496732026
1 0.5389705882352941 0.052941176470588235 0.004411764705882353 0.011764705882352941
5 0.5573529411764706 0.18104575163398692 0.01911764705882353 0.043137254901960784
9 0.4113970588235294 0.3464052287581699 0.005147058823529412 0.02875816993464052
9 0.44191176470588234 0.30196078431372547 0.007352941176470588 0.0261437908496732
9 0.4849264705882353 0.09738562091503267 0.005147058823529412 0.01437908496732026
9 0.5389705882352941 0.06209150326797385 0.004411764705882353 0.011764705882352941
0 0.5606617647058824 0.19281045751633985 0.008088235294117646 0.0326797385620915
0 0.569485294117647 0.18235294117647058 0.005147058823529412 0.027450980392156862
0 0.5481617647058823 0.1803921568627451 0.006617647058823529 0.02875816993464052
0 0.5727941176470588 0.15294117647058822 0.0058823529411764705 0.02875816993464052
0 0.5529411764705883 0.07058823529411765 0.004411764705882353 0.01830065359477124
0 0.5669117647058823 0.09803921568627451 0.004411764705882353 0.0261437908496732
0 0.5121323529411764 0.04379084967320261 0.005147058823529412 0.0196078431372549
0 0.47720588235294115 0.029411764705882353 0.004411764705882353 0.0196078431372549
0 0.4727941176470588 0.03071895424836601 0.0029411764705882353 0.0196078431372549
0 0.5558823529411765 0.01437908496732026 0.004411764705882353 0.01568627450980392
0 0.5316176470588235 0.01568627450980392 0.004411764705882353 0.01830065359477124
0 0.4970588235294118 0.00522875816993464 0.004411764705882353 0.01045751633986928
3 0.7334558823529411 0.06013071895424836 0.030147058823529412 0.01830065359477124
3 0.725 0.04444444444444444 0.030882352941176472 0.0130718954248366
3 0.7051470588235293 0.025490196078431372 0.027941176470588233 0.01699346405228758
3 0.7022058823529411 0.01830065359477124 0.025 0.0130718954248366
3 0.17095588235294118 0.18431372549019606 0.030147058823529412 0.04444444444444444
3 0.30183823529411763 0.10522875816993463 0.019852941176470587 0.027450980392156862
4 0.19044117647058822 0.08366013071895424 0.03676470588235294 0.03137254901960784
3 0.1577205882352941 0.12091503267973855 0.03161764705882353 0.03006535947712418
3 0.03419117647058823 0.24313725490196078 0.05367647058823529 0.03660130718954248
3 0.04742647058823529 0.22026143790849673 0.05514705882352941 0.03529411764705882
3 0.07536764705882353 0.20130718954248364 0.06102941176470588 0.0392156862745098
3 0.21286764705882352 0.03398692810457516 0.021323529411764706 0.02091503267973856
3 0.5977941176470588 0.19869281045751633 0.033823529411764704 0.054901960784313725
