3 0.4171875 0.5185185185185185 0.07083333333333333 0.07777777777777778
4 0.5309895833333333 0.6018518518518519 0.0640625 0.0962962962962963
3 0.5760416666666667 0.4666666666666667 0.035416666666666666 0.08148148148148149
9 0.8408854166666666 0.5157407407407407 0.013020833333333334 0.03888888888888889
1 0.8421875 0.5152777777777778 0.011458333333333333 0.032407407407407406
1 0.8403645833333333 0.5055555555555555 0.011979166666666666 0.03888888888888889
4 0.7484375 0.3925925925925926 0.029166666666666667 0.05740740740740741
3 0.73671875 0.2972222222222222 0.0234375 0.03518518518518519
3 0.7252604166666666 0.24583333333333335 0.0203125 0.032407407407407406
3 0.6791666666666667 0.4620370370370371 0.041666666666666664 0.05925925925925926
8 0.9247395833333333 0.913425925925926 0.1421875 0.1638888888888889
