3 0.5109375 0.36712962962962964 0.007291666666666667 0.008333333333333333
3 0.5208333333333334 0.3685185185185185 0.004166666666666667 0.009259259259259259
3 0.5247395833333334 0.37824074074074077 0.0078125 0.012037037037037037
3 0.5184895833333333 0.38472222222222224 0.008854166666666666 0.012037037037037037
3 0.5309895833333333 0.3842592592592593 0.0078125 0.012962962962962964
3 0.5028645833333333 0.3800925925925926 0.0067708333333333336 0.010185185185185186
3 0.4966145833333333 0.38703703703703707 0.0078125 0.014814814814814815
3 0.4848958333333333 0.3990740740740741 0.010416666666666666 0.018518518518518517
3 0.4786458333333333 0.42083333333333334 0.010416666666666666 0.021296296296296296
3 0.46848958333333335 0.4550925925925926 0.0140625 0.028703703703703703
3 0.5098958333333333 0.41574074074074074 0.010416666666666666 0.018518518518518517
3 0.5247395833333334 0.4601851851851852 0.0140625 0.018518518518518517
3 0.55625 0.39305555555555555 0.009375 0.012037037037037037
3 0.5864583333333333 0.4361111111111111 0.015625 0.018518518518518517
3 0.5434895833333333 0.5324074074074074 0.0234375 0.04259259259259259
3 0.4890625 0.5277777777777778 0.022916666666666665 0.037037037037037035
3 0.44479166666666664 0.701388888888889 0.04479166666666667 0.08240740740740742
3 0.60546875 0.611574074074074 0.03697916666666667 0.05462962962962963
3 0.6578125 0.7828703703703704 0.05416666666666667 0.07685185185185185
0 0.5104166666666666 0.3990740740740741 0.005208333333333333 0.018518518518518517
0 0.4953125 0.39861111111111114 0.004166666666666667 0.019444444444444445
3 0.48932291666666666 0.3717592592592593 0.015104166666666667 0.010185185185185186
3 0.5520833333333334 0.3787037037037037 0.00625 0.011111111111111112
3 0.5903645833333333 0.45231481481481484 0.01614583333333333 0.01388888888888889
3 0.5942708333333333 0.45972222222222225 0.015625 0.015740740740740743
3 0.5997395833333333 0.46805555555555556 0.0203125 0.019444444444444445
3 0.6033854166666667 0.47500000000000003 0.018229166666666668 0.020370370370370372
3 0.6078125 0.48703703703703705 0.020833333333333332 0.022222222222222223
3 0.6130208333333333 0.5041666666666667 0.021875 0.021296296296296296
3 0.6216145833333333 0.5162037037037037 0.022395833333333334 0.032407407407407406
3 0.63046875 0.538425925925926 0.027604166666666666 0.030555555555555558
3 0.6372395833333333 0.5592592592592592 0.0296875 0.03518518518518519
3 0.6502604166666667 0.5893518518518519 0.034895833333333334 0.03796296296296296
3 0.6627604166666666 0.6226851851851852 0.043229166666666666 0.04351851851851852
3 0.68046875 0.6662037037037037 0.05364583333333333 0.0638888888888889
3 0.70859375 0.7300925925925926 0.057812499999999996 0.06759259259259259
3 0.7348958333333333 0.8069444444444445 0.07395833333333333 0.09537037037037037
3 0.7791666666666667 0.925 0.09375 0.13333333333333333
0 0.77421875 0.7731481481481481 0.015104166666666667 0.07592592592592592
0 0.7208333333333333 0.6416666666666667 0.009375 0.05555555555555556
9 0.7135416666666666 0.5861111111111111 0.014583333333333334 0.03333333333333333
0 0.6908854166666667 0.5532407407407408 0.013020833333333334 0.04537037037037037
1 0.5697916666666667 0.41944444444444445 0.005208333333333333 0.016666666666666666
1 0.5747395833333333 0.42129629629629634 0.0046875 0.012962962962962964
1 0.5734375 0.4305555555555556 0.004166666666666667 0.016666666666666666
1 0.5622395833333333 0.41250000000000003 0.0046875 0.019444444444444445
2 0.5614583333333333 0.4185185185185185 0.009375 0.011111111111111112
2 0.5697916666666667 0.4287037037037037 0.004166666666666667 0.011111111111111112
2 0.5734375 0.4365740740740741 0.004166666666666667 0.017592592592592594
2 0.5752604166666666 0.4287037037037037 0.0046875 0.012962962962962964
0 0.5760416666666667 0.40324074074074073 0.005208333333333333 0.019444444444444445
0 0.3611979166666667 0.3787037037037037 0.0036458333333333334 0.016666666666666666
0 0.3653645833333333 0.3851851851851852 0.0036458333333333334 0.018518518518518517
0 0.36484375 0.3791666666666667 0.0046875 0.015740740740740743
0 0.37916666666666665 0.3912037037037037 0.00625 0.015740740740740743
1 0.39609375 0.45462962962962966 0.0046875 0.018518518518518517
1 0.41302083333333334 0.4532407407407408 0.005208333333333333 0.019444444444444445
1 0.4380208333333333 0.41250000000000003 0.004166666666666667 0.015740740740740743
1 0.4341145833333333 0.41805555555555557 0.0046875 0.017592592592592594
1 0.44427083333333334 0.4291666666666667 0.004166666666666667 0.017592592592592594
1 0.4354166666666667 0.4310185185185185 0.005208333333333333 0.017592592592592594
1 0.42604166666666665 0.4361111111111111 0.005208333333333333 0.018518518518518517
1 0.4302083333333333 0.4361111111111111 0.005208333333333333 0.018518518518518517
1 0.42864583333333334 0.4291666666666667 0.004166666666666667 0.015740740740740743
2 0.3966145833333333 0.4638888888888889 0.005729166666666666 0.012962962962962964
2 0.41302083333333334 0.46111111111111114 0.007291666666666667 0.009259259259259259
2 0.42473958333333334 0.44351851851851853 0.0046875 0.012962962962962964
2 0.4296875 0.44351851851851853 0.005208333333333333 0.011111111111111112
2 0.4354166666666667 0.4398148148148148 0.004166666666666667 0.012962962962962964
9 0.4434895833333333 0.4328703703703704 0.005729166666666666 0.01388888888888889
2 0.3796875 0.42592592592592593 0.011458333333333333 0.011111111111111112
0 0.3692708333333333 0.4361111111111111 0.004166666666666667 0.020370370370370372
0 0.3598958333333333 0.4342592592592593 0.005208333333333333 0.02592592592592593
0 0.36354166666666665 0.43333333333333335 0.004166666666666667 0.02592592592592593
0 0.3390625 0.4388888888888889 0.007291666666666667 0.02777777777777778
0 0.3104166666666667 0.46944444444444444 0.007291666666666667 0.031481481481481485
1 0.3260416666666667 0.46064814814814814 0.005208333333333333 0.025
2 0.32526041666666666 0.47175925925925927 0.009895833333333333 0.01388888888888889
2 0.2973958333333333 0.47824074074074074 0.011458333333333333 0.015740740740740743
3 0.40911458333333334 0.38333333333333336 0.019270833333333334 0.016666666666666666
3 0.44427083333333334 0.40555555555555556 0.011458333333333333 0.016666666666666666
4 0.4510416666666667 0.4199074074074074 0.014583333333333334 0.028703703703703703
3 0.4578125 0.4152777777777778 0.011458333333333333 0.02314814814814815
3 0.43124999999999997 0.3944444444444445 0.009375 0.012962962962962964
3 0.4265625 0.4050925925925926 0.010416666666666666 0.015740740740740743
3 0.4067708333333333 0.42314814814814816 0.013541666666666667 0.016666666666666666
3 0.39921875 0.4310185185185185 0.015104166666666667 0.025
4 0.4153645833333333 0.4115740740740741 0.0171875 0.02314814814814815
3 0.41432291666666665 0.4356481481481482 0.018229166666666668 0.025
3 0.3911458333333333 0.4342592592592593 0.015625 0.02592592592592593
3 0.3828125 0.4439814814814815 0.016666666666666666 0.026851851851851852
3 0.37604166666666666 0.45416666666666666 0.014583333333333334 0.026851851851851852
4 0.36354166666666665 0.45740740740740743 0.020833333333333332 0.031481481481481485
3 0.3416666666666667 0.48564814814814816 0.021875 0.032407407407407406
3 0.33098958333333334 0.5217592592592593 0.030729166666666665 0.04537037037037037
3 0.29791666666666666 0.5509259259259259 0.041666666666666664 0.044444444444444446
0 0.3341145833333333 0.5296296296296297 0.0078125 0.040740740740740744
1 0.35104166666666664 0.5421296296296296 0.007291666666666667 0.030555555555555558
2 0.3497395833333333 0.5560185185185186 0.0109375 0.02314814814814815
0 0.22265625 0.5236111111111111 0.008854166666666666 0.04351851851851852
0 0.23177083333333334 0.5231481481481481 0.007291666666666667 0.044444444444444446
0 0.23723958333333334 0.525462962962963 0.008854166666666666 0.03425925925925926
1 0.25104166666666666 0.5097222222222222 0.008333333333333333 0.030555555555555558
2 0.24973958333333332 0.5189814814814815 0.0067708333333333336 0.02314814814814815
4 0.3072916666666667 0.5032407407407408 0.025 0.04722222222222222
3 0.28541666666666665 0.5277777777777778 0.029166666666666667 0.04814814814814815
3 0.23359375 0.5703703703703704 0.0484375 0.06481481481481481
3 0.19166666666666665 0.6171296296296297 0.046875 0.062037037037037036
2 0.21041666666666667 0.5708333333333333 0.026041666666666668 0.021296296296296296
2 0.16796875 0.6041666666666667 0.0265625 0.028703703703703703
2 0.18671875 0.5884259259259259 0.028645833333333332 0.025
0 0.04921875 0.5800925925925926 0.0140625 0.05277777777777778
1 0.07109375 0.5537037037037037 0.013020833333333334 0.02592592592592593
1 0.08671875 0.5467592592592593 0.0140625 0.028703703703703703
1 0.10234375 0.5435185185185185 0.0109375 0.02962962962962963
1 0.10416666666666667 0.7435185185185186 0.015625 0.06666666666666667
1 0.007291666666666667 0.8356481481481481 0.014583333333333334 0.08240740740740742
2 0.0125 0.8648148148148148 0.025 0.040740740740740744
2 0.10234375 0.7777777777777778 0.0296875 0.044444444444444446
2 0.0140625 0.7310185185185185 0.028125 0.04166666666666667
1 0.21927083333333333 0.7402777777777778 0.013541666666666667 0.062037037037037036
9 0.21171874999999998 0.7680555555555556 0.0140625 0.05648148148148149
3 0.14661458333333333 0.6652777777777779 0.06302083333333333 0.075
3 0.0859375 0.7148148148148148 0.08645833333333333 0.08703703703703704
3 0.03177083333333333 0.7805555555555556 0.06354166666666666 0.08518518518518518
9 0.77109375 0.6856481481481482 0.0265625 0.05462962962962963
9 0.7684895833333333 0.6699074074074074 0.024479166666666666 0.03981481481481482
9 0.7635416666666667 0.6550925925925927 0.026041666666666668 0.032407407407407406
2 0.634375 0.500462962962963 0.00625 0.021296296296296296
0 0.62734375 0.4930555555555556 0.0046875 0.032407407407407406
0 0.62421875 0.4939814814814815 0.005729166666666666 0.032407407407407406
1 0.5841145833333333 0.5310185185185186 0.0078125 0.030555555555555558
2 0.5841145833333333 0.5453703703703704 0.0078125 0.02962962962962963
2 0.6234375 0.46851851851851856 0.010416666666666666 0.016666666666666666
2 0.61484375 0.46342592592592596 0.0067708333333333336 0.019444444444444445
7 0.6190104166666667 0.4041666666666667 0.021354166666666667 0.025
1 0.6046875 0.41250000000000003 0.005208333333333333 0.015740740740740743
1 0.5947916666666666 0.4041666666666667 0.005208333333333333 0.01388888888888889
2 0.6049479166666667 0.4185185185185185 0.0036458333333333334 0.014814814814814815
9 0.5953125 0.4078703703703704 0.008333333333333333 0.012037037037037037
0 0.5473958333333333 0.38703703703703707 0.003125 0.018518518518518517
1 0.5416666666666666 0.375462962962963 0.0020833333333333333 0.006481481481481482
1 0.5442708333333334 0.3791666666666667 0.003125 0.010185185185185186
2 0.5440104166666666 0.3819444444444445 0.0026041666666666665 0.012037037037037037
9 0.5416666666666666 0.37962962962962965 0.0020833333333333333 0.011111111111111112
0 0.22604166666666667 0.4481481481481482 0.007291666666666667 0.031481481481481485
0 0.20989583333333334 0.4587962962962963 0.007291666666666667 0.036111111111111115
0 0.2921875 0.4101851851851852 0.004166666666666667 0.020370370370370372
0 0.28802083333333334 0.4115740740740741 0.004166666666666667 0.028703703703703703
0 0.28229166666666666 0.41481481481481486 0.003125 0.022222222222222223
0 0.2872395833333333 0.4 0.0046875 0.022222222222222223
0 0.28411458333333334 0.40185185185185185 0.0036458333333333334 0.022222222222222223
3 0.3216145833333333 0.3805555555555556 0.0203125 0.012962962962962964
3 0.3234375 0.38796296296296295 0.020833333333333332 0.018518518518518517
3 0.44166666666666665 0.3685185185185185 0.017708333333333333 0.012962962962962964
3 0.43854166666666666 0.37453703703703706 0.016666666666666666 0.01388888888888889
3 0.4028645833333333 0.36944444444444446 0.01614583333333333 0.012962962962962964
3 0.40729166666666666 0.3675925925925926 0.015625 0.014814814814814815
1 0.4591145833333333 0.3875 0.0036458333333333334 0.010185185185185186
1 0.4653645833333333 0.3814814814814815 0.0036458333333333334 0.011111111111111112
9 0.4583333333333333 0.3925925925925926 0.003125 0.012962962962962964
9 0.4653645833333333 0.3861111111111111 0.0067708333333333336 0.007407407407407408
