3 0.8165441176470588 0.7856209150326797 0.06544117647058824 0.08366013071895424
9 0.7996323529411764 0.6627450980392157 0.022794117647058822 0.03137254901960784
1 0.7977941176470588 0.6568627450980392 0.014705882352941176 0.03790849673202614
0 0.7783088235294118 0.6313725490196078 0.0125 0.03660130718954248
0 0.7852941176470588 0.6274509803921569 0.008823529411764706 0.0392156862745098
0 0.7926470588235294 0.6209150326797385 0.011764705882352941 0.0392156862745098
0 0.7959558823529411 0.6169934640522875 0.008088235294117646 0.03660130718954248
0 0.8242647058823529 0.6287581699346405 0.008823529411764706 0.04444444444444444
0 0.8073529411764706 0.615032679738562 0.010294117647058823 0.03790849673202614
0 0.7860294117647059 0.6117647058823529 0.007352941176470588 0.03398692810457516
1 0.7816176470588235 0.6039215686274509 0.0058823529411764705 0.01568627450980392
0 0.7643382352941176 0.6254901960784314 0.009558823529411765 0.03790849673202614
0 0.7599264705882353 0.6222222222222222 0.005147058823529412 0.02875816993464052
0 0.7705882352941177 0.6091503267973856 0.010294117647058823 0.03660130718954248
0 0.7466911764705882 0.6196078431372548 0.009558823529411765 0.0392156862745098
0 0.7525735294117647 0.5947712418300654 0.009558823529411765 0.0392156862745098
0 0.7588235294117647 0.5973856209150327 0.007352941176470588 0.0261437908496732
0 0.7408088235294118 0.5941176470588235 0.009558823529411765 0.03529411764705882
0 0.725 0.5758169934640522 0.008823529411764706 0.04052287581699346
0 0.7143382352941177 0.5620915032679739 0.0125 0.04183006535947712
0 0.7529411764705882 0.5673202614379085 0.008823529411764706 0.03137254901960784
0 0.725 0.5313725490196078 0.007352941176470588 0.0326797385620915
0 0.7213235294117647 0.5241830065359476 0.008823529411764706 0.03398692810457516
0 0.7128676470588236 0.5196078431372548 0.009558823529411765 0.0326797385620915
0 0.7058823529411764 0.5169934640522875 0.010294117647058823 0.03529411764705882
0 0.6992647058823529 0.526797385620915 0.0058823529411764705 0.02091503267973856
0 0.69375 0.522875816993464 0.008088235294117646 0.03398692810457516
0 0.6904411764705882 0.5006535947712418 0.007352941176470588 0.0261437908496732
0 0.6849264705882353 0.4941176470588235 0.009558823529411765 0.03398692810457516
3 0.4033088235294118 0.9705882352941175 0.0375 0.05620915032679738
4 0.4161764705882353 0.8176470588235294 0.03529411764705882 0.11372549019607843
6 0.4025735294117647 0.6856209150326797 0.03897058823529412 0.05620915032679738
0 0.5172794117647058 0.6869281045751634 0.009558823529411765 0.03006535947712418
0 0.5231617647058824 0.6856209150326797 0.0125 0.04052287581699346
3 0.3110294117647059 0.6562091503267974 0.025 0.047058823529411764
3 0.3139705882352941 0.6202614379084966 0.022058823529411763 0.0326797385620915
0 0.34411764705882353 0.6294117647058823 0.010294117647058823 0.043137254901960784
6 0.3845588235294118 0.6477124183006535 0.05 0.04052287581699346
6 0.3900735294117647 0.6254901960784314 0.04926470588235294 0.0457516339869281
3 0.3518382352941176 0.5241830065359476 0.0625 0.047058823529411764
0 0.4290441176470588 0.5359477124183006 0.008088235294117646 0.04183006535947712
3 0.5073529411764706 0.5522875816993463 0.032352941176470584 0.058823529411764705
0 0.5731617647058823 0.5483660130718954 0.009558823529411765 0.04052287581699346
9 0.5808823529411765 0.5601307189542484 0.010294117647058823 0.03529411764705882
3 0.5948529411764706 0.5261437908496732 0.025 0.050980392156862744
9 0.5643382352941176 0.5313725490196078 0.0125 0.0326797385620915
9 0.5522058823529412 0.530718954248366 0.010294117647058823 0.02875816993464052
1 0.5533088235294118 0.5287581699346405 0.009558823529411765 0.02222222222222222
1 0.5533088235294118 0.5222222222222221 0.009558823529411765 0.027450980392156862
3 0.5474264705882352 0.49738562091503263 0.03455882352941177 0.04836601307189542
2 0.5496323529411765 0.4660130718954248 0.019852941176470587 0.02483660130718954
9 0.5294117647058824 0.45555555555555555 0.007352941176470588 0.027450980392156862
9 0.5205882352941177 0.4490196078431372 0.010294117647058823 0.027450980392156862
3 0.5257352941176471 0.4137254901960784 0.025 0.04836601307189542
3 0.47941176470588237 0.43006535947712415 0.025 0.04183006535947712
2 0.4279411764705882 0.4568627450980392 0.007352941176470588 0.027450980392156862
1 0.42867647058823527 0.44705882352941173 0.007352941176470588 0.02091503267973856
3 0.4007352941176471 0.48823529411764705 0.025 0.05359477124183006
0 0.34044117647058825 0.4620915032679738 0.007352941176470588 0.0326797385620915
4 0.3492647058823529 0.4241830065359477 0.032352941176470584 0.05620915032679738
3 0.4033088235294118 0.4313725490196078 0.027205882352941177 0.04444444444444444
0 0.3055147058823529 0.5143790849673202 0.008088235294117646 0.03790849673202614
3 0.43713235294117647 0.3934640522875817 0.022794117647058822 0.04183006535947712
3 0.5283088235294118 0.3555555555555555 0.022794117647058822 0.04183006535947712
3 0.5448529411764705 0.37385620915032675 0.026470588235294117 0.04183006535947712
7 0.46102941176470585 0.31176470588235294 0.014705882352941176 0.03006535947712418
9 0.4209558823529412 0.35686274509803917 0.008088235294117646 0.02091503267973856
1 0.4198529411764706 0.34901960784313724 0.0058823529411764705 0.02091503267973856
3 0.5113970588235294 0.31176470588235294 0.025735294117647058 0.03529411764705882
3 0.4823529411764706 0.2522875816993464 0.026470588235294117 0.023529411764705882
3 0.37536764705882353 0.2771241830065359 0.016911764705882352 0.03137254901960784
3 0.4051470588235294 0.26666666666666666 0.016176470588235292 0.02875816993464052
3 0.4573529411764706 0.24248366013071893 0.01764705882352941 0.027450980392156862
3 0.44705882352941173 0.22287581699346404 0.014705882352941176 0.02222222222222222
3 0.4400735294117647 0.2091503267973856 0.015441176470588236 0.0261437908496732
0 0.37830882352941175 0.22091503267973855 0.005147058823529412 0.02091503267973856
4 0.4323529411764706 0.17712418300653593 0.011764705882352941 0.02483660130718954
3 0.34191176470588236 0.24771241830065358 0.03676470588235294 0.02222222222222222
5 0.325 0.28104575163398693 0.05 0.04444444444444444
5 0.36323529411764705 0.22026143790849673 0.014705882352941176 0.04052287581699346
4 0.3665441176470588 0.2045751633986928 0.013970588235294117 0.03006535947712418
3 0.3577205882352941 0.17777777777777776 0.016911764705882352 0.023529411764705882
3 0.3573529411764706 0.16666666666666666 0.01764705882352941 0.02222222222222222
3 0.3551470588235294 0.15620915032679739 0.016176470588235292 0.0196078431372549
3 0.31470588235294117 0.1588235294117647 0.025 0.0196078431372549
4 0.34338235294117647 0.14248366013071895 0.022058823529411763 0.02091503267973856
0 0.4213235294117647 0.16862745098039214 0.004411764705882353 0.01568627450980392
0 0.37316176470588236 0.1588235294117647 0.005147058823529412 0.01437908496732026
3 0.39852941176470585 0.14183006535947712 0.010294117647058823 0.01699346405228758
3 0.4238970588235294 0.1522875816993464 0.015441176470588236 0.0196078431372549
3 0.43529411764705883 0.15751633986928104 0.01764705882352941 0.01437908496732026
3 0.4143382352941176 0.14640522875816991 0.0125 0.01568627450980392
9 0.4073529411764706 0.13790849673202613 0.007352941176470588 0.011764705882352941
1 0.4077205882352941 0.134640522875817 0.005147058823529412 0.01045751633986928
4 0.4077205882352941 0.12549019607843137 0.009558823529411765 0.01830065359477124
4 0.41801470588235295 0.12352941176470587 0.015441176470588236 0.0196078431372549
3 0.36875 0.12222222222222222 0.009558823529411765 0.01699346405228758
3 0.3801470588235294 0.11045751633986928 0.010294117647058823 0.01437908496732026
3 0.3316176470588235 0.13660130718954247 0.022058823529411763 0.01437908496732026
3 0.34705882352941175 0.12679738562091503 0.010294117647058823 0.0130718954248366
3 0.31691176470588234 0.12156862745098039 0.022058823529411763 0.01568627450980392
3 0.33933823529411766 0.11437908496732026 0.019852941176470587 0.01699346405228758
3 0.30073529411764705 0.11764705882352941 0.022058823529411763 0.01568627450980392
3 0.3165441176470588 0.11503267973856209 0.022794117647058822 0.01568627450980392
3 0.30772058823529413 0.10849673202614378 0.022794117647058822 0.0130718954248366
3 0.35551470588235295 0.11045751633986928 0.0125 0.01437908496732026
3 0.34301470588235294 0.10261437908496732 0.011029411764705881 0.01437908496732026
5 0.31838235294117645 0.10130718954248365 0.022058823529411763 0.0196078431372549
3 0.31985294117647056 0.09542483660130718 0.020588235294117647 0.01568627450980392
3 0.31433823529411764 0.08758169934640522 0.019852941176470587 0.01568627450980392
3 0.3764705882352941 0.10130718954248365 0.008823529411764706 0.01437908496732026
4 0.40294117647058825 0.1111111111111111 0.014705882352941176 0.01830065359477124
3 0.3963235294117647 0.10522875816993463 0.014705882352941176 0.01437908496732026
3 0.39375 0.09673202614379084 0.015441176470588236 0.0130718954248366
3 0.3735294117647059 0.09019607843137255 0.010294117647058823 0.0130718954248366
4 0.3397058823529412 0.09346405228758169 0.011764705882352941 0.01699346405228758
4 0.2985294117647059 0.07450980392156863 0.01764705882352941 0.01830065359477124
3 0.38786764705882354 0.08562091503267973 0.011029411764705881 0.01437908496732026
5 0.31727941176470587 0.0673202614379085 0.019852941176470587 0.0196078431372549
3 0.35441176470588237 0.07516339869281045 0.008823529411764706 0.01437908496732026
3 0.34154411764705883 0.06405228758169934 0.008088235294117646 0.0130718954248366
6 0.36617647058823527 0.07581699346405228 0.007352941176470588 0.0130718954248366
3 0.37426470588235294 0.06862745098039215 0.008823529411764706 0.01437908496732026
3 0.3514705882352941 0.05947712418300653 0.008823529411764706 0.011764705882352941
3 0.36066176470588235 0.06143790849673202 0.008088235294117646 0.0130718954248366
3 0.3536764705882353 0.049019607843137254 0.007352941176470588 0.011764705882352941
3 0.3073529411764706 0.0522875816993464 0.01764705882352941 0.0130718954248366
4 0.4404411764705882 0.056862745098039215 0.010294117647058823 0.01699346405228758
3 0.025 0.20718954248366012 0.023529411764705882 0.027450980392156862
3 0.05919117647058823 0.19673202614379084 0.01838235294117647 0.02222222222222222
3 0.04926470588235294 0.1830065359477124 0.020588235294117647 0.023529411764705882
3 0.06801470588235294 0.16209150326797384 0.01838235294117647 0.02091503267973856
3 0.08345588235294117 0.14836601307189543 0.016911764705882352 0.0196078431372549
3 0.07463235294117647 0.22483660130718952 0.03455882352941177 0.0261437908496732
3 0.08308823529411764 0.21437908496732025 0.032352941176470584 0.02091503267973856
3 0.08639705882352941 0.2065359477124183 0.03308823529411765 0.02091503267973856
3 0.09926470588235294 0.2006535947712418 0.029411764705882353 0.02483660130718954
3 0.10404411764705883 0.17058823529411762 0.019852941176470587 0.0196078431372549
9 0.22941176470588234 0.8869281045751634 0.032352941176470584 0.043137254901960784
6 0.18566176470588236 0.8745098039215685 0.04632352941176471 0.05751633986928104
6 0.14044117647058824 0.8732026143790849 0.047058823529411764 0.0784313725490196
