4 0.9197916666666667 0.3805555555555556 0.027083333333333334 0.031481481481481485
4 0.6447916666666667 0.33425925925925926 0.03229166666666666 0.02777777777777778
0 0.009895833333333333 0.9435185185185185 0.01875 0.07777777777777778
3 0.25494791666666666 0.9310185185185186 0.07447916666666667 0.13611111111111113
3 0.5135416666666667 0.8740740740740741 0.042708333333333334 0.10555555555555556
3 0.38776041666666666 0.7592592592592593 0.04114583333333333 0.0962962962962963
3 0.46484375 0.6560185185185186 0.033854166666666664 0.06018518518518519
8 0.30234375 0.675 0.0890625 0.1814814814814815
5 0.3885416666666667 0.5064814814814815 0.036458333333333336 0.05740740740740741
5 0.4153645833333333 0.4393518518518519 0.0296875 0.04351851851851852
3 0.3984375 0.4175925925925926 0.017708333333333333 0.02962962962962963
3 0.5533854166666666 0.46851851851851856 0.021354166666666667 0.03888888888888889
3 0.5190104166666667 0.4291666666666667 0.018229166666666668 0.032407407407407406
3 0.44166666666666665 0.3976851851851852 0.017708333333333333 0.026851851851851852
4 0.55546875 0.3699074074074074 0.0140625 0.028703703703703703
4 0.5348958333333333 0.35694444444444445 0.013541666666666667 0.032407407407407406
3 0.5640625 0.33194444444444443 0.011458333333333333 0.02314814814814815
3 0.5971354166666667 0.3314814814814815 0.0328125 0.020370370370370372
3 0.5015625 0.3615740740740741 0.013541666666666667 0.019444444444444445
3 0.45729166666666665 0.337037037037037 0.013541666666666667 0.022222222222222223
1 0.44296874999999997 0.3194444444444445 0.0046875 0.012962962962962964
9 0.44296874999999997 0.3226851851851852 0.0046875 0.01388888888888889
1 0.5447916666666667 0.28611111111111115 0.003125 0.012962962962962964
9 0.5447916666666667 0.2898148148148148 0.003125 0.011111111111111112
2 0.42994791666666665 0.30648148148148147 0.0036458333333333334 0.011111111111111112
0 0.43906249999999997 0.2962962962962963 0.0020833333333333333 0.012962962962962964
0 0.44088541666666664 0.2939814814814815 0.0026041666666666665 0.01388888888888889
0 0.44036458333333334 0.2935185185185185 0.0026041666666666665 0.014814814814814815
0 0.4354166666666667 0.2902777777777778 0.003125 0.01388888888888889
9 0.4354166666666667 0.2976851851851852 0.007291666666666667 0.012037037037037037
3 0.4822916666666667 0.3138888888888889 0.010416666666666666 0.018518518518518517
3 0.5041666666666667 0.3125 0.010416666666666666 0.017592592592592594
5 0.5252604166666667 0.30092592592592593 0.015104166666666667 0.04259259259259259
5 0.5416666666666666 0.24305555555555555 0.02395833333333333 0.017592592592592594
1 0.5333333333333333 0.26805555555555555 0.003125 0.010185185185185186
9 0.5333333333333333 0.26990740740740743 0.003125 0.008333333333333333
0 0.5278645833333333 0.25787037037037036 0.0026041666666666665 0.012037037037037037
1 0.5268229166666667 0.2652777777777778 0.0026041666666666665 0.008333333333333333
9 0.5268229166666667 0.26712962962962966 0.0026041666666666665 0.008333333333333333
3 0.5216145833333333 0.28240740740740744 0.0067708333333333336 0.012962962962962964
3 0.51796875 0.27685185185185185 0.0078125 0.012962962962962964
3 0.5059895833333333 0.27824074074074073 0.008854166666666666 0.01388888888888889
3 0.5229166666666667 0.25787037037037036 0.007291666666666667 0.010185185185185186
3 0.5145833333333333 0.25601851851851853 0.010416666666666666 0.010185185185185186
3 0.50546875 0.25787037037037036 0.0078125 0.010185185185185186
3 0.5109375 0.2625 0.008333333333333333 0.010185185185185186
3 0.5140625 0.26851851851851855 0.008333333333333333 0.011111111111111112
3 0.34661458333333334 0.22037037037037038 0.008854166666666666 0.007407407407407408
4 0.3546875 0.21851851851851853 0.004166666666666667 0.007407407407407408
1 0.5015625 0.24120370370370373 0.0020833333333333333 0.010185185185185186
9 0.50234375 0.24212962962962964 0.005729166666666666 0.006481481481481482
3 0.4734375 0.28194444444444444 0.009375 0.01388888888888889
3 0.4947916666666667 0.2476851851851852 0.007291666666666667 0.010185185185185186
3 0.4940104166666667 0.25324074074074077 0.005729166666666666 0.010185185185185186
3 0.4903645833333333 0.2564814814814815 0.0078125 0.012962962962962964
3 0.48411458333333335 0.25277777777777777 0.0078125 0.009259259259259259
3 0.4791666666666667 0.2476851851851852 0.008333333333333333 0.010185185185185186
5 0.47161458333333334 0.2662037037037037 0.0109375 0.025
3 0.4661458333333333 0.26342592592592595 0.007291666666666667 0.012037037037037037
3 0.46979166666666666 0.2518518518518519 0.007291666666666667 0.011111111111111112
4 0.46796875 0.24305555555555555 0.011979166666666666 0.012037037037037037
5 0.46979166666666666 0.23055555555555557 0.009375 0.012962962962962964
8 0.46041666666666664 0.24583333333333335 0.011458333333333333 0.025
3 0.4515625 0.24305555555555555 0.007291666666666667 0.010185185185185186
3 0.4473958333333333 0.23796296296296296 0.007291666666666667 0.007407407407407408
4 0.45598958333333334 0.22916666666666669 0.0067708333333333336 0.010185185185185186
3 0.4197916666666667 0.24351851851851852 0.013541666666666667 0.011111111111111112
3 0.44479166666666664 0.22268518518518518 0.007291666666666667 0.006481481481481482
3 0.4380208333333333 0.23101851851851854 0.00625 0.010185185185185186
3 0.42682291666666666 0.2138888888888889 0.005729166666666666 0.005555555555555556
