3 0.44227941176470587 0.4071895424836601 0.03455882352941177 0.0718954248366013
3 0.5058823529411764 0.3300653594771242 0.025 0.05620915032679738
3 0.6294117647058823 0.2875816993464052 0.026470588235294117 0.047058823529411764
3 0.5801470588235293 0.0718954248366013 0.016176470588235292 0.02875816993464052
3 0.48419117647058824 0.11568627450980391 0.016911764705882352 0.0326797385620915
3 0.5088235294117647 0.04248366013071895 0.014705882352941176 0.0326797385620915
3 0.5724264705882353 0.01045751633986928 0.0125 0.02091503267973856
3 0.6856617647058824 0.08823529411764705 0.021323529411764706 0.03006535947712418
3 0.7746323529411765 0.23856209150326796 0.03455882352941177 0.06143790849673202
3 0.9128676470588235 0.7947712418300653 0.10955882352941176 0.0915032679738562
4 0.9397058823529412 0.6431372549019607 0.047058823529411764 0.12287581699346405
5 0.7985294117647058 0.5908496732026144 0.07205882352941176 0.1568627450980392
4 0.76875 0.4888888888888889 0.07279411764705883 0.06797385620915032
3 0.36727941176470585 0.17320261437908496 0.03455882352941177 0.0326797385620915
3 0.48455882352941176 0.06339869281045751 0.014705882352941176 0.03006535947712418
3 0.4878676470588235 0.04183006535947712 0.013970588235294117 0.0261437908496732
3 0.41654411764705884 0.02418300653594771 0.015441176470588236 0.02222222222222222
4 0.12610294117647058 0.7725490196078431 0.10073529411764706 0.09411764705882353
6 0.43419117647058825 0.4986928104575163 0.0375 0.06405228758169934
0 0.6529411764705882 0.6163398692810457 0.014705882352941176 0.04836601307189542
0 0.5996323529411764 0.8784313725490196 0.016911764705882352 0.06274509803921569
0 0.7297794117647058 0.6620915032679738 0.0125 0.05359477124183006
0 0.7419117647058824 0.6738562091503267 0.014705882352941176 0.05620915032679738
0 0.7503676470588235 0.661437908496732 0.0125 0.047058823529411764
1 0.5018382352941176 0.5973856209150327 0.0125 0.04967320261437908
1 0.5702205882352941 0.4235294117647059 0.008088235294117646 0.02875816993464052
1 0.5716911764705882 0.41241830065359475 0.009558823529411765 0.0326797385620915
0 0.6172794117647059 0.3405228758169934 0.0125 0.04052287581699346
0 0.6268382352941176 0.3477124183006536 0.005147058823529412 0.0261437908496732
0 0.611764705882353 0.23594771241830065 0.007352941176470588 0.03529411764705882
0 0.4647058823529412 0.19281045751633985 0.007352941176470588 0.0326797385620915
0 0.34963235294117645 0.20718954248366012 0.009558823529411765 0.03529411764705882
0 0.31066176470588236 0.1915032679738562 0.005147058823529412 0.027450980392156862
0 0.31433823529411764 0.19281045751633985 0.005147058823529412 0.027450980392156862
0 0.24669117647058822 0.4875816993464052 0.009558823529411765 0.0522875816993464
0 0.25036764705882353 0.4888888888888889 0.006617647058823529 0.03398692810457516
0 0.11911764705882352 0.49542483660130715 0.010294117647058823 0.0392156862745098
0 0.11948529411764705 0.5117647058823529 0.0125 0.03790849673202614
0 0.14669117647058824 0.3915032679738562 0.016911764705882352 0.04836601307189542
0 0.3095588235294118 0.37450980392156863 0.007352941176470588 0.04052287581699346
0 0.3165441176470588 0.3679738562091503 0.009558823529411765 0.03529411764705882
9 0.26838235294117646 0.44509803921568625 0.01764705882352941 0.03529411764705882
9 0.21691176470588236 0.4660130718954248 0.014705882352941176 0.03790849673202614
9 0.15404411764705883 0.4640522875816993 0.011029411764705881 0.04444444444444444
9 0.09852941176470588 0.4869281045751634 0.01764705882352941 0.03529411764705882
9 0.04485294117647059 0.4816993464052287 0.03529411764705882 0.03529411764705882
9 0.21691176470588236 0.5130718954248366 0.025 0.04052287581699346
9 0.2025735294117647 0.4359477124183006 0.019852941176470587 0.04052287581699346
9 0.1290441176470588 0.47058823529411764 0.01838235294117647 0.03660130718954248
9 0.1275735294117647 0.5052287581699346 0.030147058823529412 0.02483660130718954
2 0.19117647058823528 0.4745098039215686 0.01764705882352941 0.0392156862745098
2 0.2514705882352941 0.44705882352941173 0.014705882352941176 0.0392156862745098
2 0.29191176470588237 0.4516339869281045 0.01764705882352941 0.04836601307189542
2 0.28860294117647056 0.3679738562091503 0.025735294117647058 0.027450980392156862
2 0.27647058823529413 0.4065359477124183 0.025 0.0261437908496732
9 0.2772058823529412 0.4156862745098039 0.025 0.0261437908496732
9 0.3636029411764706 0.32614379084967315 0.019852941176470587 0.0326797385620915
9 0.8290441176470588 0.33921568627450976 0.021323529411764706 0.02222222222222222
9 0.8264705882352941 0.32614379084967315 0.023529411764705882 0.027450980392156862
9 0.8113970588235294 0.2947712418300653 0.02426470588235294 0.02222222222222222
5 0.6856617647058824 0.16078431372549018 0.027205882352941177 0.06797385620915032
3 0.6738970588235293 0.058823529411764705 0.03161764705882353 0.03137254901960784
3 0.625 0.11568627450980391 0.03529411764705882 0.0326797385620915
6 0.5191176470588236 0.065359477124183 0.010294117647058823 0.03398692810457516
4 0.45992647058823527 0.11895424836601307 0.019852941176470587 0.03660130718954248
9 0.4834558823529412 0.08562091503267973 0.008088235294117646 0.0196078431372549
0 0.4974264705882353 0.11830065359477124 0.005147058823529412 0.027450980392156862
0 0.4150735294117647 0.0738562091503268 0.005147058823529412 0.02222222222222222
0 0.39044117647058824 0.1477124183006536 0.0058823529411764705 0.0261437908496732
0 0.39705882352941174 0.15098039215686274 0.007352941176470588 0.02222222222222222
0 0.3863970588235294 0.17320261437908496 0.006617647058823529 0.02483660130718954
0 0.3860294117647059 0.16470588235294117 0.007352941176470588 0.0261437908496732
9 0.38125 0.14509803921568626 0.013970588235294117 0.02091503267973856
9 0.3988970588235294 0.0673202614379085 0.013970588235294117 0.01699346405228758
9 0.40294117647058825 0.06274509803921569 0.011764705882352941 0.01830065359477124
0 0.39558823529411763 0.02418300653594771 0.0029411764705882353 0.01437908496732026
0 0.3992647058823529 0.02091503267973856 0.0029411764705882353 0.01568627450980392
0 0.7084558823529412 0.05032679738562091 0.005147058823529412 0.02222222222222222
2 0.5014705882352941 0.6071895424836601 0.025 0.043137254901960784
