5 0.09739583333333333 0.8231481481481482 0.10104166666666667 0.22037037037037038
3 0.3104166666666667 0.7361111111111112 0.04375 0.1425925925925926
3 0.3880208333333333 0.9148148148148149 0.05520833333333333 0.16666666666666669
3 0.3046875 0.9675925925925927 0.053125 0.061111111111111116
3 0.5541666666666667 0.7787037037037038 0.04583333333333333 0.1537037037037037
6 0.2515625 0.8027777777777778 0.040625 0.11666666666666667
6 0.21041666666666667 0.7870370370370371 0.035416666666666666 0.0925925925925926
1 0.21614583333333334 0.7666666666666667 0.021875 0.05185185185185186
4 0.18177083333333333 0.787962962962963 0.042708333333333334 0.10555555555555556
3 0.21041666666666667 0.6990740740740741 0.09583333333333333 0.07962962962962963
5 0.6890625 0.7870370370370371 0.13229166666666667 0.0925925925925926
4 0.8270833333333333 0.7037037037037037 0.06041666666666667 0.14444444444444446
3 0.5546875 0.6305555555555555 0.040625 0.10925925925925926
3 0.5385416666666667 0.49259259259259264 0.03125 0.07407407407407407
3 0.6171875 0.5333333333333333 0.078125 0.06296296296296297
3 0.3458333333333333 0.5157407407407407 0.041666666666666664 0.09814814814814815
3 0.19739583333333333 0.6185185185185186 0.09270833333333334 0.10740740740740741
0 0.20208333333333334 0.6342592592592593 0.020833333333333332 0.05
7 0.4630208333333333 0.5555555555555556 0.02395833333333333 0.08518518518518518
6 0.2734375 0.5935185185185186 0.03854166666666667 0.07962962962962963
1 0.2708333333333333 0.5962962962962963 0.010416666666666666 0.04814814814814815
1 0.26197916666666665 0.5962962962962963 0.011458333333333333 0.040740740740740744
6 0.29791666666666666 0.5175925925925926 0.03333333333333333 0.06481481481481481
1 0.2911458333333333 0.5194444444444445 0.011458333333333333 0.03518518518518519
0 0.371875 0.5296296296296297 0.0125 0.044444444444444446
0 0.37447916666666664 0.5046296296296297 0.011458333333333333 0.03888888888888889
0 0.3854166666666667 0.46944444444444444 0.010416666666666666 0.03888888888888889
0 0.3911458333333333 0.45462962962962966 0.009375 0.03518518518518519
3 0.5421875 0.40555555555555556 0.026041666666666668 0.06296296296296297
3 0.4864583333333333 0.34351851851851856 0.027083333333333334 0.05740740740740741
6 0.5385416666666667 0.32222222222222224 0.016666666666666666 0.05555555555555556
3 0.42604166666666665 0.35185185185185186 0.03125 0.06296296296296297
3 0.28541666666666665 0.3990740740740741 0.04375 0.07962962962962963
3 0.2947916666666667 0.32037037037037036 0.0375 0.06666666666666667
6 0.36354166666666665 0.3027777777777778 0.020833333333333332 0.053703703703703705
1 0.3598958333333333 0.3 0.011458333333333333 0.02962962962962963
3 0.4005208333333333 0.2490740740740741 0.026041666666666668 0.05740740740740741
6 0.7432291666666666 0.4175925925925926 0.036458333333333336 0.05740740740740741
6 0.653125 0.48703703703703705 0.041666666666666664 0.044444444444444446
3 0.6041666666666666 0.46574074074074073 0.07083333333333333 0.05740740740740741
4 0.6010416666666667 0.3990740740740741 0.052083333333333336 0.05740740740740741
3 0.6057291666666667 0.3564814814814815 0.06145833333333333 0.0462962962962963
3 0.7026041666666667 0.32407407407407407 0.03229166666666666 0.05925925925925926
3 0.7161458333333334 0.28055555555555556 0.053125 0.053703703703703705
3 0.7572916666666667 0.21851851851851853 0.04791666666666666 0.03333333333333333
3 0.575 0.1685185185185185 0.03958333333333333 0.03333333333333333
3 0.5833333333333334 0.15462962962962964 0.03958333333333333 0.031481481481481485
3 0.565625 0.1175925925925926 0.0375 0.02777777777777778
3 0.5598958333333334 0.09444444444444444 0.03229166666666666 0.02592592592592593
3 0.2635416666666667 0.24166666666666667 0.05416666666666667 0.03888888888888889
4 0.2682291666666667 0.25462962962962965 0.04479166666666667 0.0462962962962963
3 0.3453125 0.18425925925925926 0.026041666666666668 0.04259259259259259
3 0.3651041666666667 0.12962962962962962 0.02395833333333333 0.040740740740740744
3 0.42083333333333334 0.10833333333333334 0.020833333333333332 0.03518518518518519
3 0.528125 0.12962962962962962 0.016666666666666666 0.03333333333333333
3 0.33541666666666664 0.11666666666666667 0.025 0.037037037037037035
3 0.31197916666666664 0.11481481481481481 0.03229166666666666 0.037037037037037035
4 0.5911458333333334 0.02962962962962963 0.03229166666666666 0.02962962962962963
6 0.13489583333333333 0.6046296296296296 0.06145833333333333 0.053703703703703705
6 0.084375 0.5935185185185186 0.05 0.05
6 0.13020833333333334 0.525 0.052083333333333336 0.04259259259259259
6 0.18125 0.4935185185185185 0.03125 0.06851851851851852
6 0.18125 0.43703703703703706 0.025 0.05555555555555556
0 0.14791666666666667 0.4203703703703704 0.0125 0.040740740740740744
0 0.15729166666666666 0.3990740740740741 0.014583333333333334 0.03518518518518519
0 0.1703125 0.3712962962962963 0.011458333333333333 0.03518518518518519
0 0.1703125 0.3675925925925926 0.011458333333333333 0.03518518518518519
6 0.13177083333333334 0.4898148148148148 0.030208333333333334 0.061111111111111116
0 0.2453125 0.38703703703703707 0.009375 0.03333333333333333
0 0.25364583333333335 0.3685185185185185 0.009375 0.037037037037037035
0 0.2546875 0.3574074074074074 0.009375 0.03333333333333333
0 0.10677083333333333 0.5777777777777778 0.019791666666666666 0.037037037037037035
9 0.029166666666666667 0.5824074074074075 0.04791666666666666 0.06481481481481481
9 0.22291666666666665 0.2518518518518519 0.020833333333333332 0.037037037037037035
9 0.2520833333333333 0.19351851851851853 0.016666666666666666 0.020370370370370372
0 0.27447916666666666 0.20925925925925926 0.007291666666666667 0.02592592592592593
0 0.2713541666666667 0.19166666666666668 0.007291666666666667 0.02777777777777778
6 0.37916666666666665 0.18888888888888888 0.014583333333333334 0.02962962962962963
1 0.37864583333333335 0.1851851851851852 0.009375 0.02962962962962963
3 0.38697916666666665 0.06759259259259259 0.019791666666666666 0.02777777777777778
3 0.33177083333333335 0.05462962962962963 0.017708333333333333 0.02777777777777778
3 0.29322916666666665 0.08425925925925926 0.030208333333333334 0.02777777777777778
0 0.5973958333333333 0.10277777777777779 0.005208333333333333 0.024074074074074074
0 0.6182291666666666 0.10555555555555556 0.005208333333333333 0.02592592592592593
9 0.6265625 0.11388888888888889 0.009375 0.02777777777777778
9 0.615625 0.07962962962962963 0.004166666666666667 0.022222222222222223
9 0.5015625 0.08055555555555556 0.005208333333333333 0.020370370370370372
1 0.5015625 0.07685185185185185 0.005208333333333333 0.020370370370370372
6 0.38958333333333334 0.037037037037037035 0.010416666666666666 0.02962962962962963
7 0.3338541666666667 0.017592592592592594 0.017708333333333333 0.024074074074074074
4 0.3671875 0.022222222222222223 0.021875 0.02962962962962963
3 0.37604166666666666 0.016666666666666666 0.029166666666666667 0.022222222222222223
9 0.31666666666666665 0.18333333333333335 0.01875 0.02592592592592593
9 0.3171875 0.17962962962962964 0.017708333333333333 0.02592592592592593
9 0.7697916666666667 0.4916666666666667 0.025 0.031481481481481485
0 0.5729166666666666 0.030555555555555558 0.004166666666666667 0.020370370370370372
2 0.6 0.05925925925925926 0.014583333333333334 0.011111111111111112
9 0.6036458333333333 0.05555555555555556 0.013541666666666667 0.014814814814814815
