9 0.04926470588235294 0.45359477124183 0.027941176470588233 0.03398692810457516
0 0.08786764705882352 0.43660130718954243 0.011029411764705881 0.04183006535947712
1 0.14227941176470588 0.4888888888888889 0.015441176470588236 0.04183006535947712
3 0.11397058823529412 0.5477124183006535 0.054411764705882354 0.08366013071895424
2 0.06066176470588235 0.5300653594771242 0.016911764705882352 0.02222222222222222
9 0.06875 0.5581699346405229 0.04044117647058824 0.04183006535947712
0 0.023161764705882354 0.6045751633986928 0.019852941176470587 0.0718954248366013
0 0.06764705882352941 0.6071895424836601 0.022058823529411763 0.06143790849673202
0 0.16066176470588234 0.6013071895424836 0.01838235294117647 0.06274509803921569
0 0.1764705882352941 0.5777777777777777 0.014705882352941176 0.05751633986928104
4 0.20220588235294118 0.5124183006535947 0.07058823529411765 0.08366013071895424
4 0.26580882352941176 0.4633986928104575 0.0625 0.06928104575163398
4 0.42205882352941176 0.4660130718954248 0.08529411764705883 0.0718954248366013
4 0.35698529411764707 0.37516339869281046 0.04485294117647059 0.06274509803921569
0 0.4073529411764706 0.44313725490196076 0.014705882352941176 0.047058823529411764
0 0.3558823529411765 0.534640522875817 0.022058823529411763 0.04967320261437908
0 0.31875 0.5477124183006535 0.0125 0.06274509803921569
0 0.3058823529411765 0.5516339869281045 0.010294117647058823 0.054901960784313725
3 0.10955882352941176 0.7549019607843137 0.1 0.12941176470588234
3 0.22830882352941176 0.8620915032679738 0.12279411764705882 0.17124183006535945
3 0.3466911764705882 0.9418300653594771 0.13455882352941176 0.11372549019607843
1 0.10625 0.9313725490196078 0.025735294117647058 0.06405228758169934
1 0.13566176470588234 0.8810457516339869 0.027205882352941177 0.05751633986928104
9 0.13786764705882354 0.8973856209150326 0.0375 0.06666666666666667
2 0.11029411764705882 0.9522875816993464 0.03529411764705882 0.08235294117647059
3 0.5863970588235294 0.8973856209150326 0.10220588235294117 0.16078431372549018
3 0.6529411764705882 0.9333333333333332 0.11029411764705882 0.130718954248366
3 0.46654411764705883 0.8470588235294118 0.11102941176470588 0.15947712418300652
3 0.4 0.8026143790849672 0.1161764705882353 0.13856209150326795
4 0.35698529411764707 0.7352941176470588 0.09044117647058823 0.14248366013071895
0 0.9852941176470588 0.9464052287581699 0.025 0.09411764705882353
3 0.9238970588235293 0.7294117647058823 0.06397058823529411 0.12026143790849672
6 0.8058823529411765 0.715032679738562 0.06470588235294117 0.08888888888888888
1 0.7915441176470588 0.7071895424836601 0.019852941176470587 0.03660130718954248
3 0.8415441176470588 0.6732026143790849 0.06691176470588235 0.1045751633986928
9 0.9191176470588235 0.5718954248366013 0.029411764705882353 0.05620915032679738
9 0.9040441176470588 0.5594771241830065 0.03161764705882353 0.06013071895424836
9 0.7246323529411764 0.5450980392156862 0.022794117647058822 0.0392156862745098
9 0.7095588235294118 0.5366013071895425 0.025 0.043137254901960784
9 0.6650735294117647 0.48823529411764705 0.028676470588235293 0.03529411764705882
9 0.6305147058823529 0.49019607843137253 0.028676470588235293 0.03137254901960784
9 0.6352941176470588 0.48496732026143785 0.023529411764705882 0.02875816993464052
9 0.65 0.4816993464052287 0.025 0.03529411764705882
0 0.6378676470588235 0.44248366013071894 0.0125 0.050980392156862744
0 0.6238970588235294 0.4437908496732026 0.013970588235294117 0.04836601307189542
0 0.6113970588235293 0.4379084967320261 0.0125 0.04967320261437908
0 0.6099264705882352 0.4294117647058823 0.0125 0.05620915032679738
0 0.6367647058823529 0.4287581699346405 0.010294117647058823 0.04967320261437908
0 0.6323529411764706 0.5699346405228758 0.011764705882352941 0.06013071895424836
0 0.6584558823529412 0.5686274509803921 0.0125 0.054901960784313725
0 0.63125 0.5444444444444444 0.015441176470588236 0.06143790849673202
1 0.61875 0.5732026143790849 0.016911764705882352 0.0457516339869281
1 0.5977941176470588 0.5594771241830065 0.013235294117647059 0.03660130718954248
1 0.70625 0.6039215686274509 0.013970588235294117 0.0392156862745098
1 0.6996323529411764 0.5862745098039215 0.015441176470588236 0.03529411764705882
1 0.7073529411764706 0.5869281045751633 0.010294117647058823 0.0392156862745098
1 0.7198529411764706 0.596078431372549 0.011764705882352941 0.04183006535947712
1 0.7180147058823529 0.5856209150326797 0.0125 0.04183006535947712
0 0.5272058823529412 0.6039215686274509 0.013235294117647059 0.06013071895424836
6 0.6606617647058823 0.6555555555555556 0.08308823529411764 0.12679738562091503
6 0.7533088235294118 0.6313725490196078 0.05661764705882353 0.1411764705882353
6 0.5761029411764705 0.6078431372549019 0.07573529411764705 0.12287581699346405
6 0.6558823529411765 0.5320261437908497 0.075 0.09673202614379084
3 0.6386029411764705 0.418954248366013 0.05514705882352941 0.05620915032679738
3 0.5488970588235293 0.39673202614379083 0.04779411764705882 0.05620915032679738
3 0.5955882352941176 0.36732026143790847 0.027941176470588233 0.054901960784313725
3 0.6511029411764706 0.3248366013071895 0.03897058823529412 0.04836601307189542
3 0.6742647058823529 0.3071895424836601 0.04264705882352941 0.05751633986928104
1 0.4926470588235294 0.43006535947712415 0.013235294117647059 0.03660130718954248
0 0.4466911764705882 0.3477124183006536 0.011029411764705881 0.04183006535947712
0 0.4540441176470588 0.2980392156862745 0.009558823529411765 0.03660130718954248
0 0.4613970588235294 0.29673202614379085 0.005147058823529412 0.01830065359477124
0 0.46654411764705883 0.29934640522875816 0.008088235294117646 0.03398692810457516
2 0.4345588235294118 0.261437908496732 0.01764705882352941 0.02091503267973856
3 0.4404411764705882 0.28431372549019607 0.04852941176470588 0.043137254901960784
0 0.4452205882352941 0.30588235294117644 0.006617647058823529 0.01568627450980392
3 0.506985294117647 0.24444444444444444 0.0375 0.03398692810457516
3 0.5183823529411765 0.2333333333333333 0.03529411764705882 0.0326797385620915
3 0.5661764705882353 0.3098039215686274 0.05 0.04183006535947712
3 0.5908088235294118 0.2980392156862745 0.04485294117647059 0.0392156862745098
3 0.6058823529411764 0.19607843137254902 0.039705882352941174 0.03398692810457516
3 0.6202205882352941 0.19215686274509802 0.03455882352941177 0.02875816993464052
3 0.6511029411764706 0.1738562091503268 0.0375 0.0261437908496732
3 0.675 0.16470588235294117 0.03529411764705882 0.0261437908496732
3 0.6786764705882353 0.23529411764705882 0.039705882352941174 0.02875816993464052
3 0.6470588235294118 0.25359477124183005 0.057352941176470586 0.04183006535947712
