3 0.8408088235294118 0.8830065359477124 0.12573529411764706 0.13986928104575164
9 0.9805147058823529 0.6640522875816993 0.03161764705882353 0.07058823529411765
9 0.9702205882352941 0.6718954248366013 0.03308823529411765 0.06274509803921569
9 0.7658088235294117 0.7673202614379084 0.027205882352941177 0.07058823529411765
9 0.7488970588235294 0.7320261437908496 0.019852941176470587 0.07320261437908496
9 0.7360294117647058 0.7986928104575163 0.05 0.05751633986928104
1 0.7375 0.7856209150326797 0.023529411764705882 0.06274509803921569
2 0.8183823529411764 0.5398692810457516 0.022058823529411763 0.06013071895424836
3 0.7084558823529412 0.6490196078431372 0.11985294117647059 0.09281045751633986
3 0.6709558823529411 0.5398692810457516 0.10220588235294117 0.08104575163398692
3 0.5819852941176471 0.5973856209150327 0.05955882352941176 0.12287581699346405
3 0.4919117647058823 0.6013071895424836 0.047058823529411764 0.1045751633986928
3 0.6577205882352941 0.4686274509803921 0.09338235294117647 0.07450980392156863
0 0.6963235294117647 0.2895424836601307 0.008823529411764706 0.04836601307189542
0 0.663235294117647 0.32941176470588235 0.007352941176470588 0.047058823529411764
0 0.6727941176470588 0.33856209150326794 0.008823529411764706 0.04967320261437908
0 0.6794117647058824 0.3300653594771242 0.007352941176470588 0.04836601307189542
9 0.6790441176470589 0.3032679738562091 0.019852941176470587 0.02875816993464052
0 0.6713235294117647 0.27385620915032677 0.008823529411764706 0.043137254901960784
0 0.6599264705882353 0.27843137254901956 0.009558823529411765 0.04183006535947712
0 0.6525735294117647 0.2718954248366013 0.009558823529411765 0.047058823529411764
0 0.6613970588235294 0.2549019607843137 0.011029411764705881 0.047058823529411764
9 0.6389705882352941 0.1699346405228758 0.010294117647058823 0.0261437908496732
9 0.6540441176470588 0.19869281045751633 0.009558823529411765 0.0261437908496732
3 0.5970588235294118 0.3424836601307189 0.06470588235294117 0.06013071895424836
3 0.5886029411764706 0.2947712418300653 0.06544117647058824 0.05359477124183006
9 0.5952205882352941 0.24509803921568626 0.019852941176470587 0.02483660130718954
9 0.5702205882352941 0.2568627450980392 0.01838235294117647 0.027450980392156862
3 0.5566176470588236 0.21372549019607842 0.047058823529411764 0.043137254901960784
3 0.5470588235294117 0.1803921568627451 0.057352941176470586 0.0392156862745098
3 0.5334558823529412 0.15424836601307187 0.05220588235294118 0.03660130718954248
0 0.5852941176470589 0.16470588235294117 0.0058823529411764705 0.02875816993464052
0 0.5790441176470588 0.16209150326797384 0.006617647058823529 0.03137254901960784
0 0.5716911764705882 0.16013071895424835 0.006617647058823529 0.0326797385620915
3 0.5691176470588235 0.12091503267973855 0.026470588235294117 0.043137254901960784
9 0.06875 0.6235294117647059 0.027205882352941177 0.06274509803921569
2 0.08308823529411764 0.5705882352941176 0.022058823529411763 0.04836601307189542
2 0.18860294117647058 0.5856209150326797 0.0375 0.03398692810457516
9 0.2566176470588235 0.6248366013071895 0.01764705882352941 0.06013071895424836
6 0.2900735294117647 0.515032679738562 0.04044117647058824 0.08627450980392157
1 0.33786764705882355 0.5594771241830065 0.013970588235294117 0.06013071895424836
1 0.3422794117647059 0.55359477124183 0.015441176470588236 0.04836601307189542
9 0.3386029411764706 0.5751633986928104 0.01838235294117647 0.06274509803921569
0 0.09485294117647058 0.43660130718954243 0.014705882352941176 0.06013071895424836
0 0.08897058823529412 0.430718954248366 0.014705882352941176 0.05620915032679738
9 0.10110294117647059 0.38888888888888884 0.0125 0.04836601307189542
9 0.17169117647058824 0.5320261437908497 0.028676470588235293 0.03660130718954248
9 0.17352941176470588 0.4941176470588235 0.027941176470588233 0.03137254901960784
9 0.15919117647058822 0.48627450980392156 0.022794117647058822 0.04444444444444444
2 0.18970588235294117 0.4633986928104575 0.032352941176470584 0.0457516339869281
2 0.21985294117647058 0.4718954248366013 0.03529411764705882 0.04183006535947712
2 0.22573529411764706 0.4875816993464052 0.032352941176470584 0.04183006535947712
3 0.3926470588235294 0.30849673202614375 0.032352941176470584 0.06797385620915032
1 0.3628676470588235 0.3856209150326797 0.0125 0.04183006535947712
9 0.36213235294117646 0.39673202614379083 0.0125 0.050980392156862744
3 0.29375 0.3758169934640523 0.04485294117647059 0.09542483660130718
9 0.3136029411764706 0.30588235294117644 0.022794117647058822 0.03398692810457516
3 0.27941176470588236 0.15947712418300652 0.055882352941176466 0.04183006535947712
3 0.3003676470588235 0.13986928104575164 0.05367647058823529 0.0392156862745098
7 0.35110294117647056 0.16601307189542483 0.015441176470588236 0.0522875816993464
3 0.5158088235294117 0.13333333333333333 0.0375 0.02875816993464052
1 0.48566176470588235 0.21895424836601304 0.008088235294117646 0.0326797385620915
2 0.48566176470588235 0.22549019607843135 0.008088235294117646 0.0326797385620915
3 0.4253676470588235 0.1738562091503268 0.02426470588235294 0.04444444444444444
4 0.4775735294117647 0.134640522875817 0.019852941176470587 0.04444444444444444
3 0.44080882352941175 0.11437908496732026 0.022794117647058822 0.0326797385620915
1 0.44779411764705884 0.1522875816993464 0.007352941176470588 0.03006535947712418
9 0.44816176470588237 0.15751633986928104 0.008088235294117646 0.027450980392156862
0 0.1363970588235294 0.33202614379084966 0.009558823529411765 0.04444444444444444
4 0.3875 0.12352941176470587 0.01911764705882353 0.04836601307189542
0 0.24154411764705883 0.08431372549019607 0.003676470588235294 0.02483660130718954
9 0.34338235294117647 0.0522875816993464 0.004411764705882353 0.01568627450980392
2 0.3463235294117647 0.03986928104575163 0.004411764705882353 0.01437908496732026
1 0.35919117647058824 0.07973856209150326 0.006617647058823529 0.02091503267973856
9 0.35955882352941176 0.08562091503267973 0.0058823529411764705 0.0196078431372549
1 0.36433823529411763 0.03202614379084967 0.005147058823529412 0.02222222222222222
9 0.36433823529411763 0.03660130718954248 0.005147058823529412 0.01830065359477124
3 0.3713235294117647 0.058823529411764705 0.01764705882352941 0.03398692810457516
1 0.4073529411764706 0.07647058823529411 0.0058823529411764705 0.02222222222222222
9 0.4073529411764706 0.08039215686274509 0.007352941176470588 0.02222222222222222
1 0.4294117647058823 0.08627450980392157 0.0058823529411764705 0.02091503267973856
9 0.4294117647058823 0.0915032679738562 0.0058823529411764705 0.02091503267973856
0 0.47941176470588237 0.07973856209150326 0.004411764705882353 0.023529411764705882
6 0.4698529411764706 0.07124183006535947 0.010294117647058823 0.02222222222222222
3 0.4150735294117647 0.01699346405228758 0.013970588235294117 0.02091503267973856
3 0.41691176470588237 0.06209150326797385 0.01764705882352941 0.03006535947712418
3 0.4227941176470588 0.03725490196078431 0.016176470588235292 0.027450980392156862
1 0.4441176470588235 0.0673202614379085 0.004411764705882353 0.01699346405228758
1 0.4430147058823529 0.06405228758169934 0.005147058823529412 0.01830065359477124
4 0.4551470588235294 0.02810457516339869 0.01764705882352941 0.0326797385620915
0 0.44816176470588237 0.03464052287581699 0.003676470588235294 0.02222222222222222
1 0.4430147058823529 0.04183006535947712 0.006617647058823529 0.02091503267973856
9 0.4430147058823529 0.04640522875816993 0.006617647058823529 0.02222222222222222
9 0.48419117647058824 0.05555555555555555 0.0125 0.01437908496732026
3 0.49816176470588236 0.07973856209150326 0.03455882352941177 0.03137254901960784
0 0.5209558823529412 0.060784313725490195 0.005147058823529412 0.027450980392156862
0 0.5279411764705882 0.04640522875816993 0.0029411764705882353 0.02483660130718954
0 0.5268382352941177 0.08169934640522876 0.005147058823529412 0.027450980392156862
0 0.5367647058823529 0.07973856209150326 0.0058823529411764705 0.0261437908496732
1 0.5764705882352941 0.07647058823529411 0.0058823529411764705 0.02222222222222222
