1 0.2595588235294118 0.8869281045751634 0.020588235294117647 0.06666666666666667
1 0.24338235294117647 0.8594771241830065 0.01764705882352941 0.06405228758169934
9 0.24301470588235294 0.8764705882352941 0.04926470588235294 0.09803921568627451
1 0.7889705882352941 0.8450980392156863 0.022058823529411763 0.08758169934640522
0 0.8147058823529412 0.8771241830065359 0.032352941176470584 0.11241830065359476
9 0.8110294117647059 0.8810457516339869 0.06764705882352941 0.11241830065359476
6 0.8525735294117647 0.6065359477124183 0.11102941176470588 0.10980392156862745
3 0.05551470588235294 0.49281045751633984 0.11102941176470588 0.11764705882352941
0 0.013602941176470588 0.38169934640522873 0.027205882352941177 0.07581699346405228
1 0.12941176470588234 0.3627450980392157 0.025 0.07712418300653594
9 0.1290441176470588 0.3764705882352941 0.022794117647058822 0.06274509803921569
1 0.1514705882352941 0.22549019607843135 0.022058823529411763 0.06405228758169934
9 0.1488970588235294 0.23856209150326796 0.019852941176470587 0.06143790849673202
3 0.044117647058823525 0.2006535947712418 0.08823529411764705 0.09542483660130718
3 0.06727941176470588 0.0784313725490196 0.05955882352941176 0.08888888888888888
9 0.07316176470588236 0.13594771241830064 0.04485294117647059 0.0392156862745098
3 0.10404411764705883 0.01830065359477124 0.08455882352941177 0.03660130718954248
7 0.2275735294117647 0.18692810457516337 0.0375 0.08888888888888888
3 0.2474264705882353 0.10718954248366012 0.0375 0.0915032679738562
3 0.4235294117647059 0.1915032679738562 0.05 0.09281045751633986
3 0.3966911764705882 0.1045751633986928 0.05808823529411765 0.08104575163398692
3 0.3735294117647059 0.023529411764705882 0.052941176470588235 0.04183006535947712
9 0.3963235294117647 0.04248366013071895 0.032352941176470584 0.043137254901960784
2 0.4474264705882353 0.05359477124183006 0.027205882352941177 0.03398692810457516
9 0.44595588235294115 0.09607843137254901 0.030147058823529412 0.04052287581699346
0 0.6540441176470588 0.5555555555555555 0.030147058823529412 0.07581699346405228
0 0.5345588235294118 0.12483660130718953 0.007352941176470588 0.050980392156862744
9 0.9264705882352942 0.4941176470588235 0.01764705882352941 0.07058823529411765
9 0.9389705882352941 0.4941176470588235 0.022058823529411763 0.07581699346405228
9 0.95 0.4947712418300653 0.01911764705882353 0.07712418300653594
9 0.9485294117647058 0.588235294117647 0.01764705882352941 0.08104575163398692
9 0.961764705882353 0.5869281045751633 0.01764705882352941 0.08627450980392157
9 0.9738970588235294 0.5947712418300654 0.016911764705882352 0.08104575163398692
9 0.9882352941176471 0.5980392156862745 0.01764705882352941 0.08235294117647059
9 0.031985294117647056 0.01830065359477124 0.019852941176470587 0.03660130718954248
