5 0.9327205882352941 0.4686274509803921 0.11691176470588235 0.09542483660130718
3 0.8077205882352941 0.40784313725490196 0.03602941176470588 0.06797385620915032
3 0.7889705882352941 0.48300653594771237 0.07794117647058824 0.06143790849673202
0 0.7724264705882353 0.292156862745098 0.005147058823529412 0.027450980392156862
1 0.7783088235294118 0.2915032679738562 0.005147058823529412 0.023529411764705882
3 0.59375 0.6888888888888889 0.04338235294117647 0.11764705882352941
0 0.625 0.5006535947712418 0.0058823529411764705 0.03660130718954248
1 0.6301470588235294 0.5405228758169934 0.013235294117647059 0.027450980392156862
5 0.6356617647058823 0.5555555555555555 0.08161764705882353 0.08366013071895424
9 0.6216911764705882 0.4620915032679738 0.02426470588235294 0.0326797385620915
0 0.5540441176470589 0.5366013071895425 0.0125 0.05359477124183006
0 0.5455882352941176 0.5549019607843136 0.010294117647058823 0.04836601307189542
9 0.575735294117647 0.5718954248366013 0.025 0.043137254901960784
1 0.5753676470588235 0.5673202614379085 0.0125 0.04967320261437908
0 0.5746323529411764 0.46470588235294114 0.005147058823529412 0.04052287581699346
0 0.5680147058823529 0.45228758169934635 0.008088235294117646 0.04183006535947712
6 0.5915441176470588 0.42549019607843136 0.04926470588235294 0.03790849673202614
0 0.6033088235294117 0.42810457516339867 0.0125 0.03529411764705882
0 0.549264705882353 0.41503267973856206 0.007352941176470588 0.043137254901960784
9 0.5595588235294118 0.4261437908496732 0.010294117647058823 0.03660130718954248
1 0.5606617647058824 0.41764705882352937 0.0125 0.04052287581699346
9 0.5224264705882353 0.5091503267973856 0.0125 0.043137254901960784
1 0.5216911764705883 0.5026143790849673 0.0125 0.04836601307189542
3 0.5047794117647059 0.45555555555555555 0.030147058823529412 0.058823529411764705
5 0.5830882352941177 0.3588235294117647 0.03529411764705882 0.09542483660130718
1 0.5845588235294118 0.3686274509803921 0.007352941176470588 0.02091503267973856
4 0.6022058823529411 0.23202614379084965 0.01764705882352941 0.05359477124183006
3 0.5790441176470588 0.2751633986928104 0.02426470588235294 0.043137254901960784
9 0.5452205882352941 0.30392156862745096 0.005147058823529412 0.03006535947712418
1 0.5455882352941176 0.29673202614379085 0.007352941176470588 0.03398692810457516
3 0.5584558823529412 0.21372549019607842 0.027205882352941177 0.04052287581699346
1 0.5536764705882353 0.20588235294117646 0.007352941176470588 0.02222222222222222
5 0.59375 0.1588235294117647 0.019852941176470587 0.050980392156862744
3 0.5863970588235294 0.134640522875817 0.015441176470588236 0.02875816993464052
5 0.5871323529411765 0.10326797385620914 0.016911764705882352 0.04183006535947712
4 0.5823529411764706 0.08039215686274509 0.014705882352941176 0.03529411764705882
3 0.5911764705882353 0.050980392156862744 0.025 0.0261437908496732
5 0.5783088235294117 0.01503267973856209 0.009558823529411765 0.02222222222222222
7 0.5816176470588236 0.03464052287581699 0.013235294117647059 0.02483660130718954
4 0.5375 0.013725490196078431 0.010294117647058823 0.02222222222222222
3 0.5408088235294117 0.03660130718954248 0.0125 0.02091503267973856
3 0.53125 0.11241830065359476 0.016911764705882352 0.02875816993464052
3 0.50625 0.08627450980392157 0.013970588235294117 0.02875816993464052
3 0.475 0.056862745098039215 0.014705882352941176 0.027450980392156862
3 0.4970588235294118 0.1287581699346405 0.01764705882352941 0.0326797385620915
3 0.5279411764705882 0.17581699346405227 0.020588235294117647 0.0326797385620915
9 0.5533088235294118 0.13006535947712417 0.005147058823529412 0.02222222222222222
1 0.5529411764705883 0.1261437908496732 0.0058823529411764705 0.02222222222222222
1 0.5529411764705883 0.12679738562091503 0.007352941176470588 0.02091503267973856
4 0.45808823529411763 0.15294117647058822 0.01764705882352941 0.03660130718954248
9 0.3724264705882353 0.058823529411764705 0.005147058823529412 0.01830065359477124
9 0.34852941176470587 0.1326797385620915 0.014705882352941176 0.01699346405228758
9 0.35110294117647056 0.12483660130718953 0.0125 0.0196078431372549
9 0.41875 0.15816993464052287 0.03602941176470588 0.03398692810457516
9 0.4128676470588235 0.18431372549019606 0.03455882352941177 0.03398692810457516
9 0.4808823529411765 0.11830065359477124 0.004411764705882353 0.02222222222222222
1 0.4808823529411765 0.11176470588235293 0.004411764705882353 0.0196078431372549
0 0.31727941176470587 0.16013071895424835 0.005147058823529412 0.027450980392156862
9 0.33455882352941174 0.16470588235294117 0.013235294117647059 0.02091503267973856
9 0.3367647058823529 0.1549019607843137 0.013235294117647059 0.0196078431372549
9 0.3176470588235294 0.18758169934640523 0.01764705882352941 0.0196078431372549
0 0.29191176470588237 0.19673202614379084 0.0058823529411764705 0.0326797385620915
9 0.3139705882352941 0.2281045751633987 0.01764705882352941 0.02483660130718954
9 0.27941176470588236 0.2620915032679738 0.01911764705882353 0.02222222222222222
4 0.26286764705882354 0.31633986928104574 0.05661764705882353 0.054901960784313725
3 0.27095588235294116 0.38235294117647056 0.03455882352941177 0.05620915032679738
3 0.3316176470588235 0.3758169934640523 0.030882352941176472 0.05359477124183006
0 0.31691176470588234 0.46078431372549017 0.008823529411764706 0.04836601307189542
6 0.3988970588235294 0.39477124183006534 0.02426470588235294 0.06013071895424836
0 0.3790441176470588 0.5261437908496732 0.0125 0.05359477124183006
0 0.37536764705882353 0.5444444444444444 0.011029411764705881 0.05620915032679738
0 0.3610294117647059 0.5529411764705882 0.010294117647058823 0.0522875816993464
9 0.4091911764705882 0.545751633986928 0.009558823529411765 0.050980392156862744
1 0.4091911764705882 0.5352941176470588 0.011029411764705881 0.0457516339869281
5 0.3246323529411765 0.5777777777777777 0.06691176470588235 0.12026143790849672
9 0.36911764705882355 0.7385620915032679 0.011764705882352941 0.04967320261437908
1 0.3694852941176471 0.7169934640522875 0.015441176470588236 0.05620915032679738
0 0.12022058823529412 0.44052287581699345 0.011029411764705881 0.04183006535947712
0 0.015073529411764706 0.4633986928104575 0.009558823529411765 0.04052287581699346
4 0.21544117647058822 0.7490196078431373 0.07352941176470588 0.09411764705882353
6 0.09779411764705882 0.7084967320261437 0.09411764705882353 0.1699346405228758
0 0.22389705882352942 0.9052287581699345 0.016911764705882352 0.06928104575163398
0 0.2139705882352941 0.884313725490196 0.01764705882352941 0.06666666666666667
0 0.21213235294117647 0.9627450980392156 0.015441176470588236 0.0718954248366013
4 0.2691176470588235 0.9398692810457515 0.07352941176470588 0.11764705882352941
0 0.19852941176470587 0.9424836601307189 0.022058823529411763 0.0522875816993464
