0 0.7511029411764706 0.6477124183006535 0.022794117647058822 0.11895424836601307
0 0.7639705882352941 0.6915032679738562 0.022058823529411763 0.09934640522875816
0 0.8040441176470589 0.6745098039215686 0.021323529411764706 0.0784313725490196
0 0.850735294117647 0.8313725490196078 0.047058823529411764 0.11503267973856209
0 0.8610294117647058 0.9183006535947712 0.032352941176470584 0.1241830065359477
0 0.9040441176470588 0.7771241830065359 0.03455882352941177 0.1111111111111111
0 0.9290441176470589 0.7032679738562091 0.022794117647058822 0.08888888888888888
0 0.9209558823529411 0.6588235294117647 0.030147058823529412 0.08888888888888888
0 0.9430147058823529 0.6915032679738562 0.019852941176470587 0.1045751633986928
1 0.8198529411764706 0.5862745098039215 0.01911764705882353 0.06928104575163398
0 0.9525735294117647 0.37973856209150325 0.019852941176470587 0.08758169934640522
0 0.8933823529411764 0.3830065359477124 0.01764705882352941 0.08104575163398692
0 0.6665441176470588 0.47973856209150323 0.013970588235294117 0.08627450980392157
2 0.6683823529411764 0.48627450980392156 0.057352941176470586 0.06013071895424836
0 0.7345588235294117 0.44509803921568625 0.014705882352941176 0.08758169934640522
0 0.7452205882352941 0.4444444444444444 0.0125 0.07581699346405228
0 0.7683823529411764 0.49999999999999994 0.014705882352941176 0.08235294117647059
0 0.7823529411764706 0.5104575163398692 0.014705882352941176 0.058823529411764705
0 0.7845588235294118 0.46993464052287576 0.014705882352941176 0.04052287581699346
0 0.8025735294117647 0.48039215686274506 0.027205882352941177 0.09281045751633986
0 0.8161764705882353 0.48496732026143785 0.014705882352941176 0.06797385620915032
0 0.69375 0.36405228758169933 0.015441176470588236 0.0849673202614379
0 0.7470588235294118 0.24901960784313723 0.011764705882352941 0.06405228758169934
0 0.8419117647058824 0.28431372549019607 0.020588235294117647 0.06928104575163398
0 0.8345588235294118 0.2771241830065359 0.013235294117647059 0.07320261437908496
0 0.8643382352941177 0.24901960784313723 0.0125 0.06405228758169934
0 0.8547794117647058 0.24444444444444444 0.009558823529411765 0.06013071895424836
0 0.836764705882353 0.2281045751633987 0.014705882352941176 0.05620915032679738
1 0.8926470588235293 0.26666666666666666 0.023529411764705882 0.047058823529411764
0 0.8011029411764706 0.21895424836601304 0.0125 0.07712418300653594
0 0.8205882352941176 0.23202614379084965 0.014705882352941176 0.050980392156862744
0 0.8102941176470588 0.22156862745098038 0.010294117647058823 0.050980392156862744
0 0.39375 0.8745098039215685 0.027205882352941177 0.12549019607843137
0 0.29705882352941176 0.8934640522875816 0.022058823529411763 0.09542483660130718
0 0.35404411764705884 0.8235294117647058 0.027205882352941177 0.12549019607843137
0 0.34448529411764706 0.7281045751633987 0.027205882352941177 0.08366013071895424
0 0.40551470588235294 0.657516339869281 0.030147058823529412 0.12287581699346405
0 0.4334558823529412 0.6254901960784314 0.03308823529411765 0.11372549019607843
0 0.5404411764705882 0.4947712418300653 0.016176470588235292 0.08235294117647059
0 0.5290441176470588 0.47973856209150323 0.015441176470588236 0.08888888888888888
0 0.47610294117647056 0.46732026143790845 0.019852941176470587 0.10065359477124182
0 0.4022058823529412 0.4986928104575163 0.022058823529411763 0.08758169934640522
0 0.4183823529411765 0.5013071895424837 0.007352941176470588 0.06405228758169934
2 0.43713235294117647 0.484313725490196 0.022794117647058822 0.0457516339869281
0 0.40294117647058825 0.4352941176470588 0.01764705882352941 0.047058823529411764
0 0.47610294117647056 0.38169934640522873 0.016911764705882352 0.07581699346405228
0 0.2691176470588235 0.8751633986928103 0.020588235294117647 0.11895424836601307
0 0.26691176470588235 0.6751633986928104 0.032352941176470584 0.09542483660130718
0 0.03566176470588235 0.8562091503267973 0.04485294117647059 0.13333333333333333
0 0.07316176470588236 0.8640522875816993 0.03602941176470588 0.13856209150326795
0 0.10441176470588236 0.8620915032679738 0.027941176470588233 0.13986928104575164
0 0.1338235294117647 0.8222222222222222 0.03823529411764706 0.12549019607843137
0 0.17463235294117646 0.7640522875816993 0.03455882352941177 0.11895424836601307
0 0.07536764705882353 0.7352941176470588 0.03897058823529412 0.08758169934640522
0 0.11838235294117647 0.7241830065359477 0.03529411764705882 0.0784313725490196
0 0.09632352941176471 0.6836601307189542 0.03529411764705882 0.06013071895424836
0 0.13051470588235295 0.6908496732026144 0.028676470588235293 0.10588235294117647
0 0.12683823529411764 0.634640522875817 0.030147058823529412 0.027450980392156862
0 0.10882352941176471 0.6248366013071895 0.01764705882352941 0.0522875816993464
0 0.1650735294117647 0.676470588235294 0.0125 0.06143790849673202
0 0.17830882352941177 0.6875816993464052 0.025735294117647058 0.09934640522875816
0 0.08455882352941177 0.5398692810457516 0.032352941176470584 0.06274509803921569
0 0.13419117647058823 0.5928104575163399 0.021323529411764706 0.07712418300653594
0 0.15625 0.580392156862745 0.021323529411764706 0.1045751633986928
0 0.20330882352941176 0.5529411764705882 0.04485294117647059 0.10196078431372549
1 0.23602941176470588 0.4633986928104575 0.025 0.08235294117647059
9 0.23713235294117646 0.4915032679738562 0.05514705882352941 0.06797385620915032
0 0.021691176470588235 0.32614379084967315 0.021323529411764706 0.08235294117647059
0 0.10294117647058823 0.3464052287581699 0.020588235294117647 0.08627450980392157
0 0.11286764705882353 0.3424836601307189 0.021323529411764706 0.07320261437908496
0 0.16139705882352942 0.34509803921568627 0.01838235294117647 0.06274509803921569
0 0.16397058823529412 0.3156862745098039 0.013235294117647059 0.07450980392156863
0 0.15955882352941175 0.33137254901960783 0.011764705882352941 0.06143790849673202
0 0.28051470588235294 0.3372549019607843 0.022794117647058822 0.08366013071895424
0 0.24338235294117647 0.33856209150326794 0.020588235294117647 0.08104575163398692
0 0.3926470588235294 0.38431372549019605 0.014705882352941176 0.07320261437908496
0 0.5158088235294117 0.33464052287581697 0.019852941176470587 0.0784313725490196
2 0.5113970588235294 0.3529411764705882 0.04044117647058824 0.0392156862745098
0 0.5297794117647059 0.296078431372549 0.019852941176470587 0.06143790849673202
2 0.5378676470588235 0.3183006535947712 0.025735294117647058 0.043137254901960784
0 0.5988970588235294 0.2980392156862745 0.009558823529411765 0.08366013071895424
0 0.6227941176470588 0.3176470588235294 0.01911764705882353 0.0784313725490196
0 0.6139705882352942 0.30588235294117644 0.010294117647058823 0.07581699346405228
0 0.11985294117647059 0.2333333333333333 0.022058823529411763 0.06405228758169934
0 0.15698529411764706 0.2529411764705882 0.0125 0.06405228758169934
0 0.14669117647058824 0.2751633986928104 0.01838235294117647 0.06928104575163398
0 0.6775735294117647 0.3300653594771242 0.01838235294117647 0.06143790849673202
0 0.6602941176470588 0.32352941176470584 0.01911764705882353 0.07450980392156863
0 0.6470588235294118 0.26274509803921564 0.011764705882352941 0.07320261437908496
0 0.6643382352941176 0.26601307189542484 0.0125 0.06405228758169934
0 0.64375 0.19084967320261437 0.009558823529411765 0.05751633986928104
0 0.6338235294117647 0.1718954248366013 0.008823529411764706 0.05359477124183006
0 0.6466911764705883 0.161437908496732 0.009558823529411765 0.03529411764705882
0 0.5643382352941176 0.1241830065359477 0.009558823529411765 0.03660130718954248
0 0.5827205882352942 0.13137254901960782 0.006617647058823529 0.043137254901960784
0 0.5952205882352941 0.14967320261437908 0.008088235294117646 0.03006535947712418
0 0.6044117647058823 0.1411764705882353 0.010294117647058823 0.04967320261437908
0 0.5496323529411765 0.09019607843137255 0.009558823529411765 0.047058823529411764
0 0.5731617647058823 0.10065359477124182 0.009558823529411765 0.047058823529411764
0 0.4386029411764706 0.043137254901960784 0.005147058823529412 0.03660130718954248
0 0.4602941176470588 0.05620915032679738 0.010294117647058823 0.03660130718954248
0 0.4676470588235294 0.05947712418300653 0.0058823529411764705 0.043137254901960784
0 0.5426470588235294 0.2542483660130719 0.014705882352941176 0.06928104575163398
1 0.5375 0.21045751633986925 0.011764705882352941 0.04183006535947712
1 0.5503676470588236 0.20784313725490194 0.009558823529411765 0.03660130718954248
1 0.5676470588235294 0.22287581699346404 0.014705882352941176 0.03529411764705882
2 0.6073529411764705 0.22483660130718952 0.032352941176470584 0.04183006535947712
0 0.005514705882352941 0.1588235294117647 0.011029411764705881 0.0326797385620915
0 0.039338235294117646 0.15816993464052287 0.015441176470588236 0.06274509803921569
0 0.034926470588235295 0.1764705882352941 0.0125 0.03137254901960784
1 0.05845588235294118 0.14509803921568626 0.015441176470588236 0.047058823529411764
1 0.0713235294117647 0.14705882352941174 0.010294117647058823 0.04836601307189542
1 0.1113970588235294 0.14248366013071895 0.011029411764705881 0.04183006535947712
0 0.19301470588235295 0.18692810457516337 0.016911764705882352 0.065359477124183
1 0.21691176470588236 0.14705882352941174 0.008823529411764706 0.03529411764705882
0 0.02022058823529412 0.05032679738562091 0.0125 0.0457516339869281
0 0.2088235294117647 0.04771241830065359 0.011764705882352941 0.04836601307189542
0 0.1875 0.0522875816993464 0.013235294117647059 0.04967320261437908
0 0.22720588235294117 0.0196078431372549 0.007352941176470588 0.02875816993464052
0 0.21764705882352942 0.03398692810457516 0.007352941176470588 0.04183006535947712
0 0.26838235294117646 0.03529411764705882 0.010294117647058823 0.04183006535947712
0 0.26176470588235295 0.02679738562091503 0.0058823529411764705 0.043137254901960784
0 0.08051470588235295 0.22614379084967318 0.013970588235294117 0.054901960784313725
0 0.20808823529411766 0.24117647058823527 0.014705882352941176 0.06928104575163398
0 0.21470588235294116 0.1980392156862745 0.011764705882352941 0.0326797385620915
0 0.21691176470588236 0.2176470588235294 0.010294117647058823 0.0457516339869281
0 0.22352941176470587 0.261437908496732 0.01764705882352941 0.06797385620915032
0 0.2566176470588235 0.28366013071895424 0.014705882352941176 0.07581699346405228
0 0.24338235294117647 0.2568627450980392 0.014705882352941176 0.06928104575163398
0 0.23198529411764707 0.24509803921568626 0.0125 0.06666666666666667
0 0.2661764705882353 0.23398692810457514 0.014705882352941176 0.06797385620915032
0 0.3352941176470588 0.25555555555555554 0.010294117647058823 0.06928104575163398
0 0.325 0.23398692810457514 0.011764705882352941 0.06797385620915032
1 0.3113970588235294 0.20718954248366012 0.015441176470588236 0.050980392156862744
0 0.35955882352941176 0.3196078431372549 0.010294117647058823 0.08758169934640522
0 0.37316176470588236 0.2745098039215686 0.011029411764705881 0.07320261437908496
0 0.36580882352941174 0.27124183006535946 0.006617647058823529 0.06928104575163398
0 0.4051470588235294 0.26405228758169935 0.013235294117647059 0.07058823529411765
0 0.4301470588235294 0.27843137254901956 0.013235294117647059 0.07058823529411765
0 0.4415441176470588 0.29346405228758166 0.011029411764705881 0.06928104575163398
0 0.4540441176470588 0.2947712418300653 0.015441176470588236 0.07450980392156863
0 0.46875 0.2980392156862745 0.0125 0.06013071895424836
0 0.3900735294117647 0.24444444444444444 0.0125 0.06797385620915032
0 0.2610294117647059 0.16732026143790849 0.010294117647058823 0.06013071895424836
0 0.2716911764705882 0.16732026143790849 0.009558823529411765 0.04967320261437908
0 0.25036764705882353 0.19934640522875816 0.0125 0.05620915032679738
0 0.23713235294117646 0.19607843137254902 0.0125 0.054901960784313725
0 0.35404411764705884 0.24705882352941175 0.009558823529411765 0.05751633986928104
0 0.45955882352941174 0.23267973856209148 0.007352941176470588 0.06274509803921569
0 0.41323529411764703 0.230718954248366 0.010294117647058823 0.06928104575163398
0 0.33933823529411766 0.17973856209150327 0.009558823529411765 0.06405228758169934
0 0.3529411764705882 0.18823529411764706 0.011764705882352941 0.054901960784313725
1 0.3466911764705882 0.1588235294117647 0.008088235294117646 0.03790849673202614
0 0.37977941176470587 0.21699346405228756 0.009558823529411765 0.06797385620915032
0 0.40404411764705883 0.19738562091503267 0.0125 0.05751633986928104
0 0.43566176470588236 0.19934640522875816 0.008088235294117646 0.043137254901960784
0 0.4827205882352941 0.2522875816993464 0.0125 0.047058823529411764
0 0.4948529411764706 0.24901960784313723 0.013235294117647059 0.0457516339869281
3 0.6823529411764706 0.15098039215686274 0.07352941176470588 0.08235294117647059
