0 0.5584558823529412 0.9594771241830065 0.022794117647058822 0.0784313725490196
3 0.9797794117647058 0.5483660130718954 0.03455882352941177 0.04836601307189542
3 0.8573529411764705 0.5124183006535947 0.03529411764705882 0.03660130718954248
3 0.8724264705882353 0.5013071895424837 0.030147058823529412 0.0326797385620915
5 0.7783088235294118 0.5313725490196078 0.12573529411764706 0.10326797385620914
3 0.6588235294117647 0.565359477124183 0.039705882352941174 0.04836601307189542
3 0.6014705882352941 0.5124183006535947 0.032352941176470584 0.03398692810457516
3 0.6797794117647059 0.6849673202614378 0.06544117647058824 0.08366013071895424
3 0.6433823529411765 0.6392156862745098 0.05 0.06013071895424836
3 0.5797794117647058 0.569281045751634 0.030147058823529412 0.043137254901960784
3 0.5650735294117647 0.5431372549019607 0.028676470588235293 0.04052287581699346
3 0.5426470588235294 0.5281045751633987 0.029411764705882353 0.0392156862745098
3 0.5419117647058823 0.5071895424836601 0.030882352941176472 0.0392156862745098
3 0.5533088235294118 0.6797385620915032 0.05514705882352941 0.0915032679738562
3 0.5272058823529412 0.6366013071895424 0.03529411764705882 0.06013071895424836
3 0.5176470588235293 0.6052287581699346 0.03529411764705882 0.0522875816993464
3 0.5036764705882353 0.5705882352941176 0.025 0.04052287581699346
3 0.5095588235294117 0.5124183006535947 0.022058823529411763 0.03398692810457516
5 0.41801470588235295 0.6248366013071895 0.06544117647058824 0.19084967320261437
5 0.4198529411764706 0.5117647058823529 0.03676470588235294 0.07450980392156863
5 0.4158088235294118 0.4660130718954248 0.0625 0.09803921568627451
5 0.3680147058823529 0.4640522875816993 0.05661764705882353 0.10980392156862745
5 0.28860294117647056 0.6183006535947712 0.08602941176470588 0.20392156862745098
5 0.16911764705882354 0.6104575163398692 0.13970588235294118 0.25359477124183005
5 0.24705882352941178 0.5549019607843136 0.03529411764705882 0.09019607843137255
5 0.26875 0.5248366013071895 0.03897058823529412 0.07450980392156863
5 0.2908088235294118 0.5058823529411764 0.04044117647058824 0.054901960784313725
5 0.32095588235294115 0.4745098039215686 0.03455882352941177 0.07320261437908496
