3 0.4613970588235294 0.00457516339869281 0.011029411764705881 0.011764705882352941
1 0.4834558823529412 0.00915032679738562 0.005147058823529412 0.01568627450980392
1 0.4253676470588235 0.06209150326797385 0.005147058823529412 0.01699346405228758
1 0.4511029411764706 0.00718954248366013 0.005147058823529412 0.011764705882352941
1 0.42169117647058824 0.18169934640522875 0.009558823529411765 0.02091503267973856
9 0.42316176470588235 0.19019607843137254 0.006617647058823529 0.02483660130718954
9 0.4261029411764706 0.06666666666666667 0.005147058823529412 0.01568627450980392
9 0.4514705882352941 0.011764705882352941 0.004411764705882353 0.0130718954248366
9 0.48455882352941176 0.01241830065359477 0.004411764705882353 0.01437908496732026
0 0.5125 0.06928104575163398 0.0058823529411764705 0.02875816993464052
0 0.5202205882352942 0.0673202614379085 0.005147058823529412 0.0326797385620915
0 0.5205882352941177 0.03137254901960784 0.0029411764705882353 0.0261437908496732
0 0.5176470588235293 0.03006535947712418 0.004411764705882353 0.0261437908496732
0 0.43970588235294117 0.01764705882352941 0.0029411764705882353 0.02222222222222222
2 0.549264705882353 0.19999999999999998 0.014705882352941176 0.02091503267973856
7 0.5279411764705882 0.18235294117647058 0.013235294117647059 0.04052287581699346
9 0.3816176470588235 0.2745098039215686 0.014705882352941176 0.02875816993464052
4 0.48455882352941176 0.2392156862745098 0.01764705882352941 0.047058823529411764
4 0.37169117647058825 0.31437908496732025 0.02426470588235294 0.06405228758169934
4 0.39963235294117644 0.19607843137254902 0.019852941176470587 0.047058823529411764
4 0.43419117647058825 0.14967320261437908 0.015441176470588236 0.043137254901960784
7 0.4834558823529412 0.12549019607843137 0.016911764705882352 0.03398692810457516
3 0.569485294117647 0.30130718954248364 0.04485294117647059 0.03529411764705882
3 0.5727941176470588 0.27058823529411763 0.047058823529411764 0.03137254901960784
3 0.5698529411764706 0.25163398692810457 0.047058823529411764 0.0326797385620915
3 0.5066176470588235 0.023529411764705882 0.011764705882352941 0.02091503267973856
3 0.5033088235294118 0.04183006535947712 0.0125 0.02091503267973856
3 0.45992647058823527 0.03137254901960784 0.0125 0.023529411764705882
3 0.45330882352941176 0.0522875816993464 0.0125 0.0261437908496732
3 0.43124999999999997 0.01764705882352941 0.0125 0.02483660130718954
3 0.4426470588235294 0.12483660130718953 0.014705882352941176 0.0326797385620915
3 0.5261029411764706 0.2699346405228758 0.019852941176470587 0.03529411764705882
3 0.5408088235294117 0.3522875816993464 0.030147058823529412 0.04836601307189542
3 0.48566176470588235 0.388235294117647 0.027205882352941177 0.06013071895424836
3 0.42169117647058824 0.4013071895424836 0.027205882352941177 0.07058823529411765
3 0.5415441176470588 0.41764705882352937 0.03161764705882353 0.06405228758169934
3 0.55625 0.5202614379084967 0.04044117647058824 0.08888888888888888
3 0.5665441176470588 0.6209150326797385 0.04779411764705882 0.11503267973856209
0 0.3639705882352941 0.44705882352941173 0.011764705882352941 0.047058823529411764
2 0.3588235294117647 0.4562091503267974 0.008823529411764706 0.04183006535947712
9 0.6330882352941176 0.6052287581699346 0.027941176470588233 0.0261437908496732
3 0.6022058823529411 0.388235294117647 0.060294117647058824 0.04183006535947712
3 0.5783088235294117 0.741830065359477 0.04191176470588235 0.11372549019607843
3 0.4834558823529412 0.6725490196078431 0.04044117647058824 0.10588235294117647
3 0.3180147058823529 0.6379084967320261 0.04338235294117647 0.09673202614379084
0 0.325 0.7078431372549019 0.013235294117647059 0.05620915032679738
0 0.29558823529411765 0.8019607843137254 0.014705882352941176 0.06928104575163398
0 0.2742647058823529 0.8339869281045751 0.016176470588235292 0.07581699346405228
0 0.23419117647058824 0.8431372549019607 0.015441176470588236 0.0784313725490196
0 0.25036764705882353 0.80718954248366 0.01838235294117647 0.058823529411764705
1 0.3551470588235294 0.80718954248366 0.016176470588235292 0.06143790849673202
1 0.3375 0.7738562091503267 0.014705882352941176 0.0522875816993464
2 0.3547794117647059 0.8287581699346405 0.019852941176470587 0.06274509803921569
2 0.33897058823529413 0.7980392156862745 0.014705882352941176 0.06405228758169934
2 0.26875 0.8522875816993464 0.019852941176470587 0.06013071895424836
0 0.3261029411764706 0.3830065359477124 0.011029411764705881 0.047058823529411764
0 0.3338235294117647 0.36928104575163395 0.008823529411764706 0.0457516339869281
3 0.31066176470588236 0.02810457516339869 0.0125 0.02483660130718954
4 0.2948529411764706 0.01830065359477124 0.010294117647058823 0.023529411764705882
3 0.2227941176470588 0.07450980392156863 0.020588235294117647 0.03660130718954248
3 0.21911764705882353 0.013725490196078431 0.029411764705882353 0.027450980392156862
3 0.19963235294117646 0.03660130718954248 0.022794117647058822 0.02091503267973856
5 0.15220588235294116 0.08104575163398692 0.044117647058823525 0.023529411764705882
3 0.1375 0.09084967320261438 0.03676470588235294 0.02222222222222222
5 0.13198529411764706 0.9176470588235294 0.1375 0.16209150326797384
2 0.9378676470588235 0.9503267973856209 0.0375 0.0392156862745098
9 0.9261029411764706 0.9202614379084967 0.04485294117647059 0.03398692810457516
0 0.6981617647058823 0.31699346405228757 0.008088235294117646 0.043137254901960784
0 0.7125 0.31176470588235294 0.007352941176470588 0.04052287581699346
0 0.7077205882352942 0.31895424836601305 0.006617647058823529 0.02875816993464052
