0 0.7654411764705882 0.07973856209150326 0.007352941176470588 0.03398692810457516
1 0.6367647058823529 0.09215686274509803 0.007352941176470588 0.02222222222222222
9 0.6371323529411764 0.10392156862745097 0.0125 0.01437908496732026
1 0.6452205882352942 0.22091503267973855 0.005147058823529412 0.01568627450980392
1 0.6452205882352942 0.21895424836601304 0.008088235294117646 0.0326797385620915
1 0.6404411764705882 0.2222222222222222 0.007352941176470588 0.03137254901960784
9 0.6448529411764706 0.23986928104575161 0.010294117647058823 0.02222222222222222
0 0.5411764705882353 0.10784313725490195 0.007352941176470588 0.0326797385620915
0 0.5231617647058824 0.1699346405228758 0.008088235294117646 0.03660130718954248
0 0.4875 0.33202614379084966 0.008823529411764706 0.0522875816993464
0 0.49374999999999997 0.32418300653594767 0.009558823529411765 0.047058823529411764
3 0.5397058823529411 0.027450980392156862 0.020588235294117647 0.054901960784313725
3 0.5845588235294118 0.10196078431372549 0.01764705882352941 0.0392156862745098
3 0.5511029411764706 0.16405228758169935 0.022794117647058822 0.0457516339869281
3 0.580514705882353 0.17973856209150327 0.022794117647058822 0.043137254901960784
3 0.5731617647058823 0.2222222222222222 0.025735294117647058 0.04967320261437908
3 0.5628676470588235 0.33464052287581697 0.027205882352941177 0.06274509803921569
3 0.5448529411764705 0.492156862745098 0.039705882352941174 0.10326797385620914
3 0.4878676470588235 0.4784313725490196 0.0375 0.09673202614379084
1 0.6922794117647059 0.5516339869281045 0.0125 0.0392156862745098
9 0.6908088235294118 0.5771241830065359 0.01838235294117647 0.0326797385620915
4 0.6511029411764706 0.013725490196078431 0.013970588235294117 0.02222222222222222
3 0.6511029411764706 0.03856209150326797 0.015441176470588236 0.027450980392156862
3 0.6650735294117647 0.11045751633986928 0.021323529411764706 0.03529411764705882
1 0.7915441176470588 0.634640522875817 0.0125 0.050980392156862744
9 0.7852941176470588 0.6522875816993463 0.03529411764705882 0.03398692810457516
3 0.6238970588235294 0.7745098039215685 0.04485294117647059 0.1372549019607843
3 0.47720588235294115 0.7477124183006535 0.047058823529411764 0.16470588235294117
0 0.8220588235294117 0.6516339869281045 0.014705882352941176 0.07712418300653594
0 0.3238970588235294 0.8150326797385621 0.016911764705882352 0.07712418300653594
5 0.05110294117647059 0.7346405228758169 0.10220588235294117 0.13594771241830064
5 0.16727941176470587 0.8084967320261437 0.14485294117647057 0.20522875816993463
1 0.29191176470588237 0.4771241830065359 0.013235294117647059 0.02091503267973856
1 0.2922794117647059 0.496078431372549 0.015441176470588236 0.03529411764705882
0 0.3602941176470588 0.4784313725490196 0.013235294117647059 0.047058823529411764
1 0.34338235294117647 0.33137254901960783 0.010294117647058823 0.0326797385620915
0 0.8963235294117647 0.3026143790849673 0.010294117647058823 0.03529411764705882
0 0.8713235294117647 0.3176470588235294 0.011764705882352941 0.02875816993464052
9 0.8415441176470588 0.2620915032679738 0.027205882352941177 0.0326797385620915
9 0.7966911764705882 0.15098039215686274 0.008088235294117646 0.027450980392156862
7 0.8136029411764706 0.18104575163398692 0.015441176470588236 0.03529411764705882
1 0.8150735294117647 0.13660130718954247 0.008088235294117646 0.027450980392156862
