0 0.9926470588235294 0.6529411764705881 0.013235294117647059 0.058823529411764705
3 0.8658088235294118 0.8431372549019607 0.15955882352941175 0.12549019607843137
9 0.7963235294117647 0.7235294117647059 0.039705882352941174 0.05620915032679738
0 0.7371323529411764 0.8699346405228757 0.022794117647058822 0.08758169934640522
0 0.7599264705882353 0.8712418300653594 0.019852941176470587 0.09019607843137255
3 0.6522058823529412 0.8797385620915033 0.12058823529411765 0.19084967320261437
2 0.37316176470588236 0.9771241830065359 0.05808823529411765 0.043137254901960784
1 0.37279411764705883 0.9660130718954247 0.032352941176470584 0.065359477124183
3 0.38125 0.6431372549019607 0.05367647058823529 0.130718954248366
3 0.37426470588235294 0.5372549019607843 0.047058823529411764 0.09673202614379084
0 0.07647058823529412 0.9398692810457515 0.027941176470588233 0.1045751633986928
9 0.15330882352941178 0.6928104575163399 0.04044117647058824 0.04967320261437908
0 0.10551470588235294 0.4568627450980392 0.013970588235294117 0.05620915032679738
0 0.25441176470588234 0.45555555555555555 0.011764705882352941 0.05359477124183006
0 0.2702205882352941 0.45228758169934635 0.013970588235294117 0.06013071895424836
9 0.6588235294117647 0.5712418300653594 0.03529411764705882 0.03660130718954248
0 0.7011029411764705 0.44771241830065356 0.009558823529411765 0.04052287581699346
0 0.6856617647058824 0.44313725490196076 0.0125 0.047058823529411764
0 0.6154411764705883 0.49542483660130715 0.010294117647058823 0.054901960784313725
0 0.6113970588235293 0.4640522875816993 0.008088235294117646 0.0392156862745098
0 0.6106617647058823 0.4895424836601307 0.009558823529411765 0.0326797385620915
9 0.5455882352941176 0.5104575163398692 0.01764705882352941 0.043137254901960784
1 0.5455882352941176 0.4941176470588235 0.014705882352941176 0.047058823529411764
9 0.6011029411764706 0.396078431372549 0.019852941176470587 0.04183006535947712
9 0.5878676470588236 0.37712418300653594 0.02426470588235294 0.0326797385620915
9 0.5716911764705882 0.35620915032679734 0.022794117647058822 0.027450980392156862
9 0.5389705882352941 0.4202614379084967 0.027941176470588233 0.0326797385620915
9 0.5474264705882352 0.4235294117647059 0.027205882352941177 0.03398692810457516
9 0.5091911764705882 0.3464052287581699 0.022794117647058822 0.02875816993464052
6 0.42463235294117646 0.42810457516339867 0.030147058823529412 0.05359477124183006
1 0.4198529411764706 0.4065359477124183 0.011764705882352941 0.03398692810457516
0 0.43529411764705883 0.31045751633986923 0.010294117647058823 0.04052287581699346
0 0.4415441176470588 0.3091503267973856 0.006617647058823529 0.04052287581699346
0 0.4522058823529412 0.3006535947712418 0.010294117647058823 0.0392156862745098
1 0.46433823529411766 0.3150326797385621 0.009558823529411765 0.02091503267973856
1 0.46249999999999997 0.31045751633986923 0.008823529411764706 0.02222222222222222
4 0.48161764705882354 0.27320261437908494 0.061764705882352944 0.0522875816993464
3 0.46838235294117647 0.2522875816993464 0.05 0.03660130718954248
9 0.4617647058823529 0.22352941176470587 0.016176470588235292 0.02091503267973856
9 0.44191176470588234 0.2457516339869281 0.01764705882352941 0.03398692810457516
0 0.45330882352941176 0.18366013071895423 0.005147058823529412 0.03006535947712418
2 0.4139705882352941 0.18627450980392155 0.016176470588235292 0.02222222222222222
1 0.4540441176470588 0.1588235294117647 0.005147058823529412 0.01437908496732026
0 0.3029411764705882 0.34117647058823525 0.013235294117647059 0.04183006535947712
7 0.2485294117647059 0.0915032679738562 0.007352941176470588 0.02091503267973856
3 0.2625 0.14248366013071895 0.020588235294117647 0.02875816993464052
3 0.3503676470588235 0.21699346405228756 0.025735294117647058 0.03398692810457516
4 0.3720588235294118 0.20196078431372547 0.027941176470588233 0.043137254901960784
1 0.3845588235294118 0.18758169934640523 0.007352941176470588 0.027450980392156862
2 0.3838235294117647 0.1954248366013072 0.007352941176470588 0.027450980392156862
0 0.40441176470588236 0.19477124183006533 0.0058823529411764705 0.02875816993464052
0 0.4007352941176471 0.18692810457516337 0.007352941176470588 0.0261437908496732
0 0.3775735294117647 0.13986928104575164 0.005147058823529412 0.0261437908496732
0 0.37316176470588236 0.1411764705882353 0.005147058823529412 0.0261437908496732
1 0.3676470588235294 0.15294117647058822 0.0058823529411764705 0.0261437908496732
2 0.36838235294117644 0.16013071895424835 0.007352941176470588 0.02222222222222222
1 0.3952205882352941 0.1699346405228758 0.009558823529411765 0.0261437908496732
2 0.3966911764705882 0.1764705882352941 0.015441176470588236 0.01830065359477124
3 0.41654411764705884 0.16928104575163397 0.0375 0.027450980392156862
0 0.43676470588235294 0.10718954248366012 0.004411764705882353 0.02091503267973856
0 0.4334558823529412 0.1065359477124183 0.005147058823529412 0.02222222222222222
3 0.4025735294117647 0.16209150326797384 0.03308823529411765 0.023529411764705882
3 0.40147058823529413 0.14052287581699346 0.033823529411764704 0.02222222222222222
3 0.39705882352941174 0.14183006535947712 0.032352941176470584 0.02483660130718954
4 0.1588235294117647 0.04183006535947712 0.011764705882352941 0.02091503267973856
0 0.2172794117647059 0.052941176470588235 0.005147058823529412 0.01699346405228758
4 0.20294117647058824 0.05620915032679738 0.022058823529411763 0.02091503267973856
4 0.33602941176470585 0.16470588235294117 0.022058823529411763 0.04183006535947712
1 0.31875 0.1261437908496732 0.005147058823529412 0.0196078431372549
2 0.31948529411764703 0.13137254901960782 0.005147058823529412 0.0196078431372549
3 0.3400735294117647 0.11176470588235293 0.015441176470588236 0.02483660130718954
9 0.34411764705882353 0.09346405228758169 0.004411764705882353 0.011764705882352941
1 0.34375 0.09215686274509803 0.003676470588235294 0.01437908496732026
4 0.34705882352941175 0.07908496732026143 0.011764705882352941 0.02222222222222222
4 0.31213235294117647 0.10130718954248365 0.015441176470588236 0.0326797385620915
3 0.3136029411764706 0.09084967320261438 0.0125 0.02222222222222222
3 0.32794117647058824 0.0784313725490196 0.014705882352941176 0.02091503267973856
1 0.3205882352941176 0.06013071895424836 0.0029411764705882353 0.0130718954248366
6 0.32095588235294115 0.06339869281045751 0.008088235294117646 0.01699346405228758
3 0.3069852941176471 0.07581699346405228 0.0125 0.02091503267973856
3 0.30625 0.06143790849673202 0.0125 0.02091503267973856
3 0.2838235294117647 0.0784313725490196 0.014705882352941176 0.02091503267973856
3 0.2772058823529412 0.06339869281045751 0.011764705882352941 0.02222222222222222
3 0.2963235294117647 0.04967320261437908 0.010294117647058823 0.01568627450980392
3 0.27794117647058825 0.03202614379084967 0.010294117647058823 0.01437908496732026
0 0.27352941176470585 0.00457516339869281 0.0029411764705882353 0.011764705882352941
3 0.2852941176470588 0.00522875816993464 0.008823529411764706 0.01045751633986928
3 0.2974264705882353 0.0130718954248366 0.009558823529411765 0.0130718954248366
3 0.2878676470588235 0.01437908496732026 0.009558823529411765 0.0130718954248366
3 0.2977941176470588 0.03137254901960784 0.008823529411764706 0.0130718954248366
3 0.29448529411764707 0.0261437908496732 0.009558823529411765 0.01568627450980392
3 0.2867647058823529 0.01437908496732026 0.007352941176470588 0.0130718954248366
3 0.2908088235294118 0.01895424836601307 0.009558823529411765 0.01437908496732026
3 0.3084558823529412 0.043137254901960784 0.0125 0.01568627450980392
3 0.26544117647058824 0.01830065359477124 0.010294117647058823 0.01568627450980392
3 0.26323529411764707 0.02418300653594771 0.010294117647058823 0.01437908496732026
3 0.26544117647058824 0.03006535947712418 0.010294117647058823 0.01568627450980392
