3 0.06066176470588235 0.26601307189542484 0.1213235294117647 0.10065359477124182
3 0.3058823529411765 0.5450980392156862 0.1426470588235294 0.12026143790849672
3 0.11544117647058823 0.7281045751633987 0.15294117647058825 0.12549019607843137
5 0.37316176470588236 0.9483660130718954 0.14779411764705883 0.10065359477124182
8 0.6389705882352941 0.7745098039215685 0.39852941176470585 0.26274509803921564
8 0.8966911764705883 0.6052287581699346 0.2051470588235294 0.2196078431372549
2 0.06213235294117647 0.14248366013071895 0.04044117647058824 0.04183006535947712
2 0.07463235294117647 0.11045751633986928 0.0375 0.043137254901960784
0 0.0713235294117647 0.09542483660130718 0.020588235294117647 0.047058823529411764
0 0.054044117647058826 0.12483660130718953 0.02426470588235294 0.050980392156862744
