0 0.9801470588235294 0.7915032679738562 0.010294117647058823 0.058823529411764705
0 0.9669117647058824 0.7869281045751634 0.007352941176470588 0.054901960784313725
0 0.9606617647058824 0.7954248366013071 0.008088235294117646 0.03529411764705882
0 0.9334558823529412 0.7516339869281046 0.009558823529411765 0.04967320261437908
0 0.9213235294117647 0.780392156862745 0.010294117647058823 0.054901960784313725
0 0.9169117647058823 0.7745098039215685 0.007352941176470588 0.04836601307189542
0 0.91875 0.757516339869281 0.009558823529411765 0.04836601307189542
0 0.9088235294117647 0.7679738562091503 0.011764705882352941 0.04836601307189542
0 0.899264705882353 0.7509803921568627 0.010294117647058823 0.04052287581699346
0 0.8904411764705882 0.7542483660130719 0.008823529411764706 0.04967320261437908
0 0.8838235294117647 0.7640522875816993 0.008823529411764706 0.05620915032679738
0 0.9709558823529412 0.7026143790849673 0.009558823529411765 0.04836601307189542
0 0.9551470588235293 0.6947712418300653 0.010294117647058823 0.0457516339869281
0 0.9154411764705882 0.7124183006535947 0.010294117647058823 0.047058823529411764
1 0.8735294117647059 0.6967320261437908 0.014705882352941176 0.04183006535947712
1 0.8823529411764706 0.6816993464052287 0.013235294117647059 0.04052287581699346
0 0.7716911764705883 0.6836601307189542 0.009558823529411765 0.047058823529411764
0 0.8040441176470589 0.6934640522875817 0.0125 0.04052287581699346
0 0.8661764705882353 0.6673202614379085 0.007352941176470588 0.04052287581699346
0 0.8783088235294118 0.6640522875816993 0.009558823529411765 0.03398692810457516
0 0.8834558823529411 0.6522875816993463 0.0125 0.047058823529411764
0 0.8613970588235293 0.6470588235294117 0.011029411764705881 0.04183006535947712
0 0.8555147058823529 0.6333333333333333 0.006617647058823529 0.03529411764705882
0 0.8591911764705882 0.6627450980392157 0.008088235294117646 0.03660130718954248
0 0.8470588235294118 0.6633986928104575 0.010294117647058823 0.0457516339869281
0 0.8452205882352941 0.6320261437908496 0.009558823529411765 0.03790849673202614
0 0.8044117647058824 0.6594771241830065 0.010294117647058823 0.04052287581699346
0 0.8125 0.649673202614379 0.007352941176470588 0.0392156862745098
0 0.80625 0.649673202614379 0.006617647058823529 0.03660130718954248
0 0.8003676470588236 0.6477124183006535 0.009558823529411765 0.03529411764705882
0 0.7816176470588235 0.6490196078431372 0.008823529411764706 0.043137254901960784
0 0.7764705882352941 0.6379084967320261 0.008823529411764706 0.03398692810457516
1 0.7676470588235293 0.6411764705882352 0.008823529411764706 0.027450980392156862
0 0.7547794117647059 0.6470588235294117 0.009558823529411765 0.0392156862745098
0 0.7220588235294118 0.6281045751633987 0.007352941176470588 0.04052287581699346
0 0.6606617647058823 0.6215686274509804 0.006617647058823529 0.03529411764705882
0 0.6485294117647059 0.6215686274509804 0.007352941176470588 0.03529411764705882
0 0.6242647058823529 0.6156862745098038 0.007352941176470588 0.03398692810457516
0 0.6400735294117647 0.615032679738562 0.011029411764705881 0.04052287581699346
0 0.6507352941176471 0.6071895424836601 0.007352941176470588 0.03006535947712418
0 0.6709558823529411 0.6006535947712418 0.008088235294117646 0.03006535947712418
0 0.6044117647058823 0.6137254901960784 0.007352941176470588 0.03529411764705882
0 0.6073529411764705 0.6104575163398692 0.008823529411764706 0.03660130718954248
0 0.5838235294117647 0.6130718954248365 0.010294117647058823 0.04183006535947712
0 0.5738970588235294 0.6098039215686274 0.011029411764705881 0.03529411764705882
0 0.5661764705882353 0.6098039215686274 0.007352941176470588 0.03529411764705882
1 0.5636029411764706 0.5993464052287582 0.005147058823529412 0.01437908496732026
0 0.5264705882352941 0.6228758169934641 0.011764705882352941 0.03529411764705882
0 0.5323529411764706 0.5954248366013072 0.007352941176470588 0.0326797385620915
0 0.5158088235294117 0.5627450980392157 0.006617647058823529 0.02483660130718954
0 0.5040441176470588 0.6013071895424836 0.005147058823529412 0.03660130718954248
0 0.4930147058823529 0.5967320261437908 0.006617647058823529 0.0326797385620915
0 0.47463235294117645 0.6045751633986928 0.005147058823529412 0.02483660130718954
0 0.4713235294117647 0.6065359477124183 0.0058823529411764705 0.03398692810457516
0 0.5095588235294117 0.6 0.007352941176470588 0.02875816993464052
0 0.5110294117647058 0.5915032679738562 0.007352941176470588 0.0326797385620915
0 0.4036764705882353 0.592156862745098 0.007352941176470588 0.03398692810457516
1 0.4404411764705882 0.5888888888888888 0.008823529411764706 0.027450980392156862
0 0.0022058823529411764 0.5816993464052287 0.004411764705882353 0.02875816993464052
0 0.013602941176470588 0.5888888888888888 0.006617647058823529 0.027450980392156862
0 0.01213235294117647 0.5810457516339869 0.008088235294117646 0.0326797385620915
0 0.019852941176470587 0.5732026143790849 0.004411764705882353 0.0326797385620915
0 0.021691176470588235 0.5732026143790849 0.005147058823529412 0.0326797385620915
0 0.030882352941176472 0.5705882352941176 0.007352941176470588 0.04052287581699346
0 0.039338235294117646 0.5745098039215686 0.009558823529411765 0.03529411764705882
0 0.051470588235294115 0.5732026143790849 0.0058823529411764705 0.0326797385620915
0 0.05845588235294118 0.5745098039215686 0.008088235294117646 0.03006535947712418
0 0.14191176470588235 0.5562091503267973 0.007352941176470588 0.027450980392156862
0 0.13676470588235293 0.5287581699346405 0.0058823529411764705 0.027450980392156862
0 0.1400735294117647 0.5300653594771242 0.005147058823529412 0.0196078431372549
0 0.14191176470588235 0.522875816993464 0.007352941176470588 0.02875816993464052
0 0.15294117647058825 0.5169934640522875 0.0058823529411764705 0.027450980392156862
9 0.2426470588235294 0.5156862745098039 0.008823529411764706 0.01437908496732026
9 0.2536764705882353 0.5124183006535947 0.010294117647058823 0.01568627450980392
9 0.26838235294117646 0.5104575163398692 0.007352941176470588 0.01437908496732026
0 0.2761029411764706 0.5052287581699346 0.003676470588235294 0.02222222222222222
0 0.27941176470588236 0.5026143790849673 0.004411764705882353 0.02222222222222222
0 0.2838235294117647 0.5052287581699346 0.0029411764705882353 0.02222222222222222
6 0.3805147058823529 0.569281045751634 0.03308823529411765 0.027450980392156862
3 0.4650735294117647 0.5712418300653594 0.030147058823529412 0.03660130718954248
3 0.4775735294117647 0.5418300653594771 0.0375 0.02483660130718954
3 0.4915441176470588 0.5366013071895425 0.022794117647058822 0.0196078431372549
3 0.5154411764705882 0.5333333333333333 0.027941176470588233 0.02091503267973856
3 0.5433823529411764 0.5294117647058824 0.032352941176470584 0.03398692810457516
3 0.5647058823529412 0.5294117647058824 0.032352941176470584 0.023529411764705882
3 0.5933823529411765 0.526797385620915 0.03529411764705882 0.0261437908496732
4 0.5102941176470588 0.5581699346405229 0.027941176470588233 0.04183006535947712
3 0.5580882352941177 0.5790849673202614 0.032352941176470584 0.04183006535947712
3 0.5845588235294118 0.588235294117647 0.03529411764705882 0.03398692810457516
3 0.6125 0.5967320261437908 0.03823529411764706 0.04052287581699346
3 0.6452205882352942 0.6013071895424836 0.04044117647058824 0.03660130718954248
3 0.6761029411764706 0.6124183006535947 0.030147058823529412 0.0326797385620915
3 0.7033088235294117 0.6202614379084966 0.03455882352941177 0.043137254901960784
3 0.756985294117647 0.6254901960784314 0.04044117647058824 0.043137254901960784
3 0.7790441176470588 0.6124183006535947 0.04779411764705882 0.043137254901960784
3 0.76875 0.5901960784313726 0.021323529411764706 0.04052287581699346
3 0.8 0.5954248366013072 0.025 0.043137254901960784
3 0.9856617647058823 0.5980392156862745 0.027205882352941177 0.04052287581699346
4 0.9533088235294117 0.6254901960784314 0.03455882352941177 0.06143790849673202
4 0.9099264705882353 0.6241830065359477 0.030147058823529412 0.043137254901960784
4 0.9308823529411765 0.5790849673202614 0.052941176470588235 0.03398692810457516
3 0.8514705882352941 0.6078431372549019 0.027941176470588233 0.04183006535947712
0 0.8779411764705882 0.5679738562091503 0.008823529411764706 0.027450980392156862
0 0.8713235294117647 0.5705882352941176 0.007352941176470588 0.03006535947712418
0 0.8378676470588236 0.5633986928104575 0.006617647058823529 0.02875816993464052
0 0.8492647058823529 0.5562091503267973 0.007352941176470588 0.03006535947712418
0 0.7830882352941176 0.5869281045751633 0.007352941176470588 0.03398692810457516
0 0.7852941176470588 0.5607843137254902 0.007352941176470588 0.02875816993464052
0 0.76875 0.5464052287581699 0.006617647058823529 0.0261437908496732
0 0.7639705882352941 0.5490196078431372 0.0058823529411764705 0.02875816993464052
3 0.8669117647058824 0.5673202614379085 0.039705882352941174 0.02875816993464052
3 0.8360294117647059 0.5620915032679739 0.027941176470588233 0.02875816993464052
3 0.8051470588235294 0.5549019607843136 0.026470588235294117 0.027450980392156862
3 0.7827205882352941 0.545751633986928 0.022794117647058822 0.03006535947712418
3 0.7606617647058823 0.5418300653594771 0.02426470588235294 0.03006535947712418
3 0.7408088235294118 0.5823529411764705 0.027205882352941177 0.04052287581699346
3 0.7029411764705882 0.5810457516339869 0.023529411764705882 0.03529411764705882
3 0.6761029411764706 0.5718954248366013 0.030147058823529412 0.03529411764705882
3 0.6433823529411765 0.5712418300653594 0.027941176470588233 0.03398692810457516
3 0.7220588235294118 0.561437908496732 0.020588235294117647 0.04052287581699346
3 0.6970588235294117 0.5607843137254902 0.022058823529411763 0.02875816993464052
3 0.6658088235294117 0.5581699346405229 0.02426470588235294 0.03398692810457516
3 0.6386029411764705 0.5542483660130718 0.030147058823529412 0.02875816993464052
3 0.6121323529411765 0.5450980392156862 0.027205882352941177 0.02875816993464052
1 0.6150735294117647 0.5601307189542484 0.008088235294117646 0.02483660130718954
9 0.6150735294117647 0.569281045751634 0.015441176470588236 0.01699346405228758
3 0.6279411764705882 0.5320261437908497 0.023529411764705882 0.02091503267973856
0 0.6183823529411765 0.5163398692810457 0.004411764705882353 0.02091503267973856
0 0.6419117647058823 0.5261437908496732 0.0058823529411764705 0.02222222222222222
0 0.6349264705882353 0.5215686274509803 0.009558823529411765 0.02875816993464052
0 0.6588235294117647 0.5202614379084967 0.025 0.0261437908496732
0 0.6823529411764706 0.5313725490196078 0.030882352941176472 0.02483660130718954
0 0.7349264705882352 0.5483660130718954 0.027205882352941177 0.02483660130718954
0 0.7426470588235294 0.5294117647058824 0.027941176470588233 0.0261437908496732
1 0.9525735294117647 0.5326797385620915 0.008088235294117646 0.0196078431372549
1 0.9294117647058824 0.5287581699346405 0.007352941176470588 0.01699346405228758
9 0.9536764705882352 0.5418300653594771 0.01764705882352941 0.02222222222222222
9 0.9297794117647059 0.5431372549019607 0.019852941176470587 0.0196078431372549
0 0.9205882352941176 0.5078431372549019 0.0029411764705882353 0.02483660130718954
0 0.9275735294117647 0.5078431372549019 0.005147058823529412 0.0196078431372549
0 0.9231617647058823 0.5058823529411764 0.005147058823529412 0.03398692810457516
3 0.8716911764705882 0.5222222222222221 0.04191176470588235 0.03529411764705882
3 0.7988970588235293 0.5124183006535947 0.04338235294117647 0.023529411764705882
3 0.8577205882352941 0.5124183006535947 0.04044117647058824 0.02875816993464052
3 0.8040441176470589 0.5084967320261438 0.03161764705882353 0.02091503267973856
3 0.7238970588235294 0.49999999999999994 0.03161764705882353 0.02222222222222222
0 0.7371323529411764 0.5052287581699346 0.005147058823529412 0.02483660130718954
0 0.7290441176470588 0.5058823529411764 0.005147058823529412 0.02091503267973856
1 0.73125 0.4986928104575163 0.005147058823529412 0.01437908496732026
3 0.9044117647058824 0.40457516339869276 0.011764705882352941 0.0065359477124183
3 0.9051470588235294 0.41437908496732023 0.013235294117647059 0.01045751633986928
3 0.9011029411764706 0.4183006535947712 0.013970588235294117 0.00784313725490196
3 0.8981617647058824 0.418954248366013 0.0125 0.00915032679738562
3 0.8919117647058823 0.42222222222222217 0.007352941176470588 0.01045751633986928
3 0.8897058823529411 0.41045751633986927 0.004411764705882353 0.01045751633986928
3 0.8823529411764706 0.418954248366013 0.013235294117647059 0.01437908496732026
3 0.8691176470588236 0.4156862745098039 0.010294117647058823 0.00784313725490196
3 0.8779411764705882 0.42156862745098034 0.011764705882352941 0.011764705882352941
3 0.8665441176470589 0.42287581699346405 0.013970588235294117 0.011764705882352941
3 0.8654411764705883 0.4241830065359477 0.016176470588235292 0.011764705882352941
3 0.8588235294117647 0.4235294117647059 0.010294117647058823 0.0130718954248366
3 0.8488970588235294 0.42549019607843136 0.011029411764705881 0.011764705882352941
3 0.84375 0.42549019607843136 0.0125 0.011764705882352941
3 0.8375 0.426797385620915 0.011764705882352941 0.0196078431372549
3 0.8308823529411764 0.42810457516339867 0.010294117647058823 0.011764705882352941
3 0.8261029411764705 0.4287581699346405 0.009558823529411765 0.0130718954248366
4 0.819485294117647 0.43006535947712415 0.0125 0.0130718954248366
3 0.8069852941176471 0.4339869281045751 0.019852941176470587 0.0130718954248366
3 0.7819852941176471 0.43725490196078426 0.019852941176470587 0.01437908496732026
4 0.774264705882353 0.4398692810457516 0.010294117647058823 0.01437908496732026
3 0.7334558823529411 0.44967320261437904 0.015441176470588236 0.01830065359477124
3 0.7033088235294117 0.43856209150326797 0.0125 0.011764705882352941
3 0.6827205882352941 0.44509803921568625 0.016911764705882352 0.01437908496732026
3 0.6606617647058823 0.44509803921568625 0.013970588235294117 0.01437908496732026
0 0.6698529411764705 0.4464052287581699 0.004411764705882353 0.011764705882352941
0 0.6669117647058823 0.46078431372549017 0.004411764705882353 0.01437908496732026
0 0.6889705882352941 0.45816993464052286 0.0029411764705882353 0.01437908496732026
0 0.6878676470588235 0.4620915032679738 0.003676470588235294 0.01437908496732026
0 0.6808823529411765 0.4620915032679738 0.0029411764705882353 0.01437908496732026
0 0.6775735294117647 0.4620915032679738 0.005147058823529412 0.0196078431372549
3 0.611764705882353 0.43660130718954243 0.014705882352941176 0.0130718954248366
3 0.6029411764705882 0.4352941176470588 0.016176470588235292 0.01568627450980392
3 0.5959558823529412 0.43660130718954243 0.016911764705882352 0.0130718954248366
3 0.5882352941176471 0.43660130718954243 0.014705882352941176 0.0130718954248366
3 0.6014705882352941 0.42810457516339867 0.013235294117647059 0.011764705882352941
3 0.5904411764705882 0.426797385620915 0.010294117647058823 0.011764705882352941
3 0.5819852941176471 0.42483660130718953 0.0125 0.01045751633986928
3 0.5731617647058823 0.42222222222222217 0.0125 0.01045751633986928
3 0.5584558823529412 0.42483660130718953 0.0125 0.01045751633986928
3 0.5477941176470588 0.4209150326797385 0.010294117647058823 0.00784313725490196
3 0.5264705882352941 0.4202614379084967 0.013235294117647059 0.011764705882352941
3 0.5014705882352941 0.4241830065359477 0.010294117647058823 0.00915032679738562
4 0.5224264705882353 0.426797385620915 0.0125 0.011764705882352941
3 0.5323529411764706 0.43006535947712415 0.011764705882352941 0.0130718954248366
8 0.3525735294117647 0.46732026143790845 0.08455882352941177 0.0457516339869281
0 0.31985294117647056 0.49084967320261436 0.004411764705882353 0.0196078431372549
1 0.3264705882352941 0.492156862745098 0.0058823529411764705 0.01437908496732026
3 0.3533088235294118 0.4398692810457516 0.022794117647058822 0.011764705882352941
3 0.3411764705882353 0.4392156862745098 0.014705882352941176 0.0130718954248366
8 0.021323529411764706 0.3980392156862745 0.04264705882352941 0.02483660130718954
8 0.03272058823529412 0.40196078431372545 0.04044117647058824 0.02222222222222222
8 0.0375 0.4052287581699346 0.04264705882352941 0.02091503267973856
8 0.03786764705882353 0.40392156862745093 0.03308823529411765 0.0261437908496732
8 0.04595588235294117 0.4058823529411764 0.0375 0.0196078431372549
8 0.057352941176470586 0.40784313725490196 0.039705882352941174 0.023529411764705882
8 0.06691176470588235 0.41045751633986927 0.04852941176470588 0.02091503267973856
8 0.08272058823529412 0.4117647058823529 0.04338235294117647 0.0261437908496732
0 0.07058823529411765 0.430718954248366 0.0029411764705882353 0.01437908496732026
0 0.07316176470588236 0.4313725490196078 0.005147058823529412 0.0130718954248366
0 0.07830882352941176 0.430718954248366 0.005147058823529412 0.01437908496732026
0 0.08125 0.42745098039215684 0.003676470588235294 0.0130718954248366
0 0.08639705882352941 0.4313725490196078 0.003676470588235294 0.01568627450980392
8 0.15036764705882352 0.42222222222222217 0.03308823529411765 0.03137254901960784
8 0.16397058823529412 0.42549019607843136 0.033823529411764704 0.02483660130718954
8 0.16911764705882354 0.4294117647058823 0.03529411764705882 0.027450980392156862
8 0.1838235294117647 0.430718954248366 0.039705882352941174 0.03529411764705882
8 0.19595588235294117 0.43267973856209146 0.04338235294117647 0.0261437908496732
8 0.21066176470588235 0.430718954248366 0.04632352941176471 0.03529411764705882
3 0.3625 0.42745098039215684 0.016176470588235292 0.0130718954248366
4 0.3466911764705882 0.42483660130718953 0.01838235294117647 0.01568627450980392
3 0.3602941176470588 0.418954248366013 0.008823529411764706 0.00915032679738562
3 0.3518382352941176 0.41764705882352937 0.0125 0.011764705882352941
3 0.3375 0.41764705882352937 0.013235294117647059 0.011764705882352941
3 0.3220588235294118 0.4156862745098039 0.010294117647058823 0.01045751633986928
3 0.3323529411764706 0.40784313725490196 0.010294117647058823 0.00784313725490196
3 0.3628676470588235 0.4084967320261438 0.0125 0.011764705882352941
3 0.35551470588235295 0.4013071895424836 0.013970588235294117 0.00784313725490196
3 0.35441176470588237 0.4065359477124183 0.010294117647058823 0.00784313725490196
3 0.34816176470588234 0.4065359477124183 0.011029411764705881 0.00784313725490196
3 0.3466911764705882 0.4013071895424836 0.011029411764705881 0.01045751633986928
3 0.3375 0.40392156862745093 0.013235294117647059 0.01045751633986928
3 0.3301470588235294 0.3980392156862745 0.010294117647058823 0.0065359477124183
3 0.3191176470588235 0.4026143790849673 0.008823529411764706 0.00784313725490196
3 0.3073529411764706 0.4202614379084967 0.016176470588235292 0.011764705882352941
3 0.3025735294117647 0.4209150326797385 0.013970588235294117 0.0130718954248366
3 0.2823529411764706 0.418954248366013 0.01764705882352941 0.011764705882352941
