4 0.35073529411764703 0.9411764705882353 0.16470588235294117 0.11241830065359476
3 0.3863970588235294 0.8562091503267973 0.13014705882352942 0.11764705882352941
6 0.32830882352941176 0.726797385620915 0.05661764705882353 0.08888888888888888
0 0.29154411764705884 0.6758169934640522 0.0125 0.06013071895424836
0 0.30919117647058825 0.6849673202614378 0.013970588235294117 0.054901960784313725
6 0.49963235294117647 0.7196078431372549 0.05220588235294118 0.04836601307189542
0 0.5 0.7215686274509804 0.01764705882352941 0.07320261437908496
3 0.5077205882352941 0.6215686274509804 0.09926470588235294 0.08758169934640522
3 0.6279411764705882 0.5764705882352941 0.045588235294117645 0.10980392156862745
9 0.7091911764705883 0.9470588235294117 0.04338235294117647 0.05620915032679738
1 0.711764705882353 0.9398692810457515 0.01911764705882353 0.08104575163398692
1 0.7209558823529412 0.9431372549019608 0.019852941176470587 0.0718954248366013
0 0.6900735294117647 0.6647058823529411 0.013970588235294117 0.06143790849673202
0 0.700735294117647 0.6235294117647059 0.01764705882352941 0.06013071895424836
9 0.3338235294117647 0.5398692810457516 0.029411764705882353 0.04183006535947712
1 0.33051470588235293 0.5372549019607843 0.016911764705882352 0.054901960784313725
1 0.22794117647058823 0.4888888888888889 0.014705882352941176 0.03398692810457516
0 0.22095588235294117 0.4339869281045751 0.0125 0.054901960784313725
0 0.21544117647058822 0.4339869281045751 0.010294117647058823 0.047058823529411764
0 0.23860294117647057 0.430718954248366 0.0125 0.04052287581699346
1 0.016911764705882352 0.42483660130718953 0.013235294117647059 0.04444444444444444
1 0.027205882352941177 0.41437908496732023 0.011764705882352941 0.02875816993464052
1 0.03161764705882353 0.42810457516339867 0.011764705882352941 0.03790849673202614
9 0.039705882352941174 0.44967320261437904 0.01764705882352941 0.04444444444444444
9 0.057352941176470586 0.44509803921568625 0.011764705882352941 0.04836601307189542
9 0.15073529411764705 0.4294117647058823 0.014705882352941176 0.043137254901960784
9 0.16911764705882354 0.4241830065359477 0.011764705882352941 0.04052287581699346
9 0.15735294117647058 0.41437908496732023 0.014705882352941176 0.04183006535947712
2 0.1889705882352941 0.3934640522875817 0.01764705882352941 0.0392156862745098
2 0.19852941176470587 0.3849673202614379 0.025 0.0326797385620915
9 0.22426470588235295 0.3660130718954248 0.023529411764705882 0.03137254901960784
7 0.22169117647058822 0.40980392156862744 0.03897058823529412 0.08235294117647059
0 0.19375 0.35163398692810455 0.009558823529411765 0.0392156862745098
2 0.2625 0.3555555555555555 0.025 0.02875816993464052
9 0.24301470588235294 0.3398692810457516 0.030147058823529412 0.03137254901960784
9 0.25441176470588234 0.3 0.023529411764705882 0.027450980392156862
1 0.25073529411764706 0.296078431372549 0.007352941176470588 0.027450980392156862
9 0.2529411764705882 0.29869281045751633 0.016176470588235292 0.02222222222222222
0 0.22316176470588234 0.3071895424836601 0.009558823529411765 0.03137254901960784
0 0.3628676470588235 0.4156862745098039 0.011029411764705881 0.04967320261437908
0 0.3952205882352941 0.3915032679738562 0.008088235294117646 0.05359477124183006
0 0.4452205882352941 0.39934640522875814 0.009558823529411765 0.04836601307189542
0 0.45551470588235293 0.40457516339869276 0.008088235294117646 0.043137254901960784
6 0.30220588235294116 0.42156862745098034 0.032352941176470584 0.058823529411764705
9 0.2959558823529412 0.38627450980392153 0.027205882352941177 0.03529411764705882
0 0.29154411764705884 0.39477124183006534 0.006617647058823529 0.02875816993464052
0 0.2977941176470588 0.396078431372549 0.007352941176470588 0.03660130718954248
0 0.31691176470588234 0.40392156862745093 0.007352941176470588 0.04183006535947712
0 0.3044117647058823 0.3633986928104575 0.0058823529411764705 0.0392156862745098
0 0.31580882352941175 0.3660130718954248 0.009558823529411765 0.04444444444444444
0 0.32573529411764707 0.37516339869281046 0.010294117647058823 0.04183006535947712
0 0.33455882352941174 0.3725490196078431 0.007352941176470588 0.047058823529411764
0 0.3029411764705882 0.34967320261437906 0.007352941176470588 0.043137254901960784
0 0.3400735294117647 0.40392156862745093 0.006617647058823529 0.047058823529411764
0 0.34375 0.40196078431372545 0.006617647058823529 0.0457516339869281
7 0.35661764705882354 0.3908496732026144 0.05 0.07581699346405228
3 0.3529411764705882 0.2875816993464052 0.061764705882352944 0.065359477124183
3 0.5154411764705882 0.46928104575163393 0.08088235294117647 0.07058823529411765
4 0.5356617647058823 0.41764705882352937 0.07867647058823529 0.0718954248366013
3 0.41691176470588237 0.21699346405228756 0.054411764705882354 0.04183006535947712
3 0.4305147058823529 0.19934640522875816 0.05073529411764706 0.03529411764705882
3 0.45183823529411765 0.17254901960784313 0.05220588235294118 0.03398692810457516
3 0.46249999999999997 0.15620915032679739 0.044117647058823525 0.03529411764705882
3 0.4716911764705882 0.14509803921568626 0.04044117647058824 0.03137254901960784
1 0.40588235294117647 0.13202614379084968 0.007352941176470588 0.023529411764705882
1 0.41360294117647056 0.13333333333333333 0.008088235294117646 0.0261437908496732
9 0.34705882352941175 0.16405228758169935 0.010294117647058823 0.02222222222222222
9 0.5018382352941176 0.12222222222222222 0.0125 0.0196078431372549
9 0.5209558823529412 0.11568627450980391 0.0125 0.0196078431372549
4 0.5522058823529412 0.11372549019607843 0.032352941176470584 0.04183006535947712
0 0.5683823529411764 0.09281045751633986 0.0029411764705882353 0.02091503267973856
3 0.6238970588235294 0.19477124183006533 0.05367647058823529 0.03660130718954248
3 0.6650735294117647 0.3287581699346405 0.03308823529411765 0.06928104575163398
3 0.6779411764705883 0.257516339869281 0.027941176470588233 0.054901960784313725
4 0.6878676470588235 0.20522875816993463 0.025735294117647058 0.04444444444444444
0 0.6996323529411764 0.23202614379084965 0.009558823529411765 0.03529411764705882
2 0.7213235294117647 0.3437908496732026 0.008823529411764706 0.03398692810457516
1 0.7209558823529412 0.33398692810457514 0.009558823529411765 0.03529411764705882
3 0.8613970588235293 0.3183006535947712 0.03602941176470588 0.06143790849673202
3 0.91875 0.31437908496732025 0.0375 0.050980392156862744
3 0.8209558823529411 0.1915032679738562 0.022794117647058822 0.0457516339869281
3 0.8356617647058824 0.13660130718954247 0.019852941176470587 0.03529411764705882
3 0.8900735294117647 0.10784313725490195 0.022794117647058822 0.03006535947712418
3 0.6966911764705882 0.15098039215686274 0.021323529411764706 0.04052287581699346
0 0.7220588235294118 0.10588235294117647 0.007352941176470588 0.0261437908496732
3 0.7077205882352942 0.11568627450980391 0.022794117647058822 0.0326797385620915
3 0.6235294117647059 0.1568627450980392 0.039705882352941174 0.03137254901960784
3 0.6268382352941176 0.14640522875816991 0.04485294117647059 0.0261437908496732
3 0.7279411764705882 0.09411764705882353 0.039705882352941174 0.03398692810457516
4 0.7198529411764706 0.05620915032679738 0.030882352941176472 0.02875816993464052
3 0.7496323529411765 0.07712418300653594 0.03455882352941177 0.023529411764705882
3 0.7735294117647059 0.06209150326797385 0.025 0.027450980392156862
2 0.8014705882352942 0.056862745098039215 0.010294117647058823 0.01699346405228758
2 0.7400735294117647 0.12026143790849672 0.006617647058823529 0.01568627450980392
1 0.7400735294117647 0.11503267973856209 0.005147058823529412 0.02091503267973856
1 0.8025735294117647 0.04967320261437908 0.005147058823529412 0.02091503267973856
0 0.6772058823529412 0.058823529411764705 0.004411764705882353 0.02091503267973856
0 0.6775735294117647 0.0457516339869281 0.005147058823529412 0.01568627450980392
0 0.6797794117647059 0.04771241830065359 0.005147058823529412 0.0196078431372549
0 0.6867647058823529 0.04379084967320261 0.004411764705882353 0.0196078431372549
0 0.6900735294117647 0.04379084967320261 0.005147058823529412 0.02222222222222222
5 0.6378676470588235 0.04379084967320261 0.04779411764705882 0.03529411764705882
3 0.5863970588235294 0.045098039215686274 0.025735294117647058 0.02222222222222222
3 0.8466911764705882 0.043137254901960784 0.015441176470588236 0.0261437908496732
3 0.8577205882352941 0.01895424836601307 0.013970588235294117 0.02222222222222222
3 0.7213235294117647 0.03725490196078431 0.016176470588235292 0.0196078431372549
3 0.7246323529411764 0.02483660130718954 0.0125 0.01830065359477124
