6 0.6327205882352941 0.7464052287581698 0.06102941176470588 0.130718954248366
4 0.45955882352941174 0.5124183006535947 0.07205882352941176 0.1045751633986928
3 0.3761029411764706 0.5352941176470588 0.06838235294117646 0.12156862745098039
3 0.5772058823529411 0.32418300653594767 0.03529411764705882 0.06797385620915032
3 0.4875 0.27843137254901956 0.03529411764705882 0.06274509803921569
3 0.4183823529411765 0.226797385620915 0.029411764705882353 0.07450980392156863
3 0.4022058823529412 0.3418300653594771 0.039705882352941174 0.09019607843137255
3 0.5165441176470588 0.19673202614379084 0.025735294117647058 0.04836601307189542
3 0.5084558823529411 0.13398692810457516 0.022794117647058822 0.04052287581699346
3 0.45808823529411763 0.10849673202614378 0.025 0.04444444444444444
3 0.40661764705882353 0.13660130718954247 0.025 0.050980392156862744
3 0.3676470588235294 0.06209150326797385 0.023529411764705882 0.050980392156862744
3 0.3636029411764706 0.025490196078431372 0.019852941176470587 0.03790849673202614
3 0.12095588235294118 0.025490196078431372 0.0375 0.04052287581699346
3 0.09448529411764706 0.08627450980392157 0.05514705882352941 0.04183006535947712
3 0.07794117647058824 0.12483660130718953 0.060294117647058824 0.043137254901960784
4 0.7511029411764706 0.35163398692810455 0.06691176470588235 0.08104575163398692
5 0.29044117647058826 0.5901960784313726 0.07205882352941176 0.20522875816993463
4 0.2650735294117647 0.7699346405228757 0.06985294117647059 0.18823529411764706
5 0.05477941176470588 0.7065359477124182 0.10955882352941176 0.22091503267973855
5 0.06066176470588235 0.5522875816993463 0.1213235294117647 0.09803921568627451
0 0.11580882352941177 0.565359477124183 0.01838235294117647 0.07450980392156863
6 0.2566176470588235 0.0718954248366013 0.022058823529411763 0.04967320261437908
4 0.31029411764705883 0.07058823529411765 0.01911764705882353 0.04183006535947712
6 0.2933823529411765 0.14183006535947712 0.014705882352941176 0.043137254901960784
5 0.3272058823529412 0.1941176470588235 0.029411764705882353 0.07450980392156863
6 0.2823529411764706 0.18627450980392155 0.032352941176470584 0.0326797385620915
5 0.25698529411764703 0.2222222222222222 0.04485294117647059 0.03660130718954248
0 0.23860294117647057 0.31437908496732025 0.013970588235294117 0.05359477124183006
0 0.22794117647058823 0.3248366013071895 0.014705882352941176 0.05359477124183006
0 0.2647058823529412 0.1588235294117647 0.007352941176470588 0.04052287581699346
0 0.25845588235294115 0.15947712418300652 0.008088235294117646 0.03660130718954248
0 0.24963235294117647 0.18431372549019606 0.009558823529411765 0.0392156862745098
0 0.07463235294117647 0.230718954248366 0.0125 0.04052287581699346
0 0.06580882352941177 0.23006535947712417 0.009558823529411765 0.04183006535947712
0 0.05330882352941176 0.23006535947712417 0.0125 0.04183006535947712
0 0.041176470588235294 0.23006535947712417 0.010294117647058823 0.04183006535947712
9 0.19301470588235295 0.418954248366013 0.01838235294117647 0.050980392156862744
9 0.1338235294117647 0.4398692810457516 0.033823529411764704 0.04052287581699346
0 0.3110294117647059 0.23267973856209148 0.010294117647058823 0.04444444444444444
0 0.3003676470588235 0.3352941176470588 0.011029411764705881 0.04836601307189542
9 0.3084558823529412 0.4130718954248366 0.030147058823529412 0.054901960784313725
0 0.3073529411764706 0.4026143790849673 0.014705882352941176 0.047058823529411764
9 0.28161764705882353 0.4013071895424836 0.010294117647058823 0.04183006535947712
6 0.26066176470588237 0.3980392156862745 0.03308823529411765 0.07973856209150326
0 0.24963235294117647 0.38627450980392153 0.009558823529411765 0.05359477124183006
0 0.27205882352941174 0.388235294117647 0.010294117647058823 0.054901960784313725
0 0.2761029411764706 0.3803921568627451 0.008088235294117646 0.0522875816993464
6 0.3150735294117647 0.3352941176470588 0.04485294117647059 0.03790849673202614
6 0.29669117647058824 0.2222222222222222 0.01838235294117647 0.03660130718954248
6 0.3176470588235294 0.11045751633986928 0.030882352941176472 0.02222222222222222
5 0.06102941176470588 0.3830065359477124 0.12205882352941176 0.10980392156862745
0 0.05220588235294118 0.4568627450980392 0.022058823529411763 0.05620915032679738
0 0.08860294117647059 0.5830065359477123 0.013970588235294117 0.06274509803921569
0 0.1849264705882353 0.365359477124183 0.009558823529411765 0.04836601307189542
0 0.17683823529411766 0.3424836601307189 0.0125 0.06013071895424836
0 0.32941176470588235 0.21895424836601304 0.007352941176470588 0.043137254901960784
3 0.35955882352941176 0.21699346405228756 0.01764705882352941 0.047058823529411764
6 0.3665441176470588 0.1679738562091503 0.015441176470588236 0.05359477124183006
0 0.3602941176470588 0.17124183006535945 0.008823529411764706 0.047058823529411764
0 0.37463235294117647 0.10065359477124182 0.005147058823529412 0.03137254901960784
6 0.38786764705882354 0.11437908496732026 0.015441176470588236 0.03529411764705882
0 0.38529411764705884 0.10784313725490195 0.007352941176470588 0.02483660130718954
3 0.4334558823529412 0.16601307189542483 0.022794117647058822 0.0522875816993464
6 0.46948529411764706 0.029411764705882353 0.019852941176470587 0.043137254901960784
6 0.35220588235294115 0.3176470588235294 0.022058823529411763 0.05751633986928104
1 0.34816176470588234 0.31045751633986923 0.0125 0.0326797385620915
1 0.30808823529411766 0.3156862745098039 0.010294117647058823 0.02483660130718954
6 0.2823529411764706 0.3078431372549019 0.051470588235294115 0.03006535947712418
6 0.2713235294117647 0.3379084967320261 0.041176470588235294 0.03529411764705882
3 0.04044117647058824 0.14248366013071895 0.025 0.02875816993464052
0 0.026470588235294117 0.14836601307189543 0.010294117647058823 0.03529411764705882
0 0.07022058823529412 0.06862745098039215 0.008088235294117646 0.027450980392156862
6 0.046691176470588236 0.10718954248366012 0.02426470588235294 0.02875816993464052
0 0.6040441176470588 0.0522875816993464 0.006617647058823529 0.03398692810457516
0 0.6150735294117647 0.0673202614379085 0.003676470588235294 0.027450980392156862
0 0.6198529411764706 0.06862745098039215 0.0058823529411764705 0.027450980392156862
0 0.7746323529411765 0.04836601307189542 0.005147058823529412 0.03660130718954248
0 0.7588235294117647 0.058823529411764705 0.007352941176470588 0.03398692810457516
0 0.7529411764705882 0.05947712418300653 0.0058823529411764705 0.02483660130718954
9 0.8025735294117647 0.11241830065359476 0.011029411764705881 0.03660130718954248
0 0.8011029411764706 0.0738562091503268 0.008088235294117646 0.0326797385620915
0 0.7889705882352941 0.4261437908496732 0.011764705882352941 0.0522875816993464
0 0.8154411764705882 0.5143790849673202 0.01911764705882353 0.06143790849673202
0 0.8886029411764705 0.3437908496732026 0.011029411764705881 0.054901960784313725
0 0.9352941176470588 0.7339869281045751 0.01764705882352941 0.06928104575163398
0 0.9191176470588235 0.7254901960784313 0.016176470588235292 0.06797385620915032
