3 0.22720588235294117 0.00718954248366013 0.011764705882352941 0.01437908496732026
3 0.20661764705882352 0.0065359477124183 0.010294117647058823 0.0130718954248366
3 0.21029411764705883 0.07516339869281045 0.013235294117647059 0.027450980392156862
3 0.24338235294117647 0.04771241830065359 0.01764705882352941 0.02222222222222222
3 0.26801470588235293 0.045098039215686274 0.016911764705882352 0.027450980392156862
3 0.3558823529411765 0.12156862745098039 0.027941176470588233 0.0261437908496732
3 0.32426470588235295 0.1895424836601307 0.041176470588235294 0.03660130718954248
3 0.4036764705882353 0.23986928104575161 0.03529411764705882 0.0457516339869281
4 0.3654411764705882 0.27777777777777773 0.033823529411764704 0.06666666666666667
4 0.28455882352941175 0.03790849673202614 0.013235294117647059 0.0261437908496732
3 0.23970588235294119 0.16209150326797384 0.045588235294117645 0.0392156862745098
3 0.3139705882352941 0.08169934640522876 0.022058823529411763 0.027450980392156862
3 0.29963235294117646 0.03464052287581699 0.0125 0.0196078431372549
3 0.2878676470588235 0.01633986928104575 0.0125 0.02222222222222222
4 0.3011029411764706 0.02026143790849673 0.019852941176470587 0.02222222222222222
4 0.33713235294117644 0.065359477124183 0.0375 0.03398692810457516
0 0.41102941176470587 0.1326797385620915 0.007352941176470588 0.0326797385620915
0 0.37169117647058825 0.10130718954248365 0.005147058823529412 0.02483660130718954
0 0.21213235294117647 0.03660130718954248 0.005147058823529412 0.0261437908496732
1 0.22536764705882353 0.09607843137254901 0.006617647058823529 0.027450980392156862
1 0.26948529411764705 0.01633986928104575 0.005147058823529412 0.01437908496732026
1 0.4022058823529412 0.09477124183006536 0.007352941176470588 0.027450980392156862
1 0.3713235294117647 0.08823529411764705 0.0058823529411764705 0.01699346405228758
0 0.3636029411764706 0.08039215686274509 0.005147058823529412 0.027450980392156862
0 0.36176470588235293 0.08104575163398692 0.004411764705882353 0.023529411764705882
0 0.3584558823529412 0.0673202614379085 0.005147058823529412 0.027450980392156862
1 0.37022058823529413 0.16209150326797384 0.005147058823529412 0.023529411764705882
1 0.36580882352941174 0.15751633986928104 0.005147058823529412 0.0196078431372549
1 0.34816176470588234 0.322875816993464 0.008088235294117646 0.01830065359477124
1 0.34705882352941175 0.31633986928104574 0.010294117647058823 0.02875816993464052
1 0.2011029411764706 0.38169934640522873 0.0125 0.03660130718954248
0 0.2227941176470588 0.23137254901960783 0.010294117647058823 0.04444444444444444
9 0.34816176470588234 0.3326797385620915 0.009558823529411765 0.03790849673202614
9 0.3573529411764706 0.09999999999999999 0.01764705882352941 0.02222222222222222
9 0.3363970588235294 0.09477124183006536 0.016911764705882352 0.0196078431372549
9 0.22647058823529412 0.1045751633986928 0.007352941176470588 0.023529411764705882
9 0.2702205882352941 0.02222222222222222 0.003676470588235294 0.01568627450980392
9 0.37830882352941175 0.11372549019607843 0.005147058823529412 0.02091503267973856
6 0.3301470588235294 0.08823529411764705 0.020588235294117647 0.01699346405228758
6 0.3088235294117647 0.054901960784313725 0.014705882352941176 0.01568627450980392
4 0.3058823529411765 0.045098039215686274 0.01764705882352941 0.02483660130718954
3 0.4525735294117647 0.3287581699346405 0.04044117647058824 0.05620915032679738
3 0.5084558823529411 0.46732026143790845 0.05073529411764706 0.07450980392156863
3 0.5823529411764706 0.6823529411764705 0.07058823529411765 0.12287581699346405
3 0.6555147058823529 0.9176470588235294 0.09338235294117647 0.16209150326797384
0 0.8231617647058823 0.9758169934640523 0.009558823529411765 0.0457516339869281
0 0.8102941176470588 0.9673202614379084 0.023529411764705882 0.06274509803921569
1 0.7996323529411764 0.7751633986928104 0.022794117647058822 0.04183006535947712
1 0.8400735294117647 0.7019607843137254 0.027205882352941177 0.06274509803921569
9 0.8996323529411765 0.6882352941176471 0.04779411764705882 0.05359477124183006
6 0.7966911764705882 0.6816993464052287 0.07279411764705883 0.06143790849673202
0 0.975735294117647 0.4464052287581699 0.010294117647058823 0.04052287581699346
9 0.9856617647058823 0.3633986928104575 0.022794117647058822 0.04444444444444444
3 0.9823529411764705 0.4163398692810457 0.033823529411764704 0.06928104575163398
3 0.8694852941176471 0.3758169934640523 0.0625 0.06666666666666667
3 0.8209558823529411 0.3071895424836601 0.04926470588235294 0.04967320261437908
3 0.7529411764705882 0.1915032679738562 0.060294117647058824 0.03529411764705882
3 0.8426470588235294 0.19934640522875816 0.051470588235294115 0.027450980392156862
0 0.7610294117647058 0.14313725490196078 0.007352941176470588 0.0326797385620915
9 0.7691176470588236 0.14967320261437908 0.016176470588235292 0.01699346405228758
3 0.6419117647058823 0.21176470588235294 0.051470588235294115 0.0392156862745098
3 0.6316176470588235 0.16470588235294117 0.051470588235294115 0.03398692810457516
3 0.6647058823529411 0.1895424836601307 0.052941176470588235 0.03660130718954248
6 0.5238970588235294 0.32352941176470584 0.016911764705882352 0.04836601307189542
6 0.5191176470588236 0.25555555555555554 0.03823529411764706 0.03790849673202614
6 0.5294117647058824 0.17777777777777776 0.032352941176470584 0.0261437908496732
9 0.5897058823529412 0.15620915032679739 0.007352941176470588 0.02483660130718954
9 0.5636029411764706 0.15816993464052287 0.005147058823529412 0.02875816993464052
9 0.5580882352941177 0.1588235294117647 0.007352941176470588 0.02222222222222222
0 0.580514705882353 0.17973856209150327 0.005147058823529412 0.0326797385620915
3 0.5735294117647058 0.19215686274509802 0.052941176470588235 0.03398692810457516
6 0.3709558823529412 0.1764705882352941 0.022794117647058822 0.03398692810457516
3 0.3397058823529412 0.43464052287581695 0.04264705882352941 0.09019607843137255
7 0.35955882352941176 0.530718954248366 0.032352941176470584 0.12549019607843137
0 0.29816176470588235 0.6620915032679738 0.0125 0.05620915032679738
1 0.45441176470588235 0.7359477124183006 0.01764705882352941 0.047058823529411764
1 0.45992647058823527 0.7215686274509804 0.019852941176470587 0.07058823529411765
9 0.4591911764705882 0.7352941176470588 0.022794117647058822 0.06666666666666667
0 0.14963235294117647 0.6620915032679738 0.022794117647058822 0.07973856209150326
0 0.14301470588235293 0.6915032679738562 0.021323529411764706 0.07320261437908496
0 0.11985294117647059 0.6993464052287581 0.01911764705882353 0.07581699346405228
0 0.10551470588235294 0.6928104575163399 0.015441176470588236 0.07581699346405228
0 0.1400735294117647 0.6751633986928104 0.022794117647058822 0.06928104575163398
1 0.13272058823529412 0.7084967320261437 0.015441176470588236 0.0522875816993464
1 0.14816176470588235 0.6477124183006535 0.019852941176470587 0.043137254901960784
5 0.048161764705882355 0.7483660130718953 0.09632352941176471 0.09542483660130718
1 0.6121323529411765 0.4058823529411764 0.015441176470588236 0.04052287581699346
1 0.6875 0.545751633986928 0.01911764705882353 0.04836601307189542
0 0.6102941176470588 0.5352941176470588 0.016176470588235292 0.0718954248366013
0 0.61875 0.484313725490196 0.013970588235294117 0.06143790849673202
6 0.6378676470588235 0.4856209150326797 0.03308823529411765 0.06928104575163398
