3 0.9255208333333333 0.5092592592592593 0.028125 0.0462962962962963
3 0.9093749999999999 0.44027777777777777 0.021875 0.03425925925925926
3 0.8809895833333333 0.3689814814814815 0.01614583333333333 0.02314814814814815
4 0.92734375 0.3365740740740741 0.0140625 0.02314814814814815
3 0.92421875 0.3101851851851852 0.013020833333333334 0.018518518518518517
3 0.8895833333333333 0.2972222222222222 0.0125 0.018518518518518517
5 0.9078125 0.28240740740740744 0.016666666666666666 0.03333333333333333
8 0.9440104166666666 0.28750000000000003 0.015104166666666667 0.028703703703703703
3 0.94609375 0.2587962962962963 0.0109375 0.01388888888888889
6 0.9885416666666667 0.3560185185185185 0.008333333333333333 0.017592592592592594
3 0.93046875 0.24120370370370373 0.008854166666666666 0.012037037037037037
3 0.94609375 0.2300925925925926 0.0078125 0.010185185185185186
3 0.9367187499999999 0.21805555555555556 0.0078125 0.008333333333333333
3 0.9234375 0.2125 0.007291666666666667 0.008333333333333333
3 0.9296875 0.19212962962962965 0.005208333333333333 0.006481481481481482
3 0.9479166666666666 0.19305555555555556 0.005208333333333333 0.006481481481481482
3 0.9447916666666667 0.2064814814814815 0.007291666666666667 0.007407407407407408
3 0.9625 0.20694444444444446 0.00625 0.008333333333333333
4 0.9372395833333333 0.20046296296296298 0.0046875 0.008333333333333333
3 0.2817708333333333 0.950925925925926 0.10520833333333333 0.0962962962962963
3 0.07291666666666667 0.8486111111111111 0.12708333333333333 0.13240740740740742
3 0.14791666666666667 0.875925925925926 0.11041666666666666 0.13148148148148148
3 0.39296875 0.8277777777777778 0.0828125 0.1277777777777778
4 0.29921875 0.8189814814814815 0.08697916666666666 0.13611111111111113
3 0.26848958333333334 0.7564814814814815 0.0890625 0.10185185185185186
3 0.21979166666666666 0.7212962962962963 0.07291666666666667 0.09074074074074075
3 0.45416666666666666 0.7375 0.075 0.11018518518518519
3 0.3736979166666667 0.7402777777777778 0.07135416666666666 0.09537037037037037
3 0.3541666666666667 0.6712962962962963 0.06666666666666667 0.07962962962962963
3 0.3223958333333333 0.6425925925925926 0.06666666666666667 0.07407407407407407
3 0.43359375 0.6657407407407407 0.0609375 0.08518518518518518
4 0.48359375 0.6092592592592593 0.050520833333333334 0.07777777777777778
3 0.5161458333333333 0.6712962962962963 0.05625 0.07592592592592592
4 0.4315104166666667 0.5944444444444444 0.06197916666666667 0.0925925925925926
4 0.3875 0.5773148148148148 0.05 0.07314814814814816
3 0.5528645833333333 0.6129629629629629 0.04635416666666667 0.06296296296296297
3 0.5247395833333334 0.5768518518518518 0.0453125 0.05555555555555556
3 0.4828125 0.5583333333333333 0.04479166666666667 0.053703703703703705
3 0.45729166666666665 0.5305555555555556 0.04375 0.04814814814814815
3 0.45677083333333335 0.48703703703703705 0.035416666666666666 0.044444444444444446
4 0.58359375 0.5680555555555555 0.0421875 0.0712962962962963
4 0.5203125 0.5166666666666667 0.03854166666666667 0.06296296296296297
3 0.4921875 0.500925925925926 0.041666666666666664 0.04814814814814815
3 0.5166666666666666 0.4430555555555556 0.030208333333333334 0.04166666666666667
3 0.5286458333333334 0.46851851851851856 0.034375 0.040740740740740744
3 0.55234375 0.49259259259259264 0.033854166666666664 0.04259259259259259
3 0.5658854166666667 0.525 0.03697916666666667 0.05
3 0.6221354166666666 0.5439814814814815 0.0390625 0.05092592592592593
3 0.6453125 0.5125000000000001 0.035416666666666666 0.04351851851851852
3 0.5979166666666667 0.4939814814814815 0.036458333333333336 0.04351851851851852
3 0.5625 0.4430555555555556 0.034375 0.03981481481481482
4 0.58359375 0.4615740740740741 0.030729166666666665 0.05277777777777778
3 0.5872395833333334 0.4203703703703704 0.0296875 0.03333333333333333
3 0.6018229166666667 0.4425925925925926 0.025520833333333333 0.037037037037037035
3 0.6216145833333333 0.4652777777777778 0.0296875 0.03981481481481482
3 0.6653645833333334 0.48055555555555557 0.0328125 0.04259259259259259
3 0.64609375 0.44351851851851853 0.028645833333333332 0.03518518518518519
3 0.62421875 0.42314814814814816 0.027604166666666666 0.03333333333333333
3 0.6158854166666666 0.39537037037037037 0.0265625 0.031481481481481485
3 0.6109375 0.3689814814814815 0.021875 0.030555555555555558
3 0.63671875 0.3800925925925926 0.022395833333333334 0.028703703703703703
3 0.6434895833333333 0.4064814814814815 0.025520833333333333 0.031481481481481485
3 0.6666666666666666 0.42314814814814816 0.02395833333333333 0.031481481481481485
3 0.6916666666666667 0.44953703703703707 0.028125 0.04351851851851852
3 0.7059895833333333 0.4310185185185185 0.024479166666666666 0.03425925925925926
3 0.6846354166666666 0.4050925925925926 0.022395833333333334 0.030555555555555558
4 0.6643229166666667 0.3791666666666667 0.021354166666666667 0.036111111111111115
3 0.6541666666666667 0.36574074074074076 0.02395833333333333 0.02592592592592593
3 0.72421875 0.40925925925925927 0.0234375 0.03888888888888889
3 0.6979166666666666 0.38703703703703707 0.022916666666666665 0.02962962962962963
4 0.6854166666666667 0.362962962962963 0.020833333333333332 0.03333333333333333
3 0.6736979166666667 0.35185185185185186 0.018229166666666668 0.022222222222222223
3 0.6778645833333333 0.33564814814814814 0.019270833333333334 0.025
4 0.7270833333333333 0.3907407407407408 0.021875 0.031481481481481485
3 0.7166666666666667 0.3685185185185185 0.020833333333333332 0.02592592592592593
3 0.6997395833333333 0.3541666666666667 0.0171875 0.025
3 0.6921875 0.33101851851851855 0.017708333333333333 0.021296296296296296
3 0.7434895833333334 0.38287037037037036 0.019270833333333334 0.028703703703703703
3 0.7291666666666666 0.3560185185185185 0.017708333333333333 0.02314814814814815
3 0.7528645833333333 0.3703703703703704 0.019270833333333334 0.02592592592592593
3 0.7140625 0.34351851851851856 0.017708333333333333 0.022222222222222223
3 0.7104166666666667 0.31851851851851853 0.015625 0.024074074074074074
4 0.7229166666666667 0.32916666666666666 0.014583333333333334 0.028703703703703703
3 0.7635416666666667 0.3574074074074074 0.016666666666666666 0.02592592592592593
4 0.7403645833333333 0.33796296296296297 0.0171875 0.02962962962962963
4 0.7333333333333333 0.31851851851851853 0.0125 0.02592592592592593
3 0.7247395833333333 0.3050925925925926 0.0140625 0.019444444444444445
3 0.77109375 0.3472222222222222 0.0171875 0.024074074074074074
3 0.7817708333333333 0.33842592592592596 0.015625 0.02314814814814815
4 0.7528645833333333 0.3263888888888889 0.013020833333333334 0.026851851851851852
3 0.7848958333333333 0.32731481481481484 0.014583333333333334 0.021296296296296296
3 0.79609375 0.3199074074074074 0.0140625 0.021296296296296296
3 0.7997395833333333 0.3111111111111111 0.013020833333333334 0.018518518518518517
3 0.8091145833333333 0.3023148148148148 0.015104166666666667 0.021296296296296296
3 0.7635416666666667 0.3194444444444445 0.014583333333333334 0.022222222222222223
3 0.7716145833333333 0.31157407407407406 0.013020833333333334 0.019444444444444445
3 0.7778645833333333 0.3013888888888889 0.0140625 0.019444444444444445
3 0.7421875 0.31527777777777777 0.013541666666666667 0.017592592592592594
3 0.7510416666666666 0.3074074074074074 0.0125 0.018518518518518517
3 0.7565104166666666 0.300462962962963 0.011979166666666666 0.019444444444444445
3 0.73671875 0.2949074074074074 0.0140625 0.021296296296296296
3 0.7453125 0.29074074074074074 0.010416666666666666 0.016666666666666666
5 0.8010416666666667 0.26851851851851855 0.014583333333333334 0.031481481481481485
3 0.8122395833333333 0.28055555555555556 0.0140625 0.020370370370370372
1 0.39296875 0.4953703703703704 0.0078125 0.02777777777777778
9 0.39296875 0.5055555555555555 0.01614583333333333 0.02592592592592593
1 0.67734375 0.30648148148148147 0.0046875 0.014814814814814815
6 0.6755208333333333 0.31342592592592594 0.008333333333333333 0.01388888888888889
