0 0.16666666666666666 0.925462962962963 0.03854166666666667 0.14722222222222223
0 0.3697916666666667 0.9342592592592593 0.035416666666666666 0.12962962962962962
0 0.4041666666666667 0.7847222222222222 0.028125 0.14722222222222223
0 0.42916666666666664 0.7796296296296297 0.02395833333333333 0.14074074074074075
0 0.45338541666666665 0.7824074074074074 0.022395833333333334 0.1462962962962963
0 0.47604166666666664 0.7916666666666667 0.027083333333333334 0.1425925925925926
0 0.49921875 0.7018518518518518 0.0203125 0.09814814814814815
0 0.5247395833333334 0.6939814814814815 0.021354166666666667 0.10833333333333334
0 0.62109375 0.6814814814814815 0.0140625 0.10185185185185186
0 0.5380208333333333 0.6439814814814815 0.015625 0.08055555555555556
0 0.53125 0.638425925925926 0.01875 0.08240740740740742
0 0.23932291666666666 0.6949074074074074 0.021354166666666667 0.11018518518518519
0 0.25677083333333334 0.6981481481481482 0.022916666666666665 0.11851851851851852
0 0.0078125 0.5736111111111112 0.007291666666666667 0.03796296296296296
1 0.040364583333333336 0.6013888888888889 0.013020833333333334 0.03796296296296296
1 0.053385416666666664 0.6277777777777778 0.013020833333333334 0.053703703703703705
9 0.0859375 0.6324074074074074 0.04479166666666667 0.053703703703703705
1 0.10416666666666667 0.625925925925926 0.014583333333333334 0.053703703703703705
9 0.2817708333333333 0.6175925925925926 0.0375 0.040740740740740744
0 0.3572916666666667 0.6828703703703703 0.019791666666666666 0.09907407407407408
0 0.3765625 0.6805555555555556 0.01875 0.11111111111111112
0 0.3734375 0.6300925925925926 0.014583333333333334 0.08055555555555556
0 0.36354166666666665 0.6333333333333333 0.010416666666666666 0.07777777777777778
0 0.3572916666666667 0.6310185185185185 0.014583333333333334 0.06944444444444445
0 0.38229166666666664 0.5648148148148149 0.008333333333333333 0.04814814814814815
0 0.3890625 0.5648148148148149 0.007291666666666667 0.0462962962962963
0 0.3885416666666667 0.6129629629629629 0.0125 0.06666666666666667
0 0.4046875 0.6319444444444444 0.010416666666666666 0.05277777777777778
2 0.4484375 0.6532407407407408 0.03958333333333333 0.05648148148148149
1 0.4479166666666667 0.6328703703703704 0.022916666666666665 0.06018518518518519
2 0.44427083333333334 0.6435185185185185 0.03958333333333333 0.04814814814814815
1 0.4427083333333333 0.6240740740740741 0.01875 0.06851851851851852
0 0.42734374999999997 0.6268518518518519 0.009895833333333333 0.037037037037037035
0 0.459375 0.6171296296296297 0.015625 0.0712962962962963
0 0.4734375 0.6212962962962963 0.0125 0.06481481481481481
0 0.46901041666666665 0.6064814814814815 0.009895833333333333 0.06481481481481481
0 0.64609375 0.6638888888888889 0.024479166666666666 0.0925925925925926
0 0.6791666666666667 0.7787037037037038 0.026041666666666668 0.14444444444444446
9 0.9354166666666667 0.6527777777777778 0.028125 0.06296296296296297
3 0.9622395833333334 0.5773148148148148 0.049479166666666664 0.03981481481481482
0 0.86171875 0.5930555555555556 0.0171875 0.05462962962962963
1 0.7903645833333334 0.575925925925926 0.009895833333333333 0.031481481481481485
0 0.7796875 0.5958333333333333 0.011458333333333333 0.058333333333333334
0 0.7640625 0.5925925925925926 0.013541666666666667 0.06296296296296297
1 0.7322916666666667 0.5708333333333333 0.009375 0.028703703703703703
1 0.7216145833333333 0.5685185185185185 0.011979166666666666 0.02777777777777778
0 0.6703125 0.5916666666666667 0.010416666666666666 0.06296296296296297
0 0.6828125 0.5912037037037037 0.011458333333333333 0.062037037037037036
0 0.6497395833333334 0.5935185185185186 0.0109375 0.05740740740740741
0 0.6385416666666667 0.5925925925925926 0.010416666666666666 0.05925925925925926
0 0.63046875 0.6046296296296296 0.0140625 0.06851851851851852
0 0.6177083333333333 0.6050925925925926 0.009375 0.058333333333333334
0 0.61171875 0.5750000000000001 0.0109375 0.05
0 0.6229166666666667 0.5768518518518518 0.0125 0.0462962962962963
0 0.6229166666666667 0.5416666666666667 0.00625 0.037037037037037035
0 0.6166666666666667 0.5458333333333334 0.007291666666666667 0.03796296296296296
0 0.609375 0.5467592592592593 0.00625 0.04166666666666667
0 0.6078125 0.5347222222222222 0.004166666666666667 0.030555555555555558
0 0.6184895833333334 0.5055555555555555 0.0036458333333333334 0.02777777777777778
0 0.6122395833333333 0.5055555555555555 0.0046875 0.02777777777777778
0 0.5890625 0.5092592592592593 0.004166666666666667 0.02592592592592593
0 0.5848958333333333 0.525462962962963 0.004166666666666667 0.028703703703703703
0 0.5979166666666667 0.549074074074074 0.005208333333333333 0.04259259259259259
0 0.5934895833333333 0.55 0.0067708333333333336 0.04259259259259259
0 0.5890625 0.5518518518518519 0.005208333333333333 0.03888888888888889
0 0.5846354166666666 0.5574074074074075 0.0078125 0.04259259259259259
0 0.5815104166666667 0.5458333333333334 0.0067708333333333336 0.03796296296296296
0 0.5768229166666666 0.5504629629629629 0.005729166666666666 0.030555555555555558
0 0.5697916666666667 0.549074074074074 0.007291666666666667 0.040740740740740744
0 0.5653645833333333 0.5560185185185186 0.0078125 0.04351851851851852
0 0.571875 0.5365740740740741 0.00625 0.03981481481481482
0 0.56796875 0.524537037037037 0.0046875 0.030555555555555558
0 0.5786458333333333 0.5356481481481482 0.007291666666666667 0.030555555555555558
0 0.58046875 0.5236111111111111 0.0046875 0.025
0 0.553125 0.5791666666666667 0.009375 0.05462962962962963
0 0.5442708333333334 0.5810185185185185 0.009375 0.05277777777777778
0 0.5122395833333333 0.5726851851851852 0.0078125 0.049074074074074076
0 0.5166666666666666 0.5689814814814815 0.008333333333333333 0.05648148148148149
0 0.5247395833333334 0.5597222222222222 0.0078125 0.049074074074074076
0 0.5234375 0.5611111111111111 0.007291666666666667 0.040740740740740744
0 0.5546875 0.5504629629629629 0.007291666666666667 0.04351851851851852
0 0.5434895833333333 0.5439814814814815 0.009895833333333333 0.04537037037037037
0 0.5411458333333333 0.537962962962963 0.004166666666666667 0.024074074074074074
0 0.5354166666666667 0.5125000000000001 0.003125 0.019444444444444445
0 0.5328125 0.512962962962963 0.003125 0.018518518518518517
0 0.5309895833333333 0.5083333333333333 0.0036458333333333334 0.022222222222222223
0 0.49973958333333335 0.5476851851851852 0.005729166666666666 0.03981481481481482
0 0.4908854166666667 0.5486111111111112 0.0067708333333333336 0.04166666666666667
0 0.4947916666666667 0.5342592592592593 0.005208333333333333 0.031481481481481485
0 0.48984374999999997 0.5351851851851852 0.005729166666666666 0.031481481481481485
0 0.4828125 0.5481481481481482 0.004166666666666667 0.037037037037037035
0 0.47552083333333334 0.538425925925926 0.005208333333333333 0.030555555555555558
0 0.4765625 0.5518518518518519 0.005208333333333333 0.03518518518518519
0 0.471875 0.5564814814814815 0.00625 0.044444444444444446
0 0.4630208333333333 0.5569444444444445 0.009375 0.04166666666666667
0 0.45416666666666666 0.5592592592592592 0.00625 0.03888888888888889
0 0.45598958333333334 0.5513888888888889 0.005729166666666666 0.04351851851851852
0 0.4510416666666667 0.5537037037037037 0.00625 0.040740740740740744
0 0.4653645833333333 0.5291666666666667 0.005729166666666666 0.03425925925925926
0 0.4609375 0.5300925925925926 0.007291666666666667 0.026851851851851852
0 0.45729166666666665 0.5226851851851853 0.004166666666666667 0.026851851851851852
0 0.45234375 0.5231481481481481 0.0046875 0.024074074074074074
0 0.4421875 0.5217592592592593 0.005208333333333333 0.025
0 0.4434895833333333 0.5407407407407407 0.0067708333333333336 0.031481481481481485
0 0.44114583333333335 0.562962962962963 0.007291666666666667 0.0462962962962963
0 0.4341145833333333 0.5625 0.0078125 0.04166666666666667
0 0.42473958333333334 0.5583333333333333 0.0078125 0.04259259259259259
0 0.4166666666666667 0.5606481481481481 0.008333333333333333 0.04166666666666667
0 0.40989583333333335 0.5620370370370371 0.007291666666666667 0.04259259259259259
0 0.4041666666666667 0.5560185185185186 0.007291666666666667 0.04537037037037037
0 0.39791666666666664 0.5425925925925926 0.007291666666666667 0.03518518518518519
0 0.40729166666666666 0.5412037037037037 0.007291666666666667 0.03425925925925926
0 0.4184895833333333 0.5412037037037037 0.0078125 0.036111111111111115
0 0.3989583333333333 0.5148148148148148 0.004166666666666667 0.02962962962962963
0 0.5140625 0.5324074074074074 0.004166666666666667 0.02962962962962963
0 0.43359375 0.5416666666666667 0.0078125 0.031481481481481485
0 0.4265625 0.5324074074074074 0.004166666666666667 0.02777777777777778
0 0.4309895833333333 0.5319444444444444 0.0046875 0.030555555555555558
0 0.59609375 0.5046296296296297 0.0036458333333333334 0.024074074074074074
0 0.4171875 0.5240740740740741 0.004166666666666667 0.018518518518518517
