3 0.4849264705882353 0.9209150326797385 0.08455882352941177 0.15555555555555556
3 0.5889705882352941 0.9287581699346404 0.0838235294117647 0.13986928104575164
3 0.6852941176470588 0.6320261437908496 0.07058823529411765 0.14509803921568626
3 0.6477941176470589 0.49803921568627446 0.06323529411764706 0.10718954248366012
3 0.6176470588235294 0.3980392156862745 0.055882352941176466 0.08758169934640522
3 0.45330882352941176 0.28823529411764703 0.0375 0.0849673202614379
4 0.5044117647058823 0.24444444444444444 0.03823529411764706 0.08888888888888888
3 0.5970588235294118 0.2973856209150327 0.052941176470588235 0.06928104575163398
3 0.5746323529411764 0.2372549019607843 0.0375 0.05620915032679738
3 0.3573529411764706 0.32941176470588235 0.03823529411764706 0.09411764705882353
3 0.3713235294117647 0.2542483660130719 0.03823529411764706 0.07712418300653594
3 0.36470588235294116 0.17777777777777776 0.029411764705882353 0.05751633986928104
3 0.37022058823529413 0.12679738562091503 0.025735294117647058 0.04967320261437908
3 0.3761029411764706 0.0895424836601307 0.025735294117647058 0.04836601307189542
3 0.3761029411764706 0.06339869281045751 0.04485294117647059 0.043137254901960784
3 0.3830882352941176 0.021568627450980392 0.025 0.04052287581699346
3 0.5566176470588236 0.13986928104575164 0.044117647058823525 0.05751633986928104
3 0.5238970588235294 0.07058823529411765 0.02426470588235294 0.0392156862745098
3 0.5272058823529412 0.0261437908496732 0.04264705882352941 0.03398692810457516
3 0.66875 0.2594771241830065 0.06544117647058824 0.06143790849673202
1 0.6397058823529411 0.7705882352941176 0.022058823529411763 0.05359477124183006
1 0.6702205882352941 0.7777777777777777 0.019852941176470587 0.05751633986928104
0 0.7334558823529411 0.8006535947712418 0.025735294117647058 0.0718954248366013
1 0.8191176470588235 0.6699346405228758 0.020588235294117647 0.07973856209150326
2 0.7283088235294117 0.8300653594771241 0.05220588235294118 0.06013071895424836
2 0.6665441176470588 0.7980392156862745 0.016911764705882352 0.08758169934640522
9 0.638235294117647 0.7895424836601307 0.01764705882352941 0.08104575163398692
9 0.8183823529411764 0.6895424836601307 0.01764705882352941 0.05620915032679738
9 0.17205882352941176 0.588235294117647 0.04264705882352941 0.04967320261437908
6 0.32169117647058826 0.47973856209150323 0.05073529411764706 0.0784313725490196
9 0.5595588235294118 0.330718954248366 0.01764705882352941 0.054901960784313725
1 0.3988970588235294 0.3836601307189542 0.0125 0.04836601307189542
1 0.4022058823529412 0.2830065359477124 0.011764705882352941 0.043137254901960784
1 0.5044117647058823 0.14705882352941174 0.007352941176470588 0.02222222222222222
1 0.5029411764705882 0.14640522875816991 0.010294117647058823 0.0392156862745098
2 0.1860294117647059 0.2830065359477124 0.025 0.03529411764705882
2 0.3992647058823529 0.40457516339869276 0.013235294117647059 0.043137254901960784
9 0.40294117647058825 0.29869281045751633 0.011764705882352941 0.04052287581699346
0 0.41875 0.23137254901960783 0.008088235294117646 0.04967320261437908
0 0.4227941176470588 0.22941176470588234 0.008823529411764706 0.050980392156862744
0 0.65 0.2947712418300653 0.008823529411764706 0.05359477124183006
0 0.6275735294117647 0.2803921568627451 0.0125 0.04836601307189542
0 0.6235294117647059 0.26405228758169935 0.010294117647058823 0.02875816993464052
0 0.6338235294117647 0.261437908496732 0.008823529411764706 0.04183006535947712
0 0.6301470588235294 0.24313725490196078 0.010294117647058823 0.03660130718954248
0 0.6224264705882353 0.2156862745098039 0.0125 0.047058823529411764
0 0.6514705882352941 0.20130718954248364 0.010294117647058823 0.047058823529411764
0 0.6636029411764706 0.1941176470588235 0.011029411764705881 0.043137254901960784
9 0.7566176470588235 0.5888888888888888 0.047058823529411764 0.04836601307189542
9 0.7073529411764706 0.4915032679738562 0.01911764705882353 0.04444444444444444
9 0.8808823529411764 0.5928104575163399 0.03529411764705882 0.04836601307189542
0 0.8908088235294117 0.8150326797385621 0.022794117647058822 0.07973856209150326
0 0.9102941176470588 0.8117647058823528 0.029411764705882353 0.0784313725490196
0 0.6080882352941176 0.17516339869281045 0.010294117647058823 0.047058823529411764
6 0.6363970588235294 0.11307189542483659 0.0375 0.027450980392156862
0 0.21360294117647058 0.21895424836601304 0.013970588235294117 0.04836601307189542
2 0.2139705882352941 0.22091503267973855 0.030882352941176472 0.03660130718954248
2 0.23124999999999998 0.15555555555555556 0.021323529411764706 0.023529411764705882
0 0.24595588235294116 0.08366013071895424 0.008088235294117646 0.03137254901960784
7 0.7819852941176471 0.23856209150326796 0.05955882352941176 0.04836601307189542
7 0.8213235294117647 0.3359477124183006 0.044117647058823525 0.09934640522875816
9 0.7654411764705882 0.2764705882352941 0.025 0.0326797385620915
6 0.663235294117647 0.1411764705882353 0.03529411764705882 0.02875816993464052
0 0.6613970588235294 0.10196078431372549 0.005147058823529412 0.03660130718954248
0 0.6676470588235294 0.09607843137254901 0.0058823529411764705 0.027450980392156862
