3 0.4430147058823529 0.5738562091503268 0.07867647058823529 0.07058823529411765
3 0.08970588235294118 0.4562091503267974 0.07058823529411765 0.065359477124183
4 0.2514705882352941 0.3431372549019608 0.039705882352941174 0.058823529411764705
3 0.4290441176470588 0.36209150326797385 0.04191176470588235 0.04183006535947712
3 0.4959558823529412 0.37385620915032675 0.05073529411764706 0.04444444444444444
0 0.4525735294117647 0.35163398692810455 0.009558823529411765 0.03660130718954248
3 0.44080882352941175 0.3379084967320261 0.030147058823529412 0.04052287581699346
3 0.41470588235294115 0.3176470588235294 0.03529411764705882 0.0392156862745098
0 0.42683823529411763 0.31241830065359477 0.009558823529411765 0.03137254901960784
0 0.4496323529411765 0.322875816993464 0.008088235294117646 0.03660130718954248
0 0.4672794117647059 0.33137254901960783 0.005147058823529412 0.03790849673202614
3 0.4334558823529412 0.25555555555555554 0.019852941176470587 0.03006535947712418
3 0.7481617647058824 0.3633986928104575 0.06397058823529411 0.047058823529411764
3 0.8779411764705882 0.3006535947712418 0.033823529411764704 0.03398692810457516
3 0.9058823529411765 0.3 0.03529411764705882 0.0326797385620915
4 0.9154411764705882 0.16470588235294117 0.026470588235294117 0.0261437908496732
3 0.950735294117647 0.15947712418300652 0.025 0.02091503267973856
6 0.15735294117647058 0.3509803921568627 0.029411764705882353 0.0326797385620915
4 0.030882352941176472 0.23856209150326796 0.025 0.03790849673202614
4 0.06139705882352941 0.2156862745098039 0.04191176470588235 0.054901960784313725
3 0.13786764705882354 0.2437908496732026 0.04191176470588235 0.027450980392156862
4 0.14963235294117647 0.22745098039215686 0.0375 0.02875816993464052
4 0.1636029411764706 0.21372549019607842 0.03308823529411765 0.027450980392156862
3 0.15220588235294116 0.1764705882352941 0.029411764705882353 0.0261437908496732
9 0.16654411764705881 0.18823529411764706 0.006617647058823529 0.01568627450980392
9 0.16176470588235295 0.18431372549019606 0.008823529411764706 0.01568627450980392
1 0.16727941176470587 0.18431372549019606 0.005147058823529412 0.02091503267973856
5 0.3422794117647059 0.2483660130718954 0.030147058823529412 0.06013071895424836
5 0.28455882352941175 0.25816993464052285 0.04264705882352941 0.06928104575163398
0 0.3084558823529412 0.257516339869281 0.005147058823529412 0.02875816993464052
5 0.30919117647058825 0.2241830065359477 0.03602941176470588 0.06143790849673202
5 0.3290441176470588 0.19477124183006533 0.030147058823529412 0.05751633986928104
1 0.3400735294117647 0.21633986928104573 0.008088235294117646 0.01437908496732026
0 0.38566176470588237 0.14052287581699346 0.005147058823529412 0.0196078431372549
0 0.4474264705882353 0.23464052287581696 0.005147058823529412 0.02483660130718954
5 0.5264705882352941 0.20196078431372547 0.14852941176470588 0.0718954248366013
5 0.5220588235294118 0.20196078431372547 0.1323529411764706 0.06143790849673202
8 0.5713235294117647 0.15163398692810456 0.04264705882352941 0.03660130718954248
0 0.5933823529411765 0.15555555555555556 0.004411764705882353 0.023529411764705882
6 0.4713235294117647 0.14052287581699346 0.011764705882352941 0.0196078431372549
4 0.34705882352941175 0.11830065359477124 0.011764705882352941 0.0196078431372549
3 0.32169117647058826 0.11437908496732026 0.015441176470588236 0.01699346405228758
3 0.3044117647058823 0.10784313725490195 0.022058823529411763 0.01699346405228758
3 0.28823529411764703 0.09607843137254901 0.010294117647058823 0.01437908496732026
3 0.2988970588235294 0.09738562091503267 0.0125 0.01437908496732026
3 0.32316176470588237 0.09477124183006536 0.0125 0.011764705882352941
3 0.32794117647058824 0.08366013071895424 0.01911764705882353 0.01045751633986928
5 0.3514705882352941 0.07124183006535947 0.06470588235294117 0.027450980392156862
5 0.37279411764705883 0.06797385620915032 0.054411764705882354 0.03398692810457516
3 0.4143382352941176 0.06862745098039215 0.015441176470588236 0.011764705882352941
4 0.47610294117647056 0.052941176470588235 0.005147058823529412 0.011764705882352941
5 0.4661764705882353 0.05555555555555555 0.007352941176470588 0.01437908496732026
5 0.46102941176470585 0.0457516339869281 0.007352941176470588 0.02091503267973856
5 0.4522058823529412 0.043137254901960784 0.010294117647058823 0.02091503267973856
5 0.46691176470588236 0.02483660130718954 0.007352941176470588 0.01568627450980392
5 0.5125 0.050980392156862744 0.013235294117647059 0.0130718954248366
4 0.5220588235294118 0.05032679738562091 0.010294117647058823 0.011764705882352941
5 0.49411764705882355 0.03725490196078431 0.008823529411764706 0.0196078431372549
3 0.4852941176470588 0.021568627450980392 0.004411764705882353 0.0065359477124183
9 0.4213235294117647 0.09803921568627451 0.0029411764705882353 0.01045751633986928
1 0.4213235294117647 0.09477124183006536 0.0029411764705882353 0.011764705882352941
3 0.6889705882352941 0.3398692810457516 0.022058823529411763 0.04183006535947712
