1 0.13229166666666667 0.8972222222222223 0.014583333333333334 0.061111111111111116
1 0.14010416666666667 0.9055555555555556 0.011458333333333333 0.04814814814814815
9 0.13020833333333334 0.9175925925925926 0.03958333333333333 0.0462962962962963
1 0.07083333333333333 0.913888888888889 0.016666666666666666 0.07222222222222223
9 0.06770833333333333 0.9259259259259259 0.03958333333333333 0.04814814814814815
1 0.024479166666666666 0.9194444444444445 0.017708333333333333 0.07962962962962963
9 0.0203125 0.9314814814814815 0.036458333333333336 0.05185185185185186
1 0.04479166666666667 0.8777777777777778 0.0125 0.044444444444444446
1 0.0328125 0.8796296296296297 0.009375 0.05185185185185186
3 0.23385416666666667 0.8333333333333334 0.08645833333333333 0.08888888888888889
1 0.004166666666666667 0.8527777777777779 0.010416666666666666 0.061111111111111116
9 0.010416666666666666 0.7842592592592593 0.022916666666666665 0.04259259259259259
9 0.035416666666666666 0.8916666666666667 0.029166666666666667 0.03518518518518519
0 0.12552083333333333 0.6509259259259259 0.009375 0.05
1 0.0984375 0.65 0.007291666666666667 0.02962962962962963
9 0.17083333333333334 0.6907407407407408 0.022916666666666665 0.03333333333333333
9 0.1921875 0.6796296296296297 0.013541666666666667 0.03333333333333333
3 0.25416666666666665 0.6796296296296297 0.058333333333333334 0.04814814814814815
3 0.2947916666666667 0.8361111111111111 0.0875 0.09444444444444444
1 0.25104166666666666 0.7620370370370371 0.010416666666666666 0.0462962962962963
9 0.24895833333333334 0.775 0.029166666666666667 0.020370370370370372
1 0.2484375 0.737037037037037 0.009375 0.03333333333333333
9 0.24427083333333333 0.7490740740740741 0.02395833333333333 0.020370370370370372
4 0.3536458333333333 0.6074074074074074 0.046875 0.044444444444444446
3 0.39427083333333335 0.7416666666666667 0.06770833333333333 0.09074074074074075
3 0.39479166666666665 0.6796296296296297 0.06041666666666667 0.06666666666666667
3 0.45416666666666666 0.6824074074074075 0.05416666666666667 0.07592592592592592
3 0.49635416666666665 0.6398148148148148 0.03854166666666667 0.05
3 0.5348958333333333 0.6546296296296297 0.042708333333333334 0.0462962962962963
3 0.4510416666666667 0.5787037037037037 0.03333333333333333 0.0462962962962963
3 0.4828125 0.5638888888888889 0.034375 0.03888888888888889
7 0.5130208333333334 0.5527777777777778 0.021875 0.03888888888888889
9 0.3828125 0.5685185185185185 0.013541666666666667 0.02592592592592593
2 0.42604166666666665 0.6212962962962963 0.01875 0.020370370370370372
1 0.42864583333333334 0.612037037037037 0.009375 0.031481481481481485
1 0.40729166666666666 0.8175925925925926 0.01875 0.05740740740740741
9 0.4041666666666667 0.8305555555555556 0.025 0.05
0 0.3984375 0.9027777777777778 0.015625 0.061111111111111116
9 0.3984375 0.9166666666666667 0.04479166666666667 0.05555555555555556
1 0.7036458333333333 0.9361111111111111 0.017708333333333333 0.053703703703703705
9 0.7 0.9537037037037037 0.025 0.06296296296296297
1 0.8239583333333333 0.9657407407407408 0.014583333333333334 0.05740740740740741
2 0.8223958333333333 0.9750000000000001 0.019791666666666666 0.04259259259259259
1 0.8567708333333334 0.7324074074074074 0.009375 0.0462962962962963
2 0.8552083333333333 0.7453703703703703 0.010416666666666666 0.03518518518518519
3 0.8364583333333333 0.6435185185185185 0.029166666666666667 0.061111111111111116
3 0.8395833333333333 0.5907407407407408 0.022916666666666665 0.04814814814814815
4 0.8416666666666667 0.5296296296296297 0.022916666666666665 0.03333333333333333
3 0.8380208333333333 0.5055555555555555 0.019791666666666666 0.02962962962962963
3 0.7729166666666667 0.5981481481481482 0.020833333333333332 0.02962962962962963
3 0.7322916666666667 0.37592592592592594 0.010416666666666666 0.018518518518518517
4 0.6697916666666667 0.4277777777777778 0.0125 0.022222222222222223
6 0.9770833333333333 0.8018518518518519 0.03333333333333333 0.06296296296296297
3 0.7765625 0.39351851851851855 0.011458333333333333 0.016666666666666666
