3 0.7953125 0.7421296296296297 0.04791666666666666 0.10648148148148148
3 0.6536458333333334 0.5324074074074074 0.040625 0.07777777777777778
3 0.48984374999999997 0.8231481481481482 0.1203125 0.09444444444444444
3 0.3104166666666667 0.8490740740740741 0.07395833333333333 0.12222222222222223
3 0.4005208333333333 0.5560185185185186 0.06979166666666667 0.06018518518518519
3 0.43984375 0.5055555555555555 0.0609375 0.04814814814814815
3 0.5190104166666667 0.4689814814814815 0.03177083333333333 0.05277777777777778
3 0.3065104166666667 0.6074074074074074 0.06614583333333333 0.07037037037037037
4 0.3489583333333333 0.4851851851851852 0.1 0.06851851851851852
3 0.2296875 0.5694444444444444 0.075 0.06481481481481481
3 0.20911458333333333 0.5194444444444445 0.0671875 0.04814814814814815
0 0.36223958333333334 0.638425925925926 0.011979166666666666 0.04351851851851852
0 0.35052083333333334 0.637962962962963 0.009375 0.053703703703703705
2 0.28098958333333335 0.7412037037037037 0.0234375 0.04537037037037037
2 0.2984375 0.712037037037037 0.017708333333333333 0.040740740740740744
1 0.13932291666666666 0.3541666666666667 0.008854166666666666 0.021296296296296296
0 0.13984375 0.35185185185185186 0.0109375 0.022222222222222223
2 0.05911458333333333 0.3231481481481482 0.0109375 0.020370370370370372
9 0.0453125 0.32453703703703707 0.008333333333333333 0.02314814814814815
0 0.31354166666666666 0.26944444444444443 0.003125 0.014814814814814815
0 0.31536458333333334 0.26851851851851855 0.0067708333333333336 0.02592592592592593
0 0.2942708333333333 0.27592592592592596 0.007291666666666667 0.02592592592592593
0 0.2916666666666667 0.274537037037037 0.007291666666666667 0.021296296296296296
0 0.2903645833333333 0.27314814814814814 0.0078125 0.02962962962962963
2 0.24921875 0.45601851851851855 0.009895833333333333 0.032407407407407406
2 0.2557291666666667 0.4532407407407408 0.0125 0.026851851851851852
2 0.27109375 0.4550925925925926 0.009895833333333333 0.025
2 0.28046875 0.4638888888888889 0.015104166666666667 0.02777777777777778
1 0.62734375 0.3476851851851852 0.0078125 0.019444444444444445
9 0.6270833333333333 0.3513888888888889 0.009375 0.025
2 0.4927083333333333 0.4518518518518519 0.009375 0.02592592592592593
2 0.51484375 0.4328703703703704 0.0067708333333333336 0.028703703703703703
2 0.5223958333333333 0.4351851851851852 0.009375 0.024074074074074074
1 0.5229166666666667 0.4356481481481482 0.007291666666666667 0.028703703703703703
2 0.5328125 0.4 0.010416666666666666 0.018518518518518517
3 0.5322916666666666 0.39814814814814814 0.014583333333333334 0.018518518518518517
3 0.5453125 0.3791666666666667 0.014583333333333334 0.017592592592592594
3 0.5479166666666666 0.3773148148148148 0.014583333333333334 0.021296296296296296
3 0.5528645833333333 0.3680555555555556 0.0171875 0.017592592592592594
3 0.55859375 0.36435185185185187 0.013020833333333334 0.019444444444444445
3 0.5604166666666667 0.3615740740740741 0.0125 0.019444444444444445
3 0.5604166666666667 0.3578703703703704 0.016666666666666666 0.017592592592592594
3 0.5622395833333333 0.3611111111111111 0.0140625 0.012962962962962964
3 0.5640625 0.3574074074074074 0.0125 0.018518518518518517
3 0.5666666666666667 0.35462962962962963 0.014583333333333334 0.020370370370370372
3 0.5692708333333333 0.3490740740740741 0.014583333333333334 0.018518518518518517
3 0.57109375 0.34675925925925927 0.0140625 0.015740740740740743
3 0.5716145833333334 0.3462962962962963 0.0140625 0.014814814814814815
3 0.5760416666666667 0.3425925925925926 0.011458333333333333 0.020370370370370372
3 0.57734375 0.3421296296296296 0.011979166666666666 0.01388888888888889
3 0.5765625 0.3416666666666667 0.016666666666666666 0.012962962962962964
3 0.5791666666666666 0.34074074074074073 0.014583333333333334 0.012962962962962964
3 0.8385416666666666 0.3513888888888889 0.00625 0.017592592592592594
2 0.8484375 0.3550925925925926 0.008333333333333333 0.026851851851851852
9 0.8565104166666666 0.3523148148148148 0.0067708333333333336 0.019444444444444445
1 0.8567708333333334 0.34953703703703703 0.00625 0.019444444444444445
1 0.8489583333333334 0.35370370370370374 0.00625 0.016666666666666666
1 0.8484375 0.3472222222222222 0.007291666666666667 0.022222222222222223
1 0.8380208333333333 0.3472222222222222 0.007291666666666667 0.022222222222222223
3 0.8197916666666667 0.29583333333333334 0.020833333333333332 0.028703703703703703
2 0.8528645833333334 0.27592592592592596 0.0046875 0.012962962962962964
1 0.8528645833333334 0.27037037037037037 0.0046875 0.014814814814814815
3 0.8278645833333333 0.18703703703703706 0.01614583333333333 0.011111111111111112
3 0.8010416666666667 0.19305555555555556 0.009375 0.012037037037037037
3 0.7653645833333333 0.1851851851851852 0.015104166666666667 0.012962962962962964
3 0.74296875 0.23055555555555557 0.013020833333333334 0.018518518518518517
3 0.7341145833333333 0.20601851851851852 0.008854166666666666 0.01388888888888889
4 0.7372395833333333 0.1685185185185185 0.0109375 0.014814814814814815
3 0.7203125 0.1638888888888889 0.008333333333333333 0.012962962962962964
1 0.7270833333333333 0.19305555555555556 0.003125 0.010185185185185186
1 0.7091145833333333 0.24074074074074076 0.0046875 0.012962962962962964
1 0.7010416666666667 0.23703703703703705 0.004166666666666667 0.014814814814814815
1 0.696875 0.23703703703703705 0.003125 0.014814814814814815
9 0.7096354166666666 0.2425925925925926 0.0036458333333333334 0.012962962962962964
2 0.7010416666666667 0.24074074074074076 0.004166666666666667 0.011111111111111112
2 0.6966145833333334 0.24027777777777778 0.0046875 0.01388888888888889
9 0.72734375 0.19490740740740742 0.0046875 0.010185185185185186
0 0.7111979166666667 0.17500000000000002 0.0026041666666666665 0.007407407407407408
0 0.49973958333333335 0.17222222222222222 0.0046875 0.012962962962962964
3 0.48151041666666666 0.18101851851851852 0.01614583333333333 0.01388888888888889
3 0.47291666666666665 0.18564814814814815 0.007291666666666667 0.012037037037037037
3 0.5033854166666667 0.19166666666666668 0.013020833333333334 0.011111111111111112
3 0.5104166666666666 0.19675925925925927 0.011458333333333333 0.012037037037037037
3 0.47421874999999997 0.2 0.008854166666666666 0.014814814814814815
3 0.4630208333333333 0.19305555555555556 0.007291666666666667 0.012037037037037037
3 0.4622395833333333 0.20046296296296298 0.0078125 0.012037037037037037
3 0.4510416666666667 0.20046296296296298 0.008333333333333333 0.012037037037037037
3 0.45286458333333335 0.19305555555555556 0.0109375 0.010185185185185186
3 0.4536458333333333 0.18472222222222223 0.007291666666666667 0.012037037037037037
3 0.44036458333333334 0.19953703703703704 0.009895833333333333 0.01388888888888889
3 0.44296874999999997 0.19212962962962965 0.008854166666666666 0.01388888888888889
3 0.4341145833333333 0.1837962962962963 0.0109375 0.01388888888888889
3 0.4322916666666667 0.19074074074074074 0.010416666666666666 0.014814814814814815
3 0.4184895833333333 0.19768518518518519 0.0109375 0.017592592592592594
3 0.42109375 0.19351851851851853 0.0171875 0.020370370370370372
3 0.40546875 0.19583333333333333 0.009895833333333333 0.01388888888888889
3 0.40911458333333334 0.1912037037037037 0.0078125 0.01388888888888889
3 0.4140625 0.18472222222222223 0.007291666666666667 0.012037037037037037
3 0.39348958333333334 0.1962962962962963 0.0109375 0.016666666666666666
3 0.3984375 0.18981481481481483 0.007291666666666667 0.016666666666666666
3 0.3880208333333333 0.18935185185185185 0.007291666666666667 0.015740740740740743
3 0.3846354166666667 0.18055555555555555 0.008854166666666666 0.012962962962962964
3 0.3716145833333333 0.19444444444444445 0.0078125 0.012962962962962964
3 0.38229166666666664 0.1962962962962963 0.010416666666666666 0.014814814814814815
3 0.36484375 0.18101851851851852 0.0109375 0.01388888888888889
3 0.3796875 0.18796296296296297 0.010416666666666666 0.012962962962962964
3 0.34479166666666666 0.18055555555555555 0.008333333333333333 0.014814814814814815
3 0.33489583333333334 0.17916666666666667 0.008333333333333333 0.01388888888888889
3 0.3296875 0.17037037037037037 0.011458333333333333 0.014814814814814815
3 0.3497395833333333 0.19212962962962965 0.011979166666666666 0.017592592592592594
3 0.3372395833333333 0.19351851851851853 0.0109375 0.016666666666666666
5 0.34296875 0.11990740740740741 0.0078125 0.019444444444444445
5 0.3528645833333333 0.12083333333333333 0.0078125 0.017592592592592594
5 0.36171875 0.11990740740740741 0.008854166666666666 0.019444444444444445
5 0.3697916666666667 0.11944444444444445 0.010416666666666666 0.020370370370370372
