4 0.2665441176470588 0.9313725490196078 0.1610294117647059 0.13202614379084968
4 0.27683823529411766 0.8372549019607842 0.14044117647058824 0.1241830065359477
4 0.2948529411764706 0.7385620915032679 0.1426470588235294 0.11764705882352941
4 0.31875 0.6470588235294117 0.12573529411764706 0.1045751633986928
4 0.3338235294117647 0.5686274509803921 0.10441176470588236 0.10196078431372549
4 0.34191176470588236 0.5137254901960784 0.10882352941176471 0.08104575163398692
3 0.34191176470588236 0.46928104575163393 0.11323529411764706 0.0784313725490196
3 0.35625 0.4209150326797385 0.09779411764705882 0.07581699346405228
3 0.1948529411764706 0.45228758169934635 0.1 0.07320261437908496
3 0.2400735294117647 0.4084967320261438 0.10073529411764706 0.07450980392156863
5 0.22830882352941176 0.3405228758169934 0.13455882352941176 0.11633986928104574
3 0.29191176470588237 0.28888888888888886 0.08235294117647059 0.06274509803921569
3 0.37941176470588234 0.3686274509803921 0.09117647058823529 0.08104575163398692
4 0.6095588235294117 0.7705882352941176 0.13970588235294118 0.11895424836601307
3 0.6220588235294118 0.6215686274509804 0.12058823529411765 0.10588235294117647
3 0.5922794117647059 0.43660130718954243 0.10220588235294117 0.08104575163398692
3 0.5856617647058824 0.3954248366013072 0.0875 0.05359477124183006
3 0.5845588235294118 0.3588235294117647 0.08823529411764705 0.050980392156862744
3 0.5816176470588236 0.3300653594771242 0.07941176470588235 0.04836601307189542
3 0.5794117647058823 0.3 0.07205882352941176 0.0457516339869281
3 0.5786764705882352 0.269281045751634 0.06764705882352941 0.0392156862745098
3 0.5709558823529411 0.24313725490196078 0.0625 0.047058823529411764
3 0.3816176470588235 0.33137254901960783 0.08088235294117647 0.058823529411764705
3 0.39044117647058824 0.2947712418300653 0.07794117647058824 0.058823529411764705
3 0.3897058823529412 0.27058823529411763 0.07941176470588235 0.0522875816993464
3 0.3966911764705882 0.2418300653594771 0.06838235294117646 0.04444444444444444
3 0.39852941176470585 0.2176470588235294 0.07205882352941176 0.04052287581699346
3 0.40441176470588236 0.19869281045751633 0.057352941176470586 0.0392156862745098
3 0.4091911764705882 0.17777777777777776 0.05955882352941176 0.04444444444444444
3 0.4154411764705882 0.15098039215686274 0.057352941176470586 0.04052287581699346
4 0.4261029411764706 0.09803921568627451 0.04485294117647059 0.04444444444444444
4 0.43124999999999997 0.08169934640522876 0.04779411764705882 0.043137254901960784
3 0.4452205882352941 0.05555555555555555 0.04632352941176471 0.03529411764705882
3 0.5661764705882353 0.13529411764705881 0.05 0.043137254901960784
3 0.5650735294117647 0.11568627450980391 0.04779411764705882 0.03006535947712418
3 0.5625 0.09607843137254901 0.045588235294117645 0.027450980392156862
3 0.5540441176470589 0.06209150326797385 0.04632352941176471 0.0326797385620915
3 0.5533088235294118 0.04836601307189542 0.04779411764705882 0.0261437908496732
3 0.5514705882352942 0.03660130718954248 0.04264705882352941 0.02091503267973856
3 0.5496323529411765 0.02810457516339869 0.04191176470588235 0.02222222222222222
