3 0.3477941176470588 0.618954248366013 0.051470588235294115 0.11633986928104574
3 0.47720588235294115 0.4686274509803921 0.039705882352941174 0.09542483660130718
4 0.6459558823529412 0.6588235294117647 0.04926470588235294 0.1045751633986928
3 0.4150735294117647 0.40980392156862744 0.05220588235294118 0.07712418300653594
3 0.5176470588235293 0.3254901960784313 0.04264705882352941 0.05751633986928104
5 0.5959558823529412 0.3222222222222222 0.03161764705882353 0.08758169934640522
3 0.2389705882352941 0.6856209150326797 0.10588235294117647 0.07712418300653594
4 0.30919117647058825 0.4287581699346405 0.0713235294117647 0.06797385620915032
3 0.32941176470588235 0.40980392156862744 0.06911764705882353 0.04836601307189542
3 0.3180147058823529 0.36666666666666664 0.0625 0.05359477124183006
3 0.35404411764705884 0.3300653594771242 0.05073529411764706 0.043137254901960784
3 0.425 0.3183006535947712 0.03529411764705882 0.06928104575163398
5 0.4051470588235294 0.22614379084967318 0.04264705882352941 0.05751633986928104
3 0.49411764705882355 0.24052287581699344 0.025 0.054901960784313725
3 0.5055147058823529 0.065359477124183 0.015441176470588236 0.02875816993464052
3 0.5830882352941177 0.15359477124183005 0.01764705882352941 0.03529411764705882
3 0.5801470588235293 0.130718954248366 0.03529411764705882 0.02875816993464052
6 0.5915441176470588 0.2699346405228758 0.01838235294117647 0.027450980392156862
1 0.5547794117647059 0.8209150326797385 0.015441176470588236 0.047058823529411764
9 0.555514705882353 0.8359477124183006 0.015441176470588236 0.0718954248366013
0 0.6091911764705882 0.6745098039215686 0.0125 0.06013071895424836
0 0.61875 0.6333333333333333 0.013970588235294117 0.05359477124183006
0 0.5985294117647059 0.5758169934640522 0.010294117647058823 0.04836601307189542
0 0.5838235294117647 0.565359477124183 0.014705882352941176 0.05620915032679738
1 0.6455882352941177 0.518954248366013 0.010294117647058823 0.02875816993464052
1 0.6621323529411764 0.48823529411764705 0.015441176470588236 0.0326797385620915
1 0.6496323529411765 0.4444444444444444 0.015441176470588236 0.03398692810457516
1 0.6650735294117647 0.396078431372549 0.0125 0.04183006535947712
2 0.6952205882352941 0.7464052287581698 0.015441176470588236 0.0522875816993464
9 0.6625 0.5797385620915032 0.010294117647058823 0.043137254901960784
7 0.5055147058823529 0.11699346405228757 0.011029411764705881 0.0326797385620915
3 0.5702205882352941 0.058823529411764705 0.013970588235294117 0.0261437908496732
4 0.46691176470588236 0.1065359477124183 0.01764705882352941 0.04052287581699346
4 0.4738970588235294 0.08039215686274509 0.01838235294117647 0.03529411764705882
9 0.5029411764705882 0.02483660130718954 0.004411764705882353 0.023529411764705882
1 0.5029411764705882 0.01895424836601307 0.0029411764705882353 0.011764705882352941
4 0.5356617647058823 0.03986928104575163 0.0125 0.027450980392156862
0 0.4838235294117647 0.1065359477124183 0.004411764705882353 0.027450980392156862
0 0.4551470588235294 0.12941176470588234 0.004411764705882353 0.03137254901960784
0 0.45294117647058824 0.12222222222222222 0.0029411764705882353 0.02483660130718954
0 0.4838235294117647 0.03660130718954248 0.0029411764705882353 0.023529411764705882
5 0.47205882352941175 0.041176470588235294 0.01764705882352941 0.0326797385620915
6 0.4863970588235294 0.01699346405228758 0.009558823529411765 0.01568627450980392
0 0.5591911764705882 0.021568627450980392 0.003676470588235294 0.02222222222222222
0 0.5558823529411765 0.03464052287581699 0.0029411764705882353 0.02222222222222222
0 0.5647058823529412 0.027450980392156862 0.004411764705882353 0.02091503267973856
0 0.5794117647058823 0.04836601307189542 0.004411764705882353 0.01830065359477124
0 0.5639705882352941 0.1065359477124183 0.004411764705882353 0.027450980392156862
0 0.5705882352941176 0.09803921568627451 0.0029411764705882353 0.023529411764705882
0 0.5761029411764705 0.09999999999999999 0.003676470588235294 0.02222222222222222
0 0.5761029411764705 0.011764705882352941 0.003676470588235294 0.01830065359477124
0 0.3827205882352941 0.4444444444444444 0.011029411764705881 0.047058823529411764
0 0.3761029411764706 0.4516339869281045 0.006617647058823529 0.027450980392156862
0 0.4375 0.4287581699346405 0.008823529411764706 0.04183006535947712
2 0.4323529411764706 0.43725490196078426 0.007352941176470588 0.03529411764705882
9 0.3382352941176471 0.13137254901960782 0.01764705882352941 0.02222222222222222
1 0.3422794117647059 0.12287581699346405 0.009558823529411765 0.01830065359477124
