0 0.11360294117647059 0.7679738562091503 0.01838235294117647 0.06928104575163398
1 0.4294117647058823 0.6875816993464052 0.01764705882352941 0.04444444444444444
1 0.4261029411764706 0.5954248366013072 0.0125 0.03529411764705882
1 0.6305147058823529 0.9483660130718954 0.016911764705882352 0.0457516339869281
1 0.28455882352941175 0.5862745098039215 0.014705882352941176 0.0326797385620915
1 0.42463235294117646 0.38235294117647056 0.009558823529411765 0.02222222222222222
1 0.43970588235294117 0.38169934640522873 0.010294117647058823 0.02091503267973856
1 0.3264705882352941 0.4235294117647059 0.007352941176470588 0.0261437908496732
1 0.3316176470588235 0.4261437908496732 0.007352941176470588 0.02091503267973856
9 0.42830882352941174 0.7045751633986927 0.015441176470588236 0.0392156862745098
9 0.4275735294117647 0.6130718954248365 0.013970588235294117 0.02875816993464052
9 0.4235294117647059 0.3980392156862745 0.007352941176470588 0.027450980392156862
9 0.4400735294117647 0.3941176470588235 0.009558823529411765 0.02483660130718954
9 0.6283088235294118 0.9823529411764705 0.015441176470588236 0.0326797385620915
9 0.28345588235294117 0.6019607843137255 0.015441176470588236 0.04052287581699346
3 0.7069852941176471 0.8313725490196078 0.0625 0.12549019607843137
3 0.6647058823529411 0.6647058823529411 0.045588235294117645 0.08235294117647059
3 0.6404411764705882 0.5594771241830065 0.041176470588235294 0.065359477124183
3 0.611764705882353 0.4764705882352941 0.03823529411764706 0.05359477124183006
3 0.6084558823529411 0.426797385620915 0.03455882352941177 0.04052287581699346
3 0.48713235294117646 0.3986928104575163 0.027205882352941177 0.047058823529411764
3 0.48125 0.33660130718954245 0.02426470588235294 0.04052287581699346
3 0.4904411764705882 0.292156862745098 0.022058823529411763 0.043137254901960784
3 0.5246323529411765 0.2980392156862745 0.019852941176470587 0.03660130718954248
3 0.5617647058823529 0.34444444444444444 0.04264705882352941 0.03529411764705882
3 0.6077205882352941 0.3464052287581699 0.04485294117647059 0.03660130718954248
3 0.19595588235294117 0.5660130718954248 0.09044117647058823 0.04967320261437908
3 0.3338235294117647 0.5431372549019607 0.051470588235294115 0.07450980392156863
3 0.30367647058823527 0.6503267973856208 0.05 0.06928104575163398
9 0.08419117647058823 0.6555555555555556 0.04632352941176471 0.05359477124183006
3 0.36066176470588235 0.7816993464052288 0.04485294117647059 0.12287581699346405
9 0.7775735294117647 0.9124183006535947 0.021323529411764706 0.08366013071895424
9 0.8661764705882353 0.7888888888888889 0.022058823529411763 0.05620915032679738
3 0.8275735294117647 0.7594771241830065 0.04779411764705882 0.0915032679738562
3 0.8915441176470588 0.9013071895424836 0.0875 0.1372549019607843
9 0.8808823529411764 0.7633986928104575 0.020588235294117647 0.054901960784313725
9 0.8981617647058824 0.7666666666666666 0.01838235294117647 0.06405228758169934
1 0.9386029411764706 0.7888888888888889 0.015441176470588236 0.05620915032679738
1 0.9573529411764706 0.7947712418300653 0.013235294117647059 0.05751633986928104
1 0.9540441176470588 0.7751633986928104 0.011029411764705881 0.047058823529411764
9 0.9897058823529412 0.6732026143790849 0.01911764705882353 0.04444444444444444
2 0.8595588235294117 0.711111111111111 0.03823529411764706 0.03660130718954248
2 0.86875 0.7254901960784313 0.0375 0.03398692810457516
2 0.8066176470588236 0.6751633986928104 0.04852941176470588 0.09019607843137255
3 0.7698529411764706 0.588235294117647 0.045588235294117645 0.07320261437908496
3 0.7404411764705883 0.5222222222222221 0.039705882352941174 0.06405228758169934
3 0.7180147058823529 0.46078431372549017 0.03161764705882353 0.05620915032679738
3 0.6841911764705882 0.3725490196078431 0.03308823529411765 0.04183006535947712
3 0.8007352941176471 0.5209150326797385 0.04264705882352941 0.050980392156862744
4 0.7378676470588236 0.4006535947712418 0.05367647058823529 0.050980392156862744
3 0.8025735294117647 0.4287581699346405 0.04485294117647059 0.0784313725490196
3 0.70625 0.3477124183006536 0.05220588235294118 0.03398692810457516
3 0.6606617647058823 0.3287581699346405 0.022794117647058822 0.0326797385620915
3 0.6202205882352941 0.3222222222222222 0.021323529411764706 0.027450980392156862
9 0.6941176470588235 0.3196078431372549 0.016176470588235292 0.02222222222222222
2 0.7154411764705882 0.2764705882352941 0.01911764705882353 0.02222222222222222
9 0.3272058823529412 0.43856209150326797 0.014705882352941176 0.027450980392156862
3 0.3375 0.3705882352941176 0.030882352941176472 0.04052287581699346
3 0.3323529411764706 0.2542483660130719 0.039705882352941174 0.027450980392156862
3 0.3654411764705882 0.2875816993464052 0.023529411764705882 0.04444444444444444
1 0.42867647058823527 0.31045751633986923 0.007352941176470588 0.0196078431372549
6 0.42977941176470585 0.32156862745098036 0.0125 0.01568627450980392
3 0.3356617647058823 0.22875816993464052 0.03602941176470588 0.02875816993464052
3 0.31875 0.21372549019607842 0.028676470588235293 0.02222222222222222
1 0.38823529411764707 0.22026143790849673 0.007352941176470588 0.0196078431372549
9 0.38933823529411765 0.22549019607843135 0.0125 0.01699346405228758
0 0.4827205882352941 0.1980392156862745 0.005147058823529412 0.02222222222222222
0 0.48713235294117646 0.19673202614379084 0.005147058823529412 0.02222222222222222
7 0.3698529411764706 0.1980392156862745 0.026470588235294117 0.0326797385620915
0 0.3466911764705882 0.20392156862745098 0.005147058823529412 0.01568627450980392
6 0.33897058823529413 0.20392156862745098 0.01764705882352941 0.01568627450980392
0 0.34154411764705883 0.19738562091503267 0.003676470588235294 0.01568627450980392
3 0.4073529411764706 0.1699346405228758 0.013235294117647059 0.01830065359477124
3 0.5066176470588235 0.12026143790849672 0.008823529411764706 0.0130718954248366
3 0.5003676470588235 0.08823529411764705 0.008088235294117646 0.01437908496732026
3 0.5051470588235294 0.08169934640522876 0.007352941176470588 0.011764705882352941
3 0.5014705882352941 0.06862745098039215 0.007352941176470588 0.011764705882352941
3 0.5386029411764706 0.13660130718954247 0.0125 0.02222222222222222
3 0.4238970588235294 0.12091503267973855 0.008088235294117646 0.01437908496732026
3 0.4261029411764706 0.11568627450980391 0.008088235294117646 0.011764705882352941
3 0.4338235294117647 0.09934640522875816 0.008823529411764706 0.0130718954248366
3 0.5275735294117647 0.09477124183006536 0.009558823529411765 0.01437908496732026
3 0.5220588235294118 0.08235294117647059 0.007352941176470588 0.0130718954248366
3 0.5323529411764706 0.12287581699346405 0.011764705882352941 0.0130718954248366
3 0.5338235294117647 0.1111111111111111 0.010294117647058823 0.0130718954248366
3 0.6091911764705882 0.2281045751633987 0.0375 0.02483660130718954
0 0.5617647058823529 0.20326797385620915 0.0058823529411764705 0.02222222222222222
0 0.6213235294117647 0.21241830065359477 0.004411764705882353 0.02222222222222222
0 0.6051470588235294 0.21241830065359477 0.0029411764705882353 0.01699346405228758
0 0.6058823529411764 0.20718954248366012 0.0029411764705882353 0.01699346405228758
1 0.5330882352941176 0.15620915032679739 0.0029411764705882353 0.011764705882352941
1 0.5227941176470589 0.1437908496732026 0.004411764705882353 0.00784313725490196
9 0.5327205882352941 0.16339869281045752 0.003676470588235294 0.0130718954248366
9 0.524264705882353 0.14836601307189543 0.0058823529411764705 0.011764705882352941
1 0.5238970588235294 0.13660130718954247 0.003676470588235294 0.011764705882352941
9 0.5238970588235294 0.14052287581699346 0.006617647058823529 0.0065359477124183
1 0.5147058823529411 0.08562091503267973 0.0029411764705882353 0.0065359477124183
9 0.5154411764705882 0.09084967320261438 0.0029411764705882353 0.00915032679738562
0 0.7194852941176471 0.31045751633986923 0.005147058823529412 0.027450980392156862
0 0.7334558823529411 0.3196078431372549 0.005147058823529412 0.027450980392156862
0 0.725 0.3130718954248366 0.0058823529411764705 0.027450980392156862
1 0.8165441176470588 0.37712418300653594 0.011029411764705881 0.02222222222222222
1 0.7268382352941176 0.30849673202614375 0.005147058823529412 0.01568627450980392
3 0.6352941176470588 0.28104575163398693 0.026470588235294117 0.03137254901960784
