9 0.4622395833333333 0.9430555555555556 0.019270833333333334 0.08611111111111111
1 0.4653645833333333 0.9203703703703704 0.019270833333333334 0.08888888888888889
9 0.3890625 0.737037037037037 0.010416666666666666 0.04259259259259259
1 0.3890625 0.7226851851851852 0.014583333333333334 0.04351851851851852
3 0.32786458333333335 0.6675925925925926 0.027604166666666666 0.044444444444444446
9 0.40911458333333334 0.6791666666666667 0.0109375 0.032407407407407406
1 0.41041666666666665 0.6712962962962963 0.009375 0.03333333333333333
9 0.31979166666666664 0.6425925925925926 0.008333333333333333 0.02592592592592593
1 0.31979166666666664 0.6351851851851852 0.007291666666666667 0.02592592592592593
3 0.7591145833333334 0.8208333333333334 0.10989583333333333 0.08611111111111111
3 0.8385416666666666 0.8712962962962963 0.13958333333333334 0.10185185185185186
3 0.6885416666666666 0.788425925925926 0.04895833333333333 0.06759259259259259
3 0.6846354166666666 0.775462962962963 0.0828125 0.06574074074074074
3 0.6734375 0.750462962962963 0.07395833333333333 0.075
3 0.48411458333333335 0.7064814814814815 0.0421875 0.053703703703703705
9 0.5786458333333333 0.7481481481481482 0.017708333333333333 0.0462962962962963
1 0.5791666666666666 0.7421296296296297 0.014583333333333334 0.04537037037037037
9 0.00859375 0.7981481481481482 0.0171875 0.053703703703703705
1 0.00859375 0.7805555555555556 0.0171875 0.06296296296296297
9 0.0953125 0.7356481481481482 0.021875 0.05092592592592593
9 0.24296874999999998 0.6291666666666667 0.0078125 0.019444444444444445
9 0.23932291666666666 0.6199074074074075 0.005729166666666666 0.017592592592592594
9 0.2716145833333333 0.5967592592592593 0.0046875 0.01388888888888889
9 0.3515625 0.5847222222222223 0.003125 0.010185185185185186
9 0.34921875 0.5810185185185185 0.0036458333333333334 0.010185185185185186
1 0.09557291666666666 0.7194444444444444 0.01614583333333333 0.04259259259259259
1 0.24348958333333334 0.6185185185185186 0.0078125 0.018518518518518517
1 0.23984375 0.6129629629629629 0.005729166666666666 0.016666666666666666
1 0.2716145833333333 0.5893518518518519 0.0046875 0.010185185185185186
1 0.3515625 0.5805555555555556 0.003125 0.011111111111111112
1 0.34921875 0.5782407407407407 0.0026041666666666665 0.008333333333333333
3 0.07083333333333333 0.688425925925926 0.05 0.05462962962962963
3 0.2817708333333333 0.6199074074074075 0.021875 0.026851851851851852
3 0.20729166666666665 0.6277777777777778 0.028125 0.02962962962962963
3 0.46796875 0.6865740740740741 0.0296875 0.04537037037037037
3 0.4309895833333333 0.6370370370370371 0.024479166666666666 0.02962962962962963
3 0.4184895833333333 0.6300925925925926 0.0203125 0.026851851851851852
3 0.38229166666666664 0.6212962962962963 0.02395833333333333 0.03333333333333333
3 0.48671875 0.6680555555555556 0.057812499999999996 0.03796296296296296
7 0.2591145833333333 0.5995370370370371 0.0078125 0.02314814814814815
3 0.2559895833333333 0.5884259259259259 0.01614583333333333 0.019444444444444445
4 0.0328125 0.6435185185185185 0.05520833333333333 0.04814814814814815
3 0.062239583333333334 0.6416666666666667 0.0515625 0.037037037037037035
1 0.06979166666666667 0.6606481481481482 0.0125 0.032407407407407406
9 0.08802083333333333 0.6560185185185186 0.008333333333333333 0.026851851851851852
1 0.08854166666666667 0.6462962962962964 0.009375 0.02777777777777778
3 0.07864583333333333 0.6300925925925926 0.040625 0.030555555555555558
3 0.16536458333333334 0.6282407407407408 0.028645833333333332 0.030555555555555558
3 0.19739583333333333 0.6143518518518519 0.04479166666666667 0.025
3 0.59296875 0.7027777777777778 0.059895833333333336 0.040740740740740744
3 0.3796875 0.6106481481481482 0.015625 0.019444444444444445
3 0.37473958333333335 0.6055555555555556 0.0140625 0.016666666666666666
3 0.3716145833333333 0.5995370370370371 0.013020833333333334 0.019444444444444445
3 0.3677083333333333 0.5916666666666667 0.011458333333333333 0.014814814814814815
3 0.35911458333333335 0.5805555555555556 0.0109375 0.012962962962962964
3 0.3296875 0.562962962962963 0.007291666666666667 0.009259259259259259
7 0.30364583333333334 0.5736111111111112 0.00625 0.017592592592592594
6 0.2765625 0.5837962962962964 0.007291666666666667 0.01388888888888889
7 0.2903645833333333 0.5805555555555556 0.009895833333333333 0.018518518518518517
0 0.29296875 0.5842592592592593 0.0036458333333333334 0.014814814814814815
3 0.8846354166666667 0.9111111111111111 0.15885416666666666 0.1
9 0.8552083333333333 0.9578703703703704 0.046875 0.05462962962962963
9 0.8890625 0.9773148148148149 0.07083333333333333 0.04351851851851852
0 0.9572916666666667 0.9675925925925927 0.02395833333333333 0.061111111111111116
0 0.9317708333333333 0.9717592592592593 0.020833333333333332 0.05462962962962963
