8 0.36727941176470585 0.6549019607843137 0.08455882352941177 0.269281045751634
3 0.4672794117647059 0.7176470588235294 0.05220588235294118 0.12287581699346405
3 0.5022058823529412 0.9607843137254901 0.07058823529411765 0.07581699346405228
3 0.6397058823529411 0.9222222222222222 0.09705882352941177 0.15294117647058822
4 0.5183823529411765 0.6568627450980392 0.047058823529411764 0.10588235294117647
3 0.5363970588235294 0.588235294117647 0.04044117647058824 0.08104575163398692
0 0.26544117647058824 0.6947712418300653 0.014705882352941176 0.06405228758169934
0 0.15294117647058825 0.6124183006535947 0.011764705882352941 0.058823529411764705
2 0.09485294117647058 0.8555555555555555 0.025 0.07712418300653594
1 0.09669117647058824 0.8313725490196078 0.021323529411764706 0.07581699346405228
2 0.2400735294117647 0.5562091503267973 0.0125 0.04052287581699346
1 0.23860294117647057 0.5431372549019607 0.0125 0.0457516339869281
2 0.2691176470588235 0.49803921568627446 0.010294117647058823 0.03398692810457516
2 0.28860294117647056 0.4836601307189542 0.009558823529411765 0.03137254901960784
2 0.29926470588235293 0.4640522875816993 0.007352941176470588 0.03398692810457516
2 0.28713235294117645 0.4183006535947712 0.009558823529411765 0.023529411764705882
2 0.27242647058823527 0.41960784313725485 0.009558823529411765 0.0261437908496732
2 0.29926470588235293 0.39934640522875814 0.007352941176470588 0.02222222222222222
2 0.28125 0.40392156862745093 0.006617647058823529 0.0261437908496732
2 0.0849264705882353 0.46732026143790845 0.022794117647058822 0.027450980392156862
2 0.10110294117647059 0.4562091503267974 0.019852941176470587 0.0261437908496732
2 0.06801470588235294 0.4411764705882353 0.021323529411764706 0.027450980392156862
2 0.0801470588235294 0.4490196078431372 0.023529411764705882 0.02222222222222222
9 0.10441176470588236 0.4411764705882353 0.022058823529411763 0.027450980392156862
9 0.10220588235294117 0.44967320261437904 0.020588235294117647 0.023529411764705882
1 0.07977941176470588 0.4568627450980392 0.0125 0.03790849673202614
1 0.0801470588235294 0.4392156862745098 0.011764705882352941 0.03398692810457516
1 0.06801470588235294 0.4333333333333333 0.0125 0.03529411764705882
1 0.09852941176470588 0.45032679738562087 0.010294117647058823 0.04052287581699346
1 0.1 0.4418300653594771 0.008823529411764706 0.03660130718954248
1 0.10514705882352941 0.43267973856209146 0.011764705882352941 0.03398692810457516
3 0.10698529411764705 0.3901960784313725 0.05220588235294118 0.04052287581699346
1 0.26948529411764705 0.48823529411764705 0.0125 0.043137254901960784
1 0.2900735294117647 0.47516339869281043 0.009558823529411765 0.04052287581699346
1 0.2985294117647059 0.4529411764705882 0.007352941176470588 0.0326797385620915
1 0.2988970588235294 0.4313725490196078 0.008088235294117646 0.03398692810457516
1 0.2742647058823529 0.4117647058823529 0.007352941176470588 0.03398692810457516
1 0.2875 0.4065359477124183 0.007352941176470588 0.02875816993464052
1 0.28125 0.39281045751633986 0.008088235294117646 0.02222222222222222
1 0.29926470588235293 0.39281045751633986 0.007352941176470588 0.0326797385620915
9 0.2841911764705882 0.3477124183006536 0.015441176470588236 0.02091503267973856
9 0.3301470588235294 0.3581699346405228 0.0058823529411764705 0.02091503267973856
9 0.33897058823529413 0.34444444444444444 0.0058823529411764705 0.0196078431372549
9 0.3533088235294118 0.3071895424836601 0.005147058823529412 0.01568627450980392
9 0.34154411764705883 0.30196078431372547 0.005147058823529412 0.0130718954248366
9 0.3474264705882353 0.29934640522875816 0.005147058823529412 0.0130718954248366
1 0.2838235294117647 0.34509803921568627 0.007352941176470588 0.02875816993464052
1 0.3316176470588235 0.35163398692810455 0.007352941176470588 0.02091503267973856
1 0.3382352941176471 0.33660130718954245 0.007352941176470588 0.02222222222222222
1 0.3529411764705882 0.3026143790849673 0.004411764705882353 0.01437908496732026
1 0.3477941176470588 0.296078431372549 0.004411764705882353 0.01437908496732026
1 0.3422794117647059 0.2980392156862745 0.005147058823529412 0.01045751633986928
0 0.3352941176470588 0.2980392156862745 0.004411764705882353 0.01568627450980392
0 0.33897058823529413 0.31045751633986923 0.004411764705882353 0.02222222222222222
0 0.3191176470588235 0.330718954248366 0.0058823529411764705 0.0261437908496732
0 0.3224264705882353 0.32745098039215687 0.005147058823529412 0.027450980392156862
5 0.29926470588235293 0.3045751633986928 0.025 0.047058823529411764
2 0.9691176470588235 0.676470588235294 0.026470588235294117 0.05359477124183006
2 0.8393382352941177 0.5915032679738562 0.019852941176470587 0.043137254901960784
2 0.8433823529411765 0.5790849673202614 0.022058823529411763 0.04183006535947712
2 0.8977941176470589 0.5601307189542484 0.032352941176470584 0.04052287581699346
2 0.8709558823529412 0.5339869281045752 0.019852941176470587 0.04052287581699346
2 0.8352941176470589 0.526797385620915 0.020588235294117647 0.03398692810457516
2 0.8235294117647058 0.4718954248366013 0.010294117647058823 0.03398692810457516
2 0.8121323529411765 0.4679738562091503 0.022794117647058822 0.02875816993464052
2 0.8356617647058824 0.44509803921568625 0.019852941176470587 0.02222222222222222
2 0.8540441176470588 0.45359477124183 0.016911764705882352 0.0261437908496732
9 0.9066176470588235 0.5522875816993463 0.033823529411764704 0.03529411764705882
9 0.9169117647058823 0.5470588235294117 0.029411764705882353 0.0326797385620915
9 0.7705882352941177 0.4398692810457516 0.022058823529411763 0.02483660130718954
1 0.9110294117647059 0.5398692810457516 0.010294117647058823 0.03660130718954248
1 0.9165441176470588 0.5372549019607843 0.0125 0.03398692810457516
1 0.9011029411764706 0.5509803921568627 0.0125 0.05359477124183006
1 0.8415441176470588 0.5810457516339869 0.013970588235294117 0.050980392156862744
1 0.84375 0.5679738562091503 0.015441176470588236 0.04836601307189542
1 0.8378676470588236 0.5156862745098039 0.016911764705882352 0.0457516339869281
1 0.8327205882352942 0.5045751633986928 0.009558823529411765 0.03660130718954248
1 0.8727941176470588 0.526797385620915 0.013235294117647059 0.04183006535947712
9 0.8312499999999999 0.5156862745098039 0.015441176470588236 0.0326797385620915
0 0.7926470588235294 0.44771241830065356 0.007352941176470588 0.0326797385620915
0 0.7996323529411764 0.4464052287581699 0.009558823529411765 0.04052287581699346
0 0.8977941176470589 0.484313725490196 0.010294117647058823 0.0457516339869281
2 0.9169117647058823 0.49542483660130715 0.011764705882352941 0.03660130718954248
9 0.9047794117647059 0.48627450980392156 0.015441176470588236 0.03398692810457516
3 0.6727941176470588 0.5673202614379085 0.051470588235294115 0.06013071895424836
8 0.6558823529411765 0.44509803921568625 0.08235294117647059 0.11895424836601307
3 0.5992647058823529 0.45228758169934635 0.03529411764705882 0.047058823529411764
3 0.4702205882352941 0.503921568627451 0.03161764705882353 0.05620915032679738
4 0.42426470588235293 0.4509803921568627 0.023529411764705882 0.06274509803921569
3 0.4577205882352941 0.40784313725490196 0.022794117647058822 0.0392156862745098
3 0.4463235294117647 0.3705882352941176 0.022058823529411763 0.0326797385620915
3 0.4698529411764706 0.3725490196078431 0.020588235294117647 0.03398692810457516
8 0.5125 0.32941176470588235 0.03676470588235294 0.06274509803921569
3 0.5301470588235294 0.2869281045751634 0.026470588235294117 0.0196078431372549
3 0.4113970588235294 0.31241830065359477 0.015441176470588236 0.0261437908496732
3 0.4452205882352941 0.3006535947712418 0.013970588235294117 0.01830065359477124
3 0.47463235294117645 0.29869281045751633 0.015441176470588236 0.02222222222222222
3 0.4838235294117647 0.28888888888888886 0.014705882352941176 0.02091503267973856
3 0.475 0.27581699346405225 0.011764705882352941 0.01568627450980392
3 0.4823529411764706 0.2699346405228758 0.010294117647058823 0.01437908496732026
3 0.4606617647058823 0.2797385620915033 0.011029411764705881 0.01568627450980392
8 0.4988970588235294 0.27385620915032677 0.021323529411764706 0.04052287581699346
3 0.4536764705882353 0.26274509803921564 0.010294117647058823 0.01568627450980392
3 0.4617647058823529 0.2549019607843137 0.010294117647058823 0.0130718954248366
3 0.4363970588235294 0.2764705882352941 0.013970588235294117 0.0196078431372549
3 0.42169117647058824 0.2803921568627451 0.0125 0.0196078431372549
3 0.40441176470588236 0.292156862745098 0.013235294117647059 0.02222222222222222
3 0.4235294117647059 0.257516339869281 0.010294117647058823 0.01568627450980392
3 0.41066176470588234 0.2549019607843137 0.011029411764705881 0.01568627450980392
3 0.4117647058823529 0.24901960784313723 0.010294117647058823 0.01437908496732026
3 0.45845588235294116 0.23856209150326796 0.008088235294117646 0.011764705882352941
3 0.44926470588235295 0.23856209150326796 0.007352941176470588 0.011764705882352941
3 0.44338235294117645 0.23267973856209148 0.007352941176470588 0.0130718954248366
3 0.4522058823529412 0.23137254901960783 0.007352941176470588 0.01045751633986928
3 0.4338235294117647 0.23267973856209148 0.008823529411764706 0.0130718954248366
3 0.4466911764705882 0.22287581699346404 0.008088235294117646 0.011764705882352941
3 0.4400735294117647 0.2281045751633987 0.006617647058823529 0.00915032679738562
3 0.43676470588235294 0.22026143790849673 0.007352941176470588 0.011764705882352941
4 0.4275735294117647 0.22156862745098038 0.005147058823529412 0.01437908496732026
8 0.43786764705882353 0.20849673202614377 0.009558823529411765 0.0196078431372549
8 0.4360294117647059 0.1980392156862745 0.010294117647058823 0.0196078431372549
