3 0.5036458333333333 0.3574074074074074 0.02395833333333333 0.06296296296296297
3 0.5377604166666666 0.3055555555555556 0.0234375 0.0462962962962963
3 0.56875 0.9578703703703704 0.046875 0.08240740740740742
3 0.40859375 0.41712962962962963 0.0453125 0.058333333333333334
3 0.41041666666666665 0.4689814814814815 0.05520833333333333 0.06574074074074074
3 0.4549479166666667 0.6458333333333334 0.027604166666666666 0.09351851851851853
3 0.4479166666666667 0.7759259259259259 0.03229166666666666 0.07962962962962963
3 0.4453125 0.912962962962963 0.03958333333333333 0.1574074074074074
3 0.3690104166666667 0.8726851851851852 0.04739583333333333 0.1398148148148148
3 0.1546875 0.9324074074074075 0.058333333333333334 0.13333333333333333
9 0.4947916666666667 0.8217592592592593 0.011458333333333333 0.03796296296296296
0 0.33229166666666665 0.3768518518518519 0.009375 0.02777777777777778
6 0.3411458333333333 0.4083333333333333 0.025 0.02962962962962963
3 0.5622395833333333 0.1625 0.0421875 0.030555555555555558
3 0.6158854166666666 0.15555555555555556 0.034895833333333334 0.02777777777777778
3 0.6684895833333333 0.1685185185185185 0.0359375 0.02962962962962963
6 0.62734375 0.11712962962962964 0.024479166666666666 0.036111111111111115
0 0.3234375 0.9523148148148148 0.010416666666666666 0.026851851851851852
9 0.09114583333333333 0.3143518518518519 0.015625 0.036111111111111115
9 0.016666666666666666 0.37824074074074077 0.019791666666666666 0.04166666666666667
9 0.03671875 0.36712962962962964 0.011979166666666666 0.03981481481481482
9 0.0484375 0.37083333333333335 0.0125 0.03425925925925926
2 0.6486979166666667 0.1300925925925926 0.015104166666666667 0.015740740740740743
9 0.6661458333333333 0.1449074074074074 0.016666666666666666 0.012037037037037037
1 0.6484375 0.11898148148148148 0.008333333333333333 0.015740740740740743
1 0.6661458333333333 0.1375 0.008333333333333333 0.019444444444444445
9 0.5966145833333333 0.11388888888888889 0.011979166666666666 0.018518518518518517
1 0.5997395833333333 0.10555555555555556 0.0078125 0.016666666666666666
9 0.6098958333333333 0.09722222222222222 0.010416666666666666 0.012962962962962964
1 0.6127604166666667 0.09166666666666667 0.008854166666666666 0.014814814814814815
7 0.61484375 0.22916666666666669 0.0234375 0.03981481481481482
9 0.5390625 0.22777777777777777 0.007291666666666667 0.014814814814814815
9 0.5497395833333333 0.22962962962962963 0.0078125 0.012962962962962964
9 0.5596354166666666 0.23055555555555557 0.0078125 0.014814814814814815
9 0.5690104166666666 0.22731481481481483 0.005729166666666666 0.01388888888888889
9 0.5783854166666667 0.23240740740740742 0.0067708333333333336 0.014814814814814815
1 0.5390625 0.21342592592592594 0.00625 0.019444444444444445
1 0.5497395833333333 0.21574074074074076 0.0067708333333333336 0.020370370370370372
1 0.5604166666666667 0.21805555555555556 0.00625 0.021296296296296296
1 0.5697916666666667 0.21481481481481482 0.007291666666666667 0.020370370370370372
1 0.5796875 0.21944444444444444 0.007291666666666667 0.018518518518518517
1 0.5934895833333333 0.23796296296296296 0.0067708333333333336 0.018518518518518517
1 0.6028645833333334 0.28611111111111115 0.005729166666666666 0.018518518518518517
9 0.5921875 0.25462962962962965 0.007291666666666667 0.012962962962962964
9 0.5760416666666667 0.27685185185185185 0.00625 0.018518518518518517
9 0.5815104166666667 0.31712962962962965 0.0067708333333333336 0.017592592592592594
9 0.6010416666666667 0.30092592592592593 0.007291666666666667 0.018518518518518517
9 0.5135416666666667 0.23796296296296296 0.010416666666666666 0.020370370370370372
1 0.51484375 0.225 0.0067708333333333336 0.016666666666666666
3 0.4791666666666667 0.24351851851851852 0.03229166666666666 0.05
0 0.4549479166666667 0.3439814814814815 0.005729166666666666 0.030555555555555558
0 0.45598958333333334 0.3574074074074074 0.0046875 0.016666666666666666
9 0.4640625 0.5689814814814815 0.0125 0.03981481481481482
7 0.4966145833333333 0.45833333333333337 0.018229166666666668 0.05925925925925926
1 0.5578125 0.35462962962962963 0.008333333333333333 0.022222222222222223
1 0.53671875 0.3402777777777778 0.0067708333333333336 0.019444444444444445
1 0.5346354166666667 0.34953703703703703 0.008854166666666666 0.019444444444444445
1 0.5734375 0.3476851851851852 0.007291666666666667 0.019444444444444445
1 0.57734375 0.3814814814814815 0.0109375 0.022222222222222223
9 0.5783854166666667 0.3990740740740741 0.008854166666666666 0.018518518518518517
9 0.5734375 0.36342592592592593 0.007291666666666667 0.012037037037037037
3 0.5622395833333333 0.5587962962962963 0.0328125 0.09722222222222222
4 0.09479166666666666 0.9212962962962963 0.058333333333333334 0.12037037037037038
1 0.4953125 0.7972222222222223 0.011458333333333333 0.037037037037037035
3 0.54609375 0.07453703703703704 0.027604166666666666 0.030555555555555558
0 0.5572916666666666 0.11064814814814815 0.007291666666666667 0.025
0 0.5697916666666667 0.08425925925925926 0.007291666666666667 0.02592592592592593
0 0.47604166666666664 0.10740740740740741 0.005208333333333333 0.024074074074074074
1 0.4791666666666667 0.12962962962962962 0.005208333333333333 0.018518518518518517
9 0.4791666666666667 0.1337962962962963 0.0125 0.015740740740740743
1 0.4661458333333333 0.13703703703703704 0.00625 0.016666666666666666
9 0.4653645833333333 0.1439814814814815 0.0078125 0.021296296296296296
1 0.5098958333333333 0.07361111111111111 0.005208333333333333 0.021296296296296296
9 0.5098958333333333 0.07916666666666666 0.004166666666666667 0.015740740740740743
9 0.5809895833333333 0.07083333333333333 0.013020833333333334 0.015740740740740743
1 0.5903645833333333 0.0787037037037037 0.0046875 0.016666666666666666
9 0.5903645833333333 0.08194444444444444 0.009895833333333333 0.015740740740740743
