4 0.5709558823529411 0.861437908496732 0.04044117647058824 0.130718954248366
3 0.6169117647058824 0.7281045751633987 0.033823529411764704 0.08627450980392157
3 0.5485294117647058 0.626797385620915 0.027941176470588233 0.08235294117647059
3 0.5897058823529412 0.5379084967320261 0.027941176470588233 0.06405228758169934
3 0.5511029411764706 0.5058823529411764 0.02426470588235294 0.054901960784313725
3 0.5772058823529411 0.4235294117647059 0.025 0.054901960784313725
3 0.5761029411764705 0.32614379084967315 0.021323529411764706 0.043137254901960784
3 0.5088235294117647 0.30849673202614375 0.03529411764705882 0.0392156862745098
1 0.43529411764705883 0.9006535947712417 0.013235294117647059 0.04967320261437908
2 0.43566176470588236 0.9117647058823529 0.011029411764705881 0.05359477124183006
3 0.5055147058823529 0.2588235294117647 0.019852941176470587 0.0392156862745098
3 0.4547794117647059 0.2522875816993464 0.03455882352941177 0.03660130718954248
4 0.49522058823529413 0.21437908496732025 0.016911764705882352 0.03660130718954248
4 0.5227941176470589 0.1941176470588235 0.020588235294117647 0.03790849673202614
3 0.5470588235294117 0.19869281045751633 0.029411764705882353 0.03660130718954248
4 0.5669117647058823 0.18627450980392155 0.020588235294117647 0.04052287581699346
3 0.5305147058823529 0.17124183006535945 0.027205882352941177 0.03398692810457516
3 0.5227941176470589 0.14640522875816991 0.01911764705882353 0.03137254901960784
3 0.5047794117647059 0.13529411764705881 0.015441176470588236 0.03006535947712418
3 0.6125 0.14183006535947712 0.030882352941176472 0.02483660130718954
4 0.6595588235294118 0.13790849673202613 0.03676470588235294 0.0326797385620915
3 0.7102941176470589 0.17712418300653593 0.032352941176470584 0.027450980392156862
3 0.7102941176470589 0.16209150326797384 0.033823529411764704 0.0261437908496732
3 0.6963235294117647 0.14640522875816991 0.03529411764705882 0.03137254901960784
3 0.7544117647058823 0.1588235294117647 0.03676470588235294 0.027450980392156862
3 0.7426470588235294 0.1437908496732026 0.033823529411764704 0.02875816993464052
3 0.7363970588235293 0.13333333333333333 0.027205882352941177 0.02091503267973856
3 0.7966911764705882 0.15294117647058822 0.03455882352941177 0.0261437908496732
3 0.7875 0.14248366013071895 0.03529411764705882 0.023529411764705882
3 0.7933823529411764 0.12941176470588234 0.032352941176470584 0.023529411764705882
4 0.8375 0.1477124183006536 0.032352941176470584 0.02875816993464052
3 0.8246323529411764 0.13986928104575164 0.030147058823529412 0.023529411764705882
3 0.84375 0.12483660130718953 0.03308823529411765 0.02222222222222222
3 0.8772058823529412 0.14509803921568626 0.03529411764705882 0.023529411764705882
3 0.8654411764705883 0.134640522875817 0.030882352941176472 0.0261437908496732
3 0.9180147058823529 0.14052287581699346 0.03308823529411765 0.027450980392156862
3 0.9080882352941176 0.12745098039215685 0.032352941176470584 0.027450980392156862
3 0.8977941176470589 0.11764705882352941 0.032352941176470584 0.02091503267973856
3 0.9257352941176471 0.11241830065359476 0.032352941176470584 0.023529411764705882
4 0.9764705882352941 0.14640522875816991 0.030882352941176472 0.02875816993464052
3 0.9886029411764706 0.13137254901960782 0.021323529411764706 0.02222222222222222
1 0.7191176470588235 0.12352941176470587 0.0058823529411764705 0.01437908496732026
9 0.7194852941176471 0.12810457516339868 0.015441176470588236 0.0130718954248366
8 0.5588235294117647 0.14248366013071895 0.03529411764705882 0.07581699346405228
3 0.5702205882352941 0.12287581699346405 0.01838235294117647 0.02875816993464052
8 0.47058823529411764 0.17450980392156862 0.025 0.08758169934640522
3 0.45330882352941176 0.12810457516339868 0.019852941176470587 0.02875816993464052
3 0.475 0.09934640522875816 0.014705882352941176 0.02875816993464052
3 0.5047794117647059 0.09673202614379084 0.0125 0.0261437908496732
3 0.5029411764705882 0.06405228758169934 0.013235294117647059 0.02875816993464052
3 0.48566176470588235 0.05555555555555555 0.013970588235294117 0.0326797385620915
4 0.5055147058823529 0.04379084967320261 0.011029411764705881 0.027450980392156862
8 0.5386029411764706 0.07908496732026143 0.02426470588235294 0.06405228758169934
5 0.53125 0.02091503267973856 0.013970588235294117 0.0392156862745098
3 0.5202205882352942 0.00980392156862745 0.009558823529411765 0.0196078431372549
3 0.5025735294117647 0.023529411764705882 0.011029411764705881 0.02875816993464052
4 0.48566176470588235 0.01045751633986928 0.011029411764705881 0.02091503267973856
3 0.5025735294117647 0.00457516339869281 0.011029411764705881 0.011764705882352941
3 0.3698529411764706 0.19934640522875816 0.03676470588235294 0.03529411764705882
3 0.3224264705882353 0.24967320261437906 0.04044117647058824 0.03398692810457516
3 0.31029411764705883 0.23790849673202613 0.04264705882352941 0.03398692810457516
3 0.3213235294117647 0.2156862745098039 0.03823529411764706 0.02875816993464052
3 0.28088235294117647 0.28104575163398693 0.047058823529411764 0.03398692810457516
3 0.2595588235294118 0.2594771241830065 0.04264705882352941 0.03529411764705882
3 0.2536764705882353 0.23986928104575161 0.04264705882352941 0.03529411764705882
3 0.2727941176470588 0.22156862745098038 0.03529411764705882 0.027450980392156862
3 0.28455882352941175 0.19607843137254902 0.039705882352941174 0.03398692810457516
3 0.22352941176470587 0.22745098039215686 0.047058823529411764 0.02875816993464052
3 0.19448529411764706 0.2673202614379085 0.04779411764705882 0.0326797385620915
3 0.19411764705882353 0.24444444444444444 0.04264705882352941 0.02875816993464052
3 0.16286764705882353 0.22875816993464052 0.04338235294117647 0.03398692810457516
3 0.1323529411764706 0.2751633986928104 0.045588235294117645 0.03529411764705882
3 0.11801470588235294 0.2549019607843137 0.05073529411764706 0.03398692810457516
3 0.10735294117647058 0.23660130718954248 0.039705882352941174 0.03137254901960784
3 0.06470588235294117 0.2803921568627451 0.052941176470588235 0.03529411764705882
3 0.047058823529411764 0.2647058823529412 0.05 0.03529411764705882
3 0.05183823529411764 0.24248366013071893 0.04485294117647059 0.03006535947712418
3 0.011029411764705881 0.24640522875816992 0.022058823529411763 0.0326797385620915
1 0.4463235294117647 0.32418300653594767 0.007352941176470588 0.02875816993464052
9 0.4463235294117647 0.3287581699346405 0.007352941176470588 0.02483660130718954
1 0.4143382352941176 0.1287581699346405 0.005147058823529412 0.01699346405228758
2 0.41470588235294115 0.134640522875817 0.010294117647058823 0.01830065359477124
1 0.5606617647058824 0.07712418300653594 0.005147058823529412 0.01830065359477124
2 0.5606617647058824 0.08300653594771241 0.005147058823529412 0.01699346405228758
1 0.5172794117647058 0.12549019607843137 0.005147058823529412 0.01568627450980392
9 0.518014705882353 0.13137254901960782 0.006617647058823529 0.01699346405228758
0 0.6073529411764705 0.11241830065359476 0.004411764705882353 0.02091503267973856
0 0.5838235294117647 0.09477124183006536 0.0058823529411764705 0.0196078431372549
0 0.5783088235294117 0.09673202614379084 0.005147058823529412 0.023529411764705882
0 0.5676470588235294 0.09869281045751634 0.004411764705882353 0.0196078431372549
0 0.5691176470588235 0.09281045751633986 0.004411764705882353 0.02091503267973856
0 0.6136029411764706 0.13202614379084968 0.005147058823529412 0.01830065359477124
0 0.6051470588235294 0.1326797385620915 0.0058823529411764705 0.0196078431372549
