3 0.6041666666666666 0.6296296296296297 0.03958333333333333 0.11111111111111112
2 0.5697916666666667 0.5277777777777778 0.010416666666666666 0.037037037037037035
1 0.5703125 0.5175925925925926 0.009375 0.04259259259259259
5 0.5166666666666666 0.8638888888888889 0.03125 0.11296296296296297
5 0.24739583333333334 0.5305555555555556 0.103125 0.31666666666666665
1 0.7760416666666666 0.27037037037037037 0.0125 0.02592592592592593
1 0.7692708333333333 0.2564814814814815 0.013541666666666667 0.020370370370370372
9 0.5635416666666666 0.22962962962962963 0.008333333333333333 0.02962962962962963
1 0.5645833333333333 0.22037037037037038 0.004166666666666667 0.02962962962962963
3 0.10104166666666667 0.04259259259259259 0.03125 0.02962962962962963
3 0.10989583333333333 0.032407407407407406 0.030208333333333334 0.024074074074074074
3 0.13489583333333333 0.053703703703703705 0.034375 0.02962962962962963
0 0.153125 0.05185185185185186 0.00625 0.02592592592592593
9 0.15520833333333334 0.03981481481481482 0.008333333333333333 0.02777777777777778
3 0.06354166666666666 0.11111111111111112 0.0375 0.02962962962962963
3 0.09010416666666667 0.10740740740740741 0.03229166666666666 0.02962962962962963
3 0.11770833333333333 0.10555555555555556 0.029166666666666667 0.03333333333333333
3 0.14010416666666667 0.10555555555555556 0.03229166666666666 0.03333333333333333
3 0.16354166666666667 0.10462962962962963 0.03333333333333333 0.03518518518518519
3 0.19166666666666665 0.09814814814814815 0.03333333333333333 0.02962962962962963
3 0.209375 0.04351851851851852 0.01875 0.03518518518518519
3 0.2296875 0.040740740740740744 0.015625 0.03333333333333333
3 0.2828125 0.20185185185185187 0.034375 0.040740740740740744
3 0.2828125 0.15462962962962964 0.036458333333333336 0.03518518518518519
3 0.284375 0.11481481481481481 0.04375 0.037037037037037035
3 0.28802083333333334 0.09074074074074075 0.042708333333333334 0.02962962962962963
3 0.2916666666666667 0.07037037037037037 0.035416666666666666 0.022222222222222223
3 0.3067708333333333 0.037037037037037035 0.03854166666666667 0.02962962962962963
3 0.31197916666666664 0.02314814814814815 0.042708333333333334 0.031481481481481485
0 0.3223958333333333 0.016666666666666666 0.007291666666666667 0.022222222222222223
5 0.5151041666666667 0.14722222222222223 0.036458333333333336 0.1574074074074074
9 0.559375 0.062037037037037036 0.00625 0.020370370370370372
1 0.559375 0.05555555555555556 0.00625 0.018518518518518517
1 0.6921875 0.04722222222222222 0.009375 0.024074074074074074
7 0.653125 0.08240740740740742 0.014583333333333334 0.03888888888888889
3 0.6223958333333334 0.07962962962962963 0.021875 0.037037037037037035
3 0.6260416666666666 0.10740740740740741 0.029166666666666667 0.037037037037037035
3 0.6255208333333333 0.12685185185185185 0.030208333333333334 0.03518518518518519
