0 0.8246323529411764 0.4660130718954248 0.0125 0.050980392156862744
0 0.7393382352941177 0.292156862745098 0.009558823529411765 0.04836601307189542
4 0.8312499999999999 0.08823529411764705 0.05808823529411765 0.05620915032679738
3 0.7933823529411764 0.0673202614379085 0.039705882352941174 0.0326797385620915
0 0.7503676470588235 0.03856209150326797 0.005147058823529412 0.027450980392156862
3 0.7643382352941176 0.02091503267973856 0.030147058823529412 0.02875816993464052
3 0.6577205882352941 0.4816993464052287 0.04485294117647059 0.09542483660130718
3 0.5224264705882353 0.5130718954248366 0.04485294117647059 0.10326797385620914
3 0.5459558823529411 0.4006535947712418 0.03455882352941177 0.06666666666666667
3 0.5125 0.23660130718954248 0.029411764705882353 0.06013071895424836
6 0.5775735294117647 0.31633986928104574 0.022794117647058822 0.06797385620915032
6 0.6305147058823529 0.35620915032679734 0.030147058823529412 0.08235294117647059
1 0.6202205882352941 0.31241830065359477 0.009558823529411765 0.03398692810457516
7 0.6231617647058824 0.29346405228758166 0.019852941176470587 0.05620915032679738
3 0.6029411764705882 0.26013071895424833 0.029411764705882353 0.0522875816993464
3 0.5275735294117647 0.15098039215686274 0.022794117647058822 0.04052287581699346
3 0.46691176470588236 0.10392156862745097 0.022058823529411763 0.04836601307189542
6 0.6341911764705882 0.13856209150326795 0.015441176470588236 0.0392156862745098
1 0.6375 0.13660130718954247 0.0058823529411764705 0.03006535947712418
0 0.5591911764705882 0.03333333333333333 0.005147058823529412 0.027450980392156862
0 0.6569852941176471 0.10065359477124182 0.005147058823529412 0.02875816993464052
0 0.6496323529411765 0.10130718954248365 0.005147058823529412 0.0326797385620915
0 0.6327205882352941 0.052941176470588235 0.006617647058823529 0.03006535947712418
0 0.6441176470588236 0.0784313725490196 0.0058823529411764705 0.03398692810457516
5 0.6577205882352941 0.0457516339869281 0.03897058823529412 0.08366013071895424
3 0.4522058823529412 0.3555555555555555 0.03529411764705882 0.08888888888888888
3 0.3761029411764706 0.4052287581699346 0.04191176470588235 0.09673202614379084
4 0.39705882352941174 0.1588235294117647 0.025 0.06405228758169934
3 0.4077205882352941 0.0784313725490196 0.021323529411764706 0.04183006535947712
3 0.41911764705882354 0.04183006535947712 0.022058823529411763 0.03398692810457516
9 0.4301470588235294 0.11633986928104574 0.007352941176470588 0.02875816993464052
1 0.4305147058823529 0.10915032679738561 0.006617647058823529 0.027450980392156862
9 0.4838235294117647 0.04248366013071895 0.007352941176470588 0.02222222222222222
1 0.48455882352941176 0.03529411764705882 0.0058823529411764705 0.023529411764705882
4 0.4150735294117647 0.01830065359477124 0.021323529411764706 0.03660130718954248
5 0.34338235294117647 0.0130718954248366 0.025 0.0261437908496732
0 0.15330882352941178 0.01111111111111111 0.006617647058823529 0.02483660130718954
0 0.15955882352941175 0.01045751633986928 0.0058823529411764705 0.02091503267973856
0 0.2647058823529412 0.3418300653594771 0.007352941176470588 0.04836601307189542
1 0.2621323529411765 0.3398692810457516 0.005147058823529412 0.02875816993464052
9 0.275 0.3196078431372549 0.011764705882352941 0.0326797385620915
0 0.2786764705882353 0.31176470588235294 0.007352941176470588 0.043137254901960784
0 0.3275735294117647 0.6098039215686274 0.0125 0.06143790849673202
0 0.3088235294117647 0.6071895424836601 0.016176470588235292 0.06143790849673202
0 0.013602941176470588 0.9522875816993464 0.027205882352941177 0.07450980392156863
4 0.09889705882352941 0.6816993464052287 0.07279411764705883 0.15816993464052287
3 0.03161764705882353 0.3725490196078431 0.06323529411764706 0.0784313725490196
4 0.03823529411764706 0.2941176470588235 0.052941176470588235 0.07320261437908496
9 0.10992647058823529 0.2594771241830065 0.0125 0.03529411764705882
3 0.11801470588235294 0.20196078431372547 0.0713235294117647 0.05359477124183006
0 0.04264705882352941 0.22352941176470587 0.011764705882352941 0.04183006535947712
0 0.04779411764705882 0.18627450980392155 0.011764705882352941 0.0457516339869281
