3 0.5172794117647058 0.18104575163398692 0.005147058823529412 0.00915032679738562
3 0.5088235294117647 0.18169934640522875 0.0058823529411764705 0.00784313725490196
3 0.49816176470588236 0.16928104575163397 0.005147058823529412 0.00915032679738562
3 0.49669117647058825 0.19084967320261437 0.005147058823529412 0.01045751633986928
4 0.48566176470588235 0.18758169934640523 0.005147058823529412 0.011764705882352941
3 0.5102941176470588 0.2156862745098039 0.008823529411764706 0.01568627450980392
8 0.5294117647058824 0.20130718954248364 0.011764705882352941 0.03137254901960784
3 0.4658088235294118 0.21176470588235294 0.006617647058823529 0.0130718954248366
3 0.46875 0.20718954248366012 0.006617647058823529 0.011764705882352941
0 0.4775735294117647 0.20718954248366012 0.0022058823529411764 0.011764705882352941
3 0.4963235294117647 0.1830065359477124 0.0058823529411764705 0.0130718954248366
3 0.5106617647058823 0.2568627450980392 0.011029411764705881 0.01699346405228758
3 0.48198529411764707 0.25816993464052285 0.0125 0.0196078431372549
3 0.4801470588235294 0.27320261437908494 0.011764705882352941 0.01830065359477124
3 0.4738970588235294 0.2849673202614379 0.013970588235294117 0.0261437908496732
3 0.47573529411764703 0.3130718954248366 0.014705882352941176 0.027450980392156862
3 0.4452205882352941 0.3300653594771242 0.013970588235294117 0.027450980392156862
3 0.4463235294117647 0.44313725490196076 0.026470588235294117 0.04967320261437908
3 0.5341911764705882 0.365359477124183 0.019852941176470587 0.0326797385620915
3 0.4073529411764706 0.676470588235294 0.04852941176470588 0.10065359477124182
3 0.5683823529411764 0.7274509803921568 0.045588235294117645 0.09019607843137255
3 0.24705882352941178 0.7568627450980392 0.08235294117647059 0.11764705882352941
3 0.17830882352941177 0.9124183006535947 0.09779411764705882 0.17254901960784313
9 0.31691176470588234 0.9588235294117646 0.023529411764705882 0.06666666666666667
1 0.3176470588235294 0.9222222222222222 0.020588235294117647 0.06405228758169934
4 0.48198529411764707 0.6830065359477123 0.04485294117647059 0.1111111111111111
3 0.33345588235294116 0.5359477124183006 0.04191176470588235 0.065359477124183
3 0.35955882352941176 0.47320261437908495 0.03529411764705882 0.06274509803921569
3 0.37316176470588236 0.43725490196078426 0.030147058823529412 0.05620915032679738
3 0.3911764705882353 0.40980392156862744 0.025 0.04052287581699346
3 0.3988970588235294 0.3803921568627451 0.02426470588235294 0.03398692810457516
3 0.40845588235294117 0.3529411764705882 0.02426470588235294 0.0392156862745098
3 0.4154411764705882 0.33464052287581697 0.016176470588235292 0.03398692810457516
0 0.41911764705882354 0.2973856209150327 0.004411764705882353 0.02222222222222222
0 0.4264705882352941 0.3372549019607843 0.007352941176470588 0.02875816993464052
0 0.44080882352941175 0.3183006535947712 0.005147058823529412 0.02483660130718954
0 0.6720588235294117 0.4633986928104575 0.007352941176470588 0.04052287581699346
3 0.95 0.957516339869281 0.09852941176470588 0.08235294117647059
3 0.8716911764705882 0.841830065359477 0.06544117647058824 0.11764705882352941
3 0.8040441176470589 0.7222222222222222 0.0625 0.09542483660130718
3 0.7316176470588235 0.5437908496732026 0.041176470588235294 0.054901960784313725
3 0.7011029411764705 0.4816993464052287 0.0375 0.05359477124183006
3 0.6768382352941177 0.43660130718954243 0.030147058823529412 0.03660130718954248
3 0.6621323529411764 0.4065359477124183 0.027205882352941177 0.04183006535947712
3 0.6481617647058824 0.38627450980392153 0.02426470588235294 0.03529411764705882
3 0.6224264705882353 0.32614379084967315 0.019852941176470587 0.03006535947712418
9 0.3871323529411765 0.5588235294117647 0.009558823529411765 0.03790849673202614
1 0.3875 0.5405228758169934 0.007352941176470588 0.03529411764705882
1 0.3886029411764706 0.5366013071895425 0.009558823529411765 0.04052287581699346
9 0.5459558823529411 0.47058823529411764 0.008088235294117646 0.03660130718954248
1 0.5470588235294117 0.461437908496732 0.010294117647058823 0.03398692810457516
2 0.5680147058823529 0.38627450980392153 0.006617647058823529 0.02483660130718954
1 0.5672794117647059 0.3784313725490196 0.005147058823529412 0.027450980392156862
9 0.45845588235294116 0.30588235294117644 0.005147058823529412 0.01568627450980392
1 0.45808823529411763 0.30196078431372547 0.0029411764705882353 0.01830065359477124
1 0.4588235294117647 0.2980392156862745 0.0029411764705882353 0.01830065359477124
1 0.4698529411764706 0.24313725490196078 0.0029411764705882353 0.01045751633986928
1 0.4536764705882353 0.26666666666666666 0.0029411764705882353 0.0130718954248366
1 0.4514705882352941 0.2588235294117647 0.0029411764705882353 0.0130718954248366
9 0.4698529411764706 0.25098039215686274 0.0029411764705882353 0.00784313725490196
9 0.4536764705882353 0.27320261437908494 0.0029411764705882353 0.01045751633986928
9 0.4514705882352941 0.26405228758169935 0.0029411764705882353 0.01045751633986928
9 0.5459558823529411 0.27908496732026145 0.009558823529411765 0.011764705882352941
1 0.5459558823529411 0.27385620915032677 0.005147058823529412 0.01699346405228758
1 0.5488970588235293 0.27777777777777773 0.0022058823529411764 0.00915032679738562
3 0.1963235294117647 0.5352941176470588 0.052941176470588235 0.06666666666666667
3 0.22316176470588234 0.49542483660130715 0.04485294117647059 0.04967320261437908
3 0.2485294117647059 0.4588235294117647 0.032352941176470584 0.04967320261437908
3 0.25919117647058826 0.43202614379084964 0.04191176470588235 0.0457516339869281
3 0.3051470588235294 0.36666666666666664 0.030882352941176472 0.027450980392156862
3 0.2911764705882353 0.39673202614379083 0.027941176470588233 0.03529411764705882
3 0.2375 0.9627450980392156 0.07941176470588235 0.0718954248366013
0 0.13051470588235295 0.5464052287581699 0.009558823529411765 0.0392156862745098
