9 0.41875 0.9481481481481482 0.03125 0.0962962962962963
1 0.41822916666666665 0.9416666666666667 0.02395833333333333 0.06481481481481481
1 0.41822916666666665 0.9185185185185185 0.026041666666666668 0.07407407407407407
9 0.5166666666666666 0.8546296296296296 0.022916666666666665 0.06851851851851852
1 0.5197916666666667 0.8518518518518519 0.014583333333333334 0.04814814814814815
1 0.5171875 0.8296296296296297 0.017708333333333333 0.05555555555555556
6 0.54375 0.7194444444444444 0.041666666666666664 0.10925925925925926
9 0.3854166666666667 0.7157407407407408 0.020833333333333332 0.07222222222222223
1 0.3854166666666667 0.6981481481481482 0.01875 0.07037037037037037
1 0.34479166666666666 0.6185185185185186 0.0125 0.03333333333333333
1 0.3515625 0.6055555555555556 0.013541666666666667 0.04814814814814815
9 0.3015625 0.725925925925926 0.017708333333333333 0.06296296296296297
0 0.2947916666666667 0.7175925925925927 0.016666666666666666 0.06481481481481481
9 0.17916666666666667 0.8305555555555556 0.027083333333333334 0.09814814814814815
1 0.18541666666666667 0.8185185185185185 0.0375 0.08148148148148149
0 0.20052083333333334 0.7990740740740742 0.015625 0.08333333333333334
0 0.2713541666666667 0.6694444444444445 0.017708333333333333 0.06851851851851852
6 0.3489583333333333 0.6277777777777778 0.027083333333333334 0.06666666666666667
6 0.36354166666666665 0.5416666666666667 0.025 0.061111111111111116
0 0.3416666666666667 0.5425925925925926 0.0125 0.05555555555555556
0 0.2994791666666667 0.5314814814814816 0.011458333333333333 0.04814814814814815
0 0.3911458333333333 0.4814814814814815 0.009375 0.04814814814814815
7 0.37083333333333335 0.47685185185185186 0.027083333333333334 0.053703703703703705
0 0.5953125 0.7055555555555556 0.017708333333333333 0.07777777777777778
0 0.5755208333333334 0.6925925925925926 0.015625 0.08518518518518518
7 0.6208333333333333 0.7407407407407408 0.022916666666666665 0.1
0 0.6109375 0.6851851851851852 0.009375 0.05555555555555556
9 0.6270833333333333 0.6796296296296297 0.020833333333333332 0.06666666666666667
1 0.6302083333333334 0.675 0.022916666666666665 0.06851851851851852
9 0.6484375 0.6490740740740741 0.019791666666666666 0.05740740740740741
0 0.6479166666666667 0.6425925925925926 0.01875 0.06296296296296297
0 0.6104166666666666 0.6620370370370371 0.008333333333333333 0.0462962962962963
0 0.5973958333333333 0.6592592592592593 0.017708333333333333 0.06296296296296297
0 0.5567708333333333 0.6435185185185185 0.013541666666666667 0.06481481481481481
6 0.4744791666666667 0.5333333333333333 0.019791666666666666 0.04814814814814815
1 0.4744791666666667 0.5175925925925926 0.013541666666666667 0.03518518518518519
6 0.4973958333333333 0.4740740740740741 0.015625 0.040740740740740744
1 0.4973958333333333 0.4666666666666667 0.009375 0.044444444444444446
6 0.5322916666666666 0.46851851851851856 0.01875 0.05185185185185186
9 0.590625 0.6277777777777778 0.014583333333333334 0.040740740740740744
1 0.5895833333333333 0.6166666666666667 0.010416666666666666 0.040740740740740744
0 0.7395833333333334 0.6083333333333334 0.010416666666666666 0.07222222222222223
9 0.7515625 0.5842592592592593 0.034375 0.03888888888888889
1 0.7520833333333333 0.5777777777777778 0.014583333333333334 0.044444444444444446
9 0.7510416666666666 0.5351851851851852 0.025 0.044444444444444446
3 0.66875 0.5388888888888889 0.09375 0.07407407407407407
4 0.6484375 0.5111111111111112 0.06770833333333333 0.06666666666666667
4 0.6385416666666667 0.4203703703703704 0.05416666666666667 0.05185185185185186
0 0.5838541666666667 0.44537037037037036 0.011458333333333333 0.03888888888888889
9 0.5796875 0.45092592592592595 0.009375 0.031481481481481485
0 0.5692708333333333 0.4481481481481482 0.009375 0.044444444444444446
0 0.5567708333333333 0.4537037037037037 0.007291666666666667 0.037037037037037035
9 0.565625 0.37777777777777777 0.0125 0.02592592592592593
0 0.5541666666666667 0.38981481481481484 0.00625 0.03518518518518519
0 0.5166666666666666 0.4166666666666667 0.008333333333333333 0.037037037037037035
6 0.5234375 0.41944444444444445 0.011458333333333333 0.02777777777777778
6 0.5041666666666667 0.4101851851851852 0.014583333333333334 0.020370370370370372
1 0.5020833333333333 0.4046296296296297 0.008333333333333333 0.024074074074074074
1 0.5067708333333333 0.40185185185185185 0.007291666666666667 0.02592592592592593
0 0.5411458333333333 0.44537037037037036 0.007291666666666667 0.03888888888888889
9 0.5510416666666667 0.44351851851851853 0.0125 0.031481481481481485
1 0.5479166666666666 0.4416666666666667 0.008333333333333333 0.02777777777777778
1 0.5520833333333334 0.4361111111111111 0.008333333333333333 0.031481481481481485
2 0.5447916666666667 0.4537037037037037 0.00625 0.037037037037037035
6 0.5578125 0.34351851851851856 0.013541666666666667 0.031481481481481485
1 0.5583333333333333 0.33796296296296297 0.008333333333333333 0.024074074074074074
0 0.56875 0.28055555555555556 0.004166666666666667 0.020370370370370372
9 0.49166666666666664 0.32222222222222224 0.00625 0.018518518518518517
1 0.4921875 0.31851851851851853 0.005208333333333333 0.022222222222222223
4 0.4942708333333333 0.24629629629629632 0.013541666666666667 0.02592592592592593
0 0.578125 0.26851851851851855 0.00625 0.018518518518518517
4 0.5510416666666667 0.2712962962962963 0.010416666666666666 0.020370370370370372
9 0.5354166666666667 0.28611111111111115 0.004166666666666667 0.020370370370370372
1 0.5354166666666667 0.28240740740740744 0.00625 0.020370370370370372
