3 0.4661764705882353 0.5764705882352941 0.04264705882352941 0.12287581699346405
3 0.5529411764705883 0.3830065359477124 0.03676470588235294 0.07058823529411765
3 0.44227941176470587 0.3287581699346405 0.03455882352941177 0.0718954248366013
3 0.40698529411764706 0.04379084967320261 0.019852941176470587 0.03529411764705882
0 0.39448529411764705 0.03856209150326797 0.009558823529411765 0.03529411764705882
1 0.4235294117647059 0.07320261437908496 0.007352941176470588 0.02091503267973856
9 0.4235294117647059 0.08300653594771241 0.010294117647058823 0.01699346405228758
1 0.4360294117647059 0.07908496732026143 0.007352941176470588 0.0196078431372549
9 0.43529411764705883 0.09019607843137255 0.0058823529411764705 0.023529411764705882
1 0.5889705882352941 0.2281045751633987 0.010294117647058823 0.02222222222222222
9 0.5878676470588236 0.24313725490196078 0.008088235294117646 0.0261437908496732
0 0.6121323529411765 0.21699346405228756 0.009558823529411765 0.03398692810457516
0 0.6294117647058823 0.2196078431372549 0.007352941176470588 0.0392156862745098
3 0.31948529411764703 0.09084967320261438 0.022794117647058822 0.04052287581699346
3 0.2757352941176471 0.23006535947712417 0.027941176470588233 0.054901960784313725
1 0.31875 0.20784313725490194 0.011029411764705881 0.02875816993464052
9 0.31985294117647056 0.22352941176470587 0.010294117647058823 0.02091503267973856
0 0.6378676470588235 0.12549019607843137 0.006617647058823529 0.03398692810457516
1 0.6275735294117647 0.1261437908496732 0.008088235294117646 0.0326797385620915
1 0.6272058823529412 0.12941176470588234 0.007352941176470588 0.01830065359477124
3 0.6658088235294117 0.13986928104575164 0.027205882352941177 0.03660130718954248
0 0.6533088235294118 0.26601307189542484 0.005147058823529412 0.03790849673202614
3 0.7055147058823529 0.21699346405228756 0.03308823529411765 0.04183006535947712
3 0.6261029411764706 0.0738562091503268 0.019852941176470587 0.0326797385620915
3 0.9408088235294118 0.8313725490196078 0.09779411764705882 0.16209150326797384
3 0.8650735294117647 0.6555555555555556 0.07720588235294118 0.11895424836601307
3 0.7779411764705882 0.3986928104575163 0.05 0.08104575163398692
3 0.8871323529411764 0.3633986928104575 0.04191176470588235 0.07058823529411765
3 0.8863970588235294 0.2568627450980392 0.05220588235294118 0.03790849673202614
9 0.9628676470588236 0.30196078431372547 0.03308823529411765 0.0392156862745098
9 0.9404411764705882 0.292156862745098 0.027941176470588233 0.03529411764705882
9 0.9238970588235293 0.2764705882352941 0.027205882352941177 0.027450980392156862
3 0.611764705882353 0.03660130718954248 0.027941176470588233 0.06013071895424836
