3 0.06102941176470588 0.36732026143790847 0.022058823529411763 0.07058823529411765
3 0.13897058823529412 0.3941176470588235 0.030882352941176472 0.06928104575163398
3 0.17426470588235293 0.4006535947712418 0.03529411764705882 0.058823529411764705
3 0.20404411764705882 0.33137254901960783 0.04044117647058824 0.04836601307189542
3 0.21875 0.30588235294117644 0.0375 0.054901960784313725
3 0.25735294117647056 0.2542483660130719 0.03676470588235294 0.06143790849673202
3 0.2742647058823529 0.22352941176470587 0.041176470588235294 0.06274509803921569
3 0.13272058823529412 0.588235294117647 0.04632352941176471 0.03398692810457516
3 0.15735294117647058 0.715032679738562 0.025 0.06797385620915032
3 0.38676470588235295 0.7856209150326797 0.047058823529411764 0.054901960784313725
3 0.24889705882352942 0.8084967320261437 0.03897058823529412 0.06928104575163398
3 0.2713235294117647 0.8352941176470587 0.039705882352941174 0.06797385620915032
3 0.2959558823529412 0.8862745098039215 0.04485294117647059 0.06797385620915032
3 0.30919117647058825 0.9372549019607842 0.04338235294117647 0.054901960784313725
3 0.4823529411764706 0.8026143790849672 0.01911764705882353 0.08888888888888888
3 0.7018382352941176 0.9529411764705882 0.04485294117647059 0.06013071895424836
3 0.7183823529411765 0.9143790849673202 0.039705882352941174 0.05620915032679738
3 0.7272058823529411 0.8633986928104574 0.039705882352941174 0.058823529411764705
3 0.7727941176470589 0.7725490196078431 0.03823529411764706 0.05751633986928104
3 0.8011029411764706 0.7176470588235294 0.03308823529411765 0.065359477124183
3 0.7547794117647059 0.6503267973856208 0.0375 0.050980392156862744
3 0.8764705882352941 0.7398692810457516 0.016176470588235292 0.06797385620915032
3 0.9066176470588235 0.7431372549019607 0.032352941176470584 0.07712418300653594
3 0.9386029411764706 0.7281045751633987 0.01838235294117647 0.08104575163398692
3 0.9735294117647059 0.722875816993464 0.022058823529411763 0.09411764705882353
3 0.9580882352941177 0.5555555555555555 0.04264705882352941 0.02875816993464052
3 0.9926470588235294 0.7163398692810456 0.013235294117647059 0.08104575163398692
5 0.7709558823529412 0.8143790849673203 0.0801470588235294 0.13333333333333333
3 0.9746323529411764 0.36209150326797385 0.022794117647058822 0.054901960784313725
3 0.9183823529411764 0.40392156862745093 0.022058823529411763 0.07058823529411765
3 0.8643382352941177 0.3908496732026144 0.022794117647058822 0.08366013071895424
3 0.8356617647058824 0.38627450980392153 0.022794117647058822 0.08235294117647059
3 0.8047794117647059 0.37450980392156863 0.022794117647058822 0.07712418300653594
3 0.7323529411764705 0.39673202614379083 0.03823529411764706 0.06143790849673202
3 0.6783088235294118 0.3287581699346405 0.04485294117647059 0.06928104575163398
3 0.73125 0.29934640522875816 0.03308823529411765 0.06274509803921569
3 0.6996323529411764 0.25620915032679736 0.04044117647058824 0.065359477124183
3 0.6764705882352942 0.22941176470588234 0.039705882352941174 0.06666666666666667
3 0.6610294117647059 0.19673202614379084 0.03529411764705882 0.06405228758169934
3 0.6503676470588236 0.15555555555555556 0.03455882352941177 0.06797385620915032
3 0.6360294117647058 0.11176470588235293 0.03529411764705882 0.06928104575163398
3 0.6084558823529411 0.05555555555555555 0.027205882352941177 0.07712418300653594
3 0.5422794117647058 0.05947712418300653 0.019852941176470587 0.06143790849673202
7 0.7529411764705882 0.3202614379084967 0.014705882352941176 0.04967320261437908
9 0.7919117647058823 0.3156862745098039 0.01764705882352941 0.011764705882352941
9 0.7838235294117647 0.29673202614379085 0.014705882352941176 0.02875816993464052
9 0.775 0.28627450980392155 0.014705882352941176 0.02091503267973856
9 0.7533088235294118 0.23986928104575161 0.0125 0.0196078431372549
9 0.74375 0.22091503267973855 0.011029411764705881 0.02091503267973856
9 0.7227941176470588 0.21241830065359477 0.014705882352941176 0.01437908496732026
9 0.7367647058823529 0.2156862745098039 0.013235294117647059 0.01830065359477124
9 0.7154411764705882 0.17777777777777776 0.010294117647058823 0.023529411764705882
9 0.711764705882353 0.1679738562091503 0.010294117647058823 0.0196078431372549
9 0.7044117647058823 0.1588235294117647 0.011764705882352941 0.02222222222222222
9 0.7 0.1522875816993464 0.011764705882352941 0.02222222222222222
3 0.49816176470588236 0.07254901960784313 0.03308823529411765 0.07712418300653594
