3 0.29669117647058824 0.9352941176470587 0.06397058823529411 0.12679738562091503
2 0.2742647058823529 0.7503267973856209 0.03676470588235294 0.0392156862745098
3 0.32830882352941176 0.676470588235294 0.06691176470588235 0.07712418300653594
3 0.3529411764705882 0.5934640522875817 0.04264705882352941 0.13333333333333333
3 0.35955882352941176 0.47320261437908495 0.04264705882352941 0.1045751633986928
1 0.4261029411764706 0.5248366013071895 0.011029411764705881 0.04052287581699346
1 0.4143382352941176 0.5143790849673202 0.0125 0.03529411764705882
2 0.42720588235294116 0.538562091503268 0.010294117647058823 0.0392156862745098
9 0.4143382352941176 0.5313725490196078 0.0125 0.04052287581699346
9 0.39963235294117644 0.47320261437908495 0.009558823529411765 0.047058823529411764
0 0.39705882352941174 0.4666666666666666 0.013235294117647059 0.04967320261437908
3 0.38823529411764707 0.39215686274509803 0.032352941176470584 0.07581699346405228
3 0.38566176470588237 0.292156862745098 0.030147058823529412 0.06928104575163398
9 0.3110294117647059 0.4810457516339869 0.025 0.03398692810457516
9 0.3150735294117647 0.4660130718954248 0.02426470588235294 0.03529411764705882
9 0.31948529411764703 0.4620915032679738 0.022794117647058822 0.03529411764705882
9 0.32830882352941176 0.36732026143790847 0.02426470588235294 0.0261437908496732
9 0.3525735294117647 0.22941176470588234 0.019852941176470587 0.02483660130718954
9 0.3584558823529412 0.2045751633986928 0.019852941176470587 0.03006535947712418
9 0.35441176470588237 0.21699346405228756 0.01911764705882353 0.0261437908496732
6 0.3488970588235294 0.17843137254901958 0.03161764705882353 0.027450980392156862
3 0.33198529411764705 0.08823529411764705 0.03455882352941177 0.03790849673202614
3 0.34963235294117645 0.10588235294117647 0.04044117647058824 0.04183006535947712
3 0.34705882352941175 0.02679738562091503 0.039705882352941174 0.0326797385620915
3 0.6205882352941177 0.9163398692810457 0.060294117647058824 0.16470588235294117
3 0.5011029411764706 0.8313725490196078 0.04926470588235294 0.1568627450980392
9 0.6841911764705882 0.884313725490196 0.0375 0.03790849673202614
9 0.6841911764705882 0.8385620915032679 0.03897058823529412 0.043137254901960784
2 0.6569852941176471 0.7973856209150326 0.030147058823529412 0.04967320261437908
3 0.5941176470588235 0.6973856209150326 0.044117647058823525 0.12156862745098039
4 0.5128676470588235 0.5947712418300654 0.03455882352941177 0.1045751633986928
1 0.5481617647058823 0.6915032679738562 0.015441176470588236 0.03660130718954248
9 0.5481617647058823 0.6980392156862745 0.015441176470588236 0.04967320261437908
2 0.6264705882352941 0.6071895424836601 0.030882352941176472 0.04052287581699346
9 0.6875 0.5333333333333333 0.025 0.02875816993464052
9 0.6897058823529412 0.5522875816993463 0.032352941176470584 0.0326797385620915
7 0.7216911764705882 0.5326797385620915 0.03455882352941177 0.0718954248366013
3 0.6665441176470588 0.4836601307189542 0.07573529411764705 0.06013071895424836
9 0.6922794117647059 0.4202614379084967 0.027205882352941177 0.03529411764705882
9 0.6761029411764706 0.3437908496732026 0.022794117647058822 0.03398692810457516
9 0.6441176470588236 0.20130718954248364 0.020588235294117647 0.0261437908496732
3 0.6426470588235293 0.4209150326797385 0.057352941176470586 0.06797385620915032
3 0.5672794117647059 0.41241830065359475 0.030147058823529412 0.06405228758169934
3 0.49374999999999997 0.46535947712418296 0.03308823529411765 0.08104575163398692
3 0.4875 0.35686274509803917 0.029411764705882353 0.065359477124183
3 0.5485294117647058 0.26274509803921564 0.025 0.054901960784313725
0 0.5253676470588236 0.2647058823529412 0.008088235294117646 0.04052287581699346
0 0.5202205882352942 0.2647058823529412 0.008088235294117646 0.04052287581699346
3 0.4878676470588235 0.27058823529411763 0.025735294117647058 0.06013071895424836
3 0.4919117647058823 0.21503267973856208 0.025 0.050980392156862744
4 0.48713235294117646 0.14901960784313725 0.022794117647058822 0.04967320261437908
3 0.5823529411764706 0.01111111111111111 0.03529411764705882 0.02483660130718954
7 0.4970588235294118 0.11568627450980391 0.014705882352941176 0.04052287581699346
9 0.46249999999999997 0.14313725490196078 0.007352941176470588 0.027450980392156862
0 0.46286764705882355 0.13986928104575164 0.009558823529411765 0.03398692810457516
2 0.45073529411764707 0.14705882352941174 0.010294117647058823 0.027450980392156862
0 0.4488970588235294 0.14248366013071895 0.008088235294117646 0.03398692810457516
1 0.5121323529411764 0.09019607843137255 0.009558823529411765 0.02875816993464052
1 0.5253676470588236 0.08823529411764705 0.008088235294117646 0.03006535947712418
9 0.5128676470588235 0.09477124183006536 0.008088235294117646 0.02222222222222222
9 0.525 0.09542483660130718 0.007352941176470588 0.0261437908496732
