3 0.5455882352941176 0.9098039215686274 0.06470588235294117 0.15947712418300652
3 0.8606617647058823 0.8745098039215685 0.10808823529411765 0.15424836601307187
3 0.96875 0.872549019607843 0.06102941176470588 0.1372549019607843
3 0.4525735294117647 0.7006535947712418 0.04632352941176471 0.09934640522875816
3 0.8198529411764706 0.6366013071895424 0.09558823529411764 0.07581699346405228
3 0.8948529411764706 0.6045751633986928 0.06911764705882353 0.07973856209150326
3 0.7779411764705882 0.5771241830065359 0.08088235294117647 0.06666666666666667
3 0.7169117647058824 0.5967320261437908 0.047058823529411764 0.08235294117647059
4 0.6948529411764706 0.5209150326797385 0.054411764705882354 0.10326797385620914
3 0.8761029411764706 0.37124183006535943 0.04044117647058824 0.03660130718954248
3 0.8316176470588236 0.3352941176470588 0.03529411764705882 0.0326797385620915
3 0.7636029411764705 0.3359477124183006 0.030147058823529412 0.03398692810457516
3 0.7411764705882353 0.33398692810457514 0.025 0.027450980392156862
3 0.9852941176470588 0.3934640522875817 0.027941176470588233 0.03398692810457516
0 0.9650735294117647 0.3464052287581699 0.009558823529411765 0.03398692810457516
0 0.9511029411764705 0.3431372549019608 0.008088235294117646 0.03006535947712418
0 0.9610294117647059 0.3078431372549019 0.007352941176470588 0.027450980392156862
0 0.9555147058823529 0.3071895424836601 0.008088235294117646 0.0261437908496732
3 0.9319852941176471 0.2875816993464052 0.0375 0.0261437908496732
4 0.9882352941176471 0.2875816993464052 0.022058823529411763 0.023529411764705882
5 0.9779411764705882 0.2797385620915033 0.039705882352941174 0.03137254901960784
3 0.8591911764705882 0.33660130718954245 0.03161764705882353 0.0326797385620915
9 0.16544117647058823 0.7738562091503267 0.041176470588235294 0.047058823529411764
1 0.1661764705882353 0.7686274509803921 0.01764705882352941 0.08104575163398692
3 0.0875 0.7705882352941176 0.08676470588235294 0.11372549019607843
0 0.13345588235294117 0.7490196078431373 0.019852941176470587 0.07581699346405228
3 0.06102941176470588 0.6980392156862745 0.07205882352941176 0.0915032679738562
3 0.1025735294117647 0.6202614379084966 0.06691176470588235 0.07712418300653594
0 0.14595588235294119 0.5725490196078431 0.0125 0.05751633986928104
1 0.009558823529411765 0.6254901960784314 0.01764705882352941 0.05620915032679738
0 0.10514705882352941 0.5601307189542484 0.011764705882352941 0.05620915032679738
0 0.09338235294117647 0.5398692810457516 0.014705882352941176 0.05751633986928104
1 0.10220588235294117 0.5398692810457516 0.010294117647058823 0.03660130718954248
3 0.17316176470588235 0.5222222222222221 0.04926470588235294 0.05620915032679738
3 0.2411764705882353 0.4294117647058823 0.03529411764705882 0.05359477124183006
3 0.24779411764705883 0.6692810457516339 0.07205882352941176 0.09934640522875816
3 0.2867647058823529 0.5888888888888888 0.05 0.07450980392156863
3 0.31213235294117647 0.5359477124183006 0.04779411764705882 0.06274509803921569
3 0.3272058823529412 0.4836601307189542 0.03529411764705882 0.054901960784313725
3 0.34044117647058825 0.44248366013071894 0.03529411764705882 0.06405228758169934
3 0.35955882352941176 0.4117647058823529 0.029411764705882353 0.04444444444444444
3 0.3665441176470588 0.3849673202614379 0.022794117647058822 0.04052287581699346
3 0.37536764705882353 0.36209150326797385 0.02426470588235294 0.03660130718954248
3 0.3941176470588235 0.3300653594771242 0.01911764705882353 0.027450980392156862
3 0.4860294117647059 0.38169934640522873 0.022058823529411763 0.03398692810457516
3 0.4525735294117647 0.2980392156862745 0.016911764705882352 0.0261437908496732
9 0.38786764705882354 0.44313725490196076 0.011029411764705881 0.03137254901960784
9 0.5117647058823529 0.3098039215686274 0.007352941176470588 0.02091503267973856
9 0.4511029411764706 0.26078431372549016 0.005147058823529412 0.01437908496732026
1 0.38786764705882354 0.4359477124183006 0.009558823529411765 0.03529411764705882
1 0.5117647058823529 0.3071895424836601 0.007352941176470588 0.02091503267973856
1 0.4514705882352941 0.257516339869281 0.004411764705882353 0.02091503267973856
1 0.5371323529411764 0.37189542483660126 0.008088235294117646 0.027450980392156862
9 0.5375 0.37777777777777777 0.007352941176470588 0.02875816993464052
3 0.40661764705882353 0.2954248366013072 0.016176470588235292 0.0261437908496732
4 0.40808823529411764 0.2797385620915033 0.01764705882352941 0.02875816993464052
3 0.4150735294117647 0.27385620915032677 0.016911764705882352 0.02222222222222222
3 0.64375 0.4235294117647059 0.027205882352941177 0.04183006535947712
3 0.6242647058823529 0.39738562091503266 0.027941176470588233 0.03660130718954248
3 0.6091911764705882 0.36666666666666664 0.02426470588235294 0.03529411764705882
3 0.6029411764705882 0.3424836601307189 0.01911764705882353 0.0261437908496732
3 0.5977941176470588 0.32614379084967315 0.01911764705882353 0.02483660130718954
3 0.5878676470588236 0.31241830065359477 0.021323529411764706 0.0261437908496732
3 0.5856617647058824 0.29934640522875816 0.015441176470588236 0.02875816993464052
3 0.5816176470588236 0.2915032679738562 0.01764705882352941 0.0261437908496732
5 0.27242647058823527 0.33464052287581697 0.04485294117647059 0.03398692810457516
4 0.3073529411764706 0.3398692810457516 0.025 0.04444444444444444
3 0.31691176470588234 0.3248366013071895 0.01764705882352941 0.0326797385620915
3 0.33051470588235293 0.3150326797385621 0.016911764705882352 0.0261437908496732
3 0.3400735294117647 0.29673202614379085 0.015441176470588236 0.0261437908496732
4 0.34705882352941175 0.2830065359477124 0.014705882352941176 0.03006535947712418
3 0.35625 0.2745098039215686 0.013970588235294117 0.02875816993464052
3 0.4963235294117647 0.2333333333333333 0.008823529411764706 0.0196078431372549
5 0.5047794117647059 0.22156862745098038 0.009558823529411765 0.02222222222222222
3 0.4852941176470588 0.21503267973856208 0.008823529411764706 0.01437908496732026
3 0.4672794117647059 0.21830065359477122 0.009558823529411765 0.01568627450980392
3 0.44705882352941173 0.22549019607843135 0.010294117647058823 0.01437908496732026
4 0.48823529411764705 0.2026143790849673 0.007352941176470588 0.0130718954248366
3 0.4702205882352941 0.20196078431372547 0.009558823529411765 0.01437908496732026
3 0.4591911764705882 0.19477124183006533 0.009558823529411765 0.0130718954248366
4 0.4970588235294118 0.19019607843137254 0.007352941176470588 0.01437908496732026
4 0.48566176470588235 0.18823529411764706 0.006617647058823529 0.01568627450980392
8 0.49558823529411766 0.17320261437908496 0.010294117647058823 0.02222222222222222
3 0.47316176470588234 0.19346405228758168 0.006617647058823529 0.0130718954248366
3 0.48823529411764705 0.1803921568627451 0.007352941176470588 0.01045751633986928
3 0.4698529411764706 0.18431372549019606 0.0058823529411764705 0.01045751633986928
3 0.47095588235294117 0.17843137254901958 0.0125 0.011764705882352941
3 0.4724264705882353 0.16601307189542483 0.005147058823529412 0.00784313725490196
3 0.48455882352941176 0.17450980392156862 0.0058823529411764705 0.00915032679738562
4 0.48455882352941176 0.16862745098039214 0.0058823529411764705 0.0130718954248366
4 0.4202205882352941 0.25816993464052285 0.013970588235294117 0.027450980392156862
3 0.42316176470588235 0.25359477124183005 0.0125 0.01830065359477124
3 0.4264705882352941 0.24705882352941175 0.01764705882352941 0.02091503267973856
4 0.43088235294117644 0.23660130718954248 0.014705882352941176 0.02091503267973856
3 0.4338235294117647 0.23137254901960783 0.010294117647058823 0.01568627450980392
3 0.4345588235294118 0.22483660130718952 0.010294117647058823 0.01830065359477124
3 0.4375 0.2196078431372549 0.010294117647058823 0.0130718954248366
3 0.44080882352941175 0.20784313725490194 0.009558823529411765 0.0130718954248366
3 0.4426470588235294 0.2026143790849673 0.010294117647058823 0.0130718954248366
4 0.4452205882352941 0.1980392156862745 0.008088235294117646 0.01437908496732026
3 0.4474264705882353 0.19738562091503267 0.009558823529411765 0.0130718954248366
3 0.4488970588235294 0.18888888888888888 0.008088235294117646 0.01437908496732026
0 0.4463235294117647 0.21176470588235294 0.0029411764705882353 0.01568627450980392
