2 0.5880208333333333 0.9444444444444445 0.030208333333333334 0.1
1 0.5875 0.9175925925925926 0.025 0.07962962962962963
9 0.5942708333333333 0.6703703703703704 0.019791666666666666 0.06666666666666667
1 0.59375 0.6574074074074074 0.01875 0.05555555555555556
3 0.2598958333333333 0.8796296296296297 0.10104166666666667 0.1962962962962963
0 0.22552083333333334 0.5259259259259259 0.017708333333333333 0.044444444444444446
6 0.2859375 0.5175925925925926 0.036458333333333336 0.08703703703703704
1 0.28229166666666666 0.5231481481481481 0.01875 0.053703703703703705
9 0.3265625 0.46574074074074073 0.015625 0.04259259259259259
9 0.3692708333333333 0.4675925925925926 0.015625 0.0462962962962963
1 0.3260416666666667 0.45555555555555555 0.0125 0.03333333333333333
1 0.3697916666666667 0.45462962962962966 0.014583333333333334 0.03518518518518519
0 0.3296875 0.4324074074074074 0.009375 0.031481481481481485
3 0.17239583333333333 0.5055555555555555 0.06145833333333333 0.08888888888888889
3 0.6848958333333334 0.40370370370370373 0.034375 0.05925925925925926
9 0.5369791666666667 0.4175925925925926 0.011458333333333333 0.03888888888888889
1 0.5369791666666667 0.4083333333333333 0.007291666666666667 0.02777777777777778
6 0.5822916666666667 0.42592592592592593 0.01875 0.044444444444444446
1 0.5807291666666666 0.41481481481481486 0.013541666666666667 0.022222222222222223
9 0.60625 0.4388888888888889 0.010416666666666666 0.037037037037037035
1 0.6067708333333334 0.4361111111111111 0.009375 0.031481481481481485
1 0.6046875 0.42962962962962964 0.009375 0.03333333333333333
3 0.6135416666666667 0.4046296296296297 0.03125 0.05
9 0.5541666666666667 0.35185185185185186 0.008333333333333333 0.022222222222222223
1 0.5552083333333333 0.34351851851851856 0.004166666666666667 0.016666666666666666
3 0.515625 0.30462962962962964 0.01875 0.031481481481481485
4 0.5171875 0.2777777777777778 0.013541666666666667 0.02962962962962963
9 0.5427083333333333 0.31574074074074077 0.008333333333333333 0.020370370370370372
9 0.5630208333333333 0.3092592592592593 0.009375 0.018518518518518517
9 0.5557291666666666 0.32962962962962966 0.007291666666666667 0.014814814814814815
1 0.5432291666666667 0.3055555555555556 0.005208333333333333 0.018518518518518517
1 0.5552083333333333 0.32592592592592595 0.004166666666666667 0.018518518518518517
1 0.5645833333333333 0.3027777777777778 0.004166666666666667 0.020370370370370372
3 0.5770833333333333 0.29074074074074074 0.016666666666666666 0.02962962962962963
6 0.5510416666666667 0.30185185185185187 0.010416666666666666 0.02592592592592593
7 0.5369791666666667 0.26944444444444443 0.011458333333333333 0.02777777777777778
5 0.5229166666666667 0.24166666666666667 0.01875 0.0462962962962963
6 0.46770833333333334 0.29444444444444445 0.010416666666666666 0.02962962962962963
3 0.4895833333333333 0.2657407407407408 0.014583333333333334 0.02777777777777778
9 0.36354166666666665 0.3601851851851852 0.010416666666666666 0.031481481481481485
1 0.3645833333333333 0.3574074074074074 0.010416666666666666 0.03333333333333333
0 0.390625 0.34814814814814815 0.00625 0.02962962962962963
3 0.38645833333333335 0.33425925925925926 0.027083333333333334 0.03518518518518519
3 0.48541666666666666 0.24351851851851852 0.0125 0.020370370370370372
3 0.4979166666666667 0.22685185185185186 0.010416666666666666 0.020370370370370372
