3 0.8352941176470589 0.7470588235294117 0.22352941176470587 0.19999999999999998
4 0.3698529411764706 0.6098039215686274 0.1602941176470588 0.17124183006535945
3 0.25036764705882353 0.8647058823529411 0.2227941176470588 0.19999999999999998
3 0.9246323529411764 0.5156862745098039 0.14779411764705883 0.1738562091503268
3 0.6977941176470588 0.07647058823529411 0.060294117647058824 0.11895424836601307
3 0.5702205882352941 0.043137254901960784 0.05955882352941176 0.08888888888888888
0 0.4702205882352941 0.30849673202614375 0.019852941176470587 0.08627450980392157
0 0.8816176470588235 0.3379084967320261 0.032352941176470584 0.08758169934640522
0 0.8937499999999999 0.3464052287581699 0.030147058823529412 0.07058823529411765
1 0.2985294117647059 0.37777777777777777 0.025 0.07581699346405228
1 0.3136029411764706 0.3810457516339869 0.027205882352941177 0.0718954248366013
9 0.3055147058823529 0.38692810457516336 0.05808823529411765 0.07058823529411765
3 0.04154411764705882 0.18104575163398692 0.08161764705882353 0.16862745098039214
1 0.35551470588235295 0.10849673202614378 0.015441176470588236 0.04183006535947712
1 0.3338235294117647 0.10980392156862745 0.023529411764705882 0.047058823529411764
9 0.3338235294117647 0.06862745098039215 0.033823529411764704 0.04836601307189542
2 0.2838235294117647 0.11241830065359476 0.060294117647058824 0.06274509803921569
9 0.4698529411764706 0.01895424836601307 0.01764705882352941 0.03790849673202614
