3 0.2598958333333333 0.8972222222222223 0.042708333333333334 0.1425925925925926
3 0.26875 0.6981481481481482 0.0375 0.10740740740740741
3 0.16979166666666667 0.5277777777777778 0.0375 0.06666666666666667
3 0.45416666666666666 0.5101851851851852 0.035416666666666666 0.06851851851851852
7 0.5067708333333333 0.787962962962963 0.028125 0.08703703703703704
2 0.4661458333333333 0.8305555555555556 0.015625 0.053703703703703705
1 0.4635416666666667 0.8240740740740741 0.0125 0.044444444444444446
2 0.4895833333333333 0.8351851851851853 0.014583333333333334 0.05555555555555556
1 0.48854166666666665 0.8287037037037037 0.010416666666666666 0.0462962962962963
5 0.7765625 0.9527777777777778 0.084375 0.09074074074074075
2 0.5963541666666666 0.5916666666666667 0.017708333333333333 0.04259259259259259
1 0.5947916666666666 0.5833333333333334 0.010416666666666666 0.037037037037037035
1 0.6005208333333333 0.5796296296296296 0.007291666666666667 0.040740740740740744
9 0.5947916666666666 0.5564814814814815 0.020833333333333332 0.03888888888888889
2 0.5786458333333333 0.5240740740740741 0.017708333333333333 0.02962962962962963
2 0.5723958333333333 0.5027777777777778 0.013541666666666667 0.02777777777777778
2 0.5890625 0.49074074074074076 0.019791666666666666 0.022222222222222223
2 0.5869791666666666 0.48240740740740745 0.017708333333333333 0.020370370370370372
9 0.5598958333333334 0.48888888888888893 0.021875 0.022222222222222223
9 0.5546875 0.4740740740740741 0.019791666666666666 0.02962962962962963
9 0.5442708333333334 0.4444444444444445 0.013541666666666667 0.02592592592592593
9 0.5791666666666666 0.4527777777777778 0.022916666666666665 0.024074074074074074
3 0.4822916666666667 0.3074074074074074 0.022916666666666665 0.037037037037037035
9 0.5166666666666666 0.3675925925925926 0.010416666666666666 0.02777777777777778
1 0.5166666666666666 0.36388888888888893 0.004166666666666667 0.02777777777777778
9 0.5333333333333333 0.3666666666666667 0.014583333333333334 0.022222222222222223
0 0.5317708333333333 0.3601851851851852 0.005208333333333333 0.031481481481481485
2 0.5494791666666666 0.40555555555555556 0.013541666666666667 0.022222222222222223
2 0.5286458333333334 0.41481481481481486 0.015625 0.022222222222222223
3 0.051041666666666666 0.7574074074074074 0.058333333333333334 0.0925925925925926
4 0.08177083333333333 0.6361111111111112 0.040625 0.09444444444444444
3 0.09583333333333333 0.575925925925926 0.029166666666666667 0.05185185185185186
3 0.14166666666666666 0.37222222222222223 0.025 0.05555555555555556
3 0.12916666666666665 0.4185185185185185 0.027083333333333334 0.06666666666666667
3 0.034895833333333334 0.45555555555555555 0.042708333333333334 0.037037037037037035
3 0.3484375 0.42685185185185187 0.026041666666666668 0.05
5 0.24427083333333333 0.30462962962962964 0.028125 0.08333333333333334
3 0.15052083333333333 0.33240740740740743 0.021875 0.0462962962962963
4 0.16979166666666667 0.23055555555555557 0.016666666666666666 0.03888888888888889
3 0.16510416666666666 0.16203703703703703 0.017708333333333333 0.020370370370370372
2 0.28229166666666666 0.4222222222222222 0.008333333333333333 0.02962962962962963
1 0.28229166666666666 0.41481481481481486 0.004166666666666667 0.02592592592592593
2 0.21302083333333333 0.4027777777777778 0.005208333333333333 0.02777777777777778
2 0.390625 0.4666666666666667 0.00625 0.02962962962962963
2 0.3723958333333333 0.3601851851851852 0.007291666666666667 0.020370370370370372
2 0.40729166666666666 0.3194444444444445 0.00625 0.024074074074074074
2 0.21666666666666667 0.35370370370370374 0.008333333333333333 0.02592592592592593
2 0.21145833333333333 0.275 0.004166666666666667 0.020370370370370372
2 0.22239583333333332 0.28055555555555556 0.007291666666666667 0.020370370370370372
1 0.21354166666666666 0.3925925925925926 0.00625 0.02962962962962963
1 0.21666666666666667 0.34351851851851856 0.00625 0.024074074074074074
1 0.21041666666666667 0.26851851851851855 0.00625 0.022222222222222223
1 0.22239583333333332 0.2740740740740741 0.007291666666666667 0.022222222222222223
1 0.390625 0.45833333333333337 0.00625 0.03518518518518519
1 0.37135416666666665 0.3527777777777778 0.005208333333333333 0.024074074074074074
1 0.409375 0.3148148148148148 0.00625 0.022222222222222223
4 0.4630208333333333 0.3527777777777778 0.02395833333333333 0.05
0 0.46770833333333334 0.3 0.004166666666666667 0.02962962962962963
2 0.12552083333333333 0.27222222222222225 0.013541666666666667 0.018518518518518517
2 0.1171875 0.30462962962962964 0.015625 0.016666666666666666
2 0.12916666666666665 0.28055555555555556 0.008333333333333333 0.016666666666666666
4 0.22604166666666667 0.14351851851851852 0.0125 0.031481481481481485
3 0.22864583333333333 0.1212962962962963 0.013541666666666667 0.024074074074074074
3 0.3260416666666667 0.17685185185185187 0.014583333333333334 0.024074074074074074
4 0.4140625 0.1425925925925926 0.013541666666666667 0.02962962962962963
