0 0.5584558823529412 0.7294117647058823 0.02426470588235294 0.09934640522875816
0 0.6283088235294118 0.7464052287581698 0.019852941176470587 0.0915032679738562
0 0.6389705882352941 0.7300653594771241 0.022058823529411763 0.09542483660130718
1 0.7731617647058824 0.6627450980392157 0.019852941176470587 0.08366013071895424
0 0.8084558823529412 0.6973856209150326 0.02426470588235294 0.07712418300653594
1 0.6911764705882353 0.5862745098039215 0.01764705882352941 0.07712418300653594
0 0.052573529411764706 0.7287581699346405 0.027205882352941177 0.10065359477124182
0 0.08970588235294118 0.6725490196078431 0.025 0.09542483660130718
0 0.09632352941176471 0.4993464052287581 0.01764705882352941 0.06797385620915032
0 0.12022058823529412 0.4941176470588235 0.021323529411764706 0.06797385620915032
0 0.13051470588235295 0.39738562091503266 0.015441176470588236 0.06013071895424836
0 0.09301470588235294 0.38627450980392153 0.011029411764705881 0.058823529411764705
1 0.10919117647058824 0.4026143790849673 0.013970588235294117 0.03398692810457516
1 0.33308823529411763 0.3980392156862745 0.01764705882352941 0.05359477124183006
9 0.4375 0.41503267973856206 0.01911764705882353 0.04836601307189542
0 0.5518382352941177 0.4745098039215686 0.0125 0.06797385620915032
1 0.6294117647058823 0.4490196078431372 0.01764705882352941 0.06405228758169934
1 0.6584558823529412 0.45359477124183 0.01838235294117647 0.06013071895424836
1 0.6051470588235294 0.45751633986928103 0.022058823529411763 0.06274509803921569
1 0.6014705882352941 0.4588235294117647 0.014705882352941176 0.04183006535947712
0 0.5551470588235294 0.2947712418300653 0.011764705882352941 0.05359477124183006
0 0.5404411764705882 0.29673202614379085 0.008823529411764706 0.0392156862745098
1 0.5033088235294118 0.4052287581699346 0.015441176470588236 0.04183006535947712
3 0.6463235294117647 0.31699346405228757 0.060294117647058824 0.06405228758169934
0 0.7470588235294118 0.6366013071895424 0.01911764705882353 0.07320261437908496
0 0.9011029411764706 0.42287581699346405 0.0125 0.06405228758169934
1 0.9448529411764706 0.4065359477124183 0.020588235294117647 0.06274509803921569
1 0.9441176470588235 0.39999999999999997 0.01764705882352941 0.06274509803921569
4 0.6985294117647058 0.2947712418300653 0.06764705882352941 0.09281045751633986
3 0.7584558823529411 0.31633986928104574 0.05955882352941176 0.06274509803921569
3 0.8084558823529412 0.31241830065359477 0.07279411764705883 0.065359477124183
4 0.8650735294117647 0.3111111111111111 0.07279411764705883 0.07320261437908496
3 0.9544117647058823 0.31633986928104574 0.08529411764705883 0.06274509803921569
3 0.1275735294117647 0.28431372549019607 0.03455882352941177 0.06405228758169934
4 0.023161764705882354 0.2764705882352941 0.04191176470588235 0.07973856209150326
3 0.08051470588235295 0.22483660130718952 0.06544117647058824 0.04444444444444444
3 0.12610294117647058 0.22614379084967318 0.05220588235294118 0.04183006535947712
3 0.028676470588235293 0.2196078431372549 0.057352941176470586 0.04967320261437908
3 0.18566176470588236 0.21111111111111108 0.04191176470588235 0.043137254901960784
3 0.22169117647058822 0.21830065359477122 0.04779411764705882 0.0392156862745098
3 0.28308823529411764 0.21699346405228756 0.039705882352941174 0.04183006535947712
3 0.3202205882352941 0.21895424836601304 0.04632352941176471 0.0457516339869281
3 0.3665441176470588 0.226797385620915 0.04779411764705882 0.04836601307189542
3 0.4051470588235294 0.22941176470588234 0.052941176470588235 0.043137254901960784
3 0.46838235294117647 0.2281045751633987 0.05 0.043137254901960784
3 0.5220588235294118 0.23660130718954248 0.052941176470588235 0.04967320261437908
3 0.5816176470588236 0.23202614379084965 0.027941176470588233 0.043137254901960784
4 0.6191176470588236 0.22875816993464052 0.03676470588235294 0.054901960784313725
4 0.6639705882352941 0.2281045751633987 0.032352941176470584 0.04836601307189542
3 0.7088235294117647 0.23202614379084965 0.039705882352941174 0.050980392156862744
3 0.8584558823529411 0.23986928104575161 0.03308823529411765 0.043137254901960784
3 0.9279411764705883 0.23986928104575161 0.041176470588235294 0.050980392156862744
3 0.9738970588235294 0.23660130718954248 0.0375 0.04967320261437908
3 0.05919117647058823 0.10392156862745097 0.05367647058823529 0.0326797385620915
0 0.05220588235294118 0.10261437908496732 0.007352941176470588 0.03529411764705882
4 0.16727941176470587 0.1065359477124183 0.05220588235294118 0.0326797385620915
4 0.5139705882352941 0.07058823529411765 0.016176470588235292 0.03137254901960784
3 0.7544117647058823 0.12156862745098039 0.045588235294117645 0.03137254901960784
0 0.7591911764705882 0.11895424836601307 0.005147058823529412 0.03398692810457516
3 0.8481617647058823 0.1261437908496732 0.05220588235294118 0.03006535947712418
3 0.7625 0.04967320261437908 0.029411764705882353 0.02091503267973856
4 0.8448529411764706 0.03660130718954248 0.020588235294117647 0.01830065359477124
3 0.8647058823529412 0.03986928104575163 0.020588235294117647 0.01699346405228758
3 0.8816176470588235 0.03856209150326797 0.01911764705882353 0.0196078431372549
