4 0.6227941176470588 0.3529411764705882 0.060294117647058824 0.065359477124183
3 0.23124999999999998 0.484313725490196 0.08602941176470588 0.09803921568627451
9 0.4496323529411765 0.4784313725490196 0.022794117647058822 0.047058823529411764
3 0.4415441176470588 0.4156862745098039 0.06544117647058824 0.08888888888888888
3 0.3316176470588235 0.45751633986928103 0.09117647058823529 0.08366013071895424
3 0.15698529411764706 0.5176470588235293 0.05514705882352941 0.12026143790849672
3 0.075 0.561437908496732 0.08529411764705883 0.1372549019607843
7 0.20551470588235293 0.34901960784313724 0.05220588235294118 0.065359477124183
1 0.19852941176470587 0.3503267973856209 0.014705882352941176 0.0392156862745098
6 0.04522058823529412 0.3372549019607843 0.05367647058823529 0.047058823529411764
3 0.3588235294117647 0.30588235294117644 0.075 0.07058823529411765
3 0.2948529411764706 0.2679738562091503 0.07205882352941176 0.06274509803921569
4 0.36470588235294116 0.24705882352941175 0.032352941176470584 0.06274509803921569
3 0.16176470588235295 0.3111111111111111 0.0838235294117647 0.06013071895424836
9 0.14522058823529413 0.2633986928104575 0.025735294117647058 0.03006535947712418
3 0.18566176470588236 0.2673202614379085 0.04779411764705882 0.05620915032679738
3 0.09632352941176471 0.2915032679738562 0.04852941176470588 0.07581699346405228
4 0.30919117647058825 0.19281045751633985 0.05514705882352941 0.04836601307189542
3 0.22389705882352942 0.2522875816993464 0.028676470588235293 0.04967320261437908
3 0.5279411764705882 0.19934640522875816 0.060294117647058824 0.04052287581699346
4 0.6121323529411765 0.16209150326797384 0.06544117647058824 0.065359477124183
3 0.5669117647058823 0.13333333333333333 0.03529411764705882 0.03660130718954248
0 0.36066176470588235 0.14509803921568626 0.006617647058823529 0.02875816993464052
9 0.37169117647058825 0.17320261437908496 0.019852941176470587 0.02222222222222222
9 0.36213235294117646 0.16862745098039214 0.015441176470588236 0.02091503267973856
3 0.23272058823529412 0.21437908496732025 0.06838235294117646 0.047058823529411764
