1 0.8441176470588235 0.44705882352941173 0.007352941176470588 0.02091503267973856
9 0.84375 0.4483660130718954 0.006617647058823529 0.01568627450980392
8 0.7419117647058824 0.34967320261437906 0.032352941176470584 0.04836601307189542
5 0.9841911764705882 0.38954248366013067 0.030147058823529412 0.0261437908496732
5 0.93125 0.3483660130718954 0.05220588235294118 0.043137254901960784
5 0.9496323529411764 0.3549019607843137 0.05955882352941176 0.043137254901960784
3 0.9408088235294118 0.6248366013071895 0.04485294117647059 0.0522875816993464
3 0.5632352941176471 0.27843137254901956 0.007352941176470588 0.0130718954248366
3 0.5731617647058823 0.32941176470588235 0.0125 0.01830065359477124
3 0.6720588235294117 0.4875816993464052 0.020588235294117647 0.0261437908496732
5 0.5297794117647059 0.3477124183006536 0.0375 0.06013071895424836
5 0.48308823529411765 0.38692810457516336 0.04264705882352941 0.0784313725490196
3 0.5691176470588235 0.37189542483660126 0.016176470588235292 0.027450980392156862
3 0.56875 0.3875816993464052 0.0125 0.02222222222222222
3 0.5665441176470588 0.40196078431372545 0.013970588235294117 0.02483660130718954
3 0.5676470588235294 0.42156862745098034 0.014705882352941176 0.0326797385620915
3 0.5691176470588235 0.4464052287581699 0.01764705882352941 0.03006535947712418
3 0.5650735294117647 0.4738562091503268 0.01838235294117647 0.0326797385620915
3 0.5430147058823529 0.4294117647058823 0.015441176470588236 0.027450980392156862
4 0.5661764705882353 0.5013071895424837 0.01764705882352941 0.043137254901960784
3 0.5393382352941176 0.4529411764705882 0.015441176470588236 0.03006535947712418
3 0.5378676470588235 0.4784313725490196 0.016911764705882352 0.02875816993464052
3 0.5702205882352941 0.5320261437908497 0.019852941176470587 0.03660130718954248
3 0.5661764705882353 0.5588235294117647 0.025 0.05620915032679738
3 0.5691176470588235 0.6065359477124183 0.025 0.04967320261437908
3 0.5775735294117647 0.6555555555555556 0.027205882352941177 0.05620915032679738
3 0.5735294117647058 0.7071895424836601 0.027941176470588233 0.065359477124183
3 0.5772058823529411 0.7745098039215685 0.032352941176470584 0.08235294117647059
3 0.5775735294117647 0.8594771241830065 0.0375 0.09803921568627451
3 0.56875 0.9483660130718954 0.04044117647058824 0.10065359477124182
4 0.5378676470588235 0.5084967320261438 0.01838235294117647 0.04967320261437908
4 0.5356617647058823 0.5424836601307189 0.01838235294117647 0.047058823529411764
3 0.5338235294117647 0.5797385620915032 0.023529411764705882 0.050980392156862744
3 0.53125 0.6222222222222222 0.025735294117647058 0.0522875816993464
3 0.53125 0.6712418300653594 0.027205882352941177 0.05359477124183006
3 0.5375 0.7222222222222222 0.029411764705882353 0.06405228758169934
3 0.5397058823529411 0.788235294117647 0.03529411764705882 0.08104575163398692
3 0.5128676470588235 0.4633986928104575 0.01838235294117647 0.03006535947712418
3 0.4900735294117647 0.45228758169934635 0.019852941176470587 0.03137254901960784
3 0.48051470588235295 0.4718954248366013 0.01838235294117647 0.02875816993464052
3 0.47205882352941175 0.49803921568627446 0.020588235294117647 0.03660130718954248
3 0.5106617647058823 0.484313725490196 0.01838235294117647 0.0326797385620915
3 0.5088235294117647 0.5098039215686274 0.01911764705882353 0.03398692810457516
3 0.5058823529411764 0.5464052287581699 0.022058823529411763 0.03660130718954248
3 0.49522058823529413 0.5830065359477123 0.025735294117647058 0.06013071895424836
3 0.4860294117647059 0.6405228758169934 0.025 0.054901960784313725
4 0.4591911764705882 0.526797385620915 0.025735294117647058 0.06013071895424836
3 0.41911764705882354 0.5522875816993463 0.025 0.04836601307189542
3 0.4753676470588235 0.7444444444444444 0.03161764705882353 0.07712418300653594
3 0.4632352941176471 0.8300653594771241 0.039705882352941174 0.10980392156862745
3 0.4540441176470588 0.9398692810457515 0.04485294117647059 0.11764705882352941
5 0.4154411764705882 0.6405228758169934 0.07794117647058824 0.19346405228758168
5 0.3801470588235294 0.5915032679738562 0.055882352941176466 0.12941176470588234
5 0.3165441176470588 0.6013071895424836 0.11102941176470588 0.1830065359477124
4 0.38088235294117645 0.7810457516339869 0.04264705882352941 0.11633986928104574
3 0.3669117647058823 0.8803921568627451 0.04264705882352941 0.11372549019607843
5 0.3139705882352941 0.926797385620915 0.09705882352941177 0.1437908496732026
5 0.275 0.8104575163398692 0.14558823529411766 0.30588235294117644
5 0.1827205882352941 0.8039215686274509 0.19191176470588234 0.3607843137254902
