3 0.3377604166666667 0.9125000000000001 0.20885416666666667 0.17314814814814816
1 0.82421875 0.8833333333333334 0.0515625 0.21666666666666667
2 0.81796875 0.9231481481481482 0.0609375 0.15185185185185185
2 0.0296875 0.7898148148148149 0.05520833333333333 0.11666666666666667
0 0.09661458333333334 0.7824074074074074 0.057812499999999996 0.20185185185185187
0 0.09661458333333334 0.7430555555555556 0.0421875 0.1638888888888889
0 0.146875 0.7069444444444445 0.046875 0.16018518518518518
0 0.22552083333333334 0.7337962962962963 0.035416666666666666 0.1824074074074074
1 0.2630208333333333 0.7625000000000001 0.035416666666666666 0.1564814814814815
2 0.2565104166666667 0.8273148148148148 0.049479166666666664 0.11018518518518519
3 0.4171875 0.7083333333333334 0.08645833333333333 0.13518518518518519
3 0.5278645833333333 0.6578703703703704 0.06614583333333333 0.1175925925925926
2 0.29791666666666666 0.6018518518518519 0.01875 0.04814814814814815
9 0.3255208333333333 0.5837962962962964 0.026041666666666668 0.05277777777777778
1 0.35182291666666665 0.6138888888888889 0.021354166666666667 0.06851851851851852
2 0.34921875 0.6518518518518519 0.01614583333333333 0.06481481481481481
3 0.4505208333333333 0.6055555555555556 0.04791666666666666 0.07407407407407407
3 0.5216145833333333 0.5916666666666667 0.0453125 0.05555555555555556
3 0.5153645833333333 0.5717592592592593 0.034895833333333334 0.03981481481481482
3 0.5130208333333334 0.5583333333333333 0.03333333333333333 0.03518518518518519
3 0.4578125 0.5666666666666667 0.035416666666666666 0.04259259259259259
3 0.4653645833333333 0.5527777777777778 0.027604166666666666 0.037037037037037035
3 0.4752604166666667 0.5361111111111111 0.022395833333333334 0.02962962962962963
3 0.4791666666666667 0.5180555555555556 0.015625 0.026851851851851852
4 0.4809895833333333 0.512962962962963 0.015104166666666667 0.03333333333333333
3 0.4966145833333333 0.5212962962962964 0.01614583333333333 0.022222222222222223
3 0.4966145833333333 0.5115740740740741 0.008854166666666666 0.015740740740740743
4 0.4973958333333333 0.5055555555555555 0.010416666666666666 0.018518518518518517
1 0.39036458333333335 0.5291666666666667 0.0067708333333333336 0.032407407407407406
2 0.39036458333333335 0.5430555555555556 0.0078125 0.02314814814814815
1 0.4010416666666667 0.5310185185185186 0.00625 0.026851851851851852
9 0.4041666666666667 0.5458333333333334 0.017708333333333333 0.025
1 0.43854166666666666 0.5287037037037037 0.004166666666666667 0.012962962962962964
1 0.4393229166666667 0.5222222222222223 0.005729166666666666 0.018518518518518517
2 0.43854166666666666 0.5347222222222222 0.005208333333333333 0.019444444444444445
1 0.6130208333333333 0.6560185185185186 0.019791666666666666 0.09351851851851853
2 0.6104166666666666 0.6805555555555556 0.010416666666666666 0.07037037037037037
1 0.63984375 0.6560185185185186 0.0203125 0.08611111111111111
2 0.63984375 0.6810185185185186 0.0234375 0.0712962962962963
1 0.5697916666666667 0.6032407407407407 0.017708333333333333 0.05092592592592593
9 0.5671875 0.6208333333333333 0.016666666666666666 0.058333333333333334
1 0.6015625 0.6055555555555556 0.014583333333333334 0.061111111111111116
2 0.6 0.6240740740740741 0.0125 0.05185185185185186
1 0.5645833333333333 0.5689814814814815 0.009375 0.04722222222222222
2 0.5627604166666667 0.5847222222222223 0.0067708333333333336 0.030555555555555558
3 0.58671875 0.5527777777777778 0.05364583333333333 0.040740740740740744
3 0.6171875 0.5328703703703704 0.03958333333333333 0.03425925925925926
1 0.6505208333333333 0.5458333333333334 0.007291666666666667 0.028703703703703703
3 0.5903645833333333 0.5259259259259259 0.034895833333333334 0.02592592592592593
3 0.5802083333333333 0.525 0.028125 0.02777777777777778
3 0.57421875 0.5203703703703704 0.025520833333333333 0.020370370370370372
1 0.5533854166666666 0.5194444444444445 0.0046875 0.020370370370370372
2 0.5528645833333333 0.5324074074074074 0.0036458333333333334 0.018518518518518517
3 0.5604166666666667 0.5185185185185185 0.022916666666666665 0.016666666666666666
3 0.5567708333333333 0.5120370370370371 0.022916666666666665 0.018518518518518517
1 0.54609375 0.5333333333333333 0.0046875 0.020370370370370372
2 0.5447916666666667 0.5453703703703704 0.004166666666666667 0.020370370370370372
1 0.5341145833333333 0.5310185185185186 0.005729166666666666 0.019444444444444445
1 0.5377604166666666 0.5287037037037037 0.0036458333333333334 0.018518518518518517
2 0.5341145833333333 0.5444444444444445 0.0046875 0.018518518518518517
2 0.5377604166666666 0.5407407407407407 0.0046875 0.018518518518518517
1 0.5283854166666666 0.5259259259259259 0.0046875 0.016666666666666666
2 0.5278645833333333 0.537962962962963 0.0046875 0.016666666666666666
1 0.5221354166666666 0.5287037037037037 0.0036458333333333334 0.016666666666666666
2 0.5229166666666667 0.5398148148148149 0.004166666666666667 0.012962962962962964
1 0.5161458333333333 0.5185185185185185 0.004166666666666667 0.018518518518518517
9 0.5153645833333333 0.5273148148148148 0.0036458333333333334 0.01388888888888889
1 0.5122395833333333 0.5152777777777778 0.005729166666666666 0.01388888888888889
2 0.5122395833333333 0.5259259259259259 0.0036458333333333334 0.012962962962962964
