3 0.5007352941176471 0.13398692810457516 0.010294117647058823 0.01437908496732026
3 0.5257352941176471 0.13660130718954247 0.007352941176470588 0.01437908496732026
3 0.5308823529411765 0.13137254901960782 0.007352941176470588 0.011764705882352941
0 0.4716911764705882 0.1568627450980392 0.003676470588235294 0.01830065359477124
1 0.48161764705882354 0.14967320261437908 0.0029411764705882353 0.011764705882352941
9 0.48161764705882354 0.15424836601307187 0.0029411764705882353 0.0130718954248366
3 0.4985294117647059 0.1522875816993464 0.010294117647058823 0.01437908496732026
3 0.5227941176470589 0.1588235294117647 0.010294117647058823 0.01437908496732026
3 0.4985294117647059 0.16339869281045752 0.010294117647058823 0.02091503267973856
3 0.5470588235294117 0.16601307189542483 0.025 0.01568627450980392
3 0.555514705882353 0.16928104575163397 0.01838235294117647 0.01699346405228758
3 0.5566176470588236 0.17712418300653593 0.013235294117647059 0.01699346405228758
3 0.5595588235294118 0.19607843137254902 0.014705882352941176 0.02091503267973856
3 0.5356617647058823 0.19019607843137254 0.0125 0.0196078431372549
3 0.5224264705882353 0.19999999999999998 0.0125 0.02091503267973856
4 0.4948529411764706 0.2006535947712418 0.013235294117647059 0.027450980392156862
4 0.48933823529411763 0.2372549019607843 0.015441176470588236 0.03529411764705882
8 0.5511029411764706 0.2503267973856209 0.027205882352941177 0.06143790849673202
6 0.4650735294117647 0.21699346405228756 0.011029411764705881 0.02091503267973856
1 0.46397058823529413 0.21111111111111108 0.0058823529411764705 0.0196078431372549
3 0.6363970588235294 0.2281045751633987 0.03308823529411765 0.02222222222222222
3 0.6415441176470588 0.24967320261437906 0.01838235294117647 0.02875816993464052
3 0.39044117647058824 0.20718954248366012 0.020588235294117647 0.02222222222222222
3 0.37536764705882353 0.24313725490196078 0.030147058823529412 0.023529411764705882
3 0.3577205882352941 0.25163398692810457 0.03897058823529412 0.027450980392156862
3 0.3636029411764706 0.25359477124183005 0.0375 0.0261437908496732
4 0.36213235294117646 0.2673202614379085 0.019852941176470587 0.0326797385620915
3 0.649264705882353 0.2673202614379085 0.020588235294117647 0.03006535947712418
4 0.6643382352941176 0.29869281045751633 0.019852941176470587 0.04052287581699346
0 0.5838235294117647 0.2830065359477124 0.0058823529411764705 0.027450980392156862
0 0.5878676470588236 0.2869281045751634 0.003676470588235294 0.0196078431372549
3 0.4834558823529412 0.26862745098039215 0.019852941176470587 0.0326797385620915
3 0.4852941176470588 0.2856209150326797 0.01911764705882353 0.03529411764705882
3 0.44705882352941173 0.28888888888888886 0.022058823529411763 0.04183006535947712
3 0.4764705882352941 0.3045751633986928 0.022058823529411763 0.03660130718954248
3 0.3316176470588235 0.31045751633986923 0.032352941176470584 0.03529411764705882
1 0.3316176470588235 0.28104575163398693 0.007352941176470588 0.0261437908496732
9 0.26433823529411765 0.2542483660130719 0.005147058823529412 0.0196078431372549
0 0.27904411764705883 0.265359477124183 0.005147058823529412 0.02875816993464052
0 0.27352941176470585 0.26601307189542484 0.007352941176470588 0.03006535947712418
0 0.2727941176470588 0.28627450980392155 0.0058823529411764705 0.0261437908496732
0 0.27205882352941174 0.2915032679738562 0.004411764705882353 0.01830065359477124
0 0.2757352941176471 0.2973856209150327 0.007352941176470588 0.0326797385620915
0 0.28051470588235294 0.2973856209150327 0.006617647058823529 0.03529411764705882
1 0.18970588235294117 0.19346405228758168 0.007352941176470588 0.02091503267973856
4 0.4334558823529412 0.3222222222222222 0.022794117647058822 0.050980392156862744
3 0.4775735294117647 0.3326797385620915 0.022794117647058822 0.043137254901960784
3 0.47316176470588234 0.36209150326797385 0.027205882352941177 0.04967320261437908
3 0.4650735294117647 0.4084967320261438 0.03161764705882353 0.06405228758169934
3 0.45294117647058824 0.46732026143790845 0.03529411764705882 0.06405228758169934
1 0.5915441176470588 0.3705882352941176 0.008088235294117646 0.0326797385620915
1 0.5915441176470588 0.37385620915032675 0.006617647058823529 0.02875816993464052
9 0.5915441176470588 0.37712418300653594 0.008088235294117646 0.03006535947712418
3 0.6720588235294117 0.3222222222222222 0.025 0.03529411764705882
3 0.6463235294117647 0.34705882352941175 0.022058823529411763 0.043137254901960784
3 0.7044117647058823 0.3803921568627451 0.033823529411764704 0.04444444444444444
3 0.7349264705882352 0.40457516339869276 0.05220588235294118 0.05620915032679738
3 0.7827205882352941 0.44705882352941173 0.06985294117647059 0.054901960784313725
3 0.8125 0.47320261437908495 0.075 0.05751633986928104
2 0.7860294117647059 0.3915032679738562 0.010294117647058823 0.03790849673202614
0 0.6966911764705882 0.46993464052287576 0.008088235294117646 0.03529411764705882
0 0.7033088235294117 0.46993464052287576 0.008088235294117646 0.0457516339869281
0 0.7040441176470588 0.4725490196078431 0.011029411764705881 0.04836601307189542
3 0.31213235294117647 0.33921568627450976 0.03455882352941177 0.0457516339869281
3 0.2922794117647059 0.3549019607843137 0.04779411764705882 0.04052287581699346
3 0.29375 0.3790849673202614 0.04191176470588235 0.04967320261437908
3 0.2613970588235294 0.4183006535947712 0.04926470588235294 0.06013071895424836
9 0.1488970588235294 0.44313725490196076 0.025735294117647058 0.03660130718954248
3 0.17536764705882352 0.4790849673202614 0.07867647058823529 0.06405228758169934
3 0.14080882352941176 0.5300653594771242 0.09926470588235294 0.09542483660130718
6 0.04632352941176471 0.5326797385620915 0.03529411764705882 0.05359477124183006
0 0.23345588235294118 0.3915032679738562 0.0125 0.043137254901960784
2 0.23272058823529412 0.4013071895424836 0.0125 0.02875816993464052
0 0.21176470588235294 0.4071895424836601 0.013235294117647059 0.03790849673202614
9 0.20955882352941177 0.4111111111111111 0.010294117647058823 0.03006535947712418
7 0.1849264705882353 0.3836601307189542 0.0375 0.050980392156862744
0 0.1889705882352941 0.4058823529411764 0.008823529411764706 0.03529411764705882
1 0.1889705882352941 0.41764705882352937 0.008823529411764706 0.027450980392156862
9 0.17463235294117646 0.41045751633986927 0.027205882352941177 0.02875816993464052
1 0.1525735294117647 0.41045751633986927 0.011029411764705881 0.02875816993464052
3 0.37169117647058825 0.5431372549019607 0.04779411764705882 0.0849673202614379
3 0.44080882352941175 0.5424836601307189 0.04044117647058824 0.08104575163398692
3 0.5536764705882353 0.5640522875816993 0.057352941176470586 0.08235294117647059
3 0.8220588235294117 0.6274509803921569 0.10735294117647058 0.08366013071895424
5 0.8841911764705882 0.5163398692810457 0.05220588235294118 0.08104575163398692
9 0.8363970588235294 0.5065359477124183 0.015441176470588236 0.04836601307189542
0 0.7077205882352942 0.5294117647058824 0.0125 0.0522875816993464
0 0.7 0.5235294117647058 0.013235294117647059 0.05359477124183006
1 0.6856617647058824 0.4869281045751634 0.0125 0.0457516339869281
1 0.6856617647058824 0.48300653594771237 0.011029411764705881 0.043137254901960784
9 0.6852941176470588 0.49803921568627446 0.010294117647058823 0.03660130718954248
0 0.8981617647058824 0.43006535947712415 0.015441176470588236 0.04183006535947712
0 0.9643382352941177 0.4202614379084967 0.0125 0.04052287581699346
0 0.9720588235294118 0.41764705882352937 0.007352941176470588 0.043137254901960784
1 0.9727941176470588 0.4065359477124183 0.0058823529411764705 0.02091503267973856
0 0.9198529411764705 0.4071895424836601 0.011764705882352941 0.04052287581699346
9 0.913235294117647 0.45816993464052286 0.014705882352941176 0.03529411764705882
9 0.8860294117647058 0.44313725490196076 0.014705882352941176 0.04183006535947712
3 0.9783088235294117 0.526797385620915 0.04191176470588235 0.06274509803921569
9 0.9933823529411765 0.47516339869281043 0.011764705882352941 0.03529411764705882
9 0.9275735294117647 0.5627450980392157 0.03161764705882353 0.04836601307189542
4 0.5625 0.7993464052287581 0.11323529411764706 0.19477124183006533
1 0.30330882352941174 0.6045751633986928 0.019852941176470587 0.058823529411764705
9 0.29963235294117646 0.6261437908496732 0.015441176470588236 0.047058823529411764
1 0.016911764705882352 0.6633986928104575 0.032352941176470584 0.058823529411764705
2 0.012867647058823529 0.6888888888888889 0.025735294117647058 0.054901960784313725
3 0.01911764705882353 0.5620915032679739 0.03823529411764706 0.08366013071895424
9 0.10625 0.49084967320261436 0.013970588235294117 0.043137254901960784
9 0.08345588235294117 0.48300653594771237 0.015441176470588236 0.043137254901960784
9 0.048161764705882355 0.484313725490196 0.01838235294117647 0.04052287581699346
9 0.01764705882352941 0.5058823529411764 0.016176470588235292 0.04183006535947712
9 0.055882352941176466 0.42483660130718953 0.010294117647058823 0.03660130718954248
9 0.11764705882352941 0.42287581699346405 0.020588235294117647 0.03529411764705882
9 0.11102941176470588 0.46732026143790845 0.01764705882352941 0.03790849673202614
9 0.08970588235294118 0.418954248366013 0.014705882352941176 0.03529411764705882
9 0.14926470588235294 0.4418300653594771 0.025 0.03660130718954248
9 0.0801470588235294 0.396078431372549 0.01764705882352941 0.02875816993464052
9 0.09448529411764706 0.3901960784313725 0.019852941176470587 0.03529411764705882
9 0.1386029411764706 0.4156862745098039 0.022794117647058822 0.03137254901960784
9 0.07941176470588235 0.4464052287581699 0.01764705882352941 0.03529411764705882
9 0.09301470588235294 0.4529411764705882 0.013970588235294117 0.03006535947712418
9 0.09705882352941177 0.4660130718954248 0.014705882352941176 0.0326797385620915
9 0.06691176470588235 0.47516339869281043 0.01911764705882353 0.04052287581699346
9 0.05477941176470588 0.46470588235294114 0.0125 0.03529411764705882
9 0.24411764705882352 0.22614379084967318 0.010294117647058823 0.01830065359477124
0 0.2540441176470588 0.2483660130718954 0.006617647058823529 0.0261437908496732
1 0.2463235294117647 0.24901960784313723 0.007352941176470588 0.02222222222222222
7 0.25 0.24313725490196078 0.014705882352941176 0.023529411764705882
7 0.2400735294117647 0.3379084967320261 0.04044117647058824 0.04836601307189542
