4 0.7573529411764706 0.8562091503267973 0.11176470588235293 0.09411764705882353
9 0.7834558823529412 0.8026143790849672 0.016911764705882352 0.04967320261437908
0 0.8150735294117647 0.7398692810457516 0.0125 0.05751633986928104
0 0.6301470588235294 0.7281045751633987 0.013235294117647059 0.0522875816993464
4 0.7176470588235294 0.7143790849673202 0.08235294117647059 0.07712418300653594
3 0.6882352941176471 0.645751633986928 0.07794117647058824 0.06013071895424836
3 0.6698529411764705 0.6163398692810457 0.055882352941176466 0.043137254901960784
3 0.6268382352941176 0.5849673202614378 0.07720588235294118 0.05620915032679738
9 0.6827205882352941 0.5542483660130718 0.022794117647058822 0.02875816993464052
4 0.5838235294117647 0.5098039215686274 0.033823529411764704 0.07581699346405228
0 0.6095588235294117 0.5071895424836601 0.007352941176470588 0.04183006535947712
4 0.5860294117647059 0.4640522875816993 0.04264705882352941 0.04183006535947712
3 0.6051470588235294 0.44313725490196076 0.047058823529411764 0.0392156862745098
6 0.5834558823529412 0.3941176470588235 0.027205882352941177 0.02483660130718954
0 0.5481617647058823 0.38692810457516336 0.005147058823529412 0.03398692810457516
3 0.5816176470588236 0.34901960784313724 0.041176470588235294 0.03137254901960784
0 0.5551470588235294 0.33137254901960783 0.007352941176470588 0.03006535947712418
0 0.5470588235294117 0.3176470588235294 0.0058823529411764705 0.02875816993464052
0 0.5397058823529411 0.29934640522875816 0.004411764705882353 0.02875816993464052
3 0.5691176470588235 0.2568627450980392 0.03529411764705882 0.03006535947712418
0 0.5577205882352941 0.2522875816993464 0.005147058823529412 0.02091503267973856
4 0.5341911764705882 0.2130718954248366 0.013970588235294117 0.0261437908496732
1 0.5275735294117647 0.23137254901960783 0.003676470588235294 0.01568627450980392
2 0.5261029411764706 0.2372549019607843 0.005147058823529412 0.01437908496732026
1 0.5139705882352941 0.24640522875816992 0.0058823529411764705 0.01699346405228758
9 0.5139705882352941 0.25816993464052285 0.0058823529411764705 0.01437908496732026
3 0.5294117647058824 0.18823529411764706 0.016176470588235292 0.01830065359477124
3 0.5518382352941177 0.18823529411764706 0.022794117647058822 0.01568627450980392
3 0.5014705882352941 0.2222222222222222 0.016176470588235292 0.02875816993464052
6 0.525 0.1588235294117647 0.011764705882352941 0.02483660130718954
1 0.5125 0.15947712418300652 0.004411764705882353 0.0130718954248366
2 0.5125 0.16470588235294117 0.0029411764705882353 0.0130718954248366
1 0.5194852941176471 0.13921568627450978 0.005147058823529412 0.011764705882352941
9 0.5183823529411765 0.14313725490196078 0.004411764705882353 0.011764705882352941
1 0.5110294117647058 0.130718954248366 0.0029411764705882353 0.0130718954248366
9 0.5102941176470588 0.13529411764705881 0.004411764705882353 0.00915032679738562
0 0.5220588235294118 0.13202614379084968 0.0029411764705882353 0.0130718954248366
0 0.525 0.1326797385620915 0.0029411764705882353 0.01437908496732026
3 0.5077205882352941 0.11176470588235293 0.008088235294117646 0.01437908496732026
3 0.49374999999999997 0.14967320261437908 0.009558823529411765 0.0196078431372549
7 0.49779411764705883 0.130718954248366 0.0058823529411764705 0.0130718954248366
3 0.49338235294117644 0.12026143790849672 0.007352941176470588 0.0130718954248366
3 0.4930147058823529 0.10392156862745097 0.008088235294117646 0.011764705882352941
3 0.4742647058823529 0.1588235294117647 0.011764705882352941 0.0196078431372549
3 0.47610294117647056 0.14183006535947712 0.008088235294117646 0.01437908496732026
0 0.4647058823529412 0.13333333333333333 0.0029411764705882353 0.0130718954248366
9 0.46397058823529413 0.13921568627450978 0.0029411764705882353 0.011764705882352941
0 0.45294117647058824 0.14705882352941174 0.0029411764705882353 0.01437908496732026
0 0.4496323529411765 0.13202614379084968 0.0022058823529411764 0.01568627450980392
3 0.4573529411764706 0.1045751633986928 0.007352941176470588 0.0130718954248366
3 0.4588235294117647 0.09542483660130718 0.007352941176470588 0.0130718954248366
1 0.4540441176470588 0.226797385620915 0.005147058823529412 0.01437908496732026
9 0.45551470588235293 0.23594771241830065 0.003676470588235294 0.01437908496732026
1 0.44375 0.24705882352941175 0.005147058823529412 0.01830065359477124
2 0.44448529411764703 0.2542483660130719 0.005147058823529412 0.01437908496732026
6 0.4334558823529412 0.2647058823529412 0.009558823529411765 0.02222222222222222
3 0.4426470588235294 0.18627450980392155 0.011764705882352941 0.02222222222222222
4 0.4158088235294118 0.3398692810457516 0.019852941176470587 0.0392156862745098
4 0.3 0.9679738562091502 0.051470588235294115 0.06143790849673202
3 0.35551470588235295 0.6928104575163399 0.04485294117647059 0.08888888888888888
3 0.3735294117647059 0.6013071895424836 0.03529411764705882 0.08104575163398692
1 0.40441176470588236 0.46535947712418296 0.008823529411764706 0.02091503267973856
1 0.4047794117647059 0.4568627450980392 0.009558823529411765 0.02222222222222222
9 0.4033088235294118 0.46928104575163393 0.006617647058823529 0.023529411764705882
1 0.4172794117647059 0.46274509803921565 0.009558823529411765 0.03137254901960784
9 0.41801470588235295 0.47581699346405226 0.005147058823529412 0.01830065359477124
0 0.4261029411764706 0.4594771241830065 0.005147058823529412 0.03529411764705882
0 0.4198529411764706 0.4464052287581699 0.007352941176470588 0.0326797385620915
0 0.2841911764705882 0.3686274509803921 0.008088235294117646 0.02875816993464052
9 0.22426470588235295 0.42745098039215684 0.01911764705882353 0.02875816993464052
9 0.05661764705882353 0.7771241830065359 0.03823529411764706 0.0457516339869281
9 0.013970588235294117 0.7732026143790849 0.027941176470588233 0.03790849673202614
6 0.12205882352941176 0.6627450980392157 0.039705882352941174 0.06013071895424836
9 0.13455882352941176 0.6235294117647059 0.032352941176470584 0.02875816993464052
9 0.11580882352941177 0.6326797385620915 0.03308823529411765 0.03137254901960784
9 0.09154411764705882 0.6392156862745098 0.03455882352941177 0.03137254901960784
9 0.08455882352941177 0.6509803921568627 0.027941176470588233 0.02875816993464052
1 0.2661764705882353 0.4130718954248366 0.007352941176470588 0.02875816993464052
1 0.2727941176470588 0.4065359477124183 0.010294117647058823 0.0261437908496732
1 0.25845588235294115 0.4026143790849673 0.009558823529411765 0.02091503267973856
0 0.19816176470588234 0.44248366013071894 0.006617647058823529 0.0457516339869281
3 0.37683823529411764 0.2973856209150327 0.0375 0.03006535947712418
3 0.3827205882352941 0.28431372549019607 0.03455882352941177 0.02483660130718954
3 0.35 0.25555555555555554 0.03529411764705882 0.02222222222222222
3 0.3363970588235294 0.2392156862745098 0.03161764705882353 0.02091503267973856
3 0.3981617647058823 0.22549019607843135 0.030147058823529412 0.02222222222222222
3 0.4047794117647059 0.2091503267973856 0.030147058823529412 0.02091503267973856
9 0.3577205882352941 0.19607843137254902 0.013970588235294117 0.0130718954248366
9 0.3669117647058823 0.19084967320261437 0.010294117647058823 0.0130718954248366
3 0.4051470588235294 0.14967320261437908 0.022058823529411763 0.01437908496732026
3 0.38345588235294115 0.1503267973856209 0.019852941176470587 0.0130718954248366
9 0.26176470588235295 0.31633986928104574 0.014705882352941176 0.02091503267973856
