0 0.011029411764705881 0.9673202614379084 0.01764705882352941 0.06274509803921569
3 0.05330882352941176 0.9352941176470587 0.10661764705882353 0.12679738562091503
4 0.2900735294117647 0.9130718954248366 0.07426470588235294 0.17124183006535945
0 0.2716911764705882 0.5673202614379085 0.013970588235294117 0.05751633986928104
9 0.10073529411764706 0.4784313725490196 0.022058823529411763 0.04183006535947712
9 0.027941176470588233 0.5261437908496732 0.030882352941176472 0.0457516339869281
9 0.03566176470588235 0.5156862745098039 0.03308823529411765 0.03006535947712418
6 0.16911764705882354 0.5248366013071895 0.03676470588235294 0.07450980392156863
8 0.24044117647058824 0.4202614379084967 0.09705882352941177 0.18692810457516337
3 0.23860294117647057 0.35163398692810455 0.03455882352941177 0.054901960784313725
4 0.36066176470588235 0.4542483660130719 0.0375 0.09019607843137255
3 0.325 0.3732026143790849 0.032352941176470584 0.06666666666666667
3 0.3665441176470588 0.3588235294117647 0.030147058823529412 0.05620915032679738
3 0.28713235294117645 0.3006535947712418 0.03455882352941177 0.04967320261437908
0 0.2963235294117647 0.30196078431372547 0.013235294117647059 0.0261437908496732
1 0.32095588235294115 0.3052287581699346 0.009558823529411765 0.0326797385620915
1 0.34338235294117647 0.27843137254901956 0.007352941176470588 0.03398692810457516
1 0.3341911764705882 0.2620915032679738 0.009558823529411765 0.0326797385620915
1 0.33455882352941174 0.2568627450980392 0.007352941176470588 0.02483660130718954
1 0.30919117647058825 0.24705882352941175 0.008088235294117646 0.03398692810457516
1 0.30772058823529413 0.23398692810457514 0.006617647058823529 0.02875816993464052
9 0.3220588235294118 0.31437908496732025 0.010294117647058823 0.0326797385620915
9 0.3426470588235294 0.28823529411764703 0.008823529411764706 0.027450980392156862
9 0.3338235294117647 0.26862745098039215 0.007352941176470588 0.02222222222222222
2 0.3095588235294118 0.257516339869281 0.007352941176470588 0.02091503267973856
2 0.30772058823529413 0.24640522875816992 0.008088235294117646 0.02483660130718954
3 0.28161764705882353 0.25555555555555554 0.026470588235294117 0.0457516339869281
4 0.2761029411764706 0.230718954248366 0.04926470588235294 0.04836601307189542
4 0.23198529411764707 0.22614379084967318 0.05514705882352941 0.04183006535947712
4 0.3801470588235294 0.2620915032679738 0.025 0.058823529411764705
3 0.2827205882352941 0.17124183006535945 0.04044117647058824 0.03398692810457516
1 0.24705882352941178 0.15947712418300652 0.007352941176470588 0.01568627450980392
3 0.3139705882352941 0.17254901960784313 0.020588235294117647 0.03398692810457516
3 0.3356617647058823 0.1790849673202614 0.019852941176470587 0.03660130718954248
3 0.3452205882352941 0.15816993464052287 0.01838235294117647 0.03398692810457516
0 0.30661764705882355 0.16013071895424835 0.0058823529411764705 0.02222222222222222
0 0.3125 0.15555555555555556 0.0058823529411764705 0.0261437908496732
0 0.32095588235294115 0.15163398692810456 0.005147058823529412 0.02091503267973856
0 0.32426470588235295 0.16339869281045752 0.0058823529411764705 0.0261437908496732
0 0.32830882352941176 0.15555555555555556 0.005147058823529412 0.02875816993464052
0 0.33125 0.15816993464052287 0.005147058823529412 0.0261437908496732
1 0.3676470588235294 0.14901960784313725 0.007352941176470588 0.023529411764705882
1 0.3761029411764706 0.09607843137254901 0.005147058823529412 0.0196078431372549
9 0.3676470588235294 0.1549019607843137 0.0058823529411764705 0.0196078431372549
9 0.3764705882352941 0.10196078431372549 0.0058823529411764705 0.01568627450980392
0 0.3547794117647059 0.11176470588235293 0.0022058823529411764 0.0196078431372549
0 0.35110294117647056 0.10980392156862745 0.003676470588235294 0.02091503267973856
0 0.35220588235294115 0.10392156862745097 0.004411764705882353 0.0196078431372549
0 0.36066176470588235 0.09215686274509803 0.003676470588235294 0.0196078431372549
0 0.36323529411764705 0.08300653594771241 0.0029411764705882353 0.02222222222222222
0 0.36727941176470585 0.09019607843137255 0.005147058823529412 0.023529411764705882
0 0.36838235294117644 0.08039215686274509 0.0029411764705882353 0.0196078431372549
0 0.3386029411764706 0.0895424836601307 0.005147058823529412 0.02222222222222222
3 0.3448529411764706 0.10326797385620914 0.01764705882352941 0.0261437908496732
3 0.29191176470588237 0.12941176470588234 0.041176470588235294 0.0261437908496732
3 0.29963235294117646 0.11568627450980391 0.0375 0.02483660130718954
3 0.3154411764705882 0.10261437908496732 0.03529411764705882 0.02222222222222222
4 0.3084558823529412 0.08562091503267973 0.027205882352941177 0.027450980392156862
4 0.34338235294117647 0.08300653594771241 0.032352941176470584 0.02483660130718954
3 0.3529411764705882 0.07254901960784313 0.013235294117647059 0.02222222222222222
4 0.3323529411764706 0.05555555555555555 0.025 0.02483660130718954
4 0.3488970588235294 0.03660130718954248 0.025735294117647058 0.02091503267973856
3 0.3665441176470588 0.02810457516339869 0.019852941176470587 0.0196078431372549
3 0.3525735294117647 0.0196078431372549 0.02426470588235294 0.01568627450980392
3 0.3488970588235294 0.01241830065359477 0.025735294117647058 0.01699346405228758
3 0.3536764705882353 0.00980392156862745 0.025 0.01437908496732026
0 0.37941176470588234 0.0261437908496732 0.004411764705882353 0.01830065359477124
0 0.38566176470588237 0.025490196078431372 0.005147058823529412 0.0196078431372549
1 0.3709558823529412 0.011764705882352941 0.005147058823529412 0.01568627450980392
9 0.37022058823529413 0.01503267973856209 0.003676470588235294 0.011764705882352941
4 0.40404411764705883 0.07712418300653594 0.013970588235294117 0.0261437908496732
4 0.44227941176470587 0.14313725490196078 0.027205882352941177 0.04052287581699346
4 0.4889705882352941 0.18692810457516337 0.022058823529411763 0.0392156862745098
3 0.48161764705882354 0.12941176470588234 0.01764705882352941 0.0261437908496732
4 0.46249999999999997 0.07908496732026143 0.013235294117647059 0.027450980392156862
3 0.4713235294117647 0.04052287581699346 0.011764705882352941 0.02091503267973856
4 0.5014705882352941 0.05424836601307189 0.011764705882352941 0.02222222222222222
4 0.5253676470588236 0.05555555555555555 0.013970588235294117 0.0196078431372549
6 0.53125 0.07320261437908496 0.008088235294117646 0.01568627450980392
1 0.5316176470588235 0.06993464052287582 0.004411764705882353 0.011764705882352941
1 0.4948529411764706 0.03529411764705882 0.004411764705882353 0.0130718954248366
9 0.4944852941176471 0.03986928104575163 0.005147058823529412 0.011764705882352941
0 0.49374999999999997 0.00784313725490196 0.003676470588235294 0.01568627450980392
0 0.5055147058823529 0.02222222222222222 0.003676470588235294 0.01568627450980392
1 0.5128676470588235 0.16405228758169935 0.005147058823529412 0.0196078431372549
6 0.5136029411764705 0.17450980392156862 0.015441176470588236 0.0326797385620915
6 0.5283088235294118 0.15424836601307187 0.015441176470588236 0.03660130718954248
3 0.7584558823529411 0.9176470588235294 0.1125 0.16209150326797384
8 0.8176470588235294 0.7261437908496732 0.1661764705882353 0.322875816993464
0 0.8658088235294118 0.657516339869281 0.019852941176470587 0.06274509803921569
0 0.8720588235294118 0.6882352941176471 0.013235294117647059 0.06666666666666667
4 0.7613970588235294 0.4071895424836601 0.06397058823529411 0.06405228758169934
1 0.6481617647058824 0.46078431372549017 0.011029411764705881 0.0326797385620915
1 0.6455882352941177 0.45032679738562087 0.014705882352941176 0.03529411764705882
9 0.6463235294117647 0.4620915032679738 0.010294117647058823 0.043137254901960784
6 0.7066176470588236 0.3183006535947712 0.01764705882352941 0.03529411764705882
0 0.7433823529411765 0.3254901960784313 0.010294117647058823 0.04444444444444444
0 0.7448529411764706 0.2954248366013072 0.007352941176470588 0.03398692810457516
0 0.7511029411764706 0.29673202614379085 0.008088235294117646 0.0392156862745098
2 0.7176470588235294 0.28823529411764703 0.011764705882352941 0.0326797385620915
2 0.6948529411764706 0.2745098039215686 0.011764705882352941 0.02875816993464052
1 0.6808823529411765 0.25098039215686274 0.010294117647058823 0.02091503267973856
0 0.6584558823529412 0.2483660130718954 0.006617647058823529 0.03398692810457516
4 0.6283088235294118 0.26405228758169935 0.022794117647058822 0.0522875816993464
4 0.6470588235294118 0.21045751633986925 0.020588235294117647 0.04183006535947712
4 0.6044117647058823 0.21503267973856208 0.030882352941176472 0.04052287581699346
9 0.5856617647058824 0.16928104575163397 0.016911764705882352 0.0196078431372549
3 0.5716911764705882 0.1588235294117647 0.021323529411764706 0.03006535947712418
9 0.6158088235294118 0.15947712418300652 0.015441176470588236 0.01830065359477124
5 0.5985294117647059 0.13986928104575164 0.039705882352941174 0.03398692810457516
0 0.5544117647058824 0.13856209150326795 0.004411764705882353 0.0261437908496732
6 0.549264705882353 0.14248366013071895 0.011764705882352941 0.023529411764705882
3 0.5926470588235294 0.1261437908496732 0.029411764705882353 0.02222222222222222
3 0.5860294117647059 0.11045751633986928 0.032352941176470584 0.02222222222222222
4 0.5713235294117647 0.09999999999999999 0.030882352941176472 0.027450980392156862
9 0.5996323529411764 0.11307189542483659 0.0125 0.01437908496732026
4 0.5720588235294117 0.07254901960784313 0.027941176470588233 0.02483660130718954
4 0.5536764705882353 0.05555555555555555 0.025 0.02222222222222222
3 0.5503676470588236 0.052941176470588235 0.02426470588235294 0.01437908496732026
4 0.55 0.04967320261437908 0.025 0.02091503267973856
4 0.549264705882353 0.043137254901960784 0.029411764705882353 0.023529411764705882
4 0.5408088235294117 0.03006535947712418 0.02426470588235294 0.01568627450980392
4 0.5404411764705882 0.025490196078431372 0.023529411764705882 0.0196078431372549
4 0.5323529411764706 0.02091503267973856 0.020588235294117647 0.01830065359477124
3 0.5172794117647058 0.3790849673202614 0.030147058823529412 0.054901960784313725
