1 0.3139705882352941 0.8366013071895424 0.020588235294117647 0.0392156862745098
1 0.3051470588235294 0.8130718954248366 0.020588235294117647 0.03398692810457516
9 0.3084558823529412 0.826797385620915 0.0375 0.06928104575163398
1 0.5602941176470588 0.7797385620915032 0.01764705882352941 0.058823529411764705
9 0.5628676470588235 0.7908496732026143 0.04632352941176471 0.047058823529411764
1 0.6845588235294118 0.5810457516339869 0.014705882352941176 0.04836601307189542
6 0.6915441176470588 0.5928104575163399 0.06397058823529411 0.06405228758169934
4 0.8415441176470588 0.44967320261437904 0.04338235294117647 0.11764705882352941
2 0.7996323529411764 0.3830065359477124 0.03455882352941177 0.0522875816993464
1 0.8316176470588236 0.33921568627450976 0.01764705882352941 0.0457516339869281
3 0.7216911764705882 0.32614379084967315 0.04779411764705882 0.10065359477124182
3 0.6665441176470588 0.13529411764705881 0.06544117647058824 0.06666666666666667
3 0.7375 0.11895424836601307 0.07205882352941176 0.07581699346405228
3 0.7426470588235294 0.09019607843137255 0.07647058823529412 0.054901960784313725
3 0.7386029411764706 0.03986928104575163 0.04485294117647059 0.06143790849673202
0 0.65 0.0196078431372549 0.014705882352941176 0.03660130718954248
1 0.5014705882352941 0.34705882352941175 0.016176470588235292 0.04836601307189542
9 0.49926470588235294 0.3588235294117647 0.020588235294117647 0.043137254901960784
1 0.42977941176470585 0.330718954248366 0.015441176470588236 0.047058823529411764
2 0.4279411764705882 0.3464052287581699 0.027941176470588233 0.0392156862745098
3 0.5147058823529411 0.2156862745098039 0.04264705882352941 0.09673202614379084
1 0.4588235294117647 0.22549019607843135 0.013235294117647059 0.04836601307189542
9 0.45625 0.2392156862745098 0.015441176470588236 0.03398692810457516
1 0.45294117647058824 0.2797385620915033 0.014705882352941176 0.04183006535947712
9 0.4522058823529412 0.2915032679738562 0.01911764705882353 0.0392156862745098
1 0.43308823529411766 0.26078431372549016 0.010294117647058823 0.04052287581699346
9 0.43272058823529413 0.2771241830065359 0.019852941176470587 0.03398692810457516
0 0.031985294117647056 0.42549019607843136 0.030147058823529412 0.058823529411764705
0 0.02389705882352941 0.4183006535947712 0.019852941176470587 0.06013071895424836
0 0.005514705882352941 0.5215686274509803 0.011029411764705881 0.02875816993464052
3 0.04154411764705882 0.20849673202614377 0.04044117647058824 0.07973856209150326
9 0.10514705882352941 0.15555555555555556 0.026470588235294117 0.04183006535947712
9 0.04595588235294117 0.1261437908496732 0.016911764705882352 0.04836601307189542
9 0.008823529411764706 0.1326797385620915 0.01764705882352941 0.05359477124183006
0 0.4154411764705882 0.03071895424836601 0.010294117647058823 0.04052287581699346
0 0.41066176470588234 0.03660130718954248 0.006617647058823529 0.0261437908496732
6 0.39705882352941174 0.02483660130718954 0.022058823529411763 0.04967320261437908
0 0.5272058823529412 0.047058823529411764 0.010294117647058823 0.0392156862745098
2 0.5283088235294118 0.06666666666666667 0.015441176470588236 0.03137254901960784
