0 0.015808823529411764 0.8437908496732025 0.0125 0.06143790849673202
0 0.028676470588235293 0.826797385620915 0.014705882352941176 0.05620915032679738
0 0.044117647058823525 0.8235294117647058 0.013235294117647059 0.054901960784313725
0 0.0849264705882353 0.9058823529411764 0.009558823529411765 0.04183006535947712
2 0.007720588235294118 0.7679738562091503 0.015441176470588236 0.027450980392156862
3 0.036397058823529414 0.6326797385620915 0.06985294117647059 0.06274509803921569
3 0.13566176470588234 0.8555555555555555 0.0801470588235294 0.11633986928104574
4 0.18529411764705883 0.8732026143790849 0.06911764705882353 0.11764705882352941
3 0.16066176470588234 0.7869281045751634 0.08897058823529412 0.065359477124183
3 0.1610294117647059 0.7437908496732025 0.08235294117647059 0.06013071895424836
3 0.14154411764705882 0.7189542483660131 0.07867647058823529 0.06013071895424836
3 0.11985294117647059 0.6980392156862745 0.07647058823529412 0.05751633986928104
3 0.07022058823529412 0.5130718954248366 0.04044117647058824 0.03529411764705882
3 0.14044117647058824 0.5313725490196078 0.023529411764705882 0.0326797385620915
3 0.17610294117647057 0.5372549019607843 0.025735294117647058 0.03398692810457516
3 0.22536764705882353 0.5222222222222221 0.03161764705882353 0.03006535947712418
3 0.24926470588235294 0.5169934640522875 0.030882352941176472 0.0326797385620915
0 0.2948529411764706 0.518954248366013 0.007352941176470588 0.03398692810457516
0 0.46286764705882355 0.7287581699346405 0.011029411764705881 0.0457516339869281
1 0.7933823529411764 0.8431372549019607 0.014705882352941176 0.047058823529411764
9 0.7922794117647058 0.857516339869281 0.015441176470588236 0.03660130718954248
3 0.8345588235294118 0.9660130718954247 0.06323529411764706 0.065359477124183
4 0.9544117647058823 0.8901960784313725 0.08970588235294118 0.11503267973856209
3 0.9658088235294118 0.8509803921568627 0.06691176470588235 0.04967320261437908
3 0.9636029411764706 0.8235294117647058 0.0713235294117647 0.054901960784313725
0 0.9150735294117647 0.7647058823529411 0.009558823529411765 0.04183006535947712
0 0.8966911764705883 0.7542483660130719 0.009558823529411765 0.047058823529411764
0 0.9169117647058823 0.7477124183006535 0.007352941176470588 0.03398692810457516
0 0.7908088235294117 0.6483660130718953 0.008088235294117646 0.0392156862745098
3 0.6051470588235294 0.5771241830065359 0.020588235294117647 0.03529411764705882
3 0.8352941176470589 0.6006535947712418 0.057352941176470586 0.043137254901960784
3 0.8158088235294118 0.565359477124183 0.03455882352941177 0.0326797385620915
3 0.9220588235294117 0.5980392156862745 0.04264705882352941 0.043137254901960784
3 0.9654411764705882 0.6084967320261437 0.032352941176470584 0.04052287581699346
1 0.9661764705882353 0.6392156862745098 0.007352941176470588 0.01830065359477124
1 0.9591911764705883 0.6444444444444444 0.009558823529411765 0.0261437908496732
9 0.9588235294117647 0.6516339869281045 0.027941176470588233 0.027450980392156862
9 0.8654411764705883 0.5660130718954248 0.014705882352941176 0.02091503267973856
9 0.8761029411764706 0.5686274509803921 0.0125 0.0261437908496732
9 0.8937499999999999 0.5797385620915032 0.015441176470588236 0.01699346405228758
9 0.18161764705882352 0.5032679738562091 0.008823529411764706 0.01568627450980392
9 0.19044117647058822 0.5013071895424837 0.004411764705882353 0.01437908496732026
9 0.19375 0.5019607843137255 0.005147058823529412 0.01568627450980392
3 0.29375 0.5098039215686274 0.025735294117647058 0.02875816993464052
