3 0.5278645833333333 0.1824074074074074 0.0036458333333333334 0.005555555555555556
4 0.51796875 0.20694444444444446 0.0046875 0.010185185185185186
1 0.5171875 0.22083333333333335 0.0020833333333333333 0.004629629629629629
9 0.51796875 0.22314814814814815 0.0036458333333333334 0.005555555555555556
3 0.5239583333333333 0.2240740740740741 0.007291666666666667 0.007407407407407408
0 0.5442708333333334 0.19953703703703704 0.0020833333333333333 0.006481481481481482
0 0.5421875 0.19953703703703704 0.0020833333333333333 0.006481481481481482
1 0.5346354166666667 0.22268518518518518 0.0026041666666666665 0.006481481481481482
9 0.5348958333333333 0.2240740740740741 0.004166666666666667 0.005555555555555556
1 0.5354166666666667 0.22777777777777777 0.0020833333333333333 0.005555555555555556
9 0.5354166666666667 0.23055555555555557 0.0020833333333333333 0.005555555555555556
7 0.5377604166666666 0.23657407407407408 0.0046875 0.006481481481481482
3 0.5385416666666667 0.24305555555555555 0.004166666666666667 0.006481481481481482
3 0.5317708333333333 0.2351851851851852 0.004166666666666667 0.007407407407407408
3 0.5296875 0.23842592592592593 0.005208333333333333 0.006481481481481482
0 0.5122395833333333 0.23703703703703705 0.0015625 0.007407407407407408
0 0.5153645833333333 0.23935185185185187 0.0015625 0.006481481481481482
1 0.5197916666666667 0.24120370370370373 0.0020833333333333333 0.004629629629629629
9 0.5197916666666667 0.24444444444444446 0.0020833333333333333 0.005555555555555556
1 0.5247395833333334 0.24212962962962964 0.0015625 0.006481481481481482
3 0.5265625 0.24583333333333335 0.00625 0.010185185185185186
7 0.5341145833333333 0.2518518518518519 0.0026041666666666665 0.009259259259259259
1 0.5372395833333333 0.250462962962963 0.0026041666666666665 0.006481481481481482
9 0.5372395833333333 0.2537037037037037 0.0026041666666666665 0.009259259259259259
0 0.5265625 0.25277777777777777 0.0020833333333333333 0.007407407407407408
0 0.5283854166666666 0.2587962962962963 0.0026041666666666665 0.010185185185185186
0 0.5192708333333333 0.2537037037037037 0.0020833333333333333 0.009259259259259259
0 0.5153645833333333 0.2449074074074074 0.0015625 0.008333333333333333
1 0.5109375 0.24305555555555555 0.0020833333333333333 0.004629629629629629
9 0.51171875 0.24814814814814815 0.0026041666666666665 0.005555555555555556
3 0.5046875 0.2490740740740741 0.005208333333333333 0.009259259259259259
3 0.5028645833333333 0.2569444444444445 0.0036458333333333334 0.006481481481481482
1 0.5111979166666667 0.25601851851851853 0.0026041666666666665 0.006481481481481482
9 0.5109375 0.25833333333333336 0.0020833333333333333 0.005555555555555556
1 0.5046875 0.26342592592592595 0.0020833333333333333 0.006481481481481482
9 0.5046875 0.2675925925925926 0.0020833333333333333 0.005555555555555556
1 0.51171875 0.26203703703703707 0.0026041666666666665 0.005555555555555556
9 0.5114583333333333 0.2675925925925926 0.003125 0.007407407407407408
1 0.5184895833333333 0.26851851851851855 0.0026041666666666665 0.009259259259259259
9 0.5184895833333333 0.2740740740740741 0.0026041666666666665 0.009259259259259259
1 0.5236979166666667 0.27175925925925926 0.0026041666666666665 0.006481481481481482
9 0.5234375 0.27592592592592596 0.003125 0.005555555555555556
3 0.5416666666666666 0.2625 0.007291666666666667 0.008333333333333333
3 0.5411458333333333 0.26944444444444443 0.007291666666666667 0.009259259259259259
3 0.54296875 0.27731481481481485 0.0078125 0.010185185185185186
0 0.5341145833333333 0.2800925925925926 0.0015625 0.012037037037037037
3 0.5286458333333334 0.28240740740740744 0.00625 0.011111111111111112
1 0.5216145833333333 0.2833333333333333 0.0015625 0.005555555555555556
9 0.5216145833333333 0.2847222222222222 0.0026041666666666665 0.012037037037037037
3 0.5135416666666667 0.2828703703703704 0.007291666666666667 0.012037037037037037
0 0.5046875 0.2791666666666667 0.0020833333333333333 0.010185185185185186
3 0.4966145833333333 0.2800925925925926 0.005729166666666666 0.012037037037037037
0 0.5015625 0.27731481481481485 0.003125 0.012037037037037037
1 0.4940104166666667 0.28194444444444444 0.0026041666666666665 0.006481481481481482
9 0.4942708333333333 0.28750000000000003 0.004166666666666667 0.008333333333333333
7 0.4890625 0.29444444444444445 0.00625 0.014814814814814815
1 0.4953125 0.29444444444444445 0.003125 0.007407407407407408
2 0.4953125 0.2990740740740741 0.005208333333333333 0.009259259259259259
1 0.5239583333333333 0.2939814814814815 0.003125 0.006481481481481482
9 0.5239583333333333 0.2972222222222222 0.003125 0.009259259259259259
1 0.5223958333333333 0.29953703703703705 0.0020833333333333333 0.006481481481481482
9 0.5229166666666667 0.3041666666666667 0.003125 0.010185185185185186
0 0.5203125 0.30694444444444446 0.0020833333333333333 0.010185185185185186
1 0.5158854166666667 0.29814814814814816 0.0026041666666666665 0.005555555555555556
9 0.5161458333333333 0.3041666666666667 0.0020833333333333333 0.006481481481481482
1 0.5036458333333333 0.2972222222222222 0.003125 0.011111111111111112
9 0.5036458333333333 0.3055555555555556 0.003125 0.011111111111111112
3 0.4903645833333333 0.3055555555555556 0.0067708333333333336 0.011111111111111112
4 0.4890625 0.31851851851851853 0.008333333333333333 0.016666666666666666
1 0.521875 0.32083333333333336 0.003125 0.008333333333333333
9 0.521875 0.32731481481481484 0.003125 0.008333333333333333
1 0.5190104166666667 0.3337962962962963 0.0036458333333333334 0.008333333333333333
9 0.5190104166666667 0.3402777777777778 0.0036458333333333334 0.008333333333333333
1 0.49921875 0.33101851851851855 0.0026041666666666665 0.008333333333333333
9 0.49973958333333335 0.3375 0.0036458333333333334 0.008333333333333333
1 0.4927083333333333 0.3337962962962963 0.003125 0.010185185185185186
9 0.4921875 0.34074074074074073 0.003125 0.007407407407407408
1 0.49166666666666664 0.3458333333333333 0.0020833333333333333 0.008333333333333333
9 0.4921875 0.35324074074074074 0.003125 0.010185185185185186
0 0.48411458333333335 0.3476851851851852 0.0036458333333333334 0.017592592592592594
1 0.5197916666666667 0.34861111111111115 0.0020833333333333333 0.008333333333333333
2 0.5197916666666667 0.3541666666666667 0.0020833333333333333 0.010185185185185186
1 0.5223958333333333 0.3578703703703704 0.003125 0.01388888888888889
5 0.5104166666666666 0.3666666666666667 0.027083333333333334 0.022222222222222223
1 0.48671875 0.35462962962962963 0.0046875 0.007407407407407408
9 0.48723958333333334 0.35879629629629634 0.0036458333333333334 0.010185185185185186
0 0.5104166666666666 0.4064814814814815 0.005208333333333333 0.018518518518518517
3 0.5354166666666667 0.425 0.010416666666666666 0.018518518518518517
3 0.47109375 0.3666666666666667 0.008854166666666666 0.018518518518518517
0 0.47161458333333334 0.38472222222222224 0.0015625 0.015740740740740743
3 0.4653645833333333 0.38101851851851853 0.0078125 0.021296296296296296
1 0.5122395833333333 0.4310185185185185 0.0036458333333333334 0.010185185185185186
9 0.5122395833333333 0.43333333333333335 0.0046875 0.022222222222222223
3 0.46041666666666664 0.40324074074074073 0.013541666666666667 0.02314814814814815
7 0.45859374999999997 0.41620370370370374 0.008854166666666666 0.02314814814814815
1 0.5111979166666667 0.4537037037037037 0.0036458333333333334 0.012962962962962964
1 0.4809895833333333 0.44537037037037036 0.0046875 0.012962962962962964
9 0.4809895833333333 0.45416666666666666 0.0046875 0.015740740740740743
1 0.47604166666666664 0.4620370370370371 0.004166666666666667 0.011111111111111112
9 0.4752604166666667 0.4708333333333333 0.005729166666666666 0.015740740740740743
1 0.48723958333333334 0.5041666666666667 0.0046875 0.01388888888888889
9 0.48723958333333334 0.5152777777777778 0.0046875 0.015740740740740743
3 0.45416666666666666 0.4324074074074074 0.010416666666666666 0.022222222222222223
3 0.4479166666666667 0.44537037037037036 0.014583333333333334 0.020370370370370372
0 0.4591145833333333 0.44722222222222224 0.0036458333333333334 0.014814814814814815
0 0.45546875 0.45092592592592595 0.0046875 0.016666666666666666
0 0.4484375 0.4537037037037037 0.005208333333333333 0.020370370370370372
0 0.4609375 0.46944444444444444 0.004166666666666667 0.024074074074074074
0 0.45338541666666665 0.4689814814814815 0.005729166666666666 0.021296296296296296
0 0.4484375 0.4708333333333333 0.00625 0.02314814814814815
1 0.4427083333333333 0.5018518518518519 0.00625 0.022222222222222223
9 0.44296874999999997 0.5060185185185185 0.0046875 0.017592592592592594
3 0.42604166666666665 0.5189814814814815 0.017708333333333333 0.032407407407407406
1 0.45286458333333335 0.5504629629629629 0.0067708333333333336 0.019444444444444445
9 0.45234375 0.5587962962962963 0.0067708333333333336 0.015740740740740743
3 0.4947916666666667 0.5740740740740741 0.017708333333333333 0.03333333333333333
3 0.41796875 0.5472222222222223 0.0171875 0.02777777777777778
4 0.40598958333333335 0.5699074074074074 0.015104166666666667 0.03425925925925926
3 0.4036458333333333 0.6106481481481482 0.02395833333333333 0.04351851851851852
4 0.38671875 0.6509259259259259 0.0265625 0.05740740740740741
9 0.3765625 0.6805555555555556 0.0125 0.02592592592592593
0 0.4322916666666667 0.5587962962962963 0.005208333333333333 0.025
1 0.42552083333333335 0.6162037037037037 0.008333333333333333 0.019444444444444445
9 0.4239583333333333 0.625462962962963 0.00625 0.019444444444444445
1 0.49296875 0.6365740740740741 0.0067708333333333336 0.021296296296296296
9 0.4921875 0.6467592592592593 0.007291666666666667 0.02314814814814815
3 0.5184895833333333 0.6837962962962963 0.022395833333333334 0.049074074074074076
3 0.5197916666666667 0.7592592592592593 0.03333333333333333 0.061111111111111116
3 0.5333333333333333 0.8277777777777778 0.025 0.05925925925925926
0 0.5135416666666667 0.8291666666666667 0.008333333333333333 0.04537037037037037
0 0.4979166666666667 0.6680555555555556 0.005208333333333333 0.03425925925925926
2 0.5015625 0.6782407407407408 0.004166666666666667 0.030555555555555558
1 0.4778645833333333 0.6578703703703704 0.0078125 0.021296296296296296
9 0.4770833333333333 0.6685185185185185 0.007291666666666667 0.02777777777777778
1 0.4739583333333333 0.7180555555555556 0.009375 0.025
1 0.4734375 0.7152777777777778 0.009375 0.030555555555555558
9 0.4734375 0.7180555555555556 0.010416666666666666 0.03796296296296296
1 0.47604166666666664 0.8175925925925926 0.009375 0.02777777777777778
2 0.47604166666666664 0.8305555555555556 0.007291666666666667 0.03518518518518519
1 0.45416666666666666 0.7587962962962963 0.007291666666666667 0.028703703703703703
9 0.45416666666666666 0.7680555555555556 0.005208333333333333 0.036111111111111115
1 0.45729166666666665 0.8023148148148148 0.007291666666666667 0.019444444444444445
1 0.459375 0.7935185185185185 0.009375 0.024074074074074074
9 0.4578125 0.8060185185185186 0.007291666666666667 0.030555555555555558
1 0.4046875 0.7560185185185185 0.007291666666666667 0.02314814814814815
9 0.4041666666666667 0.7712962962962964 0.008333333333333333 0.02962962962962963
1 0.5809895833333333 0.9194444444444445 0.011979166666666666 0.031481481481481485
3 0.5348958333333333 0.9847222222222223 0.029166666666666667 0.028703703703703703
3 0.41354166666666664 0.9333333333333333 0.035416666666666666 0.08333333333333334
3 0.33359375 0.924537037037037 0.0390625 0.09351851851851853
3 0.34791666666666665 0.7824074074074074 0.027083333333333334 0.06296296296296297
3 0.2908854166666667 0.9782407407407407 0.033854166666666664 0.04166666666666667
9 0.30104166666666665 0.9347222222222222 0.02395833333333333 0.04351851851851852
1 0.4591145833333333 0.8569444444444445 0.0078125 0.026851851851851852
1 0.4622395833333333 0.8532407407407407 0.0067708333333333336 0.015740740740740743
9 0.4591145833333333 0.8699074074074075 0.0078125 0.036111111111111115
1 0.3911458333333333 0.812962962962963 0.009375 0.024074074074074074
9 0.390625 0.8305555555555556 0.009375 0.031481481481481485
1 0.38046875 0.8810185185185185 0.005729166666666666 0.015740740740740743
1 0.38125 0.875925925925926 0.009375 0.031481481481481485
1 0.38229166666666664 0.8694444444444445 0.009375 0.02777777777777778
9 0.38046875 0.8930555555555556 0.011979166666666666 0.03981481481481482
1 0.02786458333333333 0.9925925925925926 0.009895833333333333 0.012962962962962964
0 0.07291666666666667 0.9685185185185186 0.015625 0.03333333333333333
0 0.08098958333333334 0.9472222222222223 0.0140625 0.02592592592592593
1 0.10598958333333333 0.9291666666666667 0.009895833333333333 0.026851851851851852
0 0.11276041666666667 0.9300925925925926 0.005729166666666666 0.017592592592592594
1 0.12864583333333332 0.9060185185185186 0.010416666666666666 0.03425925925925926
1 0.14661458333333333 0.9041666666666667 0.011979166666666666 0.026851851851851852
1 0.11354166666666667 0.900462962962963 0.010416666666666666 0.03425925925925926
1 0.09791666666666667 0.9013888888888889 0.014583333333333334 0.030555555555555558
9 0.10911458333333333 0.8685185185185186 0.0265625 0.03518518518518519
9 0.17786458333333333 0.8435185185185186 0.021354166666666667 0.02962962962962963
0 0.15677083333333333 0.8115740740740741 0.00625 0.026851851851851852
1 0.14348958333333334 0.8055555555555556 0.0109375 0.031481481481481485
2 0.14479166666666665 0.7819444444444444 0.021875 0.02314814814814815
9 0.328125 0.8476851851851852 0.0125 0.036111111111111115
0 0.26796875 0.8805555555555555 0.0046875 0.02592592592592593
1 0.2578125 0.8986111111111111 0.008333333333333333 0.019444444444444445
9 0.2916666666666667 0.8550925925925926 0.020833333333333332 0.02314814814814815
9 0.2916666666666667 0.8328703703703704 0.01875 0.019444444444444445
9 0.2916666666666667 0.8189814814814815 0.020833333333333332 0.025
9 0.3 0.8152777777777778 0.021875 0.021296296296296296
9 0.3015625 0.8060185185185186 0.021875 0.019444444444444445
9 0.21484375 0.5467592592592593 0.011979166666666666 0.015740740740740743
0 0.24661458333333333 0.524537037037037 0.005729166666666666 0.028703703703703703
0 0.25546875 0.5472222222222223 0.005729166666666666 0.02777777777777778
9 0.2796875 0.5430555555555556 0.013541666666666667 0.015740740740740743
9 0.2791666666666667 0.5314814814814816 0.015625 0.018518518518518517
4 0.27369791666666665 0.48194444444444445 0.024479166666666666 0.036111111111111115
3 0.2973958333333333 0.46851851851851856 0.013541666666666667 0.020370370370370372
9 0.31666666666666665 0.4527777777777778 0.011458333333333333 0.016666666666666666
1 0.3078125 0.4425925925925926 0.005208333333333333 0.012962962962962964
1 0.3416666666666667 0.45972222222222225 0.004166666666666667 0.012037037037037037
1 0.3442708333333333 0.45462962962962966 0.004166666666666667 0.007407407407407408
1 0.3421875 0.4513888888888889 0.004166666666666667 0.012037037037037037
1 0.3380208333333333 0.4527777777777778 0.004166666666666667 0.012962962962962964
1 0.3372395833333333 0.4467592592592593 0.0046875 0.012037037037037037
1 0.3421875 0.4398148148148148 0.003125 0.016666666666666666
9 0.3385416666666667 0.42824074074074076 0.00625 0.01388888888888889
1 0.3497395833333333 0.43333333333333335 0.0046875 0.012962962962962964
1 0.3572916666666667 0.4314814814814815 0.004166666666666667 0.012962962962962964
0 0.3609375 0.4342592592592593 0.003125 0.012962962962962964
1 0.36484375 0.42129629629629634 0.005729166666666666 0.012962962962962964
1 0.3703125 0.42083333333333334 0.005208333333333333 0.012037037037037037
1 0.3684895833333333 0.4041666666666667 0.0036458333333333334 0.012037037037037037
1 0.375 0.4115740740740741 0.003125 0.008333333333333333
1 0.37473958333333335 0.39490740740740743 0.0046875 0.010185185185185186
0 0.3572916666666667 0.40555555555555556 0.003125 0.020370370370370372
