3 0.4708333333333333 0.6037037037037037 0.022916666666666665 0.040740740740740744
3 0.4640625 0.4703703703703704 0.021875 0.02592592592592593
3 0.5630208333333333 0.8805555555555555 0.036458333333333336 0.09444444444444444
3 0.1625 0.9657407407407408 0.05 0.06481481481481481
0 0.2947916666666667 0.9564814814814815 0.014583333333333334 0.053703703703703705
1 0.3880208333333333 0.6935185185185185 0.009375 0.024074074074074074
6 0.3807291666666667 0.5648148148148149 0.026041666666666668 0.022222222222222223
6 0.4192708333333333 0.5 0.019791666666666666 0.044444444444444446
3 0.4510416666666667 0.412962962962963 0.0125 0.018518518518518517
3 0.4536458333333333 0.3990740740740741 0.017708333333333333 0.020370370370370372
3 0.45729166666666665 0.38703703703703707 0.0125 0.018518518518518517
3 0.46249999999999997 0.3055555555555556 0.00625 0.011111111111111112
3 0.48020833333333335 0.3925925925925926 0.010416666666666666 0.014814814814814815
1 0.4973958333333333 0.40185185185185185 0.007291666666666667 0.011111111111111112
1 0.5020833333333333 0.4324074074074074 0.010416666666666666 0.016666666666666666
1 0.5057291666666667 0.6666666666666667 0.007291666666666667 0.022222222222222223
2 0.5067708333333333 0.6824074074074075 0.009375 0.02777777777777778
0 0.5239583333333333 0.9444444444444445 0.010416666666666666 0.06296296296296297
0 0.5395833333333333 0.9425925925925926 0.010416666666666666 0.06296296296296297
1 0.5083333333333333 0.7990740740740742 0.014583333333333334 0.053703703703703705
2 0.5098958333333333 0.8287037037037037 0.013541666666666667 0.020370370370370372
9 0.38645833333333335 0.7148148148148148 0.010416666666666666 0.022222222222222223
