3 0.03272058823529412 0.8019607843137254 0.0625 0.18692810457516337
3 0.3636029411764706 0.9222222222222222 0.05514705882352941 0.15294117647058822
3 0.3926470588235294 0.418954248366013 0.029411764705882353 0.10065359477124182
3 0.6452205882352942 0.649673202614379 0.07720588235294118 0.10980392156862745
0 0.8058823529411765 0.9006535947712417 0.020588235294117647 0.0915032679738562
3 0.8426470588235294 0.90718954248366 0.054411764705882354 0.0915032679738562
3 0.6716911764705882 0.49346405228758167 0.06838235294117646 0.07712418300653594
3 0.6227941176470588 0.549673202614379 0.05 0.10065359477124182
3 0.5202205882352942 0.35359477124183003 0.03455882352941177 0.07450980392156863
3 0.5084558823529411 0.2568627450980392 0.027205882352941177 0.058823529411764705
0 0.5779411764705882 0.3418300653594771 0.010294117647058823 0.05620915032679738
3 0.4007352941176471 0.29673202614379085 0.027941176470588233 0.07320261437908496
3 0.38823529411764707 0.2222222222222222 0.025 0.05751633986928104
3 0.40955882352941175 0.1895424836601307 0.025 0.054901960784313725
3 0.49338235294117644 0.14967320261437908 0.020588235294117647 0.043137254901960784
3 0.5367647058823529 0.14444444444444443 0.022058823529411763 0.04836601307189542
0 0.5415441176470588 0.18627450980392155 0.009558823529411765 0.043137254901960784
5 0.23713235294117646 0.3705882352941176 0.04779411764705882 0.11633986928104574
3 0.1988970588235294 0.26078431372549016 0.03897058823529412 0.05620915032679738
3 0.2698529411764706 0.12810457516339868 0.025 0.03660130718954248
0 0.3073529411764706 0.13529411764705881 0.007352941176470588 0.03006535947712418
0 0.3139705882352941 0.1372549019607843 0.0058823529411764705 0.04183006535947712
3 0.2948529411764706 0.07777777777777778 0.03676470588235294 0.043137254901960784
0 0.4154411764705882 0.11437908496732026 0.010294117647058823 0.03529411764705882
0 0.4466911764705882 0.09738562091503267 0.009558823529411765 0.0326797385620915
6 0.49779411764705883 0.09215686274509803 0.013235294117647059 0.0326797385620915
9 0.43419117647058825 0.052941176470588235 0.009558823529411765 0.01437908496732026
3 0.4514705882352941 0.01241830065359477 0.016176470588235292 0.027450980392156862
0 0.4988970588235294 0.025490196078431372 0.006617647058823529 0.02483660130718954
3 0.5481617647058823 0.06274509803921569 0.022794117647058822 0.0261437908496732
9 0.20955882352941177 0.21830065359477122 0.022058823529411763 0.02091503267973856
9 0.21875 0.19215686274509802 0.019852941176470587 0.02091503267973856
9 0.22720588235294117 0.18169934640522875 0.020588235294117647 0.02091503267973856
0 0.41875 0.013725490196078431 0.005147058823529412 0.02222222222222222
0 0.4261029411764706 0.01111111111111111 0.008088235294117646 0.02483660130718954
0 0.42169117647058824 0.043137254901960784 0.006617647058823529 0.023529411764705882
9 0.41875 0.05359477124183006 0.0125 0.02091503267973856
3 0.2841911764705882 0.5745098039215686 0.09044117647058823 0.06405228758169934
