0 0.38125 0.7359477124183006 0.021323529411764706 0.10196078431372549
0 0.6742647058823529 0.8568627450980392 0.025 0.10326797385620914
0 0.9422794117647059 0.8738562091503267 0.03455882352941177 0.10326797385620914
0 0.9658088235294118 0.888235294117647 0.030147058823529412 0.10065359477124182
0 0.7551470588235294 0.4398692810457516 0.01911764705882353 0.07712418300653594
0 0.7683823529411764 0.4568627450980392 0.014705882352941176 0.06928104575163398
0 0.7830882352941176 0.4620915032679738 0.01764705882352941 0.06928104575163398
0 0.5794117647058823 0.34509803921568627 0.011764705882352941 0.06274509803921569
0 0.4522058823529412 0.47058823529411764 0.01911764705882353 0.06797385620915032
0 0.4889705882352941 0.3522875816993464 0.011764705882352941 0.06405228758169934
0 0.5007352941176471 0.365359477124183 0.014705882352941176 0.04836601307189542
0 0.5073529411764706 0.34509803921568627 0.010294117647058823 0.04967320261437908
0 0.6213235294117647 0.2751633986928104 0.014705882352941176 0.043137254901960784
0 0.7261029411764706 0.2856209150326797 0.0125 0.04836601307189542
0 0.7246323529411764 0.3222222222222222 0.015441176470588236 0.03790849673202614
0 0.7783088235294118 0.23660130718954248 0.015441176470588236 0.03398692810457516
0 0.8161764705882353 0.20718954248366012 0.010294117647058823 0.043137254901960784
0 0.8264705882352941 0.20522875816993463 0.008823529411764706 0.03398692810457516
0 0.8716911764705882 0.21045751633986925 0.006617647058823529 0.03398692810457516
0 0.8801470588235294 0.20588235294117646 0.007352941176470588 0.0326797385620915
0 0.8889705882352941 0.21176470588235294 0.008823529411764706 0.03660130718954248
0 0.9209558823529411 0.21241830065359477 0.008088235294117646 0.03790849673202614
0 0.9316176470588236 0.2130718954248366 0.008823529411764706 0.03398692810457516
0 0.9481617647058823 0.21830065359477122 0.011029411764705881 0.04183006535947712
0 0.9944852941176471 0.22026143790849673 0.009558823529411765 0.04836601307189542
0 0.5845588235294118 0.14248366013071895 0.007352941176470588 0.0261437908496732
0 0.606985294117647 0.11176470588235293 0.005147058823529412 0.02483660130718954
0 0.60625 0.09738562091503267 0.009558823529411765 0.027450980392156862
0 0.549264705882353 0.08823529411764705 0.008823529411764706 0.04052287581699346
0 0.5709558823529411 0.09738562091503267 0.006617647058823529 0.027450980392156862
0 0.5779411764705882 0.09477124183006536 0.0058823529411764705 0.02483660130718954
0 0.0801470588235294 0.36209150326797385 0.008823529411764706 0.03660130718954248
0 0.08823529411764705 0.3431372549019608 0.01764705882352941 0.06405228758169934
0 0.05625 0.30588235294117644 0.016911764705882352 0.054901960784313725
0 0.6459558823529412 0.06928104575163398 0.005147058823529412 0.03398692810457516
0 0.6577205882352941 0.0738562091503268 0.008088235294117646 0.0326797385620915
0 0.7058823529411764 0.07516339869281045 0.007352941176470588 0.03529411764705882
0 0.5856617647058824 0.049019607843137254 0.011029411764705881 0.03006535947712418
0 0.5580882352941177 0.01241830065359477 0.0029411764705882353 0.02222222222222222
0 0.5709558823529411 0.011764705882352941 0.008088235294117646 0.01830065359477124
0 0.6106617647058823 0.025490196078431372 0.003676470588235294 0.04836601307189542
0 0.6235294117647059 0.02875816993464052 0.007352941176470588 0.02875816993464052
0 0.6625 0.02810457516339869 0.008823529411764706 0.0326797385620915
0 0.675 0.03660130718954248 0.0058823529411764705 0.0261437908496732
0 0.6830882352941177 0.03660130718954248 0.007352941176470588 0.03137254901960784
0 0.8503676470588235 0.10261437908496732 0.008088235294117646 0.043137254901960784
0 0.9408088235294118 0.2771241830065359 0.015441176470588236 0.05751633986928104
0 0.9893382352941177 0.2856209150326797 0.0125 0.06143790849673202
1 0.8636029411764706 0.3954248366013072 0.022794117647058822 0.03529411764705882
1 0.4275735294117647 0.4660130718954248 0.015441176470588236 0.06143790849673202
9 0.7036764705882352 0.22483660130718952 0.010294117647058823 0.04183006535947712
2 0.4455882352941176 0.3908496732026144 0.014705882352941176 0.054901960784313725
2 0.4742647058823529 0.3849673202614379 0.03529411764705882 0.03529411764705882
2 0.46911764705882353 0.36209150326797385 0.025 0.03660130718954248
2 0.39338235294117646 0.4352941176470588 0.022058823529411763 0.04444444444444444
9 0.21286764705882352 0.4888888888888889 0.025735294117647058 0.07581699346405228
9 0.3533088235294118 0.46928104575163393 0.04044117647058824 0.047058823529411764
9 0.4209558823529412 0.4888888888888889 0.0125 0.054901960784313725
2 0.08860294117647059 0.3026143790849673 0.03161764705882353 0.04052287581699346
3 0.8676470588235294 0.40980392156862744 0.013235294117647059 0.027450980392156862
0 0.35551470588235295 0.47058823529411764 0.0125 0.07581699346405228
