5 0.6479166666666667 0.8712962962962963 0.103125 0.2555555555555556
3 0.9622395833333334 0.8800925925925926 0.0703125 0.09907407407407408
3 0.93046875 0.8300925925925926 0.0796875 0.07685185185185185
3 0.9010416666666666 0.7689814814814815 0.08958333333333333 0.08425925925925926
4 0.8666666666666667 0.7175925925925927 0.08958333333333333 0.08148148148148149
4 0.8385416666666666 0.6805555555555556 0.08020833333333333 0.07592592592592592
0 0.91484375 0.6041666666666667 0.0171875 0.049074074074074076
0 0.9489583333333333 0.6523148148148148 0.021875 0.05092592592592593
3 0.7515625 0.48750000000000004 0.040625 0.04537037037037037
3 0.6986979166666667 0.47731481481481486 0.06302083333333333 0.05092592592592593
4 0.68984375 0.45046296296296295 0.04739583333333333 0.04537037037037037
4 0.7072916666666667 0.4310185185185185 0.0625 0.05462962962962963
4 0.7434895833333334 0.3388888888888889 0.028645833333333332 0.037037037037037035
5 0.9859375 0.3111111111111111 0.027083333333333334 0.03333333333333333
5 0.9765625 0.300462962962963 0.04583333333333333 0.03425925925925926
3 0.97421875 0.29120370370370374 0.0296875 0.019444444444444445
5 0.9643229166666667 0.28194444444444444 0.043229166666666666 0.032407407407407406
0 0.7479166666666667 0.35555555555555557 0.007291666666666667 0.020370370370370372
3 0.7010416666666667 0.2675925925925926 0.030208333333333334 0.024074074074074074
1 0.6609375 0.26990740740740743 0.007291666666666667 0.017592592592592594
3 0.7260416666666667 0.2601851851851852 0.029166666666666667 0.018518518518518517
3 0.7192708333333333 0.25601851851851853 0.03229166666666666 0.017592592592592594
5 0.6328125 0.20833333333333334 0.03333333333333333 0.02592592592592593
5 0.6760416666666667 0.23101851851851854 0.028125 0.026851851851851852
5 0.22916666666666666 0.16666666666666669 0.02395833333333333 0.020370370370370372
5 0.5390625 0.36342592592592593 0.028125 0.05462962962962963
4 0.5322916666666666 0.3416666666666667 0.019791666666666666 0.03888888888888889
5 0.5286458333333334 0.31203703703703706 0.025 0.05740740740740741
5 0.5098958333333333 0.2606481481481482 0.015625 0.030555555555555558
3 0.5052083333333334 0.25277777777777777 0.0125 0.022222222222222223
5 0.49713541666666666 0.21481481481481482 0.015104166666666667 0.02962962962962963
5 0.4953125 0.20555555555555557 0.010416666666666666 0.020370370370370372
0 0.4934895833333333 0.2675925925925926 0.0046875 0.020370370370370372
0 0.4947916666666667 0.26157407407407407 0.005208333333333333 0.021296296296296296
2 0.4979166666666667 0.2662037037037037 0.004166666666666667 0.017592592592592594
3 0.47421874999999997 0.20370370370370372 0.0109375 0.016666666666666666
1 0.44166666666666665 0.2555555555555556 0.004166666666666667 0.016666666666666666
2 0.44166666666666665 0.26203703703703707 0.004166666666666667 0.016666666666666666
3 0.4666666666666667 0.1685185185185185 0.008333333333333333 0.014814814814814815
5 0.48541666666666666 0.1736111111111111 0.010416666666666666 0.025
4 0.4661458333333333 0.14722222222222223 0.00625 0.012962962962962964
3 0.4635416666666667 0.13842592592592592 0.005208333333333333 0.008333333333333333
8 0.47604166666666664 0.13935185185185187 0.009375 0.021296296296296296
5 0.48359375 0.16481481481481483 0.009895833333333333 0.022222222222222223
3 0.4497395833333333 0.1449074074074074 0.0046875 0.012037037037037037
