0 0.44036458333333334 0.8194444444444445 0.033854166666666664 0.15555555555555556
0 0.5893229166666667 0.8902777777777778 0.027604166666666666 0.15462962962962964
0 0.6216145833333333 0.8865740740740741 0.028645833333333332 0.14166666666666666
0 0.6291666666666667 0.7819444444444444 0.02395833333333333 0.10277777777777779
0 0.59921875 0.7782407407407408 0.022395833333333334 0.13055555555555556
0 0.6984375 0.8481481481481482 0.02395833333333333 0.12962962962962962
0 0.7979166666666666 0.8699074074074075 0.03333333333333333 0.15092592592592594
0 0.7697916666666667 0.8861111111111112 0.026041666666666668 0.1462962962962963
0 0.7416666666666667 0.9305555555555556 0.029166666666666667 0.13703703703703704
0 0.7442708333333333 0.8189814814814815 0.020833333333333332 0.08981481481481482
0 0.7247395833333333 0.8592592592592593 0.0140625 0.08518518518518518
0 0.7359375 0.8601851851851852 0.014583333333333334 0.061111111111111116
0 0.70625 0.7611111111111112 0.01875 0.0925925925925926
0 0.6854166666666667 0.7652777777777778 0.020833333333333332 0.10462962962962963
0 0.4817708333333333 0.7574074074074074 0.020833333333333332 0.11666666666666667
0 0.30546875 0.7194444444444444 0.019270833333333334 0.11111111111111112
0 0.2765625 0.7180555555555556 0.014583333333333334 0.10462962962962963
0 0.2630208333333333 0.7185185185185186 0.01875 0.10555555555555556
0 0.24427083333333333 0.7092592592592593 0.013541666666666667 0.09074074074074075
0 0.22786458333333334 0.7097222222222223 0.01614583333333333 0.10092592592592593
0 0.16041666666666665 0.7282407407407407 0.020833333333333332 0.10277777777777779
0 0.21171874999999998 0.8092592592592593 0.0265625 0.12222222222222223
0 0.17916666666666667 0.8111111111111111 0.020833333333333332 0.13333333333333333
0 0.2046875 0.9222222222222223 0.036458333333333336 0.14444444444444446
0 0.15911458333333334 0.9268518518518519 0.0359375 0.14074074074074075
0 0.10546875 0.7731481481481481 0.0265625 0.13148148148148148
0 0.06302083333333333 0.8310185185185186 0.035416666666666666 0.1564814814814815
0 0.028385416666666666 0.8495370370370371 0.030729166666666665 0.16574074074074074
0 0.07994791666666666 0.9634259259259259 0.03802083333333333 0.0712962962962963
0 0.045572916666666664 0.9587962962962964 0.033854166666666664 0.08055555555555556
0 0.11536458333333333 0.6583333333333333 0.0203125 0.08703703703703704
0 0.09114583333333333 0.6555555555555556 0.017708333333333333 0.09814814814814815
0 0.0734375 0.6555555555555556 0.01875 0.0925925925925926
0 0.203125 0.5689814814814815 0.0125 0.06759259259259259
0 0.21536458333333333 0.5722222222222223 0.0140625 0.06296296296296297
0 0.24973958333333332 0.5523148148148148 0.008854166666666666 0.05277777777777778
0 0.2760416666666667 0.5736111111111112 0.011458333333333333 0.04722222222222222
0 0.28854166666666664 0.5402777777777777 0.007291666666666667 0.049074074074074076
0 0.3046875 0.5310185185185186 0.005208333333333333 0.028703703703703703
0 0.31171875 0.5310185185185186 0.005729166666666666 0.036111111111111115
0 0.3184895833333333 0.5324074074074074 0.0067708333333333336 0.03518518518518519
0 0.3028645833333333 0.6370370370370371 0.0140625 0.05925925925925926
0 0.31666666666666665 0.6430555555555556 0.011458333333333333 0.07314814814814816
0 0.3143229166666667 0.6171296296296297 0.011979166666666666 0.05462962962962963
0 0.3247395833333333 0.6226851851851852 0.0109375 0.05648148148148149
0 0.3385416666666667 0.6305555555555555 0.013541666666666667 0.06296296296296297
0 0.35859375 0.6314814814814815 0.011979166666666666 0.07037037037037037
0 0.4083333333333333 0.6060185185185185 0.009375 0.05462962962962963
0 0.4223958333333333 0.6087962962962963 0.0125 0.058333333333333334
0 0.48359375 0.6444444444444445 0.0140625 0.07407407407407407
0 0.5484375 0.6185185185185186 0.0125 0.05740740740740741
0 0.44114583333333335 0.5921296296296297 0.007291666666666667 0.05092592592592593
0 0.44609375 0.5921296296296297 0.009895833333333333 0.04722222222222222
0 0.4309895833333333 0.5620370370370371 0.008854166666666666 0.03888888888888889
0 0.41901041666666666 0.5731481481481482 0.008854166666666666 0.04259259259259259
0 0.40989583333333335 0.5708333333333333 0.007291666666666667 0.04722222222222222
0 0.42291666666666666 0.5587962962962963 0.005208333333333333 0.032407407407407406
0 0.3854166666666667 0.5810185185185185 0.009375 0.04166666666666667
0 0.3716145833333333 0.5703703703703704 0.0067708333333333336 0.04259259259259259
0 0.3645833333333333 0.5782407407407407 0.00625 0.03425925925925926
0 0.3403645833333333 0.5805555555555556 0.0078125 0.03518518518518519
0 0.32786458333333335 0.5583333333333333 0.0067708333333333336 0.02777777777777778
0 0.3346354166666667 0.5546296296296297 0.005729166666666666 0.03333333333333333
0 0.3458333333333333 0.5745370370370371 0.00625 0.036111111111111115
0 0.3528645833333333 0.5675925925925926 0.0046875 0.03333333333333333
0 0.35911458333333335 0.5625 0.005729166666666666 0.030555555555555558
