3 0.34154411764705883 0.596078431372549 0.06102941176470588 0.130718954248366
3 0.4713235294117647 0.39738562091503266 0.03529411764705882 0.07058823529411765
3 0.5209558823529412 0.31176470588235294 0.030147058823529412 0.05620915032679738
3 0.4974264705882353 0.24705882352941175 0.04485294117647059 0.054901960784313725
3 0.4650735294117647 0.16928104575163397 0.022794117647058822 0.04052287581699346
3 0.4904411764705882 0.1372549019607843 0.023529411764705882 0.03398692810457516
3 0.6183823529411765 0.8274509803921568 0.125 0.12549019607843137
3 0.6841911764705882 0.6993464052287581 0.12426470588235294 0.10980392156862745
3 0.22573529411764706 0.7019607843137254 0.125 0.130718954248366
3 0.24154411764705883 0.5647058823529412 0.10955882352941176 0.07581699346405228
3 0.2727941176470588 0.49803921568627446 0.09558823529411764 0.08366013071895424
3 0.3055147058823529 0.4287581699346405 0.08161764705882353 0.08627450980392157
3 0.34411764705882353 0.37712418300653594 0.061764705882352944 0.06928104575163398
3 0.3558823529411765 0.3111111111111111 0.039705882352941174 0.07581699346405228
3 0.36176470588235293 0.27320261437908494 0.03823529411764706 0.05751633986928104
3 0.6628676470588235 0.5771241830065359 0.10367647058823529 0.07973856209150326
3 0.5963235294117647 0.4718954248366013 0.07647058823529412 0.06797385620915032
3 0.5772058823529411 0.4359477124183006 0.07205882352941176 0.06928104575163398
4 0.5441176470588235 0.37777777777777777 0.06470588235294117 0.07320261437908496
4 0.6316176470588235 0.37712418300653594 0.07058823529411765 0.06405228758169934
3 0.606985294117647 0.3529411764705882 0.06985294117647059 0.06013071895424836
3 0.6209558823529412 0.3176470588235294 0.06985294117647059 0.06013071895424836
3 0.5522058823529412 0.2006535947712418 0.05 0.043137254901960784
3 0.5308823529411765 0.1503267973856209 0.020588235294117647 0.03660130718954248
3 0.5213235294117647 0.08366013071895424 0.01764705882352941 0.0261437908496732
3 0.3992647058823529 0.10065359477124182 0.03529411764705882 0.0261437908496732
3 0.3154411764705882 0.16209150326797384 0.03823529411764706 0.03660130718954248
3 0.3176470588235294 0.22287581699346404 0.032352941176470584 0.06143790849673202
3 0.2948529411764706 0.3379084967320261 0.060294117647058824 0.05620915032679738
3 0.27352941176470585 0.3660130718954248 0.06764705882352941 0.065359477124183
3 0.24154411764705883 0.9287581699346404 0.09926470588235294 0.13986928104575164
3 0.6753676470588236 0.9333333333333332 0.13455882352941176 0.12549019607843137
3 0.07279411764705883 0.9797385620915032 0.1426470588235294 0.0326797385620915
9 0.016911764705882352 0.811111111111111 0.027941176470588233 0.07973856209150326
9 0.05845588235294118 0.7065359477124182 0.0375 0.07712418300653594
3 0.2875 0.17777777777777776 0.039705882352941174 0.03660130718954248
0 0.4139705882352941 0.25555555555555554 0.010294117647058823 0.04052287581699346
0 0.44705882352941173 0.25098039215686274 0.007352941176470588 0.04183006535947712
0 0.4525735294117647 0.2522875816993464 0.009558823529411765 0.0392156862745098
0 0.4540441176470588 0.2457516339869281 0.009558823529411765 0.03660130718954248
0 0.45625 0.2437908496732026 0.009558823529411765 0.03529411764705882
0 0.4463235294117647 0.16339869281045752 0.004411764705882353 0.03398692810457516
0 0.4441176470588235 0.1679738562091503 0.0058823529411764705 0.027450980392156862
1 0.4091911764705882 0.15359477124183005 0.008088235294117646 0.02222222222222222
1 0.42316176470588235 0.2156862745098039 0.008088235294117646 0.0261437908496732
1 0.4099264705882353 0.22614379084967318 0.009558823529411765 0.023529411764705882
1 0.31323529411764706 0.13856209150326795 0.010294117647058823 0.02091503267973856
9 0.42426470588235293 0.226797385620915 0.007352941176470588 0.027450980392156862
9 0.4091911764705882 0.16470588235294117 0.006617647058823529 0.0261437908496732
3 0.3761029411764706 0.20784313725490194 0.025735294117647058 0.047058823529411764
0 0.29705882352941176 0.07516339869281045 0.007352941176470588 0.027450980392156862
3 0.3761029411764706 0.08431372549019607 0.030147058823529412 0.0196078431372549
3 0.38676470588235295 0.07124183006535947 0.032352941176470584 0.027450980392156862
3 0.4209558823529412 0.06274509803921569 0.016911764705882352 0.023529411764705882
3 0.42720588235294116 0.0522875816993464 0.014705882352941176 0.0261437908496732
3 0.43272058823529413 0.041176470588235294 0.013970588235294117 0.02222222222222222
3 0.4363970588235294 0.025490196078431372 0.013970588235294117 0.027450980392156862
4 0.43970588235294117 0.01568627450980392 0.032352941176470584 0.0261437908496732
3 0.5404411764705882 0.23660130718954248 0.025 0.04183006535947712
3 0.5636029411764706 0.17320261437908496 0.030147058823529412 0.03790849673202614
3 0.5588235294117647 0.15555555555555556 0.022058823529411763 0.03660130718954248
3 0.5514705882352942 0.12483660130718953 0.022058823529411763 0.03790849673202614
3 0.5525735294117647 0.11372549019607843 0.04338235294117647 0.02875816993464052
3 0.54375 0.09084967320261438 0.016911764705882352 0.027450980392156862
3 0.5415441176470588 0.0738562091503268 0.019852941176470587 0.027450980392156862
3 0.5411764705882353 0.049019607843137254 0.01764705882352941 0.02483660130718954
3 0.5430147058823529 0.060784313725490195 0.019852941176470587 0.02222222222222222
3 0.5294117647058824 0.03529411764705882 0.011764705882352941 0.02091503267973856
3 0.5297794117647059 0.027450980392156862 0.030147058823529412 0.02091503267973856
4 0.5430147058823529 0.02026143790849673 0.028676470588235293 0.02222222222222222
0 0.575 0.28104575163398693 0.008823529411764706 0.04444444444444444
0 0.5647058823529412 0.26862745098039215 0.007352941176470588 0.03529411764705882
0 0.5566176470588236 0.2522875816993464 0.007352941176470588 0.03660130718954248
0 0.5621323529411765 0.24248366013071893 0.009558823529411765 0.04052287581699346
0 0.5746323529411764 0.25555555555555554 0.009558823529411765 0.04052287581699346
0 0.6003676470588235 0.2803921568627451 0.009558823529411765 0.04052287581699346
0 0.6676470588235294 0.27908496732026145 0.008823529411764706 0.03529411764705882
0 0.6794117647058824 0.388235294117647 0.007352941176470588 0.03398692810457516
0 0.7540441176470588 0.48039215686274506 0.0125 0.04836601307189542
0 0.7518382352941176 0.4941176470588235 0.005147058823529412 0.0261437908496732
0 0.5996323529411764 0.5705882352941176 0.0125 0.043137254901960784
1 0.611764705882353 0.6326797385620915 0.016176470588235292 0.04967320261437908
1 0.7272058823529411 0.6326797385620915 0.014705882352941176 0.04183006535947712
1 0.7470588235294118 0.661437908496732 0.014705882352941176 0.04183006535947712
1 0.7830882352941176 0.5588235294117647 0.010294117647058823 0.03529411764705882
1 0.7838235294117647 0.5104575163398692 0.01911764705882353 0.043137254901960784
1 0.8294117647058823 0.44313725490196076 0.01911764705882353 0.03660130718954248
1 0.825735294117647 0.4294117647058823 0.014705882352941176 0.03006535947712418
1 0.8731617647058824 0.5261437908496732 0.022794117647058822 0.04052287581699346
1 0.9393382352941176 0.6490196078431372 0.022794117647058822 0.04052287581699346
1 0.8624999999999999 0.5045751633986928 0.025 0.04444444444444444
1 0.8698529411764706 0.518954248366013 0.01911764705882353 0.04183006535947712
0 0.9551470588235293 0.27058823529411763 0.010294117647058823 0.03660130718954248
0 0.98125 0.27058823529411763 0.009558823529411765 0.04183006535947712
2 0.9772058823529411 0.2745098039215686 0.025 0.02875816993464052
0 0.8363970588235294 0.09019607843137255 0.008088235294117646 0.03137254901960784
0 0.7713235294117647 0.09346405228758169 0.007352941176470588 0.03006535947712418
0 0.7746323529411765 0.06405228758169934 0.005147058823529412 0.0261437908496732
0 0.7055147058823529 0.065359477124183 0.005147058823529412 0.0261437908496732
0 0.8091911764705882 0.09934640522875816 0.006617647058823529 0.03398692810457516
0 0.8029411764705883 0.06797385620915032 0.007352941176470588 0.0261437908496732
0 0.8220588235294117 0.07450980392156863 0.004411764705882353 0.02875816993464052
0 0.8172794117647059 0.06993464052287582 0.005147058823529412 0.02483660130718954
0 0.8029411764705883 0.06274509803921569 0.004411764705882353 0.02875816993464052
0 0.8099264705882353 0.06470588235294117 0.005147058823529412 0.027450980392156862
0 0.7886029411764706 0.3045751633986928 0.0125 0.054901960784313725
0 0.7716911764705883 0.2764705882352941 0.011029411764705881 0.04836601307189542
0 0.7617647058823529 0.27777777777777773 0.007352941176470588 0.03006535947712418
0 0.8106617647058824 0.2196078431372549 0.011029411764705881 0.0392156862745098
9 0.8132352941176471 0.27058823529411763 0.025 0.0261437908496732
9 0.7919117647058823 0.2633986928104575 0.026470588235294117 0.027450980392156862
6 0.7481617647058824 0.22549019607843135 0.02426470588235294 0.050980392156862744
1 0.71875 0.3849673202614379 0.0125 0.027450980392156862
0 0.6761029411764706 0.37516339869281046 0.011029411764705881 0.04183006535947712
0 0.7691176470588236 0.5137254901960784 0.014705882352941176 0.06274509803921569
0 0.7566176470588235 0.6294117647058823 0.014705882352941176 0.06405228758169934
0 0.7716911764705883 0.5444444444444444 0.009558823529411765 0.03529411764705882
1 0.7 0.29934640522875816 0.013235294117647059 0.02875816993464052
1 0.7150735294117647 0.29281045751633983 0.0125 0.0261437908496732
1 0.6875 0.29084967320261434 0.010294117647058823 0.02222222222222222
6 0.6503676470588236 0.47581699346405226 0.025735294117647058 0.05751633986928104
9 0.6294117647058823 0.43725490196078426 0.011764705882352941 0.03529411764705882
9 0.5786764705882352 0.5124183006535947 0.027941176470588233 0.03137254901960784
1 0.5779411764705882 0.5026143790849673 0.013235294117647059 0.04836601307189542
9 0.5882352941176471 0.5418300653594771 0.032352941176470584 0.03006535947712418
9 0.6025735294117647 0.5980392156862745 0.04044117647058824 0.0326797385620915
6 0.6154411764705883 0.5261437908496732 0.045588235294117645 0.04836601307189542
9 0.6356617647058823 0.6568627450980392 0.0375 0.04836601307189542
6 0.7448529411764706 0.8444444444444443 0.044117647058823525 0.16732026143790849
1 0.9419117647058823 0.8339869281045751 0.020588235294117647 0.04967320261437908
0 0.731985294117647 0.6032679738562091 0.0125 0.04836601307189542
0 0.7183823529411765 0.5869281045751633 0.010294117647058823 0.03660130718954248
6 0.5033088235294118 0.04248366013071895 0.009558823529411765 0.01699346405228758
1 0.5022058823529412 0.03660130718954248 0.004411764705882353 0.01830065359477124
0 0.5139705882352941 0.02810457516339869 0.004411764705882353 0.027450980392156862
0 0.5845588235294118 0.1941176470588235 0.007352941176470588 0.03790849673202614
0 0.5823529411764706 0.18627450980392155 0.007352941176470588 0.03529411764705882
