0 0.24338235294117647 0.6784313725490195 0.01764705882352941 0.054901960784313725
0 0.19338235294117648 0.8810457516339869 0.022058823529411763 0.05751633986928104
3 0.3095588235294118 0.9594771241830065 0.07058823529411765 0.0784313725490196
9 0.02426470588235294 0.9725490196078431 0.04852941176470588 0.0522875816993464
0 0.40294117647058825 0.9254901960784313 0.014705882352941176 0.04183006535947712
2 0.4033088235294118 0.9437908496732026 0.04485294117647059 0.04967320261437908
0 0.7860294117647059 0.9346405228758169 0.01764705882352941 0.04967320261437908
0 0.7970588235294117 0.9450980392156862 0.022058823529411763 0.054901960784313725
1 0.8047794117647059 0.9163398692810457 0.022794117647058822 0.03398692810457516
0 0.8297794117647058 0.8431372549019607 0.030147058823529412 0.047058823529411764
0 0.8511029411764706 0.8620915032679738 0.019852941176470587 0.043137254901960784
0 0.8323529411764706 0.8803921568627451 0.022058823529411763 0.04052287581699346
0 0.9360294117647059 0.561437908496732 0.01764705882352941 0.04052287581699346
1 0.9834558823529411 0.41764705882352937 0.02426470588235294 0.03790849673202614
9 0.9790441176470588 0.42156862745098034 0.04044117647058824 0.04052287581699346
0 0.8227941176470588 0.4032679738562091 0.016176470588235292 0.05359477124183006
0 0.8290441176470588 0.39934640522875814 0.01838235294117647 0.04836601307189542
4 0.8716911764705882 0.31633986928104574 0.09485294117647058 0.08366013071895424
0 0.9198529411764705 0.20130718954248364 0.01911764705882353 0.047058823529411764
0 0.6816176470588236 0.22745098039215686 0.010294117647058823 0.047058823529411764
2 0.6845588235294118 0.23267973856209148 0.01764705882352941 0.04967320261437908
3 0.7433823529411765 0.24705882352941175 0.08235294117647059 0.08888888888888888
1 0.2540441176470588 0.4529411764705882 0.009558823529411765 0.03529411764705882
1 0.2529411764705882 0.45751633986928103 0.01911764705882353 0.06013071895424836
9 0.25477941176470587 0.4588235294117647 0.030147058823529412 0.03660130718954248
1 0.1400735294117647 0.40392156862745093 0.016911764705882352 0.0392156862745098
6 0.13786764705882354 0.4084967320261438 0.04044117647058824 0.04052287581699346
1 0.20294117647058824 0.21830065359477122 0.016176470588235292 0.04444444444444444
1 0.30183823529411763 0.27908496732026145 0.0125 0.04052287581699346
1 0.31470588235294117 0.2771241830065359 0.013235294117647059 0.03137254901960784
9 0.20294117647058824 0.22614379084967318 0.032352941176470584 0.03398692810457516
6 0.30772058823529413 0.28431372549019607 0.04044117647058824 0.04836601307189542
3 0.03897058823529412 0.3254901960784313 0.07794117647058824 0.08627450980392157
3 0.12573529411764706 0.17712418300653593 0.08529411764705883 0.06405228758169934
3 0.04044117647058824 0.1437908496732026 0.08235294117647059 0.07058823529411765
0 0.10551470588235294 0.11437908496732026 0.013970588235294117 0.050980392156862744
6 0.08970588235294118 0.0784313725490196 0.020588235294117647 0.06274509803921569
2 0.20294117647058824 0.10588235294117647 0.014705882352941176 0.04183006535947712
9 0.2150735294117647 0.11633986928104574 0.011029411764705881 0.04183006535947712
9 0.22794117647058823 0.11307189542483659 0.010294117647058823 0.04836601307189542
3 0.25919117647058826 0.1065359477124183 0.04338235294117647 0.08235294117647059
3 0.3150735294117647 0.07058823529411765 0.04926470588235294 0.08366013071895424
1 0.6367647058823529 0.09281045751633986 0.010294117647058823 0.03660130718954248
0 0.6558823529411765 0.10849673202614378 0.014705882352941176 0.03398692810457516
0 0.6658088235294117 0.09673202614379084 0.009558823529411765 0.047058823529411764
9 0.6602941176470588 0.10392156862745097 0.010294117647058823 0.04052287581699346
9 0.7488970588235294 0.16470588235294117 0.030147058823529412 0.03398692810457516
9 0.7558823529411764 0.06143790849673202 0.025 0.03398692810457516
9 0.7852941176470588 0.07973856209150326 0.011764705882352941 0.04183006535947712
0 0.7555147058823529 0.09411764705882353 0.0125 0.04444444444444444
0 0.7698529411764706 0.06928104575163398 0.010294117647058823 0.03137254901960784
0 0.8202205882352941 0.023529411764705882 0.011029411764705881 0.04183006535947712
0 0.7922794117647058 0.0718954248366013 0.009558823529411765 0.047058823529411764
0 0.8084558823529412 0.1738562091503268 0.0125 0.04444444444444444
0 0.8198529411764706 0.17124183006535945 0.014705882352941176 0.0392156862745098
1 0.8128676470588235 0.1699346405228758 0.0125 0.02875816993464052
3 0.56875 0.32418300653594767 0.04044117647058824 0.11764705882352941
