0 0.7947916666666667 0.9120370370370371 0.016666666666666666 0.09444444444444444
0 0.7755208333333333 0.9175925925925926 0.017708333333333333 0.10185185185185186
0 0.6880208333333333 0.9796296296296296 0.021875 0.037037037037037035
0 0.5791666666666666 0.7185185185185186 0.014583333333333334 0.07777777777777778
0 0.5692708333333333 0.6425925925925926 0.013541666666666667 0.06296296296296297
0 0.5583333333333333 0.6601851851851852 0.014583333333333334 0.06851851851851852
1 0.5473958333333333 0.7296296296296296 0.021875 0.05925925925925926
0 0.5072916666666667 0.7342592592592593 0.01875 0.07962962962962963
0 0.4901041666666667 0.7481481481481482 0.017708333333333333 0.07037037037037037
0 0.5328125 0.5888888888888889 0.013541666666666667 0.06296296296296297
0 0.5026041666666666 0.5675925925925926 0.013541666666666667 0.061111111111111116
0 0.4744791666666667 0.6370370370370371 0.017708333333333333 0.07037037037037037
0 0.44114583333333335 0.4814814814814815 0.009375 0.05185185185185186
0 0.4322916666666667 0.4851851851851852 0.010416666666666666 0.044444444444444446
0 0.5015625 0.5055555555555555 0.009375 0.05185185185185186
0 0.49322916666666666 0.5046296296296297 0.011458333333333333 0.0462962962962963
1 0.35625 0.5361111111111111 0.0125 0.0462962962962963
0 0.31666666666666665 0.5361111111111111 0.008333333333333333 0.031481481481481485
1 0.33229166666666665 0.5777777777777778 0.0125 0.05555555555555556
0 0.35572916666666665 0.6157407407407408 0.011458333333333333 0.06481481481481481
0 0.3484375 0.6444444444444445 0.009375 0.037037037037037035
0 0.3385416666666667 0.6462962962962964 0.010416666666666666 0.05185185185185186
0 0.3411458333333333 0.6296296296296297 0.009375 0.06296296296296297
0 0.3421875 0.6157407407407408 0.015625 0.06481481481481481
0 0.23802083333333332 0.4324074074074074 0.007291666666666667 0.03518518518518519
0 0.2604166666666667 0.4953703703703704 0.0125 0.0462962962962963
0 0.24427083333333333 0.6 0.017708333333333333 0.05555555555555556
0 0.09479166666666666 0.4324074074074074 0.010416666666666666 0.03888888888888889
0 0.08177083333333333 0.4166666666666667 0.009375 0.037037037037037035
0 0.0765625 0.4185185185185185 0.009375 0.037037037037037035
0 0.08854166666666667 0.5055555555555555 0.010416666666666666 0.04814814814814815
0 0.09114583333333333 0.49444444444444446 0.009375 0.044444444444444446
1 0.08229166666666667 0.47685185185185186 0.00625 0.024074074074074074
1 0.08854166666666667 0.47314814814814815 0.008333333333333333 0.04259259259259259
9 0.08489583333333334 0.48333333333333334 0.015625 0.014814814814814815
0 0.16458333333333333 0.36944444444444446 0.008333333333333333 0.02777777777777778
0 0.20104166666666667 0.3740740740740741 0.008333333333333333 0.03333333333333333
0 0.22864583333333333 0.9722222222222222 0.021875 0.05185185185185186
0 0.19791666666666666 0.9750000000000001 0.022916666666666665 0.0462962962962963
0 0.009895833333333333 0.6305555555555555 0.019791666666666666 0.061111111111111116
1 0.0421875 0.725 0.021875 0.06851851851851852
9 0.0484375 0.7472222222222222 0.046875 0.05740740740740741
0 0.026041666666666668 0.5157407407407407 0.014583333333333334 0.04259259259259259
0 0.03177083333333333 0.5055555555555555 0.011458333333333333 0.04814814814814815
0 0.013541666666666667 0.39722222222222225 0.010416666666666666 0.031481481481481485
1 0.01614583333333333 0.39166666666666666 0.007291666666666667 0.016666666666666666
0 0.029166666666666667 0.37962962962962965 0.008333333333333333 0.03333333333333333
0 0.2734375 0.3805555555555556 0.009375 0.031481481481481485
0 0.2598958333333333 0.3675925925925926 0.009375 0.031481481481481485
0 0.24479166666666666 0.35370370370370374 0.008333333333333333 0.02962962962962963
0 0.21979166666666666 0.3351851851851852 0.008333333333333333 0.02962962962962963
0 0.21145833333333333 0.31203703703703706 0.004166666666666667 0.020370370370370372
0 0.2864583333333333 0.36574074074074076 0.008333333333333333 0.020370370370370372
0 0.2984375 0.36203703703703705 0.007291666666666667 0.02777777777777778
0 0.25416666666666665 0.34444444444444444 0.008333333333333333 0.02592592592592593
0 0.27239583333333334 0.3416666666666667 0.005208333333333333 0.012962962962962964
0 0.2661458333333333 0.34814814814814815 0.007291666666666667 0.018518518518518517
0 0.26666666666666666 0.36388888888888893 0.00625 0.02777777777777778
0 0.35520833333333335 0.3138888888888889 0.004166666666666667 0.024074074074074074
0 0.36822916666666666 0.31851851851851853 0.005208333333333333 0.014814814814814815
0 0.3755208333333333 0.3175925925925926 0.005208333333333333 0.024074074074074074
0 0.38177083333333334 0.32685185185185184 0.007291666666666667 0.024074074074074074
0 0.41302083333333334 0.33611111111111114 0.005208333333333333 0.031481481481481485
0 0.4192708333333333 0.33796296296296297 0.005208333333333333 0.031481481481481485
0 0.3921875 0.38796296296296295 0.007291666666666667 0.031481481481481485
0 0.44114583333333335 0.33240740740740743 0.005208333333333333 0.024074074074074074
0 0.43697916666666664 0.32962962962962966 0.005208333333333333 0.022222222222222223
0 0.43124999999999997 0.3490740740740741 0.00625 0.020370370370370372
0 0.4375 0.3462962962962963 0.00625 0.02592592592592593
0 0.42916666666666664 0.40555555555555556 0.00625 0.03333333333333333
0 0.42291666666666666 0.40555555555555556 0.00625 0.03333333333333333
0 0.4161458333333333 0.3990740740740741 0.007291666666666667 0.031481481481481485
0 0.4083333333333333 0.41203703703703703 0.008333333333333333 0.031481481481481485
0 0.39947916666666666 0.41203703703703703 0.007291666666666667 0.031481481481481485
1 0.37604166666666666 0.4222222222222222 0.008333333333333333 0.018518518518518517
1 0.3671875 0.42129629629629634 0.007291666666666667 0.024074074074074074
0 0.3640625 0.32962962962962966 0.005208333333333333 0.022222222222222223
0 0.359375 0.35185185185185186 0.00625 0.02592592592592593
0 0.3536458333333333 0.3509259259259259 0.005208333333333333 0.031481481481481485
0 0.3598958333333333 0.33333333333333337 0.005208333333333333 0.022222222222222223
1 0.42604166666666665 0.37592592592592594 0.00625 0.02592592592592593
9 0.42864583333333334 0.3861111111111111 0.015625 0.016666666666666666
0 0.85 0.3888888888888889 0.004166666666666667 0.02592592592592593
0 0.8572916666666667 0.3907407407407408 0.00625 0.022222222222222223
3 0.8260416666666667 0.39351851851851855 0.0375 0.03888888888888889
0 0.1515625 0.31666666666666665 0.007291666666666667 0.02592592592592593
0 0.14791666666666667 0.31851851851851853 0.00625 0.02592592592592593
0 0.14114583333333333 0.31851851851851853 0.005208333333333333 0.02592592592592593
0 0.14427083333333332 0.32037037037037036 0.005208333333333333 0.022222222222222223
0 0.07864583333333333 0.3509259259259259 0.007291666666666667 0.024074074074074074
7 0.9776041666666666 0.5925925925925926 0.042708333333333334 0.08148148148148149
1 0.9609375 0.5259259259259259 0.011458333333333333 0.02962962962962963
9 0.9609375 0.5435185185185185 0.021875 0.03518518518518519
3 0.9005208333333333 0.5101851851851852 0.04479166666666667 0.06851851851851852
1 0.45729166666666665 0.3740740740740741 0.00625 0.022222222222222223
1 0.48802083333333335 0.37777777777777777 0.007291666666666667 0.02592592592592593
1 0.4947916666666667 0.3740740740740741 0.00625 0.022222222222222223
1 0.503125 0.3731481481481482 0.00625 0.020370370370370372
1 0.5166666666666666 0.37962962962962965 0.008333333333333333 0.022222222222222223
1 0.4979166666666667 0.39351851851851855 0.00625 0.020370370370370372
1 0.48020833333333335 0.39351851851851855 0.008333333333333333 0.020370370370370372
1 0.4734375 0.3925925925925926 0.007291666666666667 0.022222222222222223
0 0.3770833333333333 0.35370370370370374 0.008333333333333333 0.02962962962962963
0 0.37395833333333334 0.35370370370370374 0.008333333333333333 0.02962962962962963
1 0.3875 0.35370370370370374 0.00625 0.018518518518518517
2 0.38697916666666665 0.3611111111111111 0.011458333333333333 0.018518518518518517
0 0.15729166666666666 0.3416666666666667 0.008333333333333333 0.02777777777777778
0 0.18020833333333333 0.3472222222222222 0.004166666666666667 0.020370370370370372
0 0.1859375 0.34351851851851856 0.005208333333333333 0.024074074074074074
0 0.18802083333333333 0.3425925925925926 0.005208333333333333 0.02592592592592593
0 0.18229166666666666 0.34351851851851856 0.00625 0.02777777777777778
0 0.19479166666666667 0.312962962962963 0.004166666666666667 0.02592592592592593
0 0.1921875 0.3148148148148148 0.005208333333333333 0.02592592592592593
0 0.016666666666666666 0.3194444444444445 0.00625 0.02777777777777778
0 0.019791666666666666 0.33240740740740743 0.00625 0.024074074074074074
0 0.035416666666666666 0.33333333333333337 0.00625 0.02592592592592593
0 0.042708333333333334 0.3425925925925926 0.004166666666666667 0.02592592592592593
0 0.04583333333333333 0.32962962962962966 0.008333333333333333 0.02592592592592593
0 0.071875 0.3388888888888889 0.00625 0.02592592592592593
0 0.06666666666666667 0.33055555555555555 0.00625 0.024074074074074074
0 0.06875 0.3685185185185185 0.008333333333333333 0.02962962962962963
0 0.06927083333333334 0.35555555555555557 0.007291666666666667 0.02962962962962963
0 0.06354166666666666 0.35833333333333334 0.00625 0.02777777777777778
0 0.058333333333333334 0.36944444444444446 0.008333333333333333 0.031481481481481485
1 0.050520833333333334 0.36944444444444446 0.009375 0.024074074074074074
0 0.049479166666666664 0.35185185185185186 0.007291666666666667 0.02962962962962963
0 0.05677083333333333 0.3574074074074074 0.007291666666666667 0.02592592592592593
0 0.03854166666666667 0.3574074074074074 0.00625 0.02592592592592593
0 0.035416666666666666 0.3611111111111111 0.00625 0.02962962962962963
0 0.029166666666666667 0.3462962962962963 0.00625 0.02592592592592593
0 0.026041666666666668 0.35555555555555557 0.00625 0.03333333333333333
0 0.019791666666666666 0.36574074074074076 0.00625 0.031481481481481485
0 0.0140625 0.35462962962962963 0.009375 0.03888888888888889
0 0.009895833333333333 0.3685185185185185 0.007291666666666667 0.03333333333333333
0 0.0046875 0.37777777777777777 0.009375 0.03333333333333333
0 0.06041666666666667 0.34074074074074073 0.00625 0.02592592592592593
0 0.05416666666666667 0.34074074074074073 0.00625 0.02592592592592593
0 0.057291666666666664 0.32962962962962966 0.004166666666666667 0.02592592592592593
0 0.06041666666666667 0.3231481481481482 0.008333333333333333 0.031481481481481485
0 0.28541666666666665 0.3138888888888889 0.00625 0.024074074074074074
0 0.28020833333333334 0.3101851851851852 0.004166666666666667 0.020370370370370372
0 0.275 0.3148148148148148 0.00625 0.022222222222222223
0 0.2635416666666667 0.3175925925925926 0.004166666666666667 0.016666666666666666
0 0.24322916666666666 0.30648148148148147 0.005208333333333333 0.024074074074074074
0 0.24427083333333333 0.3231481481481482 0.005208333333333333 0.020370370370370372
0 0.2515625 0.32962962962962966 0.005208333333333333 0.018518518518518517
0 0.25 0.3101851851851852 0.00625 0.020370370370370372
0 0.27447916666666666 0.3314814814814815 0.005208333333333333 0.022222222222222223
0 0.2755208333333333 0.33333333333333337 0.005208333333333333 0.02592592592592593
0 0.3104166666666667 0.3416666666666667 0.004166666666666667 0.024074074074074074
0 0.3072916666666667 0.33425925925925926 0.004166666666666667 0.024074074074074074
0 0.29635416666666664 0.337037037037037 0.005208333333333333 0.018518518518518517
0 0.2942708333333333 0.33796296296296297 0.005208333333333333 0.031481481481481485
0 0.2791666666666667 0.32962962962962966 0.00625 0.02592592592592593
0 0.2989583333333333 0.33611111111111114 0.004166666666666667 0.02777777777777778
0 0.2661458333333333 0.3509259259259259 0.005208333333333333 0.031481481481481485
0 0.3223958333333333 0.3138888888888889 0.005208333333333333 0.020370370370370372
0 0.31197916666666664 0.31203703703703706 0.005208333333333333 0.020370370370370372
0 0.31666666666666665 0.31574074074074077 0.004166666666666667 0.020370370370370372
0 0.31666666666666665 0.31666666666666665 0.004166666666666667 0.022222222222222223
1 0.3375 0.31851851851851853 0.00625 0.014814814814814815
1 0.3609375 0.4305555555555556 0.009375 0.031481481481481485
1 0.4041666666666667 0.39537037037037037 0.008333333333333333 0.024074074074074074
0 0.3958333333333333 0.3175925925925926 0.004166666666666667 0.020370370370370372
0 0.39166666666666666 0.31851851851851853 0.004166666666666667 0.022222222222222223
0 0.4067708333333333 0.33333333333333337 0.005208333333333333 0.022222222222222223
0 0.4041666666666667 0.3287037037037037 0.004166666666666667 0.024074074074074074
1 0.396875 0.33611111111111114 0.00625 0.016666666666666666
1 0.3953125 0.33240740740740743 0.005208333333333333 0.016666666666666666
3 0.19791666666666666 0.25925925925925924 0.020833333333333332 0.011111111111111112
3 0.18802083333333333 0.26851851851851855 0.015625 0.014814814814814815
3 0.17395833333333333 0.2712962962962963 0.016666666666666666 0.012962962962962964
3 0.15104166666666666 0.26851851851851855 0.01875 0.011111111111111112
3 0.21927083333333333 0.2601851851851852 0.011458333333333333 0.012962962962962964
0 0.12604166666666666 0.3138888888888889 0.00625 0.024074074074074074
0 0.1125 0.3148148148148148 0.00625 0.02592592592592593
0 0.10677083333333333 0.31574074074074077 0.005208333333333333 0.02777777777777778
0 0.12604166666666666 0.3314814814814815 0.00625 0.022222222222222223
0 0.12239583333333333 0.33240740740740743 0.005208333333333333 0.02777777777777778
0 0.11979166666666667 0.32962962962962966 0.00625 0.02592592592592593
0 0.11927083333333333 0.34444444444444444 0.005208333333333333 0.018518518518518517
0 0.11354166666666667 0.3425925925925926 0.00625 0.02592592592592593
0 0.10625 0.3416666666666667 0.00625 0.024074074074074074
0 0.10260416666666666 0.337037037037037 0.005208333333333333 0.018518518518518517
0 0.09427083333333333 0.35462962962962963 0.005208333333333333 0.024074074074074074
0 0.08541666666666667 0.3453703703703704 0.00625 0.02777777777777778
1 0.07916666666666666 0.3212962962962963 0.00625 0.020370370370370372
1 0.08541666666666667 0.31851851851851853 0.00625 0.018518518518518517
1 0.08489583333333334 0.3138888888888889 0.007291666666666667 0.020370370370370372
1 0.09427083333333333 0.3111111111111111 0.005208333333333333 0.018518518518518517
