0 0.3492647058823529 0.40784313725490196 0.027941176470588233 0.09411764705882353
0 0.4224264705882353 0.36732026143790847 0.030147058823529412 0.08627450980392157
0 0.43566176470588236 0.3555555555555555 0.022794117647058822 0.0915032679738562
0 0.11176470588235293 0.8712418300653594 0.03676470588235294 0.1241830065359477
0 0.4415441176470588 0.792156862745098 0.027205882352941177 0.08888888888888888
1 0.575 0.645751633986928 0.023529411764705882 0.065359477124183
1 0.5886029411764706 0.6235294117647059 0.022794117647058822 0.06274509803921569
1 0.6128676470588236 0.5888888888888888 0.02426470588235294 0.06928104575163398
9 0.6768382352941177 0.5875816993464051 0.03455882352941177 0.08758169934640522
0 0.9136029411764706 0.9614379084967319 0.04191176470588235 0.07450980392156863
3 0.10183823529411765 0.050980392156862744 0.05955882352941176 0.10196078431372549
3 0.027941176470588233 0.10196078431372549 0.057352941176470586 0.08888888888888888
3 0.1650735294117647 0.03856209150326797 0.05367647058823529 0.07973856209150326
