3 0.6099264705882352 0.45555555555555555 0.09044117647058823 0.06928104575163398
3 0.26691176470588235 0.6254901960784314 0.08823529411764705 0.13202614379084968
4 0.13455882352941176 0.48496732026143785 0.13970588235294118 0.12287581699346405
3 0.2227941176470588 0.46274509803921565 0.0838235294117647 0.07058823529411765
3 0.41102941176470587 0.418954248366013 0.060294117647058824 0.0849673202614379
1 0.0125 0.765359477124183 0.023529411764705882 0.04836601307189542
6 0.09705882352941177 0.7104575163398692 0.06323529411764706 0.08758169934640522
0 0.15625 0.6254901960784314 0.019852941176470587 0.06666666666666667
2 0.17205882352941176 0.5620915032679739 0.04264705882352941 0.04183006535947712
6 0.13345588235294117 0.5666666666666667 0.04779411764705882 0.05359477124183006
9 0.022058823529411763 0.4588235294117647 0.01764705882352941 0.047058823529411764
9 0.20955882352941177 0.4137254901960784 0.027941176470588233 0.04052287581699346
2 0.22058823529411764 0.3908496732026144 0.014705882352941176 0.03660130718954248
6 0.23602941176470588 0.36013071895424836 0.04264705882352941 0.04836601307189542
9 0.24375 0.38888888888888884 0.022794117647058822 0.03529411764705882
1 0.28823529411764703 0.39738562091503266 0.014705882352941176 0.03137254901960784
0 0.26176470588235295 0.3418300653594771 0.007352941176470588 0.043137254901960784
0 0.2716911764705882 0.3424836601307189 0.009558823529411765 0.04183006535947712
0 0.23345588235294118 0.3176470588235294 0.009558823529411765 0.047058823529411764
0 0.3422794117647059 0.32091503267973853 0.015441176470588236 0.050980392156862744
0 0.3536764705882353 0.36732026143790847 0.007352941176470588 0.047058823529411764
0 0.36066176470588235 0.3790849673202614 0.005147058823529412 0.02875816993464052
1 0.35955882352941176 0.40457516339869276 0.013235294117647059 0.04836601307189542
9 0.3551470588235294 0.4137254901960784 0.014705882352941176 0.03529411764705882
3 0.3525735294117647 0.2849673202614379 0.05955882352941176 0.04967320261437908
4 0.37022058823529413 0.2594771241830065 0.05514705882352941 0.05620915032679738
3 0.3841911764705882 0.2333333333333333 0.05661764705882353 0.04836601307189542
0 0.39963235294117644 0.27058823529411763 0.009558823529411765 0.04183006535947712
3 0.4172794117647059 0.2026143790849673 0.05220588235294118 0.04967320261437908
3 0.43529411764705883 0.1915032679738562 0.054411764705882354 0.04052287581699346
3 0.4455882352941176 0.1790849673202614 0.05 0.03660130718954248
3 0.4617647058823529 0.16405228758169935 0.055882352941176466 0.03790849673202614
3 0.49227941176470585 0.1437908496732026 0.04779411764705882 0.03398692810457516
0 0.3922794117647059 0.36209150326797385 0.009558823529411765 0.04967320261437908
1 0.4033088235294118 0.3607843137254902 0.015441176470588236 0.04183006535947712
9 0.4025735294117647 0.365359477124183 0.015441176470588236 0.04836601307189542
1 0.41360294117647056 0.3424836601307189 0.0125 0.04183006535947712
2 0.41102941176470587 0.34967320261437906 0.014705882352941176 0.03529411764705882
2 0.4305147058823529 0.3627450980392157 0.009558823529411765 0.0326797385620915
1 0.42977941176470585 0.34967320261437906 0.009558823529411765 0.043137254901960784
3 0.4878676470588235 0.3287581699346405 0.04779411764705882 0.06405228758169934
3 0.506985294117647 0.25555555555555554 0.0375 0.05359477124183006
3 0.5389705882352941 0.22026143790849673 0.033823529411764704 0.04836601307189542
3 0.5393382352941176 0.3202614379084967 0.04779411764705882 0.06013071895424836
3 0.5650735294117647 0.17777777777777776 0.03455882352941177 0.05751633986928104
0 0.5014705882352941 0.17320261437908496 0.007352941176470588 0.03529411764705882
0 0.5128676470588235 0.17581699346405227 0.006617647058823529 0.0326797385620915
1 0.5452205882352941 0.16732026143790849 0.008088235294117646 0.02875816993464052
9 0.5448529411764705 0.17777777777777776 0.007352941176470588 0.02091503267973856
9 0.5158088235294117 0.09542483660130718 0.015441176470588236 0.02091503267973856
0 0.524264705882353 0.07254901960784313 0.004411764705882353 0.02483660130718954
0 0.5352941176470588 0.08627450980392157 0.0029411764705882353 0.01830065359477124
0 0.5386029411764706 0.08300653594771241 0.005147058823529412 0.02222222222222222
0 0.5466911764705882 0.09673202614379084 0.005147058823529412 0.02875816993464052
0 0.5514705882352942 0.09934640522875816 0.0029411764705882353 0.02875816993464052
9 0.5514705882352942 0.06405228758169934 0.016176470588235292 0.023529411764705882
9 0.575 0.03660130718954248 0.011764705882352941 0.01568627450980392
4 0.5816176470588236 0.09411764705882353 0.020588235294117647 0.04444444444444444
4 0.5878676470588236 0.0261437908496732 0.028676470588235293 0.02875816993464052
3 0.6095588235294117 0.023529411764705882 0.025 0.02091503267973856
3 0.6150735294117647 0.01764705882352941 0.027205882352941177 0.0196078431372549
3 0.631985294117647 0.011764705882352941 0.022794117647058822 0.023529411764705882
3 0.6275735294117647 0.04771241830065359 0.019852941176470587 0.027450980392156862
3 0.6264705882352941 0.07124183006535947 0.020588235294117647 0.027450980392156862
0 0.6136029411764706 0.08039215686274509 0.005147058823529412 0.027450980392156862
3 0.5919117647058824 0.15555555555555556 0.025 0.0392156862745098
3 0.6091911764705882 0.12810457516339868 0.022794117647058822 0.03660130718954248
4 0.6040441176470588 0.19934640522875816 0.027205882352941177 0.04836601307189542
6 0.5981617647058823 0.2699346405228758 0.016911764705882352 0.043137254901960784
1 0.5966911764705882 0.2529411764705882 0.009558823529411765 0.02222222222222222
9 0.6264705882352941 0.2954248366013072 0.022058823529411763 0.02875816993464052
1 0.6261029411764706 0.2875816993464052 0.0125 0.04183006535947712
1 0.6341911764705882 0.2869281045751634 0.009558823529411765 0.0326797385620915
0 0.5753676470588235 0.361437908496732 0.009558823529411765 0.04836601307189542
6 0.5441176470588235 0.3941176470588235 0.023529411764705882 0.050980392156862744
1 0.5470588235294117 0.3784313725490196 0.011764705882352941 0.0326797385620915
3 0.6588235294117647 0.37516339869281046 0.075 0.06274509803921569
3 0.6345588235294117 0.3424836601307189 0.08088235294117647 0.04967320261437908
3 0.6658088235294117 0.2699346405228758 0.0625 0.043137254901960784
3 0.6720588235294117 0.23464052287581696 0.057352941176470586 0.04052287581699346
3 0.6996323529411764 0.16209150326797384 0.0375 0.02875816993464052
3 0.7147058823529412 0.14183006535947712 0.03676470588235294 0.03006535947712418
3 0.7503676470588235 0.2764705882352941 0.03308823529411765 0.04836601307189542
2 0.7595588235294117 0.161437908496732 0.01764705882352941 0.0196078431372549
9 0.8014705882352942 0.19999999999999998 0.010294117647058823 0.0261437908496732
3 0.8713235294117647 0.2725490196078431 0.03529411764705882 0.05359477124183006
0 0.9029411764705882 0.2973856209150327 0.013235294117647059 0.043137254901960784
0 0.9051470588235294 0.4542483660130719 0.013235294117647059 0.05620915032679738
4 0.9573529411764706 0.32679738562091504 0.0838235294117647 0.07058823529411765
0 0.9569852941176471 0.36405228758169933 0.0125 0.03529411764705882
0 0.08897058823529412 0.365359477124183 0.013235294117647059 0.04836601307189542
2 0.7922794117647058 0.14705882352941174 0.005147058823529412 0.01437908496732026
2 0.7588235294117647 0.17320261437908496 0.007352941176470588 0.02483660130718954
1 0.1400735294117647 0.6176470588235293 0.022794117647058822 0.050980392156862744
9 0.8158088235294118 0.07516339869281045 0.015441176470588236 0.0196078431372549
3 0.6783088235294118 0.03137254901960784 0.0125 0.0261437908496732
