3 0.34448529411764706 0.7464052287581698 0.06985294117647059 0.17777777777777776
3 0.3915441176470588 0.35947712418300654 0.030147058823529412 0.07320261437908496
3 0.46249999999999997 0.3941176470588235 0.03529411764705882 0.09281045751633986
3 0.45441176470588235 0.26666666666666666 0.022058823529411763 0.06274509803921569
3 0.42720588235294116 0.22156862745098038 0.03676470588235294 0.06405228758169934
3 0.5477941176470588 0.2372549019607843 0.020588235294117647 0.05620915032679738
3 0.5194852941176471 0.0673202614379085 0.019852941176470587 0.04052287581699346
3 0.7735294117647059 0.5503267973856208 0.052941176470588235 0.10196078431372549
4 0.8139705882352941 0.4725490196078431 0.07205882352941176 0.11895424836601307
3 0.1125 0.5718954248366013 0.075 0.1372549019607843
3 0.04595588235294117 0.4588235294117647 0.05955882352941176 0.0915032679738562
4 0.2011029411764706 0.361437908496732 0.04044117647058824 0.09542483660130718
0 0.2323529411764706 0.34967320261437906 0.022058823529411763 0.04052287581699346
0 0.1698529411764706 0.5235294117647058 0.022058823529411763 0.06405228758169934
0 0.7334558823529411 0.27385620915032677 0.022794117647058822 0.050980392156862744
0 0.649264705882353 0.10130718954248365 0.008823529411764706 0.03006535947712418
3 0.32316176470588237 0.12352941176470587 0.019852941176470587 0.04052287581699346
3 0.36911764705882355 0.03333333333333333 0.022058823529411763 0.0326797385620915
9 0.5683823529411764 0.06993464052287582 0.007352941176470588 0.01699346405228758
1 0.5680147058823529 0.05163398692810457 0.006617647058823529 0.011764705882352941
3 0.63125 0.04183006535947712 0.021323529411764706 0.03398692810457516
3 0.9691176470588235 0.31241830065359477 0.057352941176470586 0.07320261437908496
3 0.8952205882352942 0.18235294117647058 0.05073529411764706 0.04052287581699346
3 0.9121323529411764 0.15555555555555556 0.0375 0.04444444444444444
3 0.9452205882352941 0.15359477124183005 0.04044117647058824 0.06143790849673202
3 0.9852941176470588 0.0849673202614379 0.025 0.03660130718954248
3 0.9341911764705882 0.08235294117647059 0.03161764705882353 0.04183006535947712
4 0.9669117647058824 0.08366013071895424 0.023529411764705882 0.04183006535947712
3 0.9007352941176471 0.07712418300653594 0.025 0.03660130718954248
3 0.8753676470588235 0.08431372549019607 0.027205882352941177 0.03006535947712418
3 0.8459558823529412 0.0784313725490196 0.022794117647058822 0.03660130718954248
3 0.8220588235294117 0.07908496732026143 0.025 0.0326797385620915
