4 0.7933823529411764 0.6771241830065359 0.075 0.130718954248366
4 0.8613970588235293 0.6405228758169934 0.06985294117647059 0.10980392156862745
3 0.8216911764705882 0.5777777777777777 0.05220588235294118 0.06013071895424836
0 0.7297794117647058 0.588235294117647 0.0125 0.054901960784313725
1 0.6599264705882353 0.8058823529411764 0.015441176470588236 0.04836601307189542
9 0.6584558823529412 0.8222222222222222 0.016911764705882352 0.06274509803921569
3 0.513235294117647 0.42156862745098034 0.025 0.0457516339869281
3 0.40661764705882353 0.35686274509803917 0.023529411764705882 0.047058823529411764
4 0.22647058823529412 0.5673202614379085 0.03823529411764706 0.0784313725490196
3 0.24227941176470588 0.522875816993464 0.04779411764705882 0.06274509803921569
3 0.26801470588235293 0.47058823529411764 0.03897058823529412 0.05751633986928104
4 0.31948529411764703 0.34509803921568627 0.04485294117647059 0.04444444444444444
1 0.37941176470588234 0.46732026143790845 0.008823529411764706 0.04052287581699346
2 0.37941176470588234 0.48235294117647054 0.007352941176470588 0.03398692810457516
3 0.3503676470588235 0.29084967320261434 0.022794117647058822 0.03529411764705882
3 0.3665441176470588 0.25555555555555554 0.019852941176470587 0.03006535947712418
3 0.38088235294117645 0.22483660130718952 0.01764705882352941 0.0261437908496732
3 0.35919117647058824 0.20392156862745098 0.03455882352941177 0.02091503267973856
3 0.4154411764705882 0.18627450980392155 0.027941176470588233 0.02222222222222222
3 0.39963235294117644 0.1411764705882353 0.0125 0.02091503267973856
3 0.31213235294117647 0.3764705882352941 0.030147058823529412 0.054901960784313725
3 0.5345588235294118 0.24771241830065358 0.01764705882352941 0.027450980392156862
3 0.5305147058823529 0.21241830065359477 0.030147058823529412 0.02483660130718954
3 0.4988970588235294 0.20784313725490194 0.013970588235294117 0.02091503267973856
3 0.5110294117647058 0.18562091503267972 0.014705882352941176 0.02091503267973856
3 0.5073529411764706 0.161437908496732 0.011764705882352941 0.0196078431372549
3 0.4834558823529412 0.15816993464052287 0.0125 0.02091503267973856
3 0.649264705882353 0.30588235294117644 0.041176470588235294 0.04183006535947712
3 0.6466911764705883 0.2803921568627451 0.028676470588235293 0.027450980392156862
3 0.61875 0.2437908496732026 0.019852941176470587 0.03529411764705882
0 0.1625 0.5359477124183006 0.011764705882352941 0.047058823529411764
0 0.17573529411764705 0.5320261437908497 0.007352941176470588 0.04444444444444444
9 0.28125 0.37385620915032675 0.013970588235294117 0.03398692810457516
0 0.3492647058823529 0.34117647058823525 0.0058823529411764705 0.03398692810457516
0 0.3525735294117647 0.3398692810457516 0.005147058823529412 0.03398692810457516
3 0.3992647058823529 0.12549019607843137 0.010294117647058823 0.01568627450980392
0 0.4389705882352941 0.23267973856209148 0.0058823529411764705 0.0261437908496732
0 0.43124999999999997 0.2333333333333333 0.005147058823529412 0.02222222222222222
0 0.4113970588235294 0.20718954248366012 0.003676470588235294 0.0196078431372549
0 0.4150735294117647 0.20784313725490194 0.003676470588235294 0.01830065359477124
1 0.5400735294117647 0.2797385620915033 0.005147058823529412 0.01568627450980392
1 0.5400735294117647 0.2751633986928104 0.003676470588235294 0.0196078431372549
9 0.5400735294117647 0.2830065359477124 0.005147058823529412 0.02222222222222222
3 0.5077205882352941 0.12352941176470587 0.009558823529411765 0.01437908496732026
3 0.4985294117647059 0.10261437908496732 0.01764705882352941 0.01437908496732026
3 0.5147058823529411 0.10261437908496732 0.01764705882352941 0.01437908496732026
3 0.5073529411764706 0.11437908496732026 0.010294117647058823 0.011764705882352941
