0 0.3125 0.9614379084967319 0.008823529411764706 0.05620915032679738
0 0.32169117647058826 0.9666666666666666 0.009558823529411765 0.043137254901960784
0 0.5018382352941176 0.8666666666666666 0.0125 0.054901960784313725
9 0.4930147058823529 0.9013071895424836 0.0125 0.043137254901960784
3 0.53125 0.8738562091503267 0.04191176470588235 0.10326797385620914
9 0.42316176470588235 0.6183006535947712 0.019852941176470587 0.02875816993464052
9 0.43970588235294117 0.630718954248366 0.022058823529411763 0.03529411764705882
9 0.39558823529411763 0.6366013071895424 0.01764705882352941 0.02091503267973856
9 0.4113970588235294 0.6647058823529411 0.016911764705882352 0.027450980392156862
9 0.4011029411764706 0.6967320261437908 0.019852941176470587 0.02875816993464052
0 0.4264705882352941 0.7620915032679738 0.007352941176470588 0.03398692810457516
0 0.42463235294117646 0.7862745098039216 0.005147058823529412 0.03790849673202614
0 0.8150735294117647 0.722875816993464 0.009558823529411765 0.04967320261437908
9 0.6268382352941176 0.7915032679738562 0.0125 0.03529411764705882
1 0.6261029411764706 0.7790849673202613 0.013970588235294117 0.03398692810457516
3 0.49522058823529413 0.33921568627450976 0.03602941176470588 0.027450980392156862
3 0.4051470588235294 0.5156862745098039 0.03823529411764706 0.0326797385620915
3 0.825 0.6124183006535947 0.05 0.06928104575163398
