6 0.32316176470588237 0.8235294117647058 0.04485294117647059 0.14640522875816991
4 0.2172794117647059 0.7026143790849673 0.1375 0.15294117647058822
4 0.29191176470588237 0.5679738562091503 0.051470588235294115 0.13202614379084968
9 0.22536764705882353 0.5281045751633987 0.04779411764705882 0.04967320261437908
4 0.27205882352941174 0.46732026143790845 0.08088235294117647 0.07973856209150326
0 0.3915441176470588 0.43202614379084964 0.013970588235294117 0.04836601307189542
6 0.3922794117647059 0.45228758169934635 0.015441176470588236 0.047058823529411764
1 0.3386029411764706 0.2954248366013072 0.0125 0.04183006535947712
9 0.3397058823529412 0.3052287581699346 0.010294117647058823 0.03529411764705882
0 0.34705882352941175 0.1849673202614379 0.007352941176470588 0.03529411764705882
3 0.3650735294117647 0.17777777777777776 0.02426470588235294 0.04183006535947712
3 0.1363970588235294 0.27320261437908494 0.06102941176470588 0.05751633986928104
3 0.1547794117647059 0.28431372549019607 0.04779411764705882 0.05359477124183006
3 0.16838235294117646 0.18692810457516337 0.039705882352941174 0.04444444444444444
0 0.18235294117647058 0.20196078431372547 0.007352941176470588 0.0326797385620915
0 0.18823529411764706 0.19281045751633985 0.007352941176470588 0.0326797385620915
0 0.18823529411764706 0.2006535947712418 0.007352941176470588 0.0326797385620915
2 0.22169117647058822 0.15751633986928104 0.016911764705882352 0.02222222222222222
0 0.25330882352941175 0.13006535947712417 0.006617647058823529 0.027450980392156862
0 0.2540441176470588 0.12352941176470587 0.006617647058823529 0.027450980392156862
4 0.3628676470588235 0.130718954248366 0.02426470588235294 0.04967320261437908
3 0.38823529411764707 0.15424836601307187 0.022058823529411763 0.03660130718954248
3 0.3863970588235294 0.11503267973856209 0.019852941176470587 0.03398692810457516
4 0.3680147058823529 0.09999999999999999 0.019852941176470587 0.03529411764705882
4 0.3720588235294118 0.07973856209150326 0.01764705882352941 0.03398692810457516
3 0.37279411764705883 0.06470588235294117 0.01764705882352941 0.027450980392156862
1 0.4183823529411765 0.09607843137254901 0.007352941176470588 0.02222222222222222
6 0.4213235294117647 0.10392156862745097 0.014705882352941176 0.0196078431372549
3 0.37463235294117647 0.0522875816993464 0.016911764705882352 0.02875816993464052
1 0.39595588235294116 0.03986928104575163 0.005147058823529412 0.0196078431372549
9 0.3963235294117647 0.0457516339869281 0.0058823529411764705 0.01568627450980392
4 0.3790441176470588 0.02222222222222222 0.015441176470588236 0.0261437908496732
4 0.3827205882352941 0.00718954248366013 0.013970588235294117 0.01437908496732026
1 0.44191176470588234 0.09215686274509803 0.007352941176470588 0.027450980392156862
9 0.44227941176470587 0.09738562091503267 0.005147058823529412 0.02222222222222222
1 0.4411764705882353 0.00457516339869281 0.0029411764705882353 0.011764705882352941
2 0.44080882352941175 0.00849673202614379 0.005147058823529412 0.01437908496732026
0 0.45330882352941176 0.06470588235294117 0.005147058823529412 0.027450980392156862
0 0.45845588235294116 0.06601307189542484 0.005147058823529412 0.027450980392156862
0 0.46286764705882355 0.05032679738562091 0.003676470588235294 0.02222222222222222
1 0.46691176470588236 0.01241830065359477 0.004411764705882353 0.01437908496732026
9 0.46654411764705883 0.01633986928104575 0.005147058823529412 0.01437908496732026
4 0.4742647058823529 0.04379084967320261 0.013235294117647059 0.02222222222222222
4 0.4768382352941176 0.05555555555555555 0.015441176470588236 0.027450980392156862
3 0.4716911764705882 0.06993464052287582 0.016911764705882352 0.02222222222222222
1 0.4742647058823529 0.07777777777777778 0.0058823529411764705 0.02483660130718954
9 0.47316176470588234 0.08562091503267973 0.0125 0.01437908496732026
4 0.4617647058823529 0.10130718954248365 0.01764705882352941 0.03006535947712418
4 0.48455882352941176 0.09346405228758169 0.01911764705882353 0.0326797385620915
0 0.4797794117647059 0.10588235294117647 0.005147058823529412 0.02091503267973856
0 0.4875 0.10849673202614378 0.0058823529411764705 0.023529411764705882
0 0.4797794117647059 0.1287581699346405 0.005147058823529412 0.03006535947712418
0 0.4852941176470588 0.13137254901960782 0.007352941176470588 0.027450980392156862
6 0.49558823529411766 0.11633986928104574 0.022058823529411763 0.02091503267973856
6 0.4919117647058823 0.13529411764705881 0.016176470588235292 0.02483660130718954
6 0.5025735294117647 0.15163398692810456 0.01838235294117647 0.0261437908496732
1 0.46691176470588236 0.19738562091503267 0.007352941176470588 0.0261437908496732
9 0.46691176470588236 0.2045751633986928 0.007352941176470588 0.027450980392156862
3 0.5099264705882353 0.056862745098039215 0.030147058823529412 0.027450980392156862
3 0.5264705882352941 0.08888888888888888 0.01911764705882353 0.03398692810457516
3 0.5279411764705882 0.12222222222222222 0.03529411764705882 0.02483660130718954
0 0.5341911764705882 0.18627450980392155 0.006617647058823529 0.03006535947712418
0 0.5363970588235294 0.25163398692810457 0.008088235294117646 0.04052287581699346
0 0.5275735294117647 0.257516339869281 0.005147058823529412 0.03660130718954248
9 0.5238970588235294 0.24901960784313723 0.009558823529411765 0.0326797385620915
0 0.5551470588235294 0.2503267973856209 0.0058823529411764705 0.03529411764705882
0 0.5209558823529412 0.3555555555555555 0.009558823529411765 0.04967320261437908
1 0.5709558823529411 0.33202614379084966 0.009558823529411765 0.04444444444444444
2 0.5709558823529411 0.3437908496732026 0.019852941176470587 0.03398692810457516
3 0.5602941176470588 0.396078431372549 0.0661764705882353 0.08104575163398692
3 0.5522058823529412 0.47777777777777775 0.05 0.08758169934640522
3 0.6422794117647058 0.4183006535947712 0.0801470588235294 0.065359477124183
9 0.6772058823529412 0.46535947712418296 0.027941176470588233 0.054901960784313725
3 0.6658088235294117 0.1941176470588235 0.027205882352941177 0.03790849673202614
5 0.7404411764705883 0.16732026143790849 0.06470588235294117 0.07320261437908496
9 0.7084558823529412 0.33202614379084966 0.02426470588235294 0.0261437908496732
6 0.7220588235294118 0.36209150326797385 0.01911764705882353 0.054901960784313725
0 0.7029411764705882 0.37189542483660126 0.011764705882352941 0.04052287581699346
1 0.7044117647058823 0.37777777777777777 0.008823529411764706 0.0261437908496732
6 0.7022058823529411 0.3875816993464052 0.01764705882352941 0.04836601307189542
9 0.7397058823529412 0.4156862745098039 0.029411764705882353 0.0392156862745098
9 0.7474264705882353 0.4117647058823529 0.019852941176470587 0.03660130718954248
0 0.7095588235294118 0.4490196078431372 0.010294117647058823 0.05359477124183006
0 0.7419117647058824 0.5111111111111111 0.013235294117647059 0.06274509803921569
0 0.7654411764705882 0.5006535947712418 0.010294117647058823 0.05751633986928104
3 0.6224264705882353 0.6712418300653594 0.0625 0.1241830065359477
3 0.7216911764705882 0.696078431372549 0.07720588235294118 0.1372549019607843
1 0.7566176470588235 0.6183006535947712 0.0058823529411764705 0.03660130718954248
0 0.7588235294117647 0.634640522875817 0.014705882352941176 0.06666666666666667
9 0.7775735294117647 0.8320261437908496 0.05220588235294118 0.058823529411764705
1 0.6139705882352942 0.8529411764705882 0.026470588235294117 0.07450980392156863
9 0.6139705882352942 0.8673202614379084 0.022058823529411763 0.09019607843137255
0 0.8378676470588236 0.7405228758169934 0.015441176470588236 0.06928104575163398
0 0.8323529411764706 0.6209150326797385 0.025 0.06797385620915032
0 0.8485294117647059 0.6392156862745098 0.025 0.065359477124183
2 0.8658088235294118 0.5725490196078431 0.03455882352941177 0.04967320261437908
9 0.05625 0.9202614379084967 0.025735294117647058 0.09673202614379084
