3 0.09191176470588235 0.9699346405228757 0.1838235294117647 0.054901960784313725
3 0.39375 0.9790849673202614 0.1889705882352941 0.0392156862745098
3 0.8716911764705882 0.9725490196078431 0.1875 0.0522875816993464
3 0.6522058823529412 0.9738562091503268 0.17941176470588235 0.04967320261437908
3 0.20404411764705882 0.7751633986928104 0.10073529411764706 0.22745098039215686
3 0.12610294117647058 0.7522875816993464 0.10955882352941176 0.22875816993464052
4 0.35073529411764703 0.7300653594771241 0.06470588235294117 0.22614379084967318
4 0.4602941176470588 0.7660130718954248 0.09411764705882353 0.22745098039215686
3 0.5360294117647059 0.3627450980392157 0.05 0.09542483660130718
3 0.3165441176470588 0.3522875816993464 0.07720588235294118 0.10849673202614378
3 0.39338235294117646 0.3705882352941176 0.047058823529411764 0.11633986928104574
3 0.4551470588235294 0.36732026143790847 0.05 0.0915032679738562
3 0.5992647058823529 0.36405228758169933 0.051470588235294115 0.08758169934640522
3 0.663235294117647 0.36928104575163395 0.05 0.0849673202614379
3 0.7121323529411765 0.36209150326797385 0.05955882352941176 0.0915032679738562
3 0.7566176470588235 0.36209150326797385 0.058823529411764705 0.0915032679738562
3 0.8172794117647059 0.37385620915032675 0.05514705882352941 0.09673202614379084
3 0.8731617647058824 0.37189542483660126 0.0713235294117647 0.09019607843137255
3 0.9294117647058824 0.36470588235294116 0.07941176470588235 0.10196078431372549
3 0.22426470588235295 0.32418300653594767 0.08235294117647059 0.08104575163398692
6 0.22389705882352942 0.388235294117647 0.04044117647058824 0.10980392156862745
0 0.09044117647058823 0.4398692810457516 0.01911764705882353 0.0718954248366013
0 0.3816176470588235 0.43856209150326797 0.025 0.07712418300653594
9 0.48051470588235295 0.6137254901960784 0.05220588235294118 0.05359477124183006
1 0.43272058823529413 0.4516339869281045 0.021323529411764706 0.07450980392156863
3 0.02022058823529412 0.08039215686274509 0.04044117647058824 0.06143790849673202
3 0.028676470588235293 0.22091503267973855 0.057352941176470586 0.05751633986928104
9 0.0400735294117647 0.230718954248366 0.03455882352941177 0.03529411764705882
2 0.09080882352941176 0.257516339869281 0.025735294117647058 0.04183006535947712
7 0.06985294117647059 0.41045751633986927 0.10735294117647058 0.12026143790849672
0 0.07867647058823529 0.3281045751633987 0.010294117647058823 0.04183006535947712
1 0.10588235294117647 0.3477124183006536 0.022058823529411763 0.04967320261437908
0 0.10698529411764705 0.3248366013071895 0.015441176470588236 0.043137254901960784
1 0.13455882352941176 0.32679738562091504 0.01764705882352941 0.06013071895424836
9 0.2150735294117647 0.27385620915032677 0.019852941176470587 0.03006535947712418
7 0.03860294117647059 0.2941176470588235 0.07720588235294118 0.08627450980392157
9 0.06139705882352941 0.2764705882352941 0.030147058823529412 0.03006535947712418
9 0.06066176470588235 0.265359477124183 0.030147058823529412 0.02875816993464052
9 0.05919117647058823 0.24901960784313723 0.030147058823529412 0.03006535947712418
7 0.1636029411764706 0.361437908496732 0.0625 0.1372549019607843
9 0.7069852941176471 0.25163398692810457 0.027205882352941177 0.0326797385620915
9 0.6977941176470588 0.24117647058823527 0.029411764705882353 0.027450980392156862
9 0.6977941176470588 0.2281045751633987 0.029411764705882353 0.0326797385620915
0 0.9908088235294118 0.4052287581699346 0.016911764705882352 0.06797385620915032
9 0.9665441176470588 0.37189542483660126 0.019852941176470587 0.05620915032679738
9 0.9676470588235294 0.35163398692810455 0.014705882352941176 0.03398692810457516
9 0.32941176470588235 0.2156862745098039 0.011764705882352941 0.0522875816993464
1 0.5764705882352941 0.6215686274509804 0.01764705882352941 0.04052287581699346
1 0.5886029411764706 0.6228758169934641 0.01838235294117647 0.0457516339869281
1 0.7088235294117647 0.6261437908496732 0.01764705882352941 0.0392156862745098
