9 0.9213235294117647 0.36405228758169933 0.047058823529411764 0.14248366013071895
9 0.9761029411764706 0.4241830065359477 0.04632352941176471 0.14248366013071895
6 0.49080882352941174 0.027450980392156862 0.0375 0.054901960784313725
6 0.44338235294117645 0.07777777777777778 0.07205882352941176 0.10849673202614378
0 0.41801470588235295 0.03790849673202614 0.019852941176470587 0.07581699346405228
3 0.2974264705882353 0.14836601307189543 0.12279411764705882 0.14509803921568626
3 0.5889705882352941 0.5032679738562091 0.2 0.269281045751634
3 0.8988970588235294 0.9222222222222222 0.20073529411764707 0.15294117647058822
5 0.2452205882352941 0.3052287581699346 0.29191176470588237 0.5058823529411764
3 0.06544117647058824 0.518954248366013 0.1323529411764706 0.2745098039215686
3 0.061764705882352944 0.12483660130718953 0.12352941176470589 0.14248366013071895
