5 0.46654411764705883 0.6562091503267974 0.24926470588235294 0.2457516339869281
5 0.4661764705882353 0.5209150326797385 0.325 0.27058823529411763
5 0.4294117647058823 0.4026143790849673 0.2911764705882353 0.22745098039215686
5 0.43786764705882353 0.2803921568627451 0.26544117647058824 0.18169934640522875
5 0.4338235294117647 0.20326797385620915 0.17058823529411765 0.14509803921568626
5 0.4279411764705882 0.13137254901960782 0.15294117647058825 0.13202614379084968
3 0.3639705882352941 0.0718954248366013 0.0661764705882353 0.06274509803921569
5 0.3625 0.03398692810457516 0.17352941176470588 0.06797385620915032
3 0.9294117647058824 0.2196078431372549 0.08235294117647059 0.07581699346405228
3 0.8503676470588235 0.13137254901960782 0.07279411764705883 0.06405228758169934
3 0.8102941176470588 0.0673202614379085 0.061764705882352944 0.05620915032679738
3 0.7897058823529411 0.03398692810457516 0.06470588235294117 0.054901960784313725
