4 0.46948529411764706 0.8222222222222222 0.05220588235294118 0.14640522875816991
5 0.49080882352941174 0.33202614379084966 0.05661764705882353 0.1411764705882353
5 0.48419117647058824 0.1764705882352941 0.05955882352941176 0.14901960784313725
0 0.6235294117647059 0.34967320261437906 0.007352941176470588 0.03529411764705882
0 0.6334558823529411 0.34967320261437906 0.008088235294117646 0.03790849673202614
0 0.6400735294117647 0.3352941176470588 0.008088235294117646 0.03790849673202614
0 0.6665441176470588 0.28823529411764703 0.008088235294117646 0.03529411764705882
0 0.6735294117647058 0.29084967320261434 0.010294117647058823 0.03529411764705882
3 0.7191176470588235 0.36470588235294116 0.054411764705882354 0.047058823529411764
4 0.7279411764705882 0.3248366013071895 0.052941176470588235 0.050980392156862744
3 0.7338235294117647 0.30849673202614375 0.052941176470588235 0.04444444444444444
9 0.7761029411764706 0.28823529411764703 0.01838235294117647 0.02222222222222222
5 0.7856617647058823 0.3954248366013072 0.05220588235294118 0.06143790849673202
3 0.7768382352941177 0.492156862745098 0.05514705882352941 0.07450980392156863
0 0.7959558823529411 0.4241830065359477 0.009558823529411765 0.0457516339869281
1 0.8165441176470588 0.4163398692810457 0.009558823529411765 0.027450980392156862
1 0.8161764705882353 0.39673202614379083 0.007352941176470588 0.04052287581699346
0 0.8448529411764706 0.47320261437908495 0.025 0.047058823529411764
0 0.8488970588235294 0.4895424836601307 0.015441176470588236 0.04836601307189542
0 0.8768382352941176 0.46732026143790845 0.009558823529411765 0.04052287581699346
3 0.8544117647058823 0.4718954248366013 0.06323529411764706 0.06797385620915032
1 0.6613970588235294 0.2176470588235294 0.011029411764705881 0.0196078431372549
3 0.6518382352941177 0.20784313725490194 0.04485294117647059 0.03137254901960784
3 0.6621323529411764 0.1568627450980392 0.019852941176470587 0.02875816993464052
0 0.675 0.15816993464052287 0.004411764705882353 0.0261437908496732
1 0.6775735294117647 0.15359477124183005 0.0022058823529411764 0.01437908496732026
0 0.55625 0.226797385620915 0.006617647058823529 0.03529411764705882
0 0.5422794117647058 0.18627450980392155 0.005147058823529412 0.027450980392156862
0 0.5422794117647058 0.1790849673202614 0.005147058823529412 0.0261437908496732
0 0.5463235294117647 0.1764705882352941 0.0058823529411764705 0.02875816993464052
0 0.5514705882352942 0.17843137254901958 0.0058823529411764705 0.0326797385620915
0 0.555514705882353 0.1830065359477124 0.005147058823529412 0.03137254901960784
3 0.5283088235294118 0.17712418300653593 0.019852941176470587 0.0326797385620915
0 0.5507352941176471 0.12222222222222222 0.0029411764705882353 0.02483660130718954
0 0.5580882352941177 0.12483660130718953 0.0029411764705882353 0.02222222222222222
0 0.5253676470588236 0.11372549019607843 0.003676470588235294 0.0261437908496732
3 0.5338235294117647 0.11241830065359476 0.01911764705882353 0.0261437908496732
4 0.5341911764705882 0.09411764705882353 0.015441176470588236 0.02875816993464052
0 0.5297794117647059 0.08300653594771241 0.005147058823529412 0.0196078431372549
0 0.5330882352941176 0.08169934640522876 0.0029411764705882353 0.0196078431372549
0 0.5106617647058823 0.11437908496732026 0.005147058823529412 0.02483660130718954
3 0.513235294117647 0.09281045751633986 0.014705882352941176 0.02091503267973856
0 0.4875 0.02222222222222222 0.0029411764705882353 0.01830065359477124
4 0.4948529411764706 0.02091503267973856 0.011764705882352941 0.02091503267973856
4 0.4985294117647059 0.00522875816993464 0.007352941176470588 0.01045751633986928
3 0.5533088235294118 0.03071895424836601 0.0125 0.02222222222222222
6 0.6066176470588235 0.08888888888888888 0.008823529411764706 0.02091503267973856
4 0.6816176470588236 0.08888888888888888 0.016176470588235292 0.02091503267973856
3 0.6786764705882353 0.07581699346405228 0.025 0.02091503267973856
0 0.8963235294117647 0.08627450980392157 0.0058823529411764705 0.02091503267973856
5 0.06102941176470588 0.3359477124183006 0.12205882352941176 0.21699346405228756
3 0.3367647058823529 0.12483660130718953 0.023529411764705882 0.027450980392156862
4 0.3474264705882353 0.03398692810457516 0.015441176470588236 0.0261437908496732
4 0.4238970588235294 0.00849673202614379 0.0125 0.01699346405228758
5 0.4588235294117647 0.03071895424836601 0.01764705882352941 0.04836601307189542
