3 0.04010416666666666 0.9305555555555556 0.07604166666666666 0.10925925925925926
9 0.45729166666666665 0.9546296296296297 0.025 0.07962962962962963
1 0.45729166666666665 0.9342592592592593 0.020833333333333332 0.07592592592592592
2 0.5229166666666667 0.9277777777777778 0.03333333333333333 0.07407407407407407
1 0.5239583333333333 0.9037037037037038 0.022916666666666665 0.07407407407407407
3 0.5703125 0.7675925925925926 0.084375 0.1388888888888889
3 0.3453125 0.7055555555555556 0.10104166666666667 0.08148148148148149
3 0.4421875 0.5916666666666667 0.059375 0.09074074074074075
9 0.041666666666666664 0.513888888888889 0.014583333333333334 0.03888888888888889
2 0.08385416666666666 0.5083333333333333 0.026041666666666668 0.03888888888888889
9 0.20885416666666667 0.5583333333333333 0.02395833333333333 0.03888888888888889
9 0.31927083333333334 0.6166666666666667 0.030208333333333334 0.04814814814814815
1 0.21041666666666667 0.5546296296296297 0.010416666666666666 0.0462962962962963
1 0.31354166666666666 0.6046296296296296 0.010416666666666666 0.0462962962962963
1 0.321875 0.6064814814814815 0.0125 0.04259259259259259
7 0.20416666666666666 0.5074074074074074 0.041666666666666664 0.05185185185185186
1 0.21145833333333333 0.5046296296296297 0.010416666666666666 0.031481481481481485
0 0.22604166666666667 0.46111111111111114 0.014583333333333334 0.03333333333333333
0 0.044270833333333336 0.46296296296296297 0.011458333333333333 0.044444444444444446
0 0.035416666666666666 0.45462962962962966 0.00625 0.02777777777777778
2 0.07552083333333333 0.46851851851851856 0.019791666666666666 0.037037037037037035
9 0.18020833333333333 0.4740740740740741 0.022916666666666665 0.02962962962962963
2 0.19166666666666665 0.47962962962962963 0.020833333333333332 0.02592592592592593
9 0.26458333333333334 0.4444444444444445 0.010416666666666666 0.02962962962962963
0 0.24322916666666666 0.4203703703703704 0.007291666666666667 0.037037037037037035
3 0.9609375 0.5805555555555556 0.07604166666666666 0.06851851851851852
3 0.9671875 0.48888888888888893 0.06354166666666666 0.05185185185185186
9 0.6932291666666667 0.7305555555555556 0.019791666666666666 0.0462962962962963
1 0.6994791666666667 0.7305555555555556 0.013541666666666667 0.031481481481481485
1 0.6947916666666667 0.7194444444444444 0.0125 0.0462962962962963
9 0.6953125 0.575925925925926 0.034375 0.044444444444444446
9 0.7192708333333333 0.5592592592592592 0.03229166666666666 0.037037037037037035
9 0.8135416666666666 0.5324074074074074 0.022916666666666665 0.031481481481481485
9 0.896875 0.46111111111111114 0.025 0.03333333333333333
9 0.9192708333333334 0.46111111111111114 0.015625 0.02962962962962963
9 0.6729166666666666 0.513888888888889 0.027083333333333334 0.03518518518518519
9 0.6260416666666666 0.6416666666666667 0.016666666666666666 0.05
9 0.5203125 0.5777777777777778 0.015625 0.040740740740740744
9 0.5505208333333333 0.5685185185185185 0.017708333333333333 0.04814814814814815
9 0.5119791666666667 0.5185185185185185 0.013541666666666667 0.037037037037037035
9 0.3953125 0.47500000000000003 0.013541666666666667 0.031481481481481485
9 0.4041666666666667 0.4064814814814815 0.014583333333333334 0.031481481481481485
9 0.44479166666666664 0.4537037037037037 0.0125 0.03333333333333333
9 0.4515625 0.4462962962962963 0.009375 0.02962962962962963
9 0.41354166666666664 0.4 0.01875 0.02962962962962963
9 0.5192708333333333 0.3944444444444445 0.013541666666666667 0.022222222222222223
9 0.44427083333333334 0.3962962962962963 0.015625 0.02592592592592593
9 0.3854166666666667 0.37962962962962965 0.010416666666666666 0.02592592592592593
9 0.4119791666666667 0.37962962962962965 0.011458333333333333 0.022222222222222223
9 0.2984375 0.37962962962962965 0.009375 0.02962962962962963
9 0.27447916666666666 0.38333333333333336 0.007291666666666667 0.02592592592592593
9 0.3651041666666667 0.35370370370370374 0.007291666666666667 0.02592592592592593
9 0.26145833333333335 0.38796296296296295 0.014583333333333334 0.024074074074074074
9 0.25677083333333334 0.37962962962962965 0.015625 0.03333333333333333
9 0.2760416666666667 0.3453703703703704 0.00625 0.024074074074074074
1 0.6260416666666666 0.6296296296296297 0.014583333333333334 0.040740740740740744
1 0.6963541666666666 0.5712962962962963 0.013541666666666667 0.05
1 0.7223958333333333 0.5555555555555556 0.011458333333333333 0.040740740740740744
1 0.7296875 0.5555555555555556 0.009375 0.03333333333333333
1 0.8166666666666667 0.5259259259259259 0.014583333333333334 0.044444444444444446
1 0.6697916666666667 0.5037037037037038 0.00625 0.02962962962962963
1 0.6755208333333333 0.5046296296296297 0.011458333333333333 0.03888888888888889
1 0.5510416666666667 0.5583333333333333 0.010416666666666666 0.03888888888888889
1 0.521875 0.5685185185185185 0.0125 0.040740740740740744
1 0.5109375 0.512962962962963 0.011458333333333333 0.044444444444444446
1 0.5161458333333333 0.5148148148148148 0.009375 0.02962962962962963
1 0.39479166666666665 0.46574074074074073 0.010416666666666666 0.03518518518518519
1 0.44427083333333334 0.44351851851851853 0.009375 0.03518518518518519
1 0.45260416666666664 0.4388888888888889 0.007291666666666667 0.02962962962962963
1 0.5197916666666667 0.3814814814814815 0.008333333333333333 0.03333333333333333
1 0.4041666666666667 0.4 0.010416666666666666 0.02962962962962963
1 0.4421875 0.39166666666666666 0.009375 0.03518518518518519
1 0.41354166666666664 0.3925925925925926 0.010416666666666666 0.02962962962962963
1 0.41041666666666665 0.375 0.008333333333333333 0.020370370370370372
1 0.38645833333333335 0.3731481481481482 0.008333333333333333 0.031481481481481485
1 0.3645833333333333 0.3462962962962963 0.008333333333333333 0.022222222222222223
1 0.27447916666666666 0.37962962962962965 0.007291666666666667 0.02962962962962963
1 0.2984375 0.3703703703703704 0.007291666666666667 0.02962962962962963
6 0.3963541666666667 0.5111111111111112 0.036458333333333336 0.06666666666666667
3 0.4479166666666667 0.4861111111111111 0.035416666666666666 0.0462962962962963
3 0.3453125 0.44074074074074077 0.034375 0.05185185185185186
3 0.31666666666666665 0.3574074074074074 0.03125 0.040740740740740744
6 0.4708333333333333 0.3907407407407408 0.022916666666666665 0.02962962962962963
0 0.4786458333333333 0.375 0.007291666666666667 0.031481481481481485
0 0.6078125 0.4842592592592593 0.009375 0.04259259259259259
6 0.64375 0.45925925925925926 0.0375 0.04814814814814815
6 0.640625 0.4138888888888889 0.04375 0.04259259259259259
1 0.6307291666666667 0.3574074074074074 0.007291666666666667 0.022222222222222223
6 0.35052083333333334 0.35462962962962963 0.021875 0.03888888888888889
9 0.2859375 0.3527777777777778 0.007291666666666667 0.024074074074074074
9 0.296875 0.3425925925925926 0.00625 0.022222222222222223
1 0.28541666666666665 0.3425925925925926 0.00625 0.02592592592592593
1 0.296875 0.33796296296296297 0.00625 0.020370370370370372
3 0.2890625 0.312962962962963 0.026041666666666668 0.02962962962962963
9 0.3130208333333333 0.31666666666666665 0.009375 0.018518518518518517
1 0.3125 0.3111111111111111 0.00625 0.022222222222222223
2 0.4010416666666667 0.3666666666666667 0.016666666666666666 0.022222222222222223
0 0.403125 0.35555555555555557 0.00625 0.03333333333333333
1 0.3880208333333333 0.35370370370370374 0.007291666666666667 0.022222222222222223
1 0.85625 0.40925925925925927 0.010416666666666666 0.02592592592592593
1 0.8572916666666667 0.4046296296296297 0.010416666666666666 0.024074074074074074
6 0.7416666666666667 0.4046296296296297 0.041666666666666664 0.031481481481481485
1 0.3104166666666667 0.2990740740740741 0.00625 0.020370370370370372
0 0.41354166666666664 0.3509259259259259 0.008333333333333333 0.031481481481481485
0 0.40729166666666666 0.3425925925925926 0.00625 0.02962962962962963
6 0.5796875 0.5657407407407408 0.030208333333333334 0.061111111111111116
1 0.3286458333333333 0.9814814814814815 0.030208333333333334 0.03333333333333333
