3 0.6202205882352941 0.7104575163398692 0.13897058823529412 0.19477124183006533
3 0.9455882352941176 0.6379084967320261 0.10735294117647058 0.1568627450980392
3 0.5036764705882353 0.3849673202614379 0.08529411764705883 0.1111111111111111
3 0.39558823529411763 0.29281045751633983 0.05 0.06274509803921569
3 0.45441176470588235 0.24705882352941175 0.041176470588235294 0.047058823529411764
3 0.6143382352941177 0.27320261437908494 0.05514705882352941 0.0522875816993464
3 0.7503676470588235 0.2751633986928104 0.06985294117647059 0.043137254901960784
3 0.8775735294117647 0.2594771241830065 0.05808823529411765 0.04836601307189542
3 0.8448529411764706 0.2372549019607843 0.051470588235294115 0.04836601307189542
3 0.7886029411764706 0.1941176470588235 0.04779411764705882 0.03529411764705882
3 0.6992647058823529 0.24640522875816992 0.061764705882352944 0.043137254901960784
3 0.6709558823529411 0.2372549019607843 0.05808823529411765 0.04836601307189542
3 0.6397058823529411 0.226797385620915 0.057352941176470586 0.04052287581699346
3 0.6540441176470588 0.2006535947712418 0.05073529411764706 0.04052287581699346
3 0.6356617647058823 0.1790849673202614 0.04485294117647059 0.03660130718954248
3 0.6544117647058824 0.16274509803921566 0.045588235294117645 0.03529411764705882
3 0.3963235294117647 0.19673202614379084 0.04264705882352941 0.043137254901960784
3 0.35661764705882354 0.16339869281045752 0.029411764705882353 0.03660130718954248
6 0.34448529411764706 0.24444444444444444 0.030147058823529412 0.054901960784313725
1 0.34705882352941175 0.2771241830065359 0.011764705882352941 0.03660130718954248
2 0.34816176470588234 0.28627450980392155 0.013970588235294117 0.03660130718954248
5 0.32279411764705884 0.21111111111111108 0.047058823529411764 0.06405228758169934
3 0.2926470588235294 0.18823529411764706 0.030882352941176472 0.04967320261437908
3 0.2823529411764706 0.1718954248366013 0.025 0.03529411764705882
3 0.30772058823529413 0.12549019607843137 0.022794117647058822 0.03137254901960784
3 0.2783088235294118 0.1045751633986928 0.019852941176470587 0.0261437908496732
3 0.25735294117647056 0.08562091503267973 0.014705882352941176 0.0196078431372549
1 0.18419117647058822 0.3424836601307189 0.015441176470588236 0.04967320261437908
9 0.18455882352941178 0.35620915032679734 0.014705882352941176 0.050980392156862744
0 0.9183823529411764 0.22287581699346404 0.010294117647058823 0.043137254901960784
0 0.9139705882352941 0.22287581699346404 0.010294117647058823 0.03529411764705882
9 0.8338235294117647 0.20130718954248364 0.014705882352941176 0.023529411764705882
0 0.7889705882352941 0.1954248366013072 0.007352941176470588 0.0326797385620915
0 0.7573529411764706 0.19869281045751633 0.007352941176470588 0.0392156862745098
1 0.9172794117647058 0.2895424836601307 0.0125 0.04052287581699346
1 0.9051470588235294 0.28823529411764703 0.013235294117647059 0.03790849673202614
6 0.7345588235294117 0.17254901960784313 0.027941176470588233 0.0261437908496732
3 0.6095588235294117 0.13856209150326795 0.032352941176470584 0.0261437908496732
3 0.5665441176470588 0.16405228758169935 0.04485294117647059 0.03529411764705882
3 0.5514705882352942 0.15751633986928104 0.03823529411764706 0.0326797385620915
3 0.5400735294117647 0.14705882352941174 0.04044117647058824 0.027450980392156862
4 0.544485294117647 0.12483660130718953 0.027205882352941177 0.0326797385620915
3 0.43566176470588236 0.16013071895424835 0.030147058823529412 0.03006535947712418
3 0.4051470588235294 0.1411764705882353 0.023529411764705882 0.02875816993464052
0 0.40955882352941175 0.14313725490196078 0.004411764705882353 0.027450980392156862
0 0.4253676470588235 0.1457516339869281 0.005147058823529412 0.027450980392156862
1 0.3816176470588235 0.14705882352941174 0.004411764705882353 0.02222222222222222
1 0.37830882352941175 0.1457516339869281 0.005147058823529412 0.02483660130718954
9 0.37941176470588234 0.1477124183006536 0.008823529411764706 0.02091503267973856
3 0.36580882352941174 0.09803921568627451 0.01838235294117647 0.0261437908496732
3 0.4161764705882353 0.10065359477124182 0.03529411764705882 0.02875816993464052
3 0.4319852941176471 0.09477124183006536 0.027205882352941177 0.02222222222222222
0 0.1698529411764706 0.1699346405228758 0.007352941176470588 0.02875816993464052
9 0.1713235294117647 0.17712418300653593 0.010294117647058823 0.027450980392156862
3 0.05845588235294118 0.18104575163398692 0.05955882352941176 0.03790849673202614
6 0.11286764705882353 0.15620915032679739 0.019852941176470587 0.043137254901960784
3 0.1588235294117647 0.07058823529411765 0.013235294117647059 0.02091503267973856
3 0.18419117647058822 0.08104575163398692 0.016911764705882352 0.02091503267973856
3 0.1411764705882353 0.0522875816993464 0.010294117647058823 0.01830065359477124
3 0.13272058823529412 0.0392156862745098 0.009558823529411765 0.01830065359477124
3 0.03897058823529412 0.1287581699346405 0.04264705882352941 0.0326797385620915
3 0.015073529411764706 0.10522875816993463 0.016911764705882352 0.02483660130718954
1 0.13161764705882353 0.10522875816993463 0.004411764705882353 0.01699346405228758
9 0.13088235294117648 0.10980392156862745 0.007352941176470588 0.02091503267973856
0 0.036397058823529414 0.5241830065359476 0.02426470588235294 0.09673202614379084
0 0.4889705882352941 0.09673202614379084 0.004411764705882353 0.01830065359477124
3 0.3139705882352941 0.06928104575163398 0.025 0.01568627450980392
3 0.3044117647058823 0.06405228758169934 0.01911764705882353 0.01568627450980392
3 0.2948529411764706 0.058823529411764705 0.022058823529411763 0.01830065359477124
3 0.27794117647058825 0.05555555555555555 0.022058823529411763 0.01437908496732026
3 0.27058823529411763 0.0457516339869281 0.01764705882352941 0.0130718954248366
3 0.25477941176470587 0.03594771241830065 0.019852941176470587 0.00915032679738562
3 0.25919117647058826 0.04052287581699346 0.015441176470588236 0.0130718954248366
3 0.24411764705882352 0.03594771241830065 0.016176470588235292 0.01437908496732026
3 0.23676470588235293 0.03398692810457516 0.013235294117647059 0.0130718954248366
3 0.23933823529411766 0.0457516339869281 0.009558823529411765 0.01568627450980392
3 0.2213235294117647 0.04967320261437908 0.011764705882352941 0.01568627450980392
3 0.19080882352941175 0.052941176470588235 0.009558823529411765 0.01699346405228758
3 0.20220588235294118 0.04967320261437908 0.011764705882352941 0.01830065359477124
3 0.2088235294117647 0.04052287581699346 0.010294117647058823 0.0130718954248366
3 0.19448529411764706 0.041176470588235294 0.009558823529411765 0.011764705882352941
3 0.17941176470588235 0.03464052287581699 0.008823529411764706 0.011764705882352941
3 0.16066176470588234 0.01699346405228758 0.006617647058823529 0.0130718954248366
3 0.19963235294117646 0.023529411764705882 0.0125 0.0130718954248366
3 0.19375 0.021568627450980392 0.011029411764705881 0.011764705882352941
1 0.2514705882352941 0.06797385620915032 0.0029411764705882353 0.0130718954248366
9 0.2525735294117647 0.0718954248366013 0.009558823529411765 0.00784313725490196
0 0.21066176470588235 0.03137254901960784 0.0022058823529411764 0.00784313725490196
0 0.5808823529411765 0.1437908496732026 0.0029411764705882353 0.02091503267973856
0 0.575 0.14705882352941174 0.004411764705882353 0.02222222222222222
