6 0.38235294117647056 0.4052287581699346 0.07205882352941176 0.29281045751633983
6 0.275 0.4620915032679738 0.06764705882352941 0.22091503267973855
6 0.7356617647058823 0.484313725490196 0.0801470588235294 0.2549019607843137
9 0.8977941176470589 0.80718954248366 0.03529411764705882 0.16339869281045752
1 0.9018382352941177 0.8078431372549019 0.05955882352941176 0.08104575163398692
9 0.8393382352941177 0.7640522875816993 0.0625 0.1372549019607843
1 0.8430147058823529 0.7627450980392156 0.05955882352941176 0.06143790849673202
1 0.8294117647058823 0.7254901960784313 0.054411764705882354 0.06013071895424836
1 0.8466911764705882 0.27581699346405225 0.06397058823529411 0.10196078431372549
6 0.91875 0.32091503267973853 0.09926470588235294 0.28888888888888886
3 0.5014705882352941 0.18692810457516337 0.10735294117647058 0.3607843137254902
4 0.16286764705882353 0.4856209150326797 0.14191176470588235 0.48235294117647054
0 0.2775735294117647 0.8490196078431372 0.04926470588235294 0.07450980392156863
