3 0.31614583333333335 0.27175925925925926 0.014583333333333334 0.015740740740740743
3 0.3059895833333333 0.2740740740740741 0.011979166666666666 0.016666666666666666
4 0.2916666666666667 0.2726851851851852 0.013541666666666667 0.019444444444444445
5 0.3015625 0.28703703703703703 0.025 0.03888888888888889
3 0.2817708333333333 0.27592592592592596 0.0125 0.016666666666666666
3 0.2671875 0.2777777777777778 0.014583333333333334 0.016666666666666666
3 0.25364583333333335 0.2791666666666667 0.014583333333333334 0.015740740740740743
6 0.24348958333333334 0.2800925925925926 0.0078125 0.01388888888888889
3 0.2296875 0.28101851851851856 0.014583333333333334 0.015740740740740743
1 0.29401041666666666 0.3013888888888889 0.005729166666666666 0.012037037037037037
1 0.2916666666666667 0.2986111111111111 0.004166666666666667 0.012037037037037037
1 0.2872395833333333 0.3023148148148148 0.005729166666666666 0.012037037037037037
3 0.27109375 0.31712962962962965 0.0234375 0.021296296296296296
3 0.25234375 0.3814814814814815 0.0359375 0.031481481481481485
3 0.22916666666666666 0.3740740740740741 0.04375 0.031481481481481485
3 0.22369791666666666 0.39814814814814814 0.04739583333333333 0.031481481481481485
8 0.07708333333333334 0.40370370370370373 0.15 0.08333333333333334
3 0.15598958333333332 0.9319444444444445 0.058854166666666666 0.1287037037037037
0 0.3984375 0.6435185185185185 0.014583333333333334 0.06481481481481481
0 0.37421875 0.5819444444444445 0.009895833333333333 0.05648148148148149
0 0.34609375 0.5777777777777778 0.009895833333333333 0.053703703703703705
0 0.28098958333333335 0.5300925925925926 0.0109375 0.049074074074074076
1 0.1828125 0.6759259259259259 0.014583333333333334 0.044444444444444446
1 0.1796875 0.6726851851851852 0.013541666666666667 0.05648148148148149
9 0.18098958333333334 0.6782407407407408 0.0171875 0.049074074074074076
2 0.25546875 0.45601851851851855 0.0171875 0.028703703703703703
0 0.68359375 0.5814814814814815 0.0109375 0.05185185185185186
0 0.7135416666666666 0.5814814814814815 0.010416666666666666 0.05185185185185186
1 0.6765625 0.5722222222222223 0.011458333333333333 0.044444444444444446
3 0.70859375 0.6365740740740741 0.0703125 0.07685185185185185
6 0.6528645833333333 0.6314814814814815 0.044270833333333336 0.05185185185185186
5 0.6260416666666666 0.5842592592592593 0.10729166666666666 0.09074074074074075
5 0.6002604166666666 0.5402777777777777 0.1109375 0.10462962962962963
2 0.65546875 0.4912037037037037 0.015104166666666667 0.028703703703703703
3 0.7578125 0.2990740740740741 0.027083333333333334 0.020370370370370372
5 0.6817708333333333 0.3013888888888889 0.051041666666666666 0.04351851851851852
3 0.6453125 0.34351851851851856 0.035416666666666666 0.024074074074074074
9 0.64296875 0.3592592592592593 0.013020833333333334 0.016666666666666666
1 0.64375 0.35370370370370374 0.00625 0.016666666666666666
3 0.6028645833333334 0.3416666666666667 0.0359375 0.024074074074074074
3 0.5885416666666666 0.33333333333333337 0.03229166666666666 0.022222222222222223
3 0.5609375 0.3578703703703704 0.03125 0.02314814814814815
3 0.5364583333333334 0.35185185185185186 0.034375 0.024074074074074074
3 0.4458333333333333 0.34675925925925927 0.03333333333333333 0.025
5 0.34348958333333335 0.28055555555555556 0.0484375 0.04259259259259259
4 0.3421875 0.375462962962963 0.041666666666666664 0.03425925925925926
