3 0.30220588235294116 0.8640522875816993 0.06764705882352941 0.13594771241830064
3 0.36727941176470585 0.8091503267973855 0.05514705882352941 0.1437908496732026
3 0.3650735294117647 0.6686274509803921 0.06691176470588235 0.1111111111111111
3 0.18823529411764706 0.8673202614379084 0.10735294117647058 0.09281045751633986
3 0.1738970588235294 0.7993464052287581 0.10808823529411765 0.08758169934640522
3 0.29191176470588237 0.6287581699346405 0.09411764705882353 0.06797385620915032
3 0.3084558823529412 0.5764705882352941 0.07279411764705883 0.0522875816993464
3 0.3529411764705882 0.5464052287581699 0.03529411764705882 0.07581699346405228
3 0.3176470588235294 0.5045751633986928 0.07205882352941176 0.08366013071895424
3 0.3492647058823529 0.4464052287581699 0.029411764705882353 0.07450980392156863
3 0.14338235294117646 0.7006535947712418 0.08970588235294118 0.11764705882352941
3 0.1610294117647059 0.6418300653594771 0.08529411764705883 0.0784313725490196
3 0.09080882352941176 0.6013071895424836 0.08161764705882353 0.08104575163398692
3 0.060294117647058824 0.5581699346405229 0.06323529411764706 0.06797385620915032
3 0.13198529411764706 0.430718954248366 0.0375 0.05620915032679738
3 0.08676470588235294 0.4464052287581699 0.03823529411764706 0.06405228758169934
3 0.1698529411764706 0.4287581699346405 0.03529411764705882 0.0784313725490196
3 0.6544117647058824 0.9405228758169935 0.11029411764705882 0.08235294117647059
3 0.6433823529411765 0.8601307189542483 0.10294117647058823 0.08627450980392157
0 0.6044117647058823 0.7993464052287581 0.01764705882352941 0.05359477124183006
3 0.5966911764705882 0.7411764705882352 0.04191176470588235 0.1045751633986928
3 0.5966911764705882 0.6503267973856208 0.03602941176470588 0.08235294117647059
3 0.5566176470588236 0.6071895424836601 0.030882352941176472 0.07973856209150326
3 0.6154411764705883 0.5699346405228758 0.06911764705882353 0.054901960784313725
3 0.5845588235294118 0.522875816993464 0.030882352941176472 0.06013071895424836
3 0.5860294117647059 0.46013071895424834 0.03529411764705882 0.06013071895424836
3 0.6481617647058824 0.4660130718954248 0.04485294117647059 0.08235294117647059
3 0.6838235294117647 0.4516339869281045 0.04264705882352941 0.07712418300653594
3 0.7202205882352941 0.45228758169934635 0.04926470588235294 0.07058823529411765
3 0.7702205882352942 0.4509803921568627 0.03161764705882353 0.054901960784313725
3 0.7959558823529411 0.42483660130718953 0.0375 0.04444444444444444
3 0.5161764705882352 0.33660130718954245 0.057352941176470586 0.05359477124183006
3 0.5790441176470588 0.3398692810457516 0.04926470588235294 0.0392156862745098
3 0.6430147058823529 0.3431372549019608 0.05220588235294118 0.04052287581699346
3 0.4091911764705882 0.31437908496732025 0.021323529411764706 0.04052287581699346
3 0.38786764705882354 0.3281045751633987 0.022794117647058822 0.047058823529411764
3 0.3411764705882353 0.3078431372549019 0.025 0.050980392156862744
1 0.4301470588235294 0.722875816993464 0.010294117647058823 0.03398692810457516
9 0.43124999999999997 0.7339869281045751 0.011029411764705881 0.04052287581699346
1 0.5121323529411764 0.6359477124183006 0.009558823529411765 0.0326797385620915
9 0.5128676470588235 0.6477124183006535 0.008088235294117646 0.03529411764705882
0 0.5341911764705882 0.4856209150326797 0.008088235294117646 0.03529411764705882
2 0.04926470588235294 0.44705882352941173 0.011764705882352941 0.03660130718954248
2 0.03786764705882353 0.44313725490196076 0.009558823529411765 0.03398692810457516
2 0.029411764705882353 0.44248366013071894 0.007352941176470588 0.03006535947712418
0 0.030147058823529412 0.3254901960784313 0.007352941176470588 0.03660130718954248
6 0.11580882352941177 0.30196078431372547 0.025735294117647058 0.03660130718954248
0 0.17426470588235293 0.2725490196078431 0.008823529411764706 0.03529411764705882
5 0.1525735294117647 0.22091503267973855 0.021323529411764706 0.0392156862745098
9 0.4338235294117647 0.292156862745098 0.020588235294117647 0.02222222222222222
9 0.5841911764705883 0.3026143790849673 0.003676470588235294 0.02222222222222222
2 0.5584558823529412 0.29346405228758166 0.019852941176470587 0.0196078431372549
9 0.5220588235294118 0.2980392156862745 0.01911764705882353 0.01830065359477124
3 0.7544117647058823 0.3607843137254902 0.057352941176470586 0.054901960784313725
6 0.6051470588235294 0.4235294117647059 0.041176470588235294 0.02875816993464052
9 0.8040441176470589 0.31176470588235294 0.005147058823529412 0.02222222222222222
9 0.7966911764705882 0.31437908496732025 0.005147058823529412 0.027450980392156862
6 0.8286764705882352 0.3418300653594771 0.04264705882352941 0.03529411764705882
1 0.6727941176470588 0.29869281045751633 0.0058823529411764705 0.02222222222222222
1 0.6919117647058823 0.3 0.0058823529411764705 0.0196078431372549
