3 0.75546875 0.3689814814814815 0.10260416666666666 0.075
4 0.4809895833333333 0.40231481481481485 0.09114583333333333 0.20833333333333334
3 0.39296875 0.2796296296296296 0.0453125 0.0462962962962963
3 0.34791666666666665 0.2587962962962963 0.030208333333333334 0.04166666666666667
3 0.3208333333333333 0.2523148148148148 0.03333333333333333 0.04166666666666667
3 0.30104166666666665 0.2425925925925926 0.029166666666666667 0.037037037037037035
3 0.19973958333333333 0.23796296296296296 0.0359375 0.05555555555555556
3 0.08307291666666666 0.1712962962962963 0.011979166666666666 0.016666666666666666
3 0.10286458333333333 0.18842592592592594 0.01614583333333333 0.025
3 0.05963541666666666 0.274537037037037 0.10052083333333334 0.06944444444444445
4 0.17421875 0.2606481481481482 0.0453125 0.07314814814814816
1 0.09348958333333333 0.21481481481481482 0.0109375 0.022222222222222223
9 0.09401041666666667 0.23287037037037037 0.013020833333333334 0.030555555555555558
0 0.05859375 0.22175925925925927 0.011979166666666666 0.049074074074074076
2 0.06848958333333333 0.2351851851851852 0.011979166666666666 0.031481481481481485
1 0.04244791666666667 0.20833333333333334 0.009895833333333333 0.022222222222222223
