3 0.31286764705882353 0.9457516339869281 0.07867647058823529 0.09019607843137255
9 0.27352941176470585 0.861437908496732 0.032352941176470584 0.02875816993464052
9 0.2702205882352941 0.841830065359477 0.03602941176470588 0.0392156862745098
9 0.2772058823529412 0.7222222222222222 0.014705882352941176 0.043137254901960784
9 0.2867647058823529 0.6915032679738562 0.025 0.0261437908496732
9 0.3290441176470588 0.7431372549019607 0.021323529411764706 0.03790849673202614
0 0.31727941176470587 0.745751633986928 0.009558823529411765 0.050980392156862744
1 0.3338235294117647 0.7398692810457516 0.011764705882352941 0.03137254901960784
7 0.31176470588235294 0.7130718954248365 0.025 0.08235294117647059
7 0.33088235294117646 0.7091503267973855 0.022058823529411763 0.07450980392156863
7 0.34816176470588234 0.7130718954248365 0.021323529411764706 0.08235294117647059
7 0.3654411764705882 0.7143790849673202 0.022058823529411763 0.08235294117647059
7 0.35698529411764707 0.6405228758169934 0.019852941176470587 0.06274509803921569
7 0.3272058823529412 0.6431372549019607 0.025 0.06013071895424836
0 0.3025735294117647 0.6777777777777777 0.008088235294117646 0.027450980392156862
9 0.3838235294117647 0.5235294117647058 0.01911764705882353 0.027450980392156862
7 0.3735294117647059 0.5058823529411764 0.01764705882352941 0.047058823529411764
7 0.3602941176470588 0.5032679738562091 0.013235294117647059 0.047058823529411764
0 0.5636029411764706 0.8130718954248366 0.015441176470588236 0.054901960784313725
3 0.5827205882352942 0.818954248366013 0.05367647058823529 0.08758169934640522
4 0.47463235294117645 0.5222222222222221 0.022794117647058822 0.043137254901960784
3 0.5772058823529411 0.7143790849673202 0.03529411764705882 0.06666666666666667
3 0.5698529411764706 0.6137254901960784 0.027941176470588233 0.043137254901960784
4 0.555514705882353 0.4666666666666666 0.021323529411764706 0.04183006535947712
0 0.49374999999999997 0.4483660130718954 0.006617647058823529 0.0261437908496732
0 0.5463235294117647 0.45032679738562087 0.007352941176470588 0.02483660130718954
3 0.5073529411764706 0.3732026143790849 0.013235294117647059 0.02222222222222222
3 0.4886029411764706 0.36209150326797385 0.0125 0.0261437908496732
3 0.4919117647058823 0.3503267973856209 0.008823529411764706 0.01568627450980392
3 0.5158088235294117 0.2529411764705882 0.009558823529411765 0.01437908496732026
3 0.5386029411764706 0.2856209150326797 0.01838235294117647 0.01437908496732026
3 0.49926470588235294 0.24444444444444444 0.011764705882352941 0.0130718954248366
3 0.5044117647058823 0.22549019607843135 0.0058823529411764705 0.011764705882352941
0 0.5257352941176471 0.2803921568627451 0.0029411764705882353 0.01437908496732026
4 0.5360294117647059 0.269281045751634 0.010294117647058823 0.01568627450980392
1 0.5091911764705882 0.23398692810457514 0.003676470588235294 0.00784313725490196
9 0.5117647058823529 0.23856209150326796 0.0058823529411764705 0.00915032679738562
0 0.5904411764705882 0.3529411764705882 0.0058823529411764705 0.02091503267973856
0 0.5808823529411765 0.2771241830065359 0.0029411764705882353 0.01568627450980392
0 0.6345588235294117 0.49281045751633984 0.0058823529411764705 0.03398692810457516
0 0.60625 0.5071895424836601 0.006617647058823529 0.0261437908496732
3 0.5783088235294117 0.39477124183006534 0.04044117647058824 0.0261437908496732
1 0.6183823529411765 0.40392156862745093 0.004411764705882353 0.02091503267973856
2 0.61875 0.4111111111111111 0.003676470588235294 0.01437908496732026
9 0.6327205882352941 0.43660130718954243 0.008088235294117646 0.01568627450980392
4 0.6191176470588236 0.49084967320261436 0.025 0.05620915032679738
3 0.6158088235294118 0.5418300653594771 0.05514705882352941 0.04052287581699346
4 0.6363970588235294 0.6287581699346405 0.05514705882352941 0.05751633986928104
9 0.6654411764705882 0.5437908496732026 0.020588235294117647 0.02091503267973856
3 0.6621323529411764 0.8196078431372549 0.06691176470588235 0.047058823529411764
3 0.6551470588235294 0.7712418300653594 0.06323529411764706 0.0392156862745098
0 0.6783088235294118 0.7483660130718953 0.008088235294117646 0.03529411764705882
0 0.6955882352941176 0.7836601307189542 0.007352941176470588 0.050980392156862744
0 0.7003676470588235 0.7797385620915032 0.006617647058823529 0.050980392156862744
