3 0.9213235294117647 0.8797385620915033 0.058823529411764705 0.06013071895424836
3 0.9577205882352942 0.7281045751633987 0.03602941176470588 0.03137254901960784
3 0.9680147058823529 0.7444444444444444 0.03602941176470588 0.03529411764705882
5 0.930514705882353 0.7862745098039216 0.12426470588235294 0.134640522875817
3 0.5305147058823529 0.8313725490196078 0.03161764705882353 0.054901960784313725
1 0.5216911764705883 0.8248366013071895 0.005147058823529412 0.01568627450980392
1 0.5371323529411764 0.8261437908496732 0.008088235294117646 0.023529411764705882
5 0.3474264705882353 0.7013071895424836 0.06985294117647059 0.11895424836601307
5 0.40036764705882355 0.6483660130718953 0.04485294117647059 0.06797385620915032
5 0.44926470588235295 0.657516339869281 0.03676470588235294 0.054901960784313725
5 0.4077205882352941 0.7137254901960783 0.04632352941176471 0.0915032679738562
3 0.5375 0.7437908496732025 0.023529411764705882 0.047058823529411764
3 0.5404411764705882 0.7176470588235294 0.01911764705882353 0.03137254901960784
3 0.5397058823529411 0.6986928104575163 0.014705882352941176 0.03006535947712418
3 0.5360294117647059 0.6830065359477123 0.014705882352941176 0.02222222222222222
3 0.5485294117647058 0.6738562091503267 0.014705882352941176 0.027450980392156862
3 0.5327205882352941 0.6673202614379085 0.015441176470588236 0.02222222222222222
3 0.5606617647058824 0.657516339869281 0.013970588235294117 0.02091503267973856
3 0.5408088235294117 0.6581699346405229 0.0125 0.02222222222222222
3 0.4713235294117647 0.7444444444444444 0.023529411764705882 0.04836601307189542
3 0.475 0.7313725490196078 0.01764705882352941 0.04836601307189542
3 0.48125 0.7091503267973855 0.015441176470588236 0.027450980392156862
3 0.48455882352941176 0.7013071895424836 0.011764705882352941 0.03790849673202614
5 0.48713235294117646 0.6633986928104575 0.019852941176470587 0.0457516339869281
5 0.5327205882352941 0.5849673202614378 0.021323529411764706 0.027450980392156862
5 0.618014705882353 0.5810457516339869 0.01838235294117647 0.02483660130718954
3 0.6584558823529412 0.5830065359477123 0.008088235294117646 0.00784313725490196
3 0.7544117647058823 0.7169934640522875 0.025 0.03529411764705882
