1 0.2911458333333333 0.7824074074074074 0.028125 0.05740740740740741
0 0.37916666666666665 0.7101851851851853 0.01875 0.06851851851851852
0 0.3932291666666667 0.6842592592592592 0.017708333333333333 0.06481481481481481
0 0.4109375 0.6268518518518519 0.021875 0.07222222222222223
9 0.4036458333333333 0.8555555555555556 0.026041666666666668 0.08888888888888889
0 0.4265625 0.7000000000000001 0.015625 0.07037037037037037
0 0.584375 0.6472222222222223 0.016666666666666666 0.061111111111111116
0 0.615625 0.6787037037037037 0.022916666666666665 0.061111111111111116
0 0.7510416666666666 0.7777777777777778 0.027083333333333334 0.07407407407407407
0 0.7807291666666667 0.6425925925925926 0.02395833333333333 0.07777777777777778
0 0.8317708333333333 0.7157407407407408 0.02395833333333333 0.06481481481481481
0 0.8786458333333333 0.6666666666666667 0.028125 0.07037037037037037
0 0.9239583333333333 0.6925925925925926 0.022916666666666665 0.06296296296296297
0 0.9453125 0.7018518518518518 0.028125 0.07407407407407407
0 0.9161458333333333 0.5824074074074075 0.021875 0.06481481481481481
0 0.9786458333333333 0.4351851851851852 0.026041666666666668 0.06296296296296297
1 0.9885416666666667 0.41944444444444445 0.01875 0.05
0 0.9234375 0.42962962962962964 0.021875 0.06296296296296297
0 0.9390625 0.45833333333333337 0.021875 0.05
0 0.8255208333333334 0.36203703703703705 0.017708333333333333 0.05740740740740741
0 0.8145833333333333 0.37222222222222223 0.010416666666666666 0.05555555555555556
0 0.8015625 0.3907407407407408 0.015625 0.05925925925925926
0 0.8010416666666667 0.3574074074074074 0.01875 0.05185185185185186
0 0.628125 0.4935185185185185 0.0125 0.06481481481481481
0 0.6265625 0.44351851851851853 0.013541666666666667 0.05740740740740741
0 0.6421875 0.36944444444444446 0.015625 0.061111111111111116
0 0.6286458333333333 0.3148148148148148 0.017708333333333333 0.05925925925925926
0 0.56875 0.42962962962962964 0.014583333333333334 0.06296296296296297
0 0.5583333333333333 0.41574074074074074 0.010416666666666666 0.05740740740740741
0 0.5458333333333333 0.4305555555555556 0.010416666666666666 0.06481481481481481
0 0.49374999999999997 0.39814814814814814 0.0125 0.05555555555555556
0 0.48020833333333335 0.3925925925925926 0.010416666666666666 0.06296296296296297
0 0.36041666666666666 0.4175925925925926 0.016666666666666666 0.061111111111111116
0 0.4265625 0.3111111111111111 0.013541666666666667 0.05555555555555556
0 0.5192708333333333 0.3092592592592593 0.009375 0.02962962962962963
0 0.5375 0.26296296296296295 0.0125 0.05555555555555556
0 0.5208333333333334 0.26944444444444443 0.008333333333333333 0.0462962962962963
0 0.5052083333333334 0.25833333333333336 0.014583333333333334 0.053703703703703705
0 0.48125 0.21666666666666667 0.00625 0.02962962962962963
0 0.4588541666666667 0.23055555555555557 0.011458333333333333 0.0462962962962963
0 0.28802083333333334 0.4240740740740741 0.02395833333333333 0.05925925925925926
0 0.16302083333333334 0.4027777777777778 0.021875 0.061111111111111116
0 0.15416666666666667 0.40185185185185185 0.01875 0.05185185185185186
0 0.278125 0.3231481481481482 0.0125 0.0462962962962963
0 0.28541666666666665 0.3277777777777778 0.014583333333333334 0.05925925925925926
0 0.11770833333333333 0.5694444444444444 0.022916666666666665 0.05740740740740741
0 0.10677083333333333 0.5685185185185185 0.019791666666666666 0.05925925925925926
0 0.09479166666666666 0.20740740740740743 0.022916666666666665 0.04814814814814815
0 0.034375 0.25462962962962965 0.025 0.061111111111111116
1 0.16354166666666667 0.24166666666666667 0.01875 0.03888888888888889
1 0.1828125 0.22592592592592595 0.021875 0.04814814814814815
0 0.3255208333333333 0.15462962962962964 0.011458333333333333 0.04259259259259259
0 0.3104166666666667 0.06574074074074074 0.0125 0.03518518518518519
0 0.2635416666666667 0.06481481481481481 0.010416666666666666 0.037037037037037035
0 0.2734375 0.10370370370370371 0.009375 0.040740740740740744
1 0.3098958333333333 0.11388888888888889 0.007291666666666667 0.024074074074074074
1 0.3020833333333333 0.11203703703703705 0.008333333333333333 0.020370370370370372
0 0.5822916666666667 0.14444444444444446 0.008333333333333333 0.04814814814814815
