0 0.4022058823529412 0.9281045751633986 0.029411764705882353 0.12287581699346405
3 0.8919117647058823 0.7470588235294117 0.18088235294117647 0.19477124183006533
5 0.33897058823529413 0.5986928104575163 0.1161764705882353 0.2823529411764706
3 0.24375 0.6176470588235293 0.09779411764705882 0.20784313725490194
9 0.18088235294117647 0.6032679738562091 0.029411764705882353 0.0849673202614379
1 0.18051470588235294 0.5830065359477123 0.015441176470588236 0.04183006535947712
1 0.18161764705882352 0.5732026143790849 0.023529411764705882 0.06928104575163398
1 0.18786764705882353 0.5660130718954248 0.019852941176470587 0.065359477124183
1 0.17610294117647057 0.3660130718954248 0.021323529411764706 0.047058823529411764
3 0.38529411764705884 0.39934640522875814 0.054411764705882354 0.1111111111111111
2 0.5599264705882353 0.588235294117647 0.019852941176470587 0.08888888888888888
1 0.5599264705882353 0.569281045751634 0.019852941176470587 0.07973856209150326
3 0.7055147058823529 0.4137254901960784 0.09485294117647058 0.09542483660130718
4 0.6084558823529411 0.4013071895424836 0.05073529411764706 0.11241830065359476
3 0.6988970588235294 0.3379084967320261 0.09779411764705882 0.07712418300653594
3 0.6654411764705882 0.28823529411764703 0.07205882352941176 0.06666666666666667
3 0.6522058823529412 0.24901960784313723 0.07058823529411765 0.06405228758169934
2 0.7169117647058824 0.24313725490196078 0.014705882352941176 0.04444444444444444
3 0.6279411764705882 0.20196078431372547 0.060294117647058824 0.05359477124183006
3 0.6022058823529411 0.17581699346405227 0.052941176470588235 0.04836601307189542
3 0.6128676470588236 0.14313725490196078 0.05955882352941176 0.043137254901960784
3 0.6154411764705883 0.10130718954248365 0.045588235294117645 0.03790849673202614
3 0.6003676470588235 0.09346405228758169 0.04044117647058824 0.04052287581699346
3 0.5606617647058824 0.09281045751633986 0.03455882352941177 0.03660130718954248
3 0.5625 0.04640522875816993 0.041176470588235294 0.03006535947712418
3 0.3966911764705882 0.30392156862745096 0.04338235294117647 0.08235294117647059
4 0.40955882352941175 0.23137254901960783 0.03529411764705882 0.08366013071895424
4 0.4172794117647059 0.17843137254901958 0.030147058823529412 0.06143790849673202
3 0.41360294117647056 0.1411764705882353 0.030147058823529412 0.06274509803921569
3 0.4323529411764706 0.1045751633986928 0.025 0.04444444444444444
3 0.4113970588235294 0.0915032679738562 0.03161764705882353 0.03660130718954248
0 0.37830882352941175 0.09803921568627451 0.009558823529411765 0.03660130718954248
3 0.3977941176470588 0.06405228758169934 0.022058823529411763 0.0392156862745098
3 0.3849264705882353 0.011764705882352941 0.0375 0.023529411764705882
7 0.4430147058823529 0.02222222222222222 0.011029411764705881 0.02875816993464052
2 0.4183823529411765 0.02810457516339869 0.004411764705882353 0.0196078431372549
1 0.41911764705882354 0.023529411764705882 0.004411764705882353 0.02091503267973856
9 0.42463235294117646 0.01895424836601307 0.005147058823529412 0.0196078431372549
1 0.4238970588235294 0.0130718954248366 0.005147058823529412 0.02091503267973856
3 0.4566176470588235 0.00980392156862745 0.014705882352941176 0.0196078431372549
4 0.5419117647058823 0.00784313725490196 0.026470588235294117 0.01830065359477124
0 0.26176470588235295 0.1522875816993464 0.008823529411764706 0.043137254901960784
9 0.2676470588235294 0.12549019607843137 0.016176470588235292 0.03660130718954248
0 0.25220588235294117 0.1261437908496732 0.010294117647058823 0.0326797385620915
3 0.22830882352941176 0.15163398692810456 0.05808823529411765 0.047058823529411764
3 0.22205882352941175 0.12549019607843137 0.047058823529411764 0.03660130718954248
1 0.20441176470588235 0.9640522875816993 0.03529411764705882 0.06928104575163398
1 0.20955882352941177 0.9673202614379084 0.039705882352941174 0.06274509803921569
