3 0.5197916666666667 0.8388888888888889 0.03854166666666667 0.08888888888888889
3 0.5697916666666667 0.8162037037037038 0.041666666666666664 0.08240740740740742
3 0.5127604166666666 0.6935185185185185 0.03177083333333333 0.06851851851851852
3 0.5471354166666667 0.6662037037037037 0.028645833333333332 0.05462962962962963
3 0.5036458333333333 0.5740740740740741 0.022916666666666665 0.044444444444444446
3 0.47161458333333334 0.5708333333333333 0.0234375 0.04722222222222222
3 0.5322916666666666 0.5388888888888889 0.022916666666666665 0.037037037037037035
3 0.4984375 0.5023148148148149 0.020833333333333332 0.03425925925925926
3 0.47213541666666664 0.4675925925925926 0.018229166666666668 0.031481481481481485
3 0.5234375 0.46851851851851856 0.020833333333333332 0.03888888888888889
3 0.49609375 0.4481481481481482 0.0171875 0.02962962962962963
3 0.4747395833333333 0.4138888888888889 0.0171875 0.02592592592592593
3 0.5184895833333333 0.41620370370370374 0.018229166666666668 0.026851851851851852
3 0.5078125 0.3680555555555556 0.014583333333333334 0.021296296296296296
4 0.49166666666666664 0.38657407407407407 0.015625 0.028703703703703703
3 0.41770833333333335 0.39351851851851855 0.015625 0.02777777777777778
3 0.3966145833333333 0.37962962962962965 0.015104166666666667 0.024074074074074074
3 0.39296875 0.3458333333333333 0.011979166666666666 0.021296296296296296
3 0.42604166666666665 0.3402777777777778 0.0125 0.021296296296296296
3 0.3984375 0.32731481481481484 0.0125 0.021296296296296296
3 0.4166666666666667 0.3199074074074074 0.011458333333333333 0.019444444444444445
3 0.46979166666666666 0.3773148148148148 0.013541666666666667 0.02314814814814815
3 0.46979166666666666 0.34861111111111115 0.011458333333333333 0.019444444444444445
3 0.48671875 0.3388888888888889 0.013020833333333334 0.022222222222222223
3 0.47161458333333334 0.3287037037037037 0.0109375 0.016666666666666666
3 0.47239583333333335 0.3037037037037037 0.010416666666666666 0.016666666666666666
3 0.48671875 0.3055555555555556 0.009895833333333333 0.016666666666666666
3 0.48463541666666665 0.2847222222222222 0.008854166666666666 0.01388888888888889
3 0.4770833333333333 0.26435185185185184 0.007291666666666667 0.012037037037037037
3 0.3848958333333333 0.5777777777777778 0.02395833333333333 0.05
8 0.4635416666666667 0.2662037037037037 0.013541666666666667 0.032407407407407406
3 0.04791666666666666 0.32083333333333336 0.026041666666666668 0.019444444444444445
3 0.0546875 0.32453703703703707 0.020833333333333332 0.019444444444444445
3 0.06536458333333334 0.3226851851851852 0.021354166666666667 0.019444444444444445
3 0.11614583333333334 0.3703703703703704 0.020833333333333332 0.020370370370370372
3 0.12161458333333333 0.38101851851851853 0.024479166666666666 0.026851851851851852
3 0.14296875 0.3800925925925926 0.022395833333333334 0.02314814814814815
3 0.13541666666666666 0.3703703703703704 0.020833333333333332 0.018518518518518517
3 0.17526041666666667 0.3689814814814815 0.018229166666666668 0.02314814814814815
3 0.1546875 0.3685185185185185 0.019791666666666666 0.016666666666666666
3 0.4359375 0.3 0.008333333333333333 0.018518518518518517
3 0.4145833333333333 0.2851851851851852 0.010416666666666666 0.018518518518518517
3 0.4283854166666667 0.2837962962962963 0.009895833333333333 0.015740740740740743
3 0.44166666666666665 0.28564814814814815 0.010416666666666666 0.017592592592592594
3 0.42343749999999997 0.26805555555555555 0.009375 0.01388888888888889
3 0.4458333333333333 0.26805555555555555 0.009375 0.01388888888888889
3 0.43984375 0.2564814814814815 0.0078125 0.012962962962962964
3 0.4341145833333333 0.24212962962962964 0.0067708333333333336 0.012037037037037037
3 0.48541666666666666 0.27037037037037037 0.008333333333333333 0.014814814814814815
3 0.48723958333333334 0.25601851851851853 0.0078125 0.01388888888888889
3 0.3966145833333333 0.25462962962962965 0.008854166666666666 0.016666666666666666
8 0.42604166666666665 0.22361111111111112 0.013541666666666667 0.021296296296296296
3 0.43645833333333334 0.22453703703703703 0.00625 0.010185185185185186
3 0.44244791666666666 0.22962962962962963 0.0067708333333333336 0.011111111111111112
3 0.4510416666666667 0.22870370370370371 0.00625 0.011111111111111112
3 0.44244791666666666 0.2449074074074074 0.0067708333333333336 0.012037037037037037
3 0.4536458333333333 0.2449074074074074 0.007291666666666667 0.010185185185185186
3 0.45546875 0.23333333333333334 0.0078125 0.011111111111111112
3 0.46041666666666664 0.22546296296296298 0.00625 0.008333333333333333
3 0.4479166666666667 0.21805555555555556 0.00625 0.010185185185185186
3 0.45468749999999997 0.22037037037037038 0.00625 0.009259259259259259
3 0.4354166666666667 0.2125 0.007291666666666667 0.008333333333333333
3 0.4666666666666667 0.21481481481481482 0.005208333333333333 0.009259259259259259
3 0.4747395833333333 0.22083333333333335 0.005729166666666666 0.008333333333333333
3 0.45286458333333335 0.21203703703703705 0.005729166666666666 0.009259259259259259
3 0.45677083333333335 0.2175925925925926 0.004166666666666667 0.009259259259259259
3 0.48854166666666665 0.2490740740740741 0.00625 0.009259259259259259
3 0.4973958333333333 0.274537037037037 0.007291666666666667 0.01388888888888889
3 0.4979166666666667 0.2675925925925926 0.008333333333333333 0.009259259259259259
3 0.49973958333333335 0.2606481481481482 0.0078125 0.012037037037037037
3 0.49921875 0.2518518518518519 0.0078125 0.009259259259259259
3 0.4984375 0.2449074074074074 0.007291666666666667 0.010185185185185186
3 0.49895833333333334 0.23842592592592593 0.00625 0.008333333333333333
3 0.5078125 0.2351851851851852 0.007291666666666667 0.011111111111111112
3 0.5111979166666667 0.24212962962962964 0.0067708333333333336 0.010185185185185186
3 0.4890625 0.24212962962962964 0.00625 0.008333333333333333
3 0.490625 0.23611111111111113 0.00625 0.009259259259259259
3 0.4942708333333333 0.23101851851851854 0.00625 0.010185185185185186
3 0.4908854166666667 0.2263888888888889 0.005729166666666666 0.006481481481481482
3 0.4921875 0.2212962962962963 0.00625 0.007407407407407408
3 0.4921875 0.21574074074074076 0.005208333333333333 0.007407407407407408
3 0.48463541666666665 0.2175925925925926 0.005729166666666666 0.009259259259259259
3 0.48359375 0.2240740740740741 0.0046875 0.007407407407407408
3 0.4822916666666667 0.2300925925925926 0.00625 0.010185185185185186
3 0.4796875 0.2351851851851852 0.00625 0.011111111111111112
3 0.4791666666666667 0.24351851851851852 0.007291666666666667 0.011111111111111112
3 0.4791666666666667 0.24953703703703706 0.007291666666666667 0.010185185185185186
3 0.4791666666666667 0.21157407407407408 0.00625 0.008333333333333333
1 0.1140625 0.8722222222222222 0.013541666666666667 0.05555555555555556
9 0.11354166666666667 0.8782407407407408 0.015625 0.04722222222222222
1 0.0421875 0.987037037037037 0.016666666666666666 0.024074074074074074
8 0.46979166666666666 0.6935185185185185 0.04479166666666667 0.1962962962962963
