3 0.16213235294117648 0.5006535947712418 0.030147058823529412 0.03137254901960784
3 0.22536764705882353 0.39477124183006534 0.025735294117647058 0.03137254901960784
3 0.31066176470588236 0.8477124183006536 0.030147058823529412 0.04052287581699346
3 0.18125 0.3464052287581699 0.013970588235294117 0.02875816993464052
3 0.14852941176470588 0.43464052287581695 0.025 0.027450980392156862
3 0.24889705882352942 0.30196078431372547 0.02426470588235294 0.02091503267973856
3 0.30073529411764705 0.30196078431372547 0.025 0.0261437908496732
3 0.33455882352941174 0.42156862745098034 0.022058823529411763 0.027450980392156862
3 0.3220588235294118 0.37189542483660126 0.025 0.02222222222222222
3 0.21911764705882353 0.36666666666666664 0.023529411764705882 0.027450980392156862
3 0.26544117647058824 0.43660130718954243 0.025 0.0261437908496732
3 0.26286764705882354 0.41241830065359475 0.025735294117647058 0.027450980392156862
3 0.25919117647058826 0.36405228758169933 0.022794117647058822 0.0196078431372549
3 0.31580882352941175 0.35359477124183003 0.02426470588235294 0.03006535947712418
3 0.2555147058823529 0.33202614379084966 0.027205882352941177 0.02091503267973856
3 0.25735294117647056 0.3464052287581699 0.025 0.02091503267973856
3 0.16323529411764706 0.5248366013071895 0.027941176470588233 0.0326797385620915
3 0.4775735294117647 0.33137254901960783 0.015441176470588236 0.03529411764705882
3 0.4591911764705882 0.2830065359477124 0.015441176470588236 0.0326797385620915
3 0.44191176470588234 0.22941176470588234 0.014705882352941176 0.0326797385620915
3 0.5246323529411765 0.48300653594771237 0.019852941176470587 0.04052287581699346
3 0.5433823529411764 0.5326797385620915 0.01764705882352941 0.04052287581699346
3 0.5584558823529412 0.5771241830065359 0.019852941176470587 0.04052287581699346
3 0.5775735294117647 0.6281045751633987 0.019852941176470587 0.043137254901960784
3 0.5952205882352941 0.684313725490196 0.019852941176470587 0.050980392156862744
3 0.6246323529411765 0.7084967320261437 0.022794117647058822 0.047058823529411764
3 0.60625 0.6568627450980392 0.022794117647058822 0.050980392156862744
3 0.6393382352941176 0.8124183006535947 0.022794117647058822 0.05359477124183006
3 0.6169117647058824 0.7509803921568627 0.023529411764705882 0.04836601307189542
3 0.6823529411764706 0.8771241830065359 0.023529411764705882 0.054901960784313725
3 0.7077205882352942 0.9405228758169935 0.025735294117647058 0.05620915032679738
3 0.6794117647058824 0.949673202614379 0.025 0.05620915032679738
3 0.6647058823529411 0.8169934640522876 0.025 0.054901960784313725
3 0.6441176470588236 0.757516339869281 0.022058823529411763 0.06143790849673202
3 0.586764705882353 0.5947712418300654 0.020588235294117647 0.047058823529411764
3 0.5294117647058824 0.43202614379084964 0.01911764705882353 0.03790849673202614
3 0.6941176470588235 0.30392156862745096 0.020588235294117647 0.0326797385620915
3 0.4275735294117647 0.17450980392156862 0.015441176470588236 0.03006535947712418
3 0.3941176470588235 0.10718954248366012 0.013235294117647059 0.02875816993464052
3 0.4091911764705882 0.08431372549019607 0.0125 0.03006535947712418
4 0.5216911764705883 0.1980392156862745 0.013970588235294117 0.0326797385620915
4 0.5613970588235294 0.5326797385620915 0.019852941176470587 0.0457516339869281
4 0.5426470588235294 0.4771241830065359 0.01764705882352941 0.03660130718954248
4 0.6544117647058824 0.8745098039215685 0.026470588235294117 0.06274509803921569
3 0.5150735294117647 0.3856209150326797 0.015441176470588236 0.03398692810457516
3 0.5003676470588235 0.3477124183006536 0.016911764705882352 0.03398692810457516
3 0.48970588235294116 0.3111111111111111 0.014705882352941176 0.03398692810457516
0 0.39595588235294116 0.04836601307189542 0.005147058823529412 0.01568627450980392
3 0.38529411764705884 0.06862745098039215 0.013235294117647059 0.027450980392156862
3 0.3966911764705882 0.06797385620915032 0.0125 0.0261437908496732
3 0.3709558823529412 0.05751633986928104 0.0125 0.02091503267973856
4 0.37463235294117647 0.03790849673202614 0.0125 0.02875816993464052
4 0.3650735294117647 0.01045751633986928 0.015441176470588236 0.02091503267973856
3 0.8558823529411764 0.7705882352941176 0.027941176470588233 0.06928104575163398
4 0.2261029411764706 0.8738562091503267 0.04779411764705882 0.0457516339869281
4 0.1988970588235294 0.7065359477124182 0.030147058823529412 0.03529411764705882
3 0.27941176470588236 0.6568627450980392 0.029411764705882353 0.03529411764705882
3 0.2908088235294118 0.7209150326797386 0.030147058823529412 0.03529411764705882
3 0.29448529411764707 0.7477124183006535 0.027205882352941177 0.03398692810457516
0 0.30919117647058825 0.903267973856209 0.009558823529411765 0.02091503267973856
0 0.3088235294117647 0.503921568627451 0.004411764705882353 0.01699346405228758
0 0.30477941176470585 0.5006535947712418 0.005147058823529412 0.01568627450980392
0 0.2977941176470588 0.5215686274509803 0.004411764705882353 0.01045751633986928
0 0.3044117647058823 0.5169934640522875 0.0058823529411764705 0.01437908496732026
0 0.3636029411764706 0.8039215686274509 0.005147058823529412 0.01568627450980392
0 0.35110294117647056 0.8052287581699346 0.005147058823529412 0.01568627450980392
0 0.3577205882352941 0.7993464052287581 0.003676470588235294 0.01437908496732026
0 0.40294117647058825 0.7313725490196078 0.0058823529411764705 0.02222222222222222
0 0.4099264705882353 0.7281045751633987 0.005147058823529412 0.02091503267973856
0 0.38125 0.6320261437908496 0.003676470588235294 0.01699346405228758
0 0.23088235294117646 0.4359477124183006 0.007352941176470588 0.01699346405228758
0 0.3613970588235294 0.9810457516339869 0.005147058823529412 0.00915032679738562
0 0.36617647058823527 0.9803921568627451 0.0029411764705882353 0.01045751633986928
5 0.4613970588235294 0.9392156862745097 0.02426470588235294 0.08235294117647059
4 0.3709558823529412 0.9006535947712417 0.030147058823529412 0.03660130718954248
3 0.21691176470588236 0.792156862745098 0.032352941176470584 0.03398692810457516
3 0.22426470588235295 0.8176470588235294 0.032352941176470584 0.0326797385620915
3 0.32573529411764707 0.8973856209150326 0.032352941176470584 0.03529411764705882
3 0.33088235294117646 0.9254901960784313 0.03529411764705882 0.03660130718954248
3 0.21176470588235294 0.7581699346405228 0.033823529411764704 0.03398692810457516
3 0.3220588235294118 0.7013071895424836 0.027941176470588233 0.0326797385620915
3 0.29669117647058824 0.5660130718954248 0.030147058823529412 0.03660130718954248
3 0.20735294117647057 0.7320261437908496 0.032352941176470584 0.03398692810457516
3 0.3029411764705882 0.6137254901960784 0.027941176470588233 0.027450980392156862
3 0.30661764705882355 0.634640522875817 0.025 0.0326797385620915
3 0.31029411764705883 0.6542483660130719 0.026470588235294117 0.0326797385620915
3 0.31691176470588234 0.6758169934640522 0.026470588235294117 0.02875816993464052
3 0.22169117647058822 0.85359477124183 0.03161764705882353 0.03398692810457516
3 0.24154411764705883 0.9392156862745097 0.03455882352941177 0.04052287581699346
4 0.24191176470588235 0.9019607843137254 0.03676470588235294 0.04183006535947712
3 0.33198529411764705 0.7477124183006535 0.030147058823529412 0.02875816993464052
3 0.3386029411764706 0.7705882352941176 0.028676470588235293 0.03529411764705882
3 0.33897058823529413 0.796078431372549 0.029411764705882353 0.03398692810457516
3 0.3492647058823529 0.822875816993464 0.030882352941176472 0.03529411764705882
3 0.3514705882352941 0.8516339869281045 0.030882352941176472 0.03529411764705882
3 0.36066176470588235 0.8764705882352941 0.030147058823529412 0.03790849673202614
3 0.33897058823529413 0.9555555555555555 0.033823529411764704 0.04444444444444444
3 0.34301470588235294 0.9784313725490196 0.03602941176470588 0.03529411764705882
3 0.26066176470588237 0.9915032679738561 0.027205882352941177 0.01437908496732026
3 0.35110294117647056 0.9915032679738561 0.027205882352941177 0.01437908496732026
4 0.3761029411764706 0.9509803921568627 0.030147058823529412 0.03529411764705882
3 0.38676470588235295 0.9836601307189542 0.032352941176470584 0.03006535947712418
3 0.2827205882352941 0.4986928104575163 0.025735294117647058 0.027450980392156862
3 0.2911764705882353 0.5143790849673202 0.025 0.027450980392156862
4 0.29448529411764707 0.5398692810457516 0.027205882352941177 0.0261437908496732
3 0.35808823529411765 0.526797385620915 0.025 0.02875816993464052
3 0.35808823529411765 0.5045751633986928 0.025 0.023529411764705882
3 0.3584558823529412 0.5503267973856208 0.02426470588235294 0.0261437908496732
3 0.37316176470588236 0.5712418300653594 0.027205882352941177 0.02875816993464052
3 0.3786764705882353 0.5934640522875817 0.027941176470588233 0.02875816993464052
3 0.3849264705882353 0.618954248366013 0.027205882352941177 0.0326797385620915
3 0.3900735294117647 0.6418300653594771 0.027205882352941177 0.03137254901960784
3 0.3952205882352941 0.6640522875816993 0.027205882352941177 0.03137254901960784
3 0.4007352941176471 0.6908496732026144 0.032352941176470584 0.0326797385620915
3 0.4025735294117647 0.7202614379084967 0.028676470588235293 0.03398692810457516
3 0.4158088235294118 0.7431372549019607 0.027205882352941177 0.0326797385620915
3 0.4209558823529412 0.7647058823529411 0.030147058823529412 0.03398692810457516
3 0.4253676470588235 0.7941176470588235 0.028676470588235293 0.03790849673202614
3 0.43272058823529413 0.8235294117647058 0.028676470588235293 0.03660130718954248
3 0.4375 0.8549019607843137 0.026470588235294117 0.04967320261437908
3 0.44375 0.8797385620915033 0.028676470588235293 0.047058823529411764
3 0.4573529411764706 0.90718954248366 0.022058823529411763 0.04967320261437908
4 0.2727941176470588 0.22026143790849673 0.01764705882352941 0.03529411764705882
4 0.19191176470588234 0.6392156862745098 0.039705882352941174 0.03660130718954248
