0 0.3529411764705882 0.45751633986928103 0.007352941176470588 0.02091503267973856
0 0.3477941176470588 0.43006535947712415 0.0058823529411764705 0.02091503267973856
0 0.34375 0.4333333333333333 0.005147058823529412 0.0196078431372549
0 0.2933823529411765 0.7209150326797386 0.007352941176470588 0.027450980392156862
0 0.28455882352941175 0.730718954248366 0.007352941176470588 0.0261437908496732
0 0.2849264705882353 0.7496732026143791 0.005147058823529412 0.01699346405228758
0 0.4959558823529412 0.6562091503267974 0.005147058823529412 0.01830065359477124
0 0.6904411764705882 0.5986928104575163 0.004411764705882353 0.02091503267973856
0 0.6970588235294117 0.6091503267973856 0.004411764705882353 0.02091503267973856
0 0.7202205882352941 0.5411764705882353 0.003676470588235294 0.02091503267973856
3 0.5738970588235294 0.38169934640522873 0.025735294117647058 0.02091503267973856
3 0.6073529411764705 0.38954248366013067 0.01764705882352941 0.01568627450980392
3 0.6095588235294117 0.3732026143790849 0.022058823529411763 0.01437908496732026
3 0.6349264705882353 0.38627450980392153 0.019852941176470587 0.01699346405228758
3 0.6470588235294118 0.357516339869281 0.010294117647058823 0.01437908496732026
3 0.6466911764705883 0.3483660130718954 0.009558823529411765 0.011764705882352941
3 0.6613970588235294 0.36405228758169933 0.016911764705882352 0.01437908496732026
3 0.675 0.36732026143790847 0.01764705882352941 0.01568627450980392
3 0.6731617647058823 0.38431372549019605 0.021323529411764706 0.01568627450980392
3 0.71875 0.38692810457516336 0.01838235294117647 0.01568627450980392
0 0.7720588235294118 0.5254901960784313 0.004411764705882353 0.01830065359477124
0 0.763235294117647 0.5248366013071895 0.0029411764705882353 0.02222222222222222
0 0.7599264705882353 0.5359477124183006 0.005147058823529412 0.02091503267973856
0 0.7536764705882353 0.538562091503268 0.0029411764705882353 0.023529411764705882
0 0.7522058823529412 0.5287581699346405 0.004411764705882353 0.02222222222222222
0 0.7330882352941176 0.538562091503268 0.0029411764705882353 0.02091503267973856
0 0.7422794117647059 0.538562091503268 0.0022058823529411764 0.01830065359477124
0 0.7470588235294118 0.5379084967320261 0.0029411764705882353 0.02222222222222222
0 0.7819852941176471 0.5235294117647058 0.005147058823529412 0.0196078431372549
0 0.8069852941176471 0.5183006535947712 0.005147058823529412 0.01699346405228758
0 0.8503676470588235 0.47973856209150323 0.003676470588235294 0.01568627450980392
0 0.8529411764705882 0.47973856209150323 0.0029411764705882353 0.01830065359477124
0 0.8595588235294117 0.47581699346405226 0.0029411764705882353 0.01830065359477124
0 0.8573529411764705 0.47581699346405226 0.0029411764705882353 0.01830065359477124
0 0.9102941176470588 0.4509803921568627 0.004411764705882353 0.02091503267973856
0 0.9161764705882353 0.4549019607843137 0.0029411764705882353 0.02091503267973856
0 0.9419117647058823 0.46535947712418296 0.004411764705882353 0.02091503267973856
0 0.9249999999999999 0.522875816993464 0.004411764705882353 0.01830065359477124
0 0.9345588235294118 0.5281045751633987 0.0058823529411764705 0.02091503267973856
0 0.9389705882352941 0.5248366013071895 0.004411764705882353 0.02222222222222222
0 0.9477941176470588 0.522875816993464 0.004411764705882353 0.02091503267973856
0 0.9525735294117647 0.5254901960784313 0.003676470588235294 0.01568627450980392
0 0.9588235294117647 0.5261437908496732 0.007352941176470588 0.01437908496732026
0 0.9944852941176471 0.5549019607843136 0.005147058823529412 0.0196078431372549
0 0.9874999999999999 0.5555555555555555 0.0058823529411764705 0.02091503267973856
0 0.9691176470588235 0.5241830065359476 0.0058823529411764705 0.02091503267973856
0 0.9669117647058824 0.5104575163398692 0.004411764705882353 0.0196078431372549
0 0.9698529411764706 0.5071895424836601 0.0029411764705882353 0.01830065359477124
0 0.9720588235294118 0.5137254901960784 0.0029411764705882353 0.0130718954248366
0 0.9738970588235294 0.5248366013071895 0.005147058823529412 0.0196078431372549
0 0.9683823529411765 0.5241830065359476 0.004411764705882353 0.02091503267973856
0 0.9805147058823529 0.5261437908496732 0.003676470588235294 0.0196078431372549
0 0.981985294117647 0.5065359477124183 0.005147058823529412 0.01437908496732026
0 0.9816176470588235 0.49738562091503263 0.0029411764705882353 0.0196078431372549
0 0.98125 0.4875816993464052 0.005147058823529412 0.02091503267973856
0 0.9636029411764706 0.4790849673202614 0.005147058823529412 0.0196078431372549
0 0.9764705882352941 0.47777777777777775 0.004411764705882353 0.011764705882352941
0 0.9775735294117647 0.46928104575163393 0.003676470588235294 0.02091503267973856
0 0.9904411764705883 0.46928104575163393 0.0029411764705882353 0.01568627450980392
0 0.9878676470588235 0.49019607843137253 0.005147058823529412 0.01830065359477124
0 0.9941176470588236 0.49999999999999994 0.004411764705882353 0.0196078431372549
0 0.9915441176470589 0.49542483660130715 0.005147058823529412 0.02091503267973856
0 0.9220588235294117 0.45228758169934635 0.0029411764705882353 0.01568627450980392
