0 0.020833333333333332 0.725925925925926 0.010416666666666666 0.037037037037037035
0 0.2760416666666667 0.45833333333333337 0.00625 0.02777777777777778
0 0.30104166666666665 0.4981481481481482 0.008333333333333333 0.03333333333333333
3 0.23072916666666665 0.612037037037037 0.057291666666666664 0.04259259259259259
3 0.1984375 0.7055555555555556 0.065625 0.05555555555555556
3 0.22291666666666665 0.8787037037037038 0.0375 0.09074074074074075
2 0.27708333333333335 0.7675925925925926 0.010416666666666666 0.03888888888888889
1 0.2760416666666667 0.7564814814814815 0.010416666666666666 0.04259259259259259
4 0.3015625 0.4166666666666667 0.015625 0.040740740740740744
3 0.2864583333333333 0.312962962962963 0.004166666666666667 0.02592592592592593
0 0.34791666666666665 0.3287037037037037 0.004166666666666667 0.016666666666666666
0 0.3104166666666667 0.2555555555555556 0.0020833333333333333 0.011111111111111112
0 0.3130208333333333 0.25462962962962965 0.003125 0.012962962962962964
3 0.3255208333333333 0.26296296296296295 0.011458333333333333 0.018518518518518517
3 0.3390625 0.2425925925925926 0.021875 0.014814814814814815
3 0.37604166666666666 0.1685185185185185 0.0125 0.011111111111111112
3 0.3776041666666667 0.225 0.007291666666666667 0.016666666666666666
3 0.3848958333333333 0.2740740740740741 0.011458333333333333 0.018518518518518517
3 0.4010416666666667 0.27870370370370373 0.010416666666666666 0.020370370370370372
3 0.38229166666666664 0.32685185185185184 0.0125 0.024074074074074074
0 0.4421875 0.19351851851851853 0.003125 0.009259259259259259
5 0.40520833333333334 0.1712962962962963 0.014583333333333334 0.020370370370370372
4 0.3921875 0.21296296296296297 0.007291666666666667 0.018518518518518517
3 0.4036458333333333 0.19722222222222224 0.007291666666666667 0.012962962962962964
3 0.4036458333333333 0.18333333333333335 0.007291666666666667 0.011111111111111112
3 0.4161458333333333 0.18333333333333335 0.007291666666666667 0.011111111111111112
3 0.42083333333333334 0.2175925925925926 0.008333333333333333 0.012962962962962964
3 0.4223958333333333 0.16296296296296298 0.005208333333333333 0.007407407407407408
3 0.4666666666666667 0.25833333333333336 0.010416666666666666 0.016666666666666666
3 0.42552083333333335 0.33055555555555555 0.013541666666666667 0.020370370370370372
3 0.4848958333333333 0.3416666666666667 0.013541666666666667 0.024074074074074074
1 0.48385416666666664 0.30833333333333335 0.005208333333333333 0.012962962962962964
9 0.4557291666666667 0.3287037037037037 0.005208333333333333 0.016666666666666666
1 0.4557291666666667 0.32407407407407407 0.005208333333333333 0.014814814814814815
9 0.4557291666666667 0.30185185185185187 0.005208333333333333 0.014814814814814815
1 0.45677083333333335 0.29444444444444445 0.003125 0.011111111111111112
3 0.4864583333333333 0.4351851851851852 0.016666666666666666 0.02962962962962963
3 0.4635416666666667 0.43703703703703706 0.01875 0.02962962962962963
3 0.5166666666666666 0.47500000000000003 0.01875 0.031481481481481485
3 0.5041666666666667 0.5425925925925926 0.025 0.044444444444444446
0 0.56875 0.46481481481481485 0.0125 0.03333333333333333
3 0.5578125 0.4175925925925926 0.028125 0.024074074074074074
9 0.4161458333333333 0.4388888888888889 0.007291666666666667 0.022222222222222223
1 0.41562499999999997 0.4324074074074074 0.00625 0.016666666666666666
3 0.4635416666666667 0.5027777777777778 0.025 0.05
3 0.4432291666666667 0.5888888888888889 0.02395833333333333 0.04814814814814815
3 0.4348958333333333 0.6555555555555556 0.026041666666666668 0.05925925925925926
3 0.4328125 0.7435185185185186 0.028125 0.07592592592592592
3 0.4864583333333333 0.6185185185185186 0.027083333333333334 0.05185185185185186
3 0.4848958333333333 0.7157407407407408 0.028125 0.06851851851851852
3 0.5416666666666666 0.7055555555555556 0.027083333333333334 0.06666666666666667
3 0.48802083333333335 0.8740740740740741 0.030208333333333334 0.0962962962962963
3 0.5692708333333333 0.5425925925925926 0.051041666666666666 0.037037037037037035
3 0.6057291666666667 0.4990740740740741 0.030208333333333334 0.0462962962962963
3 0.6385416666666667 0.49722222222222223 0.03125 0.04259259259259259
3 0.6822916666666666 0.49259259259259264 0.03125 0.040740740740740744
3 0.7130208333333333 0.48240740740740745 0.034375 0.04259259259259259
3 0.6708333333333333 0.6037037037037037 0.04791666666666666 0.05925925925925926
3 0.7057291666666666 0.5972222222222222 0.051041666666666666 0.06851851851851852
3 0.734375 0.5925925925925926 0.04375 0.05555555555555556
3 0.6682291666666667 0.6861111111111111 0.06145833333333333 0.0462962962962963
3 0.6854166666666667 0.725 0.0625 0.0462962962962963
3 0.6942708333333333 0.7694444444444445 0.07395833333333333 0.053703703703703705
2 0.759375 0.7935185185185185 0.025 0.031481481481481485
9 0.746875 0.750925925925926 0.022916666666666665 0.03888888888888889
0 0.7510416666666666 0.6907407407407408 0.008333333333333333 0.037037037037037035
0 0.9291666666666667 0.2564814814814815 0.00625 0.016666666666666666
3 0.6916666666666667 0.962037037037037 0.052083333333333336 0.07222222222222223
