3 0.2636029411764706 0.4725490196078431 0.10808823529411765 0.0849673202614379
3 0.3926470588235294 0.5143790849673202 0.11176470588235293 0.09019607843137255
3 0.4011029411764706 0.41437908496732023 0.09191176470588235 0.08627450980392157
3 0.5113970588235294 0.5117647058823529 0.09926470588235294 0.10065359477124182
3 0.5316176470588235 0.6477124183006535 0.12205882352941176 0.13202614379084968
3 0.22830882352941176 0.3725490196078431 0.09044117647058823 0.0784313725490196
3 0.21213235294117647 0.2980392156862745 0.08308823529411764 0.06797385620915032
3 0.8312499999999999 0.8640522875816993 0.15955882352941175 0.16470588235294117
3 0.95 0.8281045751633986 0.09852941176470588 0.13202614379084968
0 0.7908088235294117 0.5588235294117647 0.019852941176470587 0.058823529411764705
0 0.7727941176470589 0.5470588235294117 0.01764705882352941 0.06666666666666667
0 0.76875 0.5300653594771242 0.019852941176470587 0.05620915032679738
1 0.5011029411764706 0.3352941176470588 0.0125 0.05620915032679738
9 0.4985294117647059 0.3424836601307189 0.01764705882352941 0.054901960784313725
3 0.2301470588235294 0.14901960784313725 0.0661764705882353 0.06013071895424836
3 0.12352941176470589 0.043137254901960784 0.04264705882352941 0.047058823529411764
5 0.10441176470588236 0.02483660130718954 0.04852941176470588 0.04967320261437908
0 0.44191176470588234 0.19477124183006533 0.010294117647058823 0.04444444444444444
3 0.618014705882353 0.1522875816993464 0.04632352941176471 0.0718954248366013
3 0.6610294117647059 0.17516339869281045 0.04264705882352941 0.06274509803921569
3 0.6926470588235294 0.12679738562091503 0.03676470588235294 0.054901960784313725
3 0.7205882352941176 0.07908496732026143 0.032352941176470584 0.04052287581699346
3 0.7426470588235294 0.04771241830065359 0.032352941176470584 0.043137254901960784
3 0.7602941176470588 0.01568627450980392 0.027941176470588233 0.03398692810457516
0 0.6772058823529412 0.03986928104575163 0.010294117647058823 0.03529411764705882
6 0.7863970588235294 0.09999999999999999 0.021323529411764706 0.043137254901960784
1 0.7904411764705882 0.08300653594771241 0.010294117647058823 0.01699346405228758
3 0.8731617647058824 0.18692810457516337 0.06102941176470588 0.05751633986928104
