0 0.028645833333333332 0.35370370370370374 0.036458333333333336 0.10740740740740741
0 0.07291666666666667 0.37222222222222223 0.0375 0.1
0 0.3015625 0.38703703703703707 0.028125 0.11851851851851852
1 0.0546875 0.21666666666666667 0.026041666666666668 0.07037037037037037
1 0.08229166666666667 0.21851851851851853 0.03125 0.06666666666666667
0 0.03802083333333333 0.14166666666666666 0.028125 0.07222222222222223
0 0.13333333333333333 0.1814814814814815 0.027083333333333334 0.08148148148148149
0 0.14947916666666666 0.17592592592592593 0.02395833333333333 0.07407407407407407
0 0.240625 0.2240740740740741 0.025 0.0925925925925926
0 0.25104166666666666 0.20462962962962963 0.016666666666666666 0.07592592592592592
0 0.2817708333333333 0.225 0.015625 0.07962962962962963
0 0.29010416666666666 0.21851851851851853 0.019791666666666666 0.08888888888888889
0 0.29375 0.17592592592592593 0.0125 0.05555555555555556
0 0.3098958333333333 0.21203703703703705 0.019791666666666666 0.09444444444444444
0 0.33541666666666664 0.22962962962962963 0.016666666666666666 0.0925925925925926
0 0.3484375 0.2425925925925926 0.017708333333333333 0.08888888888888889
0 0.37604166666666666 0.26481481481481484 0.020833333333333332 0.0962962962962963
0 0.3953125 0.26851851851851855 0.021875 0.0925925925925926
0 0.42083333333333334 0.3101851851851852 0.016666666666666666 0.10555555555555556
0 0.4192708333333333 0.2777777777777778 0.015625 0.0925925925925926
0 0.4317708333333333 0.2574074074074074 0.019791666666666666 0.08148148148148149
0 0.4510416666666667 0.2712962962962963 0.020833333333333332 0.09074074074074075
0 0.5072916666666667 0.34351851851851856 0.025 0.11296296296296297
0 0.5354166666666667 0.34074074074074073 0.01875 0.11481481481481481
0 0.5630208333333333 0.33981481481481485 0.02395833333333333 0.11666666666666667
0 0.4901041666666667 0.5194444444444445 0.030208333333333334 0.16481481481481483
0 0.5109375 0.4861111111111111 0.02395833333333333 0.1425925925925926
0 0.5291666666666667 0.47962962962962963 0.022916666666666665 0.14444444444444446
0 0.5567708333333333 0.4814814814814815 0.028125 0.13703703703703704
0 0.5979166666666667 0.5231481481481481 0.03333333333333333 0.1537037037037037
0 0.6140625 0.48240740740740745 0.034375 0.16481481481481483
0 0.5536458333333333 0.6490740740740741 0.034375 0.18333333333333335
0 0.7786458333333334 0.6074074074074074 0.040625 0.17407407407407408
0 0.9151041666666666 0.9175925925925926 0.05520833333333333 0.16111111111111112
0 0.7453125 0.45462962962962966 0.02395833333333333 0.12407407407407407
0 0.7604166666666666 0.4287037037037037 0.016666666666666666 0.053703703703703705
0 0.5364583333333334 0.9111111111111111 0.058333333333333334 0.17037037037037037
1 0.3489583333333333 0.9018518518518519 0.05416666666666667 0.15925925925925927
1 0.37447916666666664 0.8527777777777779 0.042708333333333334 0.11296296296296297
0 0.8380208333333333 0.2 0.011458333333333333 0.06666666666666667
0 0.8505208333333333 0.21296296296296297 0.015625 0.07407407407407407
0 0.8692708333333333 0.2240740740740741 0.015625 0.07037037037037037
3 0.9411458333333333 0.06759259259259259 0.04895833333333333 0.03888888888888889
