9 0.17095588235294118 0.5431372549019607 0.022794117647058822 0.03529411764705882
9 0.45625 0.6078431372549019 0.021323529411764706 0.065359477124183
2 0.5286764705882353 0.7385620915032679 0.022058823529411763 0.06274509803921569
5 0.3154411764705882 0.522875816993464 0.18235294117647058 0.16732026143790849
4 0.4154411764705882 0.5215686274509803 0.08235294117647059 0.0915032679738562
3 0.5676470588235294 0.5209150326797385 0.08970588235294118 0.07450980392156863
3 0.7084558823529412 0.5104575163398692 0.08455882352941177 0.06666666666666667
3 0.4834558823529412 0.43006535947712415 0.07279411764705883 0.054901960784313725
2 0.4073529411764706 0.3810457516339869 0.025 0.03529411764705882
2 0.34301470588235294 0.37124183006535943 0.025735294117647058 0.02875816993464052
2 0.2878676470588235 0.36209150326797385 0.021323529411764706 0.0261437908496732
2 0.4591911764705882 0.3483660130718954 0.013970588235294117 0.0326797385620915
2 0.5169117647058823 0.3830065359477124 0.016176470588235292 0.03660130718954248
0 0.6169117647058824 0.39673202614379083 0.013235294117647059 0.04836601307189542
2 0.6316176470588235 0.28823529411764703 0.010294117647058823 0.0326797385620915
3 0.763235294117647 0.17058823529411762 0.025 0.03529411764705882
3 0.7180147058823529 0.20784313725490194 0.025735294117647058 0.04444444444444444
3 0.80625 0.27385620915032677 0.03161764705882353 0.043137254901960784
3 0.8481617647058823 0.3464052287581699 0.03897058823529412 0.06013071895424836
3 0.7963235294117647 0.14901960784313725 0.022058823529411763 0.03398692810457516
3 0.7113970588235294 0.1411764705882353 0.019852941176470587 0.02875816993464052
3 0.7272058823529411 0.10065359477124182 0.01764705882352941 0.023529411764705882
3 0.7452205882352941 0.12941176470588234 0.01838235294117647 0.023529411764705882
3 0.7654411764705882 0.12026143790849672 0.01911764705882353 0.0261437908496732
3 0.6955882352941176 0.06797385620915032 0.014705882352941176 0.02091503267973856
4 0.8323529411764706 0.6640522875816993 0.06323529411764706 0.1437908496732026
2 0.14338235294117646 0.34117647058823525 0.022058823529411763 0.03398692810457516
1 0.7073529411764706 0.28366013071895424 0.010294117647058823 0.0261437908496732
2 0.7088235294117647 0.29673202614379085 0.010294117647058823 0.023529411764705882
8 0.6738970588235293 0.2333333333333333 0.0375 0.10849673202614378
4 0.649264705882353 0.16601307189542483 0.020588235294117647 0.05751633986928104
0 0.8408088235294118 0.14901960784313725 0.008088235294117646 0.03137254901960784
3 0.7408088235294118 0.0738562091503268 0.016911764705882352 0.0196078431372549
3 0.6794117647058824 0.02418300653594771 0.011764705882352941 0.0196078431372549
5 0.7158088235294118 0.05620915032679738 0.01838235294117647 0.0392156862745098
5 0.6783088235294118 0.07647058823529411 0.016911764705882352 0.0326797385620915
3 0.6654411764705882 0.060784313725490195 0.011764705882352941 0.0196078431372549
3 0.6636029411764706 0.047058823529411764 0.011029411764705881 0.01830065359477124
3 0.7463235294117647 0.06862745098039215 0.010294117647058823 0.0196078431372549
3 0.7305147058823529 0.04836601307189542 0.011029411764705881 0.01830065359477124
3 0.6555147058823529 0.011764705882352941 0.019852941176470587 0.023529411764705882
0 0.36433823529411763 0.6281045751633987 0.0125 0.058823529411764705
0 0.3941176470588235 0.6071895424836601 0.013235294117647059 0.058823529411764705
0 0.40588235294117647 0.6490196078431372 0.014705882352941176 0.06405228758169934
0 0.4213235294117647 0.645751633986928 0.014705882352941176 0.06274509803921569
0 0.4113970588235294 0.6366013071895424 0.0125 0.06013071895424836
0 0.4698529411764706 0.6222222222222222 0.014705882352941176 0.06274509803921569
0 0.5941176470588235 0.7117647058823529 0.016176470588235292 0.06928104575163398
0 0.5845588235294118 0.7006535947712418 0.014705882352941176 0.06797385620915032
3 0.8003676470588236 0.07124183006535947 0.03161764705882353 0.0196078431372549
9 0.8698529411764706 0.9529411764705882 0.03529411764705882 0.07320261437908496
1 0.8705882352941177 0.9398692810457515 0.025 0.06797385620915032
