3 0.49374999999999997 0.3990740740740741 0.0125 0.020370370370370372
3 0.48541666666666666 0.3490740740740741 0.008333333333333333 0.009259259259259259
3 0.45989583333333334 0.3527777777777778 0.007291666666666667 0.012962962962962964
3 0.4666666666666667 0.33796296296296297 0.00625 0.005555555555555556
3 0.4666666666666667 0.34351851851851856 0.00625 0.009259259259259259
3 0.5807291666666666 0.45462962962962966 0.030208333333333334 0.031481481481481485
3 0.540625 0.549074074074074 0.0375 0.053703703703703705
3 0.42291666666666666 0.7824074074074074 0.07083333333333333 0.15
3 0.22135416666666666 0.6055555555555556 0.06354166666666666 0.08518518518518518
3 0.33177083333333335 0.4703703703703704 0.028125 0.040740740740740744
3 0.2994791666666667 0.5148148148148148 0.042708333333333334 0.037037037037037035
3 0.2661458333333333 0.5518518518518519 0.04895833333333333 0.06296296296296297
3 0.7604166666666666 0.5972222222222222 0.06458333333333333 0.07962962962962963
3 0.7052083333333333 0.44907407407407407 0.052083333333333336 0.02777777777777778
3 0.6838541666666667 0.4444444444444445 0.042708333333333334 0.02962962962962963
5 0.8729166666666667 0.7138888888888889 0.10416666666666667 0.12407407407407407
4 0.65 0.42314814814814816 0.05 0.031481481481481485
3 0.6416666666666666 0.42129629629629634 0.04375 0.02777777777777778
3 0.5692708333333333 0.3861111111111111 0.013541666666666667 0.020370370370370372
5 0.6375 0.3944444444444445 0.06666666666666667 0.037037037037037035
7 0.5447916666666667 0.44351851851851853 0.010416666666666666 0.03518518518518519
7 0.5041666666666667 0.3805555555555556 0.010416666666666666 0.020370370370370372
6 0.6005208333333333 0.5148148148148148 0.021875 0.040740740740740744
1 0.23177083333333334 0.7675925925925926 0.019791666666666666 0.09074074074074075
1 0.26875 0.7231481481481482 0.025 0.06851851851851852
1 0.278125 0.7185185185185186 0.0125 0.04814814814814815
1 0.27239583333333334 0.7083333333333334 0.013541666666666667 0.061111111111111116
9 0.23124999999999998 0.8046296296296297 0.025 0.08703703703703704
9 0.2682291666666667 0.7546296296296297 0.019791666666666666 0.09074074074074075
1 0.6515625 0.5666666666666667 0.015625 0.04814814814814815
1 0.6380208333333334 0.5888888888888889 0.013541666666666667 0.04814814814814815
1 0.7109375 0.6490740740740741 0.013541666666666667 0.04259259259259259
1 0.7010416666666667 0.6453703703703704 0.016666666666666666 0.05740740740740741
9 0.7046875 0.6648148148148149 0.030208333333333334 0.06296296296296297
9 0.6380208333333334 0.6138888888888889 0.021875 0.03888888888888889
9 0.6541666666666667 0.5824074074074075 0.0125 0.04259259259259259
3 0.7734375 0.4935185185185185 0.051041666666666666 0.0462962962962963
1 0.39479166666666665 0.45092592592592595 0.008333333333333333 0.024074074074074074
1 0.4067708333333333 0.44907407407407407 0.007291666666666667 0.02777777777777778
1 0.4005208333333333 0.47314814814814815 0.009375 0.031481481481481485
1 0.36666666666666664 0.4759259259259259 0.008333333333333333 0.02592592592592593
1 0.5479166666666666 0.425 0.00625 0.020370370370370372
1 0.5229166666666667 0.39351851851851855 0.00625 0.016666666666666666
1 0.5322916666666666 0.39351851851851855 0.00625 0.016666666666666666
1 0.5375 0.3907407407407408 0.004166666666666667 0.018518518518518517
9 0.5229166666666667 0.40370370370370373 0.00625 0.018518518518518517
9 0.5322916666666666 0.4027777777777778 0.004166666666666667 0.012962962962962964
9 0.5375 0.40092592592592596 0.00625 0.012962962962962964
9 0.5505208333333333 0.4351851851851852 0.005208333333333333 0.018518518518518517
9 0.3671875 0.487962962962963 0.011458333333333333 0.031481481481481485
9 0.4010416666666667 0.48703703703703705 0.008333333333333333 0.03333333333333333
9 0.3958333333333333 0.4564814814814815 0.008333333333333333 0.024074074074074074
9 0.4067708333333333 0.45555555555555555 0.007291666666666667 0.02592592592592593
0 0.20729166666666665 0.5564814814814815 0.016666666666666666 0.053703703703703705
0 0.2015625 0.5675925925925926 0.013541666666666667 0.05740740740740741
