0 0.9496323529411764 0.22745098039215686 0.0125 0.04967320261437908
9 0.9231617647058823 0.23464052287581696 0.019852941176470587 0.03006535947712418
2 0.9588235294117647 0.21045751633986925 0.016176470588235292 0.03137254901960784
9 0.8966911764705883 0.24705882352941175 0.013970588235294117 0.0261437908496732
9 0.7794117647058824 0.26405228758169935 0.016176470588235292 0.03660130718954248
9 0.7683823529411764 0.25359477124183005 0.014705882352941176 0.03398692810457516
0 0.6886029411764706 0.3045751633986928 0.011029411764705881 0.04967320261437908
3 0.7275735294117647 0.38627450980392153 0.08455882352941177 0.07450980392156863
9 0.6981617647058823 0.4091503267973856 0.019852941176470587 0.047058823529411764
9 0.6919117647058823 0.4392156862745098 0.032352941176470584 0.04444444444444444
0 0.7110294117647059 0.4529411764705882 0.022058823529411763 0.06143790849673202
3 0.9477941176470588 0.28888888888888886 0.052941176470588235 0.06274509803921569
3 0.8977941176470589 0.32941176470588235 0.06911764705882353 0.07581699346405228
3 0.8525735294117647 0.38431372549019605 0.06691176470588235 0.08104575163398692
3 0.9209558823529411 0.47581699346405226 0.07279411764705883 0.09411764705882353
4 0.9823529411764705 0.38692810457516336 0.033823529411764704 0.08888888888888888
3 0.8389705882352941 0.5875816993464051 0.09117647058823529 0.11633986928104574
3 0.6959558823529411 0.5352941176470588 0.09191176470588235 0.10588235294117647
3 0.78125 0.8934640522875816 0.12573529411764706 0.21045751633986925
4 0.7044117647058823 0.7496732026143791 0.1 0.18431372549019606
0 0.5933823529411765 0.3725490196078431 0.010294117647058823 0.05751633986928104
0 0.6088235294117647 0.3980392156862745 0.014705882352941176 0.05359477124183006
9 0.6283088235294118 0.37712418300653594 0.022794117647058822 0.04052287581699346
9 0.5852941176470589 0.4437908496732026 0.025 0.05359477124183006
9 0.6 0.4967320261437908 0.039705882352941174 0.054901960784313725
9 0.5808823529411765 0.5352941176470588 0.025 0.05620915032679738
9 0.5349264705882353 0.4875816993464052 0.0125 0.06013071895424836
4 0.5702205882352941 0.6366013071895424 0.09779411764705882 0.15424836601307187
0 0.5488970588235293 0.5947712418300654 0.011029411764705881 0.065359477124183
0 0.5194852941176471 0.6045751633986928 0.015441176470588236 0.0718954248366013
0 0.5077205882352941 0.6294117647058823 0.015441176470588236 0.07712418300653594
2 0.5029411764705882 0.4163398692810457 0.030882352941176472 0.03529411764705882
0 0.4944852941176471 0.43660130718954243 0.0125 0.04444444444444444
0 0.46102941176470585 0.3758169934640523 0.010294117647058823 0.04836601307189542
0 0.4525735294117647 0.4111111111111111 0.009558823529411765 0.05620915032679738
0 0.4577205882352941 0.418954248366013 0.009558823529411765 0.050980392156862744
0 0.4202205882352941 0.4457516339869281 0.008088235294117646 0.04183006535947712
9 0.4386029411764706 0.45228758169934635 0.027205882352941177 0.04444444444444444
1 0.43786764705882353 0.44313725490196076 0.013970588235294117 0.06013071895424836
2 0.4716911764705882 0.45751633986928103 0.013970588235294117 0.06013071895424836
2 0.4573529411764706 0.46732026143790845 0.01764705882352941 0.05359477124183006
9 0.46654411764705883 0.4993464052287581 0.013970588235294117 0.06274509803921569
0 0.45625 0.5261437908496732 0.0125 0.06666666666666667
0 0.44485294117647056 0.5379084967320261 0.013235294117647059 0.07450980392156863
0 0.4345588235294118 0.5222222222222221 0.014705882352941176 0.0718954248366013
0 0.43088235294117644 0.538562091503268 0.014705882352941176 0.065359477124183
2 0.4227941176470588 0.6183006535947712 0.032352941176470584 0.065359477124183
9 0.47573529411764703 0.5699346405228758 0.025 0.06013071895424836
2 0.4713235294117647 0.5947712418300654 0.020588235294117647 0.05751633986928104
2 0.3981617647058823 0.43006535947712415 0.0125 0.04967320261437908
9 0.38676470588235295 0.4241830065359477 0.014705882352941176 0.04836601307189542
9 0.37977941176470587 0.46470588235294114 0.015441176470588236 0.04836601307189542
0 0.3272058823529412 0.46732026143790845 0.014705882352941176 0.05620915032679738
9 0.36838235294117644 0.46470588235294114 0.014705882352941176 0.05620915032679738
1 0.3628676470588235 0.7039215686274509 0.025735294117647058 0.050980392156862744
9 0.2746323529411765 0.5790849673202614 0.03308823529411765 0.054901960784313725
9 0.18198529411764705 0.6862745098039216 0.03455882352941177 0.07320261437908496
3 0.17352941176470588 0.822875816993464 0.1426470588235294 0.14509803921568626
0 0.2867647058823529 0.4895424836601307 0.010294117647058823 0.03529411764705882
0 0.26580882352941176 0.5065359477124183 0.019852941176470587 0.06143790849673202
0 0.2761029411764706 0.503921568627451 0.013970588235294117 0.058823529411764705
0 0.2639705882352941 0.4915032679738562 0.011764705882352941 0.06274509803921569
0 0.27095588235294116 0.4771241830065359 0.0125 0.06274509803921569
0 0.24227941176470588 0.4026143790849673 0.015441176470588236 0.06013071895424836
0 0.2338235294117647 0.4052287581699346 0.013235294117647059 0.05751633986928104
0 0.11948529411764705 0.49803921568627446 0.019852941176470587 0.07058823529411765
0 0.16875 0.30849673202614375 0.0125 0.0522875816993464
0 0.1838235294117647 0.3300653594771242 0.013235294117647059 0.04836601307189542
0 0.11176470588235293 0.3071895424836601 0.011764705882352941 0.04967320261437908
3 0.1338235294117647 0.3986928104575163 0.06764705882352941 0.08366013071895424
9 0.14779411764705883 0.4686274509803921 0.032352941176470584 0.04836601307189542
9 0.15404411764705883 0.48496732026143785 0.03602941176470588 0.04967320261437908
9 0.16838235294117646 0.49803921568627446 0.032352941176470584 0.06274509803921569
9 0.05073529411764706 0.322875816993464 0.032352941176470584 0.03660130718954248
9 0.01875 0.28431372549019607 0.015441176470588236 0.03006535947712418
0 0.047058823529411764 0.26601307189542484 0.014705882352941176 0.05620915032679738
0 0.06838235294117646 0.2196078431372549 0.01764705882352941 0.04967320261437908
9 0.11433823529411764 0.22287581699346404 0.027205882352941177 0.03529411764705882
0 0.09375 0.23398692810457514 0.011029411764705881 0.04967320261437908
9 0.0400735294117647 0.1477124183006536 0.01838235294117647 0.02875816993464052
3 0.013970588235294117 0.17581699346405227 0.027941176470588233 0.04836601307189542
1 0.4588235294117647 0.18627450980392155 0.014705882352941176 0.04052287581699346
1 0.5154411764705882 0.19084967320261437 0.013235294117647059 0.04183006535947712
1 0.4338235294117647 0.18627450980392155 0.010294117647058823 0.04052287581699346
1 0.34411764705882353 0.18104575163398692 0.013235294117647059 0.027450980392156862
1 0.3238970588235294 0.17843137254901958 0.009558823529411765 0.03529411764705882
1 0.3044117647058823 0.1764705882352941 0.013235294117647059 0.03398692810457516
