9 0.3020833333333333 0.28055555555555556 0.035416666666666666 0.04259259259259259
0 0.04010416666666666 0.4287037037037037 0.017708333333333333 0.06851851851851852
0 0.21614583333333334 0.30648148148148147 0.019791666666666666 0.07962962962962963
0 0.2833333333333333 0.3648148148148148 0.010416666666666666 0.05925925925925926
0 0.18802083333333333 0.44074074074074077 0.019791666666666666 0.10370370370370371
0 0.09739583333333333 0.5657407407407408 0.02395833333333333 0.09814814814814815
0 0.23958333333333334 0.7185185185185186 0.029166666666666667 0.14074074074074075
0 0.28229166666666666 0.7046296296296296 0.03125 0.1462962962962963
0 0.3880208333333333 0.7185185185185186 0.028125 0.16296296296296298
0 0.4921875 0.5574074074074075 0.021875 0.11481481481481481
0 0.5697916666666667 0.6175925925925926 0.035416666666666666 0.12037037037037038
0 0.4661458333333333 0.5185185185185185 0.019791666666666666 0.11481481481481481
0 0.5177083333333333 0.5064814814814815 0.020833333333333332 0.11296296296296297
0 0.48072916666666665 0.44351851851851853 0.019791666666666666 0.08703703703703704
0 0.5020833333333333 0.4537037037037037 0.020833333333333332 0.0925925925925926
0 0.6307291666666667 0.4814814814814815 0.019791666666666666 0.11111111111111112
0 0.6661458333333333 0.44351851851851853 0.019791666666666666 0.09444444444444444
0 0.590625 0.2490740740740741 0.014583333333333334 0.06851851851851852
1 0.5651041666666666 0.3944444444444445 0.017708333333333333 0.04814814814814815
1 0.41302083333333334 0.39351851851851855 0.02395833333333333 0.07222222222222223
1 0.3984375 0.40092592592592596 0.02395833333333333 0.06851851851851852
1 0.24687499999999998 0.40370370370370373 0.0125 0.05555555555555556
1 0.23802083333333332 0.40555555555555556 0.017708333333333333 0.044444444444444446
1 0.22916666666666666 0.3990740740740741 0.014583333333333334 0.05740740740740741
1 0.2046875 0.4046296296296297 0.015625 0.05
1 0.19791666666666666 0.41481481481481486 0.016666666666666666 0.06666666666666667
0 0.21979166666666666 0.41574074074074074 0.014583333333333334 0.05
0 0.12343749999999999 0.5388888888888889 0.034375 0.07037037037037037
0 0.14635416666666667 0.7796296296296297 0.036458333333333336 0.10740740740740741
0 0.2598958333333333 0.8361111111111111 0.040625 0.11666666666666667
0 0.39479166666666665 0.9361111111111111 0.029166666666666667 0.12037037037037038
1 0.43385416666666665 0.9361111111111111 0.042708333333333334 0.11666666666666667
0 0.3296875 0.28055555555555556 0.015625 0.0462962962962963
1 0.02395833333333333 0.6648148148148149 0.03958333333333333 0.08888888888888889
1 0.24270833333333333 0.26944444444444443 0.020833333333333332 0.07592592592592592
0 0.47291666666666665 0.30833333333333335 0.01875 0.08333333333333334
9 0.5026041666666666 0.31666666666666665 0.030208333333333334 0.044444444444444446
