5 0.70625 0.8444444444444444 0.16875 0.17777777777777778
9 0.8598958333333333 0.9527777777777778 0.04895833333333333 0.09074074074074075
0 0.9307291666666666 0.7805555555555556 0.019791666666666666 0.07222222222222223
0 0.6578125 0.6916666666666667 0.021875 0.07222222222222223
6 0.7942708333333334 0.7351851851851852 0.084375 0.07037037037037037
6 0.8125 0.6796296296296297 0.0875 0.05925925925925926
1 0.5567708333333333 0.6981481481481482 0.015625 0.06666666666666667
2 0.559375 0.7166666666666667 0.0125 0.05925925925925926
1 0.5109375 0.7611111111111112 0.017708333333333333 0.05555555555555556
9 0.5098958333333333 0.7777777777777778 0.021875 0.08518518518518518
1 0.4453125 0.5768518518518518 0.011458333333333333 0.03518518518518519
1 0.4432291666666667 0.5611111111111111 0.007291666666666667 0.02962962962962963
1 0.45208333333333334 0.5675925925925926 0.008333333333333333 0.024074074074074074
6 0.4473958333333333 0.5888888888888889 0.021875 0.07037037037037037
0 0.353125 0.7564814814814815 0.0125 0.07962962962962963
7 0.3380208333333333 0.7203703703703704 0.04479166666666667 0.10370370370370371
1 0.3223958333333333 0.6990740740740741 0.015625 0.07962962962962963
6 0.3046875 0.9425925925925926 0.053125 0.11111111111111112
5 0.10989583333333333 0.8287037037037037 0.140625 0.13518518518518519
7 0.1796875 0.7398148148148148 0.08645833333333333 0.10185185185185186
7 0.24114583333333334 0.6870370370370371 0.06979166666666667 0.07037037037037037
0 0.23854166666666665 0.6287037037037038 0.014583333333333334 0.061111111111111116
0 0.30572916666666666 0.6277777777777778 0.013541666666666667 0.06666666666666667
0 0.31614583333333335 0.6129629629629629 0.009375 0.05555555555555556
1 0.3578125 0.5361111111111111 0.015625 0.04259259259259259
2 0.33958333333333335 0.5916666666666667 0.035416666666666666 0.04259259259259259
6 0.4109375 0.5777777777777778 0.02395833333333333 0.06666666666666667
1 0.40729166666666666 0.5694444444444444 0.0125 0.03518518518518519
5 0.31666666666666665 0.5277777777777778 0.041666666666666664 0.05555555555555556
1 0.44479166666666664 0.4462962962962963 0.010416666666666666 0.037037037037037035
2 0.4453125 0.45833333333333337 0.009375 0.03518518518518519
6 0.5109375 0.4898148148148148 0.028125 0.061111111111111116
7 0.5036458333333333 0.4398148148148148 0.026041666666666668 0.0462962962962963
9 0.5541666666666667 0.5027777777777778 0.016666666666666666 0.0462962962962963
0 0.5447916666666667 0.47314814814814815 0.008333333333333333 0.04259259259259259
0 0.5572916666666666 0.4638888888888889 0.008333333333333333 0.02777777777777778
1 0.6744791666666666 0.5796296296296296 0.017708333333333333 0.03333333333333333
1 0.6911458333333333 0.5814814814814815 0.007291666666666667 0.03333333333333333
6 0.2734375 0.45555555555555555 0.03854166666666667 0.040740740740740744
9 0.3229166666666667 0.39166666666666666 0.014583333333333334 0.02777777777777778
9 0.07083333333333333 0.6675925925925926 0.022916666666666665 0.03888888888888889
9 0.11770833333333333 0.6027777777777777 0.04583333333333333 0.0462962962962963
9 0.16927083333333334 0.6037037037037037 0.04479166666666667 0.05925925925925926
9 0.1046875 0.7314814814814815 0.03854166666666667 0.040740740740740744
9 0.028645833333333332 0.7046296296296296 0.042708333333333334 0.03888888888888889
9 0.4791666666666667 0.3666666666666667 0.008333333333333333 0.02592592592592593
9 0.5098958333333333 0.35370370370370374 0.009375 0.02592592592592593
9 0.46249999999999997 0.3388888888888889 0.00625 0.018518518518518517
3 0.5510416666666667 0.3703703703703704 0.020833333333333332 0.037037037037037035
5 0.559375 0.34074074074074073 0.027083333333333334 0.037037037037037035
6 0.4421875 0.40740740740740744 0.015625 0.03333333333333333
0 0.5229166666666667 0.3666666666666667 0.008333333333333333 0.03333333333333333
1 0.5098958333333333 0.34351851851851856 0.005208333333333333 0.020370370370370372
1 0.48020833333333335 0.35370370370370374 0.004166666666666667 0.02592592592592593
1 0.4609375 0.33055555555555555 0.005208333333333333 0.016666666666666666
1 0.42916666666666664 0.42129629629629634 0.008333333333333333 0.03888888888888889
1 0.41041666666666665 0.4175925925925926 0.00625 0.02777777777777778
3 0.4270833333333333 0.2925925925925926 0.029166666666666667 0.018518518518518517
4 0.4395833333333333 0.26944444444444443 0.027083333333333334 0.020370370370370372
3 0.45260416666666664 0.2657407407407408 0.030208333333333334 0.024074074074074074
3 0.4359375 0.32685185185185184 0.034375 0.024074074074074074
9 0.28072916666666664 0.4046296296296297 0.017708333333333333 0.0462962962962963
