0 0.5783088235294117 0.9849673202614379 0.008088235294117646 0.027450980392156862
1 0.5761029411764705 0.9758169934640523 0.006617647058823529 0.03006535947712418
0 0.5816176470588236 0.9784313725490196 0.008823529411764706 0.04052287581699346
3 0.44448529411764703 0.9516339869281045 0.05220588235294118 0.09411764705882353
3 0.45 0.6437908496732025 0.029411764705882353 0.06928104575163398
0 0.8735294117647059 0.9790849673202614 0.014705882352941176 0.0392156862745098
3 0.8753676470588235 0.8869281045751634 0.07573529411764705 0.09542483660130718
3 0.9665441176470588 0.7215686274509804 0.06544117647058824 0.06013071895424836
5 0.7941176470588235 0.7849673202614379 0.12352941176470589 0.1241830065359477
3 0.6625 0.7509803921568627 0.047058823529411764 0.06928104575163398
1 0.8455882352941176 0.7281045751633987 0.014705882352941176 0.0392156862745098
6 0.8529411764705882 0.7398692810457516 0.052941176470588235 0.04444444444444444
3 0.9827205882352941 0.5777777777777777 0.03308823529411765 0.06274509803921569
3 0.9863970588235293 0.6509803921568627 0.025735294117647058 0.047058823529411764
3 0.9705882352941176 0.6620915032679738 0.057352941176470586 0.06143790849673202
3 0.9275735294117647 0.6470588235294117 0.05220588235294118 0.054901960784313725
3 0.9463235294117647 0.5673202614379085 0.03529411764705882 0.04967320261437908
3 0.9077205882352941 0.55359477124183 0.03602941176470588 0.043137254901960784
3 0.8764705882352941 0.5424836601307189 0.032352941176470584 0.04183006535947712
3 0.8415441176470588 0.5313725490196078 0.03897058823529412 0.043137254901960784
0 0.8933823529411764 0.6098039215686274 0.007352941176470588 0.04052287581699346
0 0.8647058823529412 0.5888888888888888 0.011764705882352941 0.04052287581699346
0 0.8724264705882353 0.515032679738562 0.005147058823529412 0.03660130718954248
0 0.8477941176470588 0.5117647058823529 0.0058823529411764705 0.03790849673202614
0 0.8338235294117647 0.5124183006535947 0.007352941176470588 0.03398692810457516
1 0.8308823529411764 0.5098039215686274 0.010294117647058823 0.02091503267973856
1 0.7194852941176471 0.6464052287581699 0.0125 0.03006535947712418
9 0.7183823529411765 0.6549019607843137 0.014705882352941176 0.03398692810457516
3 0.6220588235294118 0.5431372549019607 0.027941176470588233 0.03790849673202614
0 0.012867647058823529 0.968627450980392 0.013970588235294117 0.06013071895424836
1 0.09669117647058824 0.9660130718954247 0.01838235294117647 0.054901960784313725
1 0.10514705882352941 0.9562091503267973 0.029411764705882353 0.043137254901960784
2 0.04889705882352941 0.8333333333333333 0.03308823529411765 0.03529411764705882
9 0.07977941176470588 0.8261437908496732 0.03455882352941177 0.04183006535947712
3 0.07904411764705882 0.8013071895424836 0.0801470588235294 0.07058823529411765
3 0.09375 0.7745098039215685 0.0713235294117647 0.06143790849673202
3 0.10845588235294118 0.7464052287581698 0.0625 0.06013071895424836
3 0.11801470588235294 0.7241830065359477 0.05808823529411765 0.054901960784313725
7 0.14852941176470588 0.7732026143790849 0.03529411764705882 0.07973856209150326
7 0.1610294117647059 0.7385620915032679 0.032352941176470584 0.06797385620915032
7 0.18161764705882352 0.6954248366013072 0.033823529411764704 0.06797385620915032
7 0.1963235294117647 0.657516339869281 0.032352941176470584 0.054901960784313725
6 0.1275735294117647 0.6980392156862745 0.0625 0.0522875816993464
5 0.1400735294117647 0.6738562091503267 0.06397058823529411 0.05359477124183006
5 0.15110294117647058 0.6555555555555556 0.05955882352941176 0.05620915032679738
5 0.16544117647058823 0.6326797385620915 0.061764705882352944 0.05751633986928104
3 0.2525735294117647 0.6235294117647059 0.06838235294117646 0.047058823529411764
3 0.26580882352941176 0.580392156862745 0.0625 0.04444444444444444
0 0.2172794117647059 0.5490196078431372 0.005147058823529412 0.04183006535947712
1 0.23566176470588235 0.549673202614379 0.008088235294117646 0.03790849673202614
3 0.29816176470588235 0.5098039215686274 0.04926470588235294 0.04183006535947712
3 0.40661764705882353 0.4895424836601307 0.022058823529411763 0.04052287581699346
3 0.43970588235294117 0.5013071895424837 0.022058823529411763 0.04052287581699346
3 0.47941176470588237 0.534640522875817 0.025 0.04967320261437908
3 0.33051470588235293 0.45359477124183 0.04338235294117647 0.02875816993464052
3 0.31691176470588234 0.42745098039215684 0.041176470588235294 0.02875816993464052
2 0.34154411764705883 0.41241830065359475 0.015441176470588236 0.01699346405228758
2 0.26948529411764705 0.42287581699346405 0.009558823529411765 0.011764705882352941
9 0.2775735294117647 0.4359477124183006 0.005147058823529412 0.0196078431372549
9 0.2841911764705882 0.41960784313725485 0.0125 0.0130718954248366
0 0.3220588235294118 0.3176470588235294 0.0029411764705882353 0.0130718954248366
9 0.31948529411764703 0.39673202614379083 0.0125 0.011764705882352941
3 0.47205882352941175 0.44509803921568625 0.01911764705882353 0.03529411764705882
3 0.4547794117647059 0.41699346405228754 0.019852941176470587 0.02875816993464052
3 0.8448529411764706 0.6810457516339868 0.07794117647058824 0.0522875816993464
3 0.8246323529411764 0.649673202614379 0.06985294117647059 0.0522875816993464
3 0.8110294117647059 0.6287581699346405 0.06764705882352941 0.04183006535947712
3 0.7981617647058823 0.6104575163398692 0.06691176470588235 0.04183006535947712
3 0.7838235294117647 0.5875816993464051 0.058823529411764705 0.04052287581699346
3 0.7639705882352941 0.5666666666666667 0.054411764705882354 0.04836601307189542
3 0.7426470588235294 0.5516339869281045 0.052941176470588235 0.0392156862745098
3 0.7275735294117647 0.5366013071895425 0.05367647058823529 0.03790849673202614
3 0.7169117647058824 0.5130718954248366 0.057352941176470586 0.04052287581699346
3 0.6191176470588236 0.4490196078431372 0.01911764705882353 0.0326797385620915
3 0.7125 0.49803921568627446 0.05 0.03137254901960784
4 0.7088235294117647 0.4816993464052287 0.04264705882352941 0.0326797385620915
1 0.7150735294117647 0.47058823529411764 0.006617647058823529 0.0261437908496732
3 0.6941176470588235 0.46993464052287576 0.052941176470588235 0.043137254901960784
1 0.7639705882352941 0.44313725490196076 0.004411764705882353 0.0130718954248366
1 0.7602941176470588 0.4411764705882353 0.0058823529411764705 0.01437908496732026
3 0.6845588235294118 0.46470588235294114 0.044117647058823525 0.027450980392156862
3 0.6738970588235293 0.45555555555555555 0.03897058823529412 0.02222222222222222
3 0.6735294117647058 0.44705882352941173 0.03529411764705882 0.0261437908496732
2 0.7158088235294118 0.4006535947712418 0.005147058823529412 0.01437908496732026
3 0.7022058823529411 0.39934640522875814 0.022058823529411763 0.02222222222222222
2 0.6209558823529412 0.4111111111111111 0.005147058823529412 0.01437908496732026
1 0.6 0.43006535947712415 0.008823529411764706 0.0261437908496732
9 0.600735294117647 0.43464052287581695 0.007352941176470588 0.0196078431372549
0 0.6746323529411765 0.4261437908496732 0.005147058823529412 0.0261437908496732
4 0.6647058823529411 0.41699346405228754 0.03529411764705882 0.02875816993464052
3 0.6466911764705883 0.4111111111111111 0.03455882352941177 0.02483660130718954
3 0.6441176470588236 0.4006535947712418 0.03529411764705882 0.02222222222222222
3 0.6397058823529411 0.39281045751633986 0.03529411764705882 0.02222222222222222
3 0.6676470588235294 0.32352941176470584 0.030882352941176472 0.0196078431372549
3 0.6397058823529411 0.34444444444444444 0.029411764705882353 0.0196078431372549
3 0.6066176470588235 0.36405228758169933 0.032352941176470584 0.0196078431372549
3 0.6047794117647058 0.36013071895424836 0.030147058823529412 0.02222222222222222
1 0.56875 0.361437908496732 0.005147058823529412 0.01437908496732026
9 0.56875 0.36470588235294116 0.005147058823529412 0.0130718954248366
4 0.5772058823529411 0.35359477124183003 0.025 0.02222222222222222
3 0.5849264705882353 0.3509803921568627 0.022794117647058822 0.0196078431372549
3 0.6077205882352941 0.33856209150326794 0.015441176470588236 0.02091503267973856
3 0.625 0.33921568627450976 0.01764705882352941 0.02222222222222222
4 0.6183823529411765 0.3326797385620915 0.022058823529411763 0.0196078431372549
9 0.6294117647058823 0.3222222222222222 0.008823529411764706 0.011764705882352941
0 0.6213235294117647 0.31176470588235294 0.004411764705882353 0.01437908496732026
0 0.6139705882352942 0.30588235294117644 0.0029411764705882353 0.01568627450980392
0 0.6003676470588235 0.3078431372549019 0.003676470588235294 0.01437908496732026
9 0.6033088235294117 0.28888888888888886 0.008088235294117646 0.00784313725490196
3 0.5783088235294117 0.3222222222222222 0.016911764705882352 0.01699346405228758
0 0.575735294117647 0.2856209150326797 0.0029411764705882353 0.01437908496732026
3 0.5742647058823529 0.28104575163398693 0.01911764705882353 0.0130718954248366
3 0.5566176470588236 0.2718954248366013 0.01764705882352941 0.0130718954248366
3 0.4411764705882353 0.36732026143790847 0.014705882352941176 0.023529411764705882
3 0.3816176470588235 0.35686274509803917 0.014705882352941176 0.0261437908496732
3 0.43713235294117647 0.29934640522875816 0.009558823529411765 0.01568627450980392
3 0.4753676470588235 0.28888888888888886 0.009558823529411765 0.0130718954248366
3 0.49411764705882355 0.29346405228758166 0.010294117647058823 0.01437908496732026
0 0.39448529411764705 0.3418300653594771 0.005147058823529412 0.0196078431372549
0 0.39742647058823527 0.3254901960784313 0.005147058823529412 0.01830065359477124
0 0.3926470588235294 0.3300653594771242 0.004411764705882353 0.0196078431372549
3 0.38566176470588237 0.33202614379084966 0.0125 0.02091503267973856
3 0.3871323529411765 0.3254901960784313 0.009558823529411765 0.01830065359477124
3 0.3827205882352941 0.31895424836601305 0.022794117647058822 0.01830065359477124
3 0.38786764705882354 0.3091503267973856 0.022794117647058822 0.0196078431372549
3 0.3988970588235294 0.3052287581699346 0.0125 0.01699346405228758
3 0.3849264705882353 0.2875816993464052 0.019852941176470587 0.0130718954248366
5 0.4007352941176471 0.2764705882352941 0.014705882352941176 0.02222222222222222
3 0.3827205882352941 0.24640522875816992 0.015441176470588236 0.011764705882352941
3 0.43676470588235294 0.27581699346405225 0.008823529411764706 0.01568627450980392
3 0.4363970588235294 0.26013071895424833 0.008088235294117646 0.0130718954248366
3 0.4323529411764706 0.24444444444444444 0.007352941176470588 0.0130718954248366
1 0.4154411764705882 0.2751633986928104 0.0029411764705882353 0.0065359477124183
9 0.4154411764705882 0.27777777777777773 0.0029411764705882353 0.00915032679738562
0 0.4158088235294118 0.25098039215686274 0.0022058823529411764 0.0130718954248366
3 0.4088235294117647 0.2457516339869281 0.007352941176470588 0.0130718954248366
4 0.42977941176470585 0.2222222222222222 0.005147058823529412 0.01045751633986928
3 0.4261029411764706 0.23464052287581696 0.006617647058823529 0.011764705882352941
4 0.40036764705882355 0.24901960784313723 0.0125 0.011764705882352941
3 0.39191176470588235 0.23986928104575161 0.016176470588235292 0.00915032679738562
3 0.3871323529411765 0.23790849673202613 0.015441176470588236 0.00784313725490196
3 0.3963235294117647 0.18888888888888888 0.004411764705882353 0.0065359477124183
0 0.4139705882352941 0.22941176470588234 0.0014705882352941176 0.00915032679738562
6 0.45 0.2529411764705882 0.004411764705882353 0.00915032679738562
0 0.41801470588235295 0.21895424836601304 0.0022058823529411764 0.00915032679738562
1 0.41948529411764707 0.22091503267973855 0.0022058823529411764 0.00522875816993464
9 0.4202205882352941 0.22352941176470587 0.0022058823529411764 0.00784313725490196
3 0.4158088235294118 0.2130718954248366 0.005147058823529412 0.00784313725490196
3 0.41948529411764707 0.1980392156862745 0.005147058823529412 0.0065359477124183
3 0.4209558823529412 0.2006535947712418 0.005147058823529412 0.0065359477124183
0 0.42316176470588235 0.2065359477124183 0.0022058823529411764 0.00784313725490196
4 0.43419117647058825 0.1954248366013072 0.009558823529411765 0.0065359477124183
3 0.42977941176470585 0.19019607843137254 0.005147058823529412 0.0065359477124183
3 0.4591911764705882 0.1803921568627451 0.003676470588235294 0.00522875816993464
3 0.4522058823529412 0.19934640522875816 0.004411764705882353 0.0065359477124183
0 0.4636029411764706 0.2006535947712418 0.0022058823529411764 0.0065359477124183
3 0.4716911764705882 0.21045751633986925 0.005147058823529412 0.00784313725490196
3 0.4591911764705882 0.22352941176470587 0.005147058823529412 0.00784313725490196
3 0.4636029411764706 0.23660130718954248 0.006617647058823529 0.01045751633986928
3 0.46654411764705883 0.24967320261437906 0.006617647058823529 0.0130718954248366
3 0.47095588235294117 0.27058823529411763 0.008088235294117646 0.0130718954248366
3 0.5051470588235294 0.3281045751633987 0.011764705882352941 0.01830065359477124
1 0.55 0.3352941176470588 0.004411764705882353 0.01699346405228758
1 0.5577205882352941 0.33660130718954245 0.003676470588235294 0.01699346405228758
1 0.555514705882353 0.33921568627450976 0.0022058823529411764 0.011764705882352941
9 0.5503676470588236 0.3398692810457516 0.006617647058823529 0.0130718954248366
9 0.5573529411764706 0.3398692810457516 0.007352941176470588 0.01045751633986928
3 0.5459558823529411 0.32156862745098036 0.0125 0.01830065359477124
3 0.5419117647058823 0.31241830065359477 0.011764705882352941 0.01568627450980392
3 0.5378676470588235 0.3006535947712418 0.006617647058823529 0.0130718954248366
4 0.5305147058823529 0.2915032679738562 0.009558823529411765 0.01568627450980392
4 0.5275735294117647 0.28366013071895424 0.009558823529411765 0.01568627450980392
3 0.5386029411764706 0.26862745098039215 0.011029411764705881 0.011764705882352941
3 0.5341911764705882 0.26405228758169935 0.016911764705882352 0.0130718954248366
3 0.5327205882352941 0.2529411764705882 0.013970588235294117 0.00915032679738562
5 0.5356617647058823 0.25163398692810457 0.0125 0.0196078431372549
2 0.5106617647058823 0.27124183006535946 0.0022058823529411764 0.00915032679738562
1 0.5106617647058823 0.2699346405228758 0.0022058823529411764 0.011764705882352941
3 0.5290441176470588 0.24901960784313723 0.013970588235294117 0.00915032679738562
3 0.5272058823529412 0.24640522875816992 0.014705882352941176 0.00915032679738562
9 0.4919117647058823 0.25620915032679736 0.0029411764705882353 0.00784313725490196
1 0.4915441176470588 0.25555555555555554 0.0022058823529411764 0.011764705882352941
4 0.5202205882352942 0.2045751633986928 0.011029411764705881 0.00915032679738562
3 0.5268382352941177 0.22091503267973855 0.005147058823529412 0.00784313725490196
0 0.5227941176470589 0.21895424836601304 0.0014705882352941176 0.00915032679738562
1 0.4834558823529412 0.22091503267973855 0.0022058823529411764 0.00522875816993464
9 0.4834558823529412 0.22287581699346404 0.0022058823529411764 0.0065359477124183
1 0.4863970588235294 0.2281045751633987 0.0022058823529411764 0.0065359477124183
1 0.4889705882352941 0.23137254901960783 0.0014705882352941176 0.00522875816993464
9 0.4863970588235294 0.22941176470588234 0.0022058823529411764 0.0065359477124183
9 0.4889705882352941 0.23202614379084965 0.0029411764705882353 0.0065359477124183
9 0.4915441176470588 0.22875816993464052 0.0022058823529411764 0.00522875816993464
3 0.5084558823529411 0.2529411764705882 0.008088235294117646 0.011764705882352941
3 0.5025735294117647 0.25098039215686274 0.008088235294117646 0.00784313725490196
4 0.4974264705882353 0.24509803921568626 0.005147058823529412 0.00915032679738562
3 0.4948529411764706 0.23594771241830065 0.007352941176470588 0.00915032679738562
