3 0.7529411764705882 0.7588235294117647 0.07205882352941176 0.1241830065359477
3 0.8316176470588236 0.9594771241830065 0.09117647058823529 0.0784313725490196
3 0.9106617647058823 0.8738562091503267 0.11985294117647059 0.1764705882352941
3 0.4150735294117647 0.6751633986928104 0.05073529411764706 0.1111111111111111
3 0.6683823529411764 0.5450980392156862 0.09558823529411764 0.06274509803921569
3 0.6731617647058823 0.4986928104575163 0.08897058823529412 0.06666666666666667
3 0.6639705882352941 0.45816993464052286 0.07205882352941176 0.04836601307189542
0 0.7393382352941177 0.44052287581699345 0.009558823529411765 0.04967320261437908
9 0.9415441176470588 0.6450980392156862 0.04044117647058824 0.0457516339869281
9 0.9852941176470588 0.6287581699346405 0.027941176470588233 0.03660130718954248
9 0.91875 0.6261437908496732 0.0375 0.0392156862745098
1 0.9198529411764705 0.6104575163398692 0.01911764705882353 0.0522875816993464
2 0.8735294117647059 0.5934640522875817 0.03529411764705882 0.047058823529411764
9 0.9386029411764706 0.5522875816993463 0.03161764705882353 0.043137254901960784
9 0.8937499999999999 0.5437908496732026 0.03602941176470588 0.047058823529411764
9 0.8595588235294117 0.5437908496732026 0.03529411764705882 0.047058823529411764
9 0.8404411764705882 0.5215686274509803 0.027941176470588233 0.047058823529411764
9 0.8235294117647058 0.5045751633986928 0.027941176470588233 0.03137254901960784
1 0.8172794117647059 0.4986928104575163 0.009558823529411765 0.04052287581699346
2 0.8742647058823529 0.5202614379084967 0.030882352941176472 0.03660130718954248
2 0.8863970588235294 0.5124183006535947 0.03161764705882353 0.03398692810457516
9 0.8948529411764706 0.4875816993464052 0.026470588235294117 0.03660130718954248
0 0.8764705882352941 0.4869281045751634 0.014705882352941176 0.050980392156862744
0 0.8404411764705882 0.46470588235294114 0.010294117647058823 0.04836601307189542
9 0.8430147058823529 0.4666666666666666 0.027205882352941177 0.0392156862745098
0 0.8463235294117647 0.45751633986928103 0.010294117647058823 0.047058823529411764
0 0.9926470588235294 0.4947712418300653 0.013235294117647059 0.050980392156862744
0 0.9249999999999999 0.45228758169934635 0.014705882352941176 0.047058823529411764
0 0.9529411764705882 0.45228758169934635 0.010294117647058823 0.047058823529411764
0 0.9286764705882353 0.4437908496732026 0.010294117647058823 0.04052287581699346
6 0.9419117647058823 0.4549019607843137 0.04264705882352941 0.04183006535947712
0 0.9786764705882353 0.4745098039215686 0.014705882352941176 0.047058823529411764
4 0.7992647058823529 0.41045751633986927 0.11029411764705882 0.09934640522875816
9 0.8761029411764706 0.42156862745098034 0.030147058823529412 0.0326797385620915
6 0.8838235294117647 0.40784313725490196 0.023529411764705882 0.02875816993464052
9 0.8966911764705883 0.3980392156862745 0.02426470588235294 0.03529411764705882
9 0.9400735294117647 0.4071895424836601 0.022794117647058822 0.0326797385620915
0 0.9025735294117647 0.3549019607843137 0.009558823529411765 0.03529411764705882
0 0.8963235294117647 0.3529411764705882 0.008823529411764706 0.03660130718954248
0 0.9033088235294118 0.34705882352941175 0.009558823529411765 0.027450980392156862
9 0.9606617647058824 0.43202614379084964 0.021323529411764706 0.027450980392156862
9 0.9647058823529412 0.4287581699346405 0.020588235294117647 0.03398692810457516
9 0.9735294117647059 0.4241830065359477 0.022058823529411763 0.03006535947712418
9 0.9863970588235293 0.41960784313725485 0.02426470588235294 0.02875816993464052
9 0.9897058823529412 0.41045751633986927 0.01911764705882353 0.02875816993464052
1 0.9919117647058824 0.4026143790849673 0.011764705882352941 0.03398692810457516
1 0.9713235294117647 0.38627450980392153 0.010294117647058823 0.0326797385620915
3 0.9584558823529412 0.3398692810457516 0.05808823529411765 0.0392156862745098
3 0.8764705882352941 0.33464052287581697 0.054411764705882354 0.04444444444444444
4 0.8128676470588235 0.3457516339869281 0.05220588235294118 0.050980392156862744
7 0.7573529411764706 0.37973856209150325 0.039705882352941174 0.043137254901960784
3 0.7533088235294118 0.361437908496732 0.04485294117647059 0.04052287581699346
0 0.6595588235294118 0.41045751633986927 0.010294117647058823 0.04444444444444444
0 0.6709558823529411 0.330718954248366 0.008088235294117646 0.03398692810457516
2 0.64375 0.31895424836601305 0.019852941176470587 0.023529411764705882
1 0.6441176470588236 0.3098039215686274 0.007352941176470588 0.02875816993464052
4 0.8742647058823529 0.26405228758169935 0.03676470588235294 0.03137254901960784
5 0.825735294117647 0.25098039215686274 0.060294117647058824 0.04183006535947712
3 0.7408088235294118 0.21503267973856208 0.04044117647058824 0.03006535947712418
3 0.7150735294117647 0.26405228758169935 0.04485294117647059 0.02875816993464052
3 0.6595588235294118 0.25359477124183005 0.04264705882352941 0.0261437908496732
3 0.6691176470588235 0.2156862745098039 0.032352941176470584 0.02875816993464052
3 0.6617647058823529 0.18823529411764706 0.01911764705882353 0.023529411764705882
0 0.5955882352941176 0.20130718954248364 0.0029411764705882353 0.0261437908496732
0 0.586764705882353 0.20130718954248364 0.0058823529411764705 0.02091503267973856
3 0.5981617647058823 0.1980392156862745 0.02426470588235294 0.02483660130718954
1 0.6227941176470588 0.18104575163398692 0.0058823529411764705 0.01437908496732026
0 0.5654411764705882 0.2091503267973856 0.004411764705882353 0.02091503267973856
0 0.5606617647058824 0.2091503267973856 0.005147058823529412 0.0261437908496732
9 0.5801470588235293 0.1803921568627451 0.013235294117647059 0.01568627450980392
0 0.5386029411764706 0.17712418300653593 0.005147058823529412 0.02222222222222222
3 0.5481617647058823 0.1790849673202614 0.013970588235294117 0.02091503267973856
3 0.5455882352941176 0.16732026143790849 0.014705882352941176 0.01830065359477124
3 0.538235294117647 0.15359477124183005 0.014705882352941176 0.02222222222222222
3 0.5540441176470589 0.2764705882352941 0.04779411764705882 0.03006535947712418
3 0.5452205882352941 0.25816993464052285 0.04779411764705882 0.027450980392156862
6 0.525 0.24771241830065358 0.03676470588235294 0.027450980392156862
1 0.518014705882353 0.24313725490196078 0.008088235294117646 0.0261437908496732
3 0.5143382352941176 0.36209150326797385 0.03455882352941177 0.04967320261437908
3 0.5625 0.45555555555555555 0.04264705882352941 0.058823529411764705
3 0.4264705882352941 0.5091503267973856 0.03529411764705882 0.06405228758169934
3 0.42977941176470585 0.4261437908496732 0.030147058823529412 0.054901960784313725
4 0.3926470588235294 0.35359477124183003 0.04264705882352941 0.07450980392156863
3 0.47610294117647056 0.3111111111111111 0.04485294117647059 0.04183006535947712
9 0.4301470588235294 0.29869281045751633 0.01911764705882353 0.02222222222222222
9 0.37316176470588236 0.29281045751633983 0.019852941176470587 0.0261437908496732
1 0.4253676470588235 0.2947712418300653 0.008088235294117646 0.02222222222222222
1 0.4290441176470588 0.2901960784313725 0.008088235294117646 0.0261437908496732
1 0.37316176470588236 0.2869281045751634 0.008088235294117646 0.03006535947712418
2 0.3113970588235294 0.33660130718954245 0.019852941176470587 0.027450980392156862
1 0.3113970588235294 0.330718954248366 0.009558823529411765 0.03398692810457516
0 0.38345588235294115 0.2045751633986928 0.008088235294117646 0.02483660130718954
5 0.38529411764705884 0.24052287581699344 0.041176470588235294 0.03398692810457516
3 0.31580882352941175 0.2588235294117647 0.04779411764705882 0.03398692810457516
3 0.3088235294117647 0.2437908496732026 0.04264705882352941 0.027450980392156862
3 0.1161764705882353 0.4529411764705882 0.039705882352941174 0.06666666666666667
3 0.11911764705882352 0.4052287581699346 0.033823529411764704 0.05751633986928104
0 0.14779411764705883 0.3522875816993464 0.010294117647058823 0.043137254901960784
0 0.14191176470588235 0.35163398692810455 0.007352941176470588 0.04183006535947712
0 0.14154411764705882 0.3300653594771242 0.011029411764705881 0.03529411764705882
0 0.12205882352941176 0.33660130718954245 0.010294117647058823 0.04052287581699346
0 0.07904411764705882 0.4869281045751634 0.013970588235294117 0.05359477124183006
9 0.06544117647058824 0.49281045751633984 0.01764705882352941 0.04967320261437908
9 0.010294117647058823 0.5993464052287582 0.016176470588235292 0.06143790849673202
0 0.028676470588235293 0.4967320261437908 0.01764705882352941 0.05751633986928104
0 0.033823529411764704 0.47973856209150323 0.01764705882352941 0.04967320261437908
0 0.04926470588235294 0.4464052287581699 0.013235294117647059 0.04836601307189542
0 0.03713235294117647 0.4392156862745098 0.0125 0.0522875816993464
0 0.01838235294117647 0.3875816993464052 0.010294117647058823 0.0457516339869281
3 0.19705882352941176 0.3281045751633987 0.047058823529411764 0.047058823529411764
3 0.18198529411764705 0.26405228758169935 0.05514705882352941 0.03398692810457516
3 0.0713235294117647 0.29281045751633983 0.060294117647058824 0.047058823529411764
3 0.07169117647058823 0.26013071895424833 0.05367647058823529 0.03660130718954248
0 0.08272058823529412 0.2091503267973856 0.008088235294117646 0.02875816993464052
3 0.07794117647058824 0.19934640522875816 0.044117647058823525 0.027450980392156862
3 0.03529411764705882 0.19999999999999998 0.020588235294117647 0.0261437908496732
9 0.005514705882352941 0.23202614379084965 0.011029411764705881 0.0196078431372549
1 0.002573529411764706 0.22941176470588234 0.005147058823529412 0.02483660130718954
0 0.2761029411764706 0.2176470588235294 0.005147058823529412 0.027450980392156862
6 0.23051470588235293 0.23594771241830065 0.027205882352941177 0.02483660130718954
1 0.22536764705882353 0.23137254901960783 0.005147058823529412 0.02091503267973856
9 0.15220588235294116 0.19019607843137254 0.014705882352941176 0.01699346405228758
9 0.17095588235294118 0.19019607843137254 0.0125 0.01699346405228758
0 0.1974264705882353 0.1915032679738562 0.005147058823529412 0.02222222222222222
0 0.2025735294117647 0.18823529411764706 0.005147058823529412 0.0261437908496732
1 0.1838235294117647 0.18627450980392155 0.0058823529411764705 0.01437908496732026
1 0.17830882352941177 0.1849673202614379 0.005147058823529412 0.01437908496732026
9 0.21948529411764706 0.18235294117647058 0.0125 0.0196078431372549
9 0.23823529411764705 0.18104575163398692 0.010294117647058823 0.01437908496732026
9 0.25 0.16601307189542483 0.010294117647058823 0.0130718954248366
0 0.26176470588235295 0.1738562091503268 0.004411764705882353 0.023529411764705882
3 0.32279411764705884 0.17843137254901958 0.01911764705882353 0.02222222222222222
3 0.29926470588235293 0.17450980392156862 0.016176470588235292 0.02222222222222222
3 0.3095588235294118 0.161437908496732 0.014705882352941176 0.0196078431372549
3 0.3952205882352941 0.1895424836601307 0.015441176470588236 0.0261437908496732
3 0.3966911764705882 0.16339869281045752 0.013970588235294117 0.02091503267973856
9 0.3838235294117647 0.1699346405228758 0.007352941176470588 0.01568627450980392
1 0.3845588235294118 0.16405228758169935 0.004411764705882353 0.01699346405228758
3 0.34852941176470587 0.14052287581699346 0.014705882352941176 0.02222222222222222
4 0.31470588235294117 0.15359477124183005 0.014705882352941176 0.02222222222222222
3 0.3246323529411765 0.14248366013071895 0.0125 0.02091503267973856
3 0.3316176470588235 0.13660130718954247 0.014705882352941176 0.0196078431372549
3 0.33125 0.1196078431372549 0.02426470588235294 0.01437908496732026
3 0.3264705882352941 0.11045751633986928 0.025 0.01437908496732026
3 0.3525735294117647 0.10522875816993463 0.011029411764705881 0.01437908496732026
3 0.4158088235294118 0.1065359477124183 0.009558823529411765 0.01437908496732026
3 0.4176470588235294 0.10065359477124182 0.008823529411764706 0.0130718954248366
3 0.46213235294117644 0.09346405228758169 0.009558823529411765 0.01437908496732026
3 0.4636029411764706 0.14967320261437908 0.0125 0.0196078431372549
6 0.4904411764705882 0.13986928104575164 0.008823529411764706 0.01830065359477124
5 0.5194852941176471 0.0915032679738562 0.015441176470588236 0.04183006535947712
3 0.42205882352941176 0.09019607843137255 0.011764705882352941 0.0130718954248366
3 0.4238970588235294 0.08627450980392157 0.008088235294117646 0.01045751633986928
9 0.4485294117647059 0.09411764705882353 0.0029411764705882353 0.01045751633986928
1 0.44926470588235295 0.09019607843137255 0.0029411764705882353 0.01045751633986928
3 0.46286764705882355 0.06274509803921569 0.006617647058823529 0.00784313725490196
0 0.4279411764705882 0.0673202614379085 0.0029411764705882353 0.00915032679738562
0 0.4547794117647059 0.04248366013071895 0.005147058823529412 0.00915032679738562
3 0.4647058823529412 0.043137254901960784 0.004411764705882353 0.00784313725490196
3 0.46286764705882355 0.04771241830065359 0.005147058823529412 0.0065359477124183
6 0.4713235294117647 0.05032679738562091 0.0029411764705882353 0.00915032679738562
