3 0.4698529411764706 0.37973856209150325 0.09852941176470588 0.06143790849673202
3 0.8323529411764706 0.38627450980392153 0.09852941176470588 0.05620915032679738
3 0.7650735294117647 0.2751633986928104 0.03897058823529412 0.04052287581699346
3 0.6294117647058823 0.2594771241830065 0.032352941176470584 0.0457516339869281
3 0.5316176470588235 0.2620915032679738 0.025 0.043137254901960784
3 0.5283088235294118 0.23856209150326796 0.02426470588235294 0.0457516339869281
0 0.7709558823529412 0.49084967320261436 0.016911764705882352 0.06928104575163398
0 0.3779411764705882 0.1980392156862745 0.008823529411764706 0.03529411764705882
0 0.8860294117647058 0.23529411764705882 0.007352941176470588 0.03660130718954248
2 0.3694852941176471 0.28366013071895424 0.009558823529411765 0.04183006535947712
1 0.36875 0.2745098039215686 0.009558823529411765 0.03660130718954248
1 0.3503676470588235 0.23398692810457514 0.009558823529411765 0.03398692810457516
1 0.4334558823529412 0.3071895424836601 0.0125 0.04183006535947712
1 0.46544117647058825 0.2901960784313725 0.011764705882352941 0.047058823529411764
1 0.48419117647058824 0.29281045751633983 0.0125 0.04183006535947712
1 0.4926470588235294 0.22352941176470587 0.008823529411764706 0.02875816993464052
1 0.47463235294117645 0.15751633986928104 0.005147058823529412 0.0196078431372549
0 0.40845588235294117 0.12679738562091503 0.005147058823529412 0.02091503267973856
0 0.41360294117647056 0.12810457516339868 0.005147058823529412 0.02091503267973856
9 0.34963235294117645 0.24117647058823527 0.009558823529411765 0.027450980392156862
9 0.46691176470588236 0.3006535947712418 0.010294117647058823 0.03660130718954248
9 0.4838235294117647 0.2980392156862745 0.011764705882352941 0.03660130718954248
6 0.49411764705882355 0.23137254901960783 0.014705882352941176 0.03398692810457516
9 0.4742647058823529 0.16274509803921566 0.0058823529411764705 0.01699346405228758
3 0.4088235294117647 0.15294117647058822 0.016176470588235292 0.02091503267973856
3 0.42205882352941176 0.1326797385620915 0.011764705882352941 0.0196078431372549
9 0.6930147058823529 0.46928104575163393 0.01838235294117647 0.06013071895424836
9 0.7584558823529411 0.4640522875816993 0.019852941176470587 0.04967320261437908
1 0.6919117647058823 0.4594771241830065 0.01764705882352941 0.06143790849673202
1 0.7584558823529411 0.4509803921568627 0.016911764705882352 0.06274509803921569
1 0.8485294117647059 0.3150326797385621 0.010294117647058823 0.04444444444444444
9 0.8503676470588235 0.32418300653594767 0.02426470588235294 0.03398692810457516
0 0.8981617647058824 0.31699346405228757 0.009558823529411765 0.043137254901960784
3 0.7408088235294118 0.25098039215686274 0.03308823529411765 0.04183006535947712
3 0.7194852941176471 0.22875816993464052 0.027205882352941177 0.03660130718954248
3 0.680514705882353 0.18627450980392155 0.021323529411764706 0.027450980392156862
0 0.9573529411764706 0.2633986928104575 0.007352941176470588 0.04052287581699346
0 0.9525735294117647 0.25620915032679736 0.009558823529411765 0.03660130718954248
3 0.9845588235294117 0.2620915032679738 0.027941176470588233 0.04836601307189542
