5 0.23529411764705882 0.7915032679738562 0.09705882352941177 0.41437908496732023
6 0.1974264705882353 0.6535947712418301 0.030147058823529412 0.07320261437908496
1 0.19705882352941176 0.6450980392156862 0.020588235294117647 0.05359477124183006
6 0.1801470588235294 0.5875816993464051 0.023529411764705882 0.06405228758169934
1 0.1827205882352941 0.584313725490196 0.015441176470588236 0.04183006535947712
3 0.23676470588235293 0.5816993464052287 0.044117647058823525 0.08104575163398692
3 0.2889705882352941 0.5156862745098039 0.03823529411764706 0.06143790849673202
3 0.2672794117647059 0.45032679738562087 0.027205882352941177 0.0457516339869281
6 0.2227941176470588 0.5339869281045752 0.023529411764705882 0.04836601307189542
1 0.22389705882352942 0.5326797385620915 0.013970588235294117 0.03529411764705882
8 0.22095588235294117 0.44967320261437904 0.04191176470588235 0.1045751633986928
3 0.24595588235294116 0.38431372549019605 0.025735294117647058 0.0392156862745098
3 0.2525735294117647 0.3437908496732026 0.021323529411764706 0.03398692810457516
5 0.20147058823529412 0.3359477124183006 0.039705882352941174 0.13594771241830064
3 0.24080882352941177 0.2673202614379085 0.022794117647058822 0.027450980392156862
3 0.2349264705882353 0.2196078431372549 0.0125 0.02091503267973856
5 0.11911764705882352 0.3660130718954248 0.051470588235294115 0.12810457516339868
3 0.16323529411764706 0.230718954248366 0.01764705882352941 0.0196078431372549
5 0.18125 0.2026143790849673 0.01838235294117647 0.02875816993464052
5 0.11066176470588235 0.1915032679738562 0.05073529411764706 0.0457516339869281
4 0.5323529411764706 0.5816993464052287 0.06764705882352941 0.07581699346405228
3 0.7330882352941176 0.4666666666666666 0.04264705882352941 0.047058823529411764
0 0.37169117647058825 0.3732026143790849 0.011029411764705881 0.0326797385620915
3 0.36470588235294116 0.32156862745098036 0.01764705882352941 0.02875816993464052
3 0.35661764705882354 0.2947712418300653 0.032352941176470584 0.027450980392156862
3 0.34154411764705883 0.32614379084967315 0.027205882352941177 0.02222222222222222
4 0.3422794117647059 0.3483660130718954 0.022794117647058822 0.03529411764705882
