2 0.2421875 0.9055555555555556 0.009375 0.05555555555555556
3 0.22786458333333334 0.8898148148148148 0.027604166666666666 0.02777777777777778
2 0.23020833333333332 0.8675925925925926 0.034375 0.02777777777777778
2 0.24739583333333334 0.8324074074074075 0.010416666666666666 0.037037037037037035
0 0.2716145833333333 0.8444444444444444 0.0109375 0.06296296296296297
3 0.32057291666666665 0.7930555555555556 0.05260416666666667 0.06944444444444445
3 0.24791666666666667 0.7087962962962964 0.03854166666666667 0.0638888888888889
2 0.33307291666666666 0.7412037037037037 0.009895833333333333 0.036111111111111115
1 0.3341145833333333 0.7319444444444445 0.008854166666666666 0.03796296296296296
1 0.3885416666666667 0.8013888888888889 0.013541666666666667 0.04351851851851852
2 0.3872395833333333 0.8180555555555555 0.015104166666666667 0.04351851851851852
3 0.3567708333333333 0.8972222222222223 0.058333333333333334 0.08148148148148149
3 0.4434895833333333 0.8337962962962964 0.06197916666666667 0.0712962962962963
3 0.39348958333333334 0.7685185185185186 0.049479166666666664 0.061111111111111116
3 0.3640625 0.7287037037037037 0.05 0.05925925925925926
2 0.4778645833333333 0.825462962962963 0.022395833333333334 0.04351851851851852
3 0.49609375 0.774537037037037 0.018229166666666668 0.04166666666666667
0 0.4359375 0.9652777777777778 0.013541666666666667 0.06574074074074074
2 0.4809895833333333 0.9157407407407407 0.0265625 0.04814814814814815
9 0.48854166666666665 0.9652777777777778 0.026041666666666668 0.062037037037037036
1 0.48802083333333335 0.9495370370370371 0.014583333333333334 0.05648148148148149
1 0.4817708333333333 0.9023148148148149 0.016666666666666666 0.062037037037037036
0 0.5734375 0.8958333333333334 0.010416666666666666 0.0712962962962963
2 0.59921875 0.8587962962962963 0.0265625 0.05277777777777778
