3 0.30772058823529413 0.9274509803921568 0.05514705882352941 0.1372549019607843
3 0.4801470588235294 0.8764705882352941 0.04264705882352941 0.1477124183006536
3 0.7113970588235294 0.8973856209150326 0.08897058823529412 0.14509803921568626
4 0.5716911764705882 0.6810457516339868 0.03455882352941177 0.09673202614379084
3 0.4852941176470588 0.5660130718954248 0.032352941176470584 0.08888888888888888
3 0.35698529411764707 0.5647058823529412 0.04044117647058824 0.09673202614379084
3 0.5588235294117647 0.44313725490196076 0.027941176470588233 0.07320261437908496
3 0.3911764705882353 0.3784313725490196 0.027941176470588233 0.08235294117647059
3 0.37426470588235294 0.42745098039215684 0.047058823529411764 0.054901960784313725
3 0.3952205882352941 0.3078431372549019 0.028676470588235293 0.058823529411764705
3 0.4323529411764706 0.31176470588235294 0.03529411764705882 0.058823529411764705
3 0.4150735294117647 0.2620915032679738 0.022794117647058822 0.0457516339869281
3 0.4128676470588235 0.2006535947712418 0.022794117647058822 0.04836601307189542
3 0.5136029411764705 0.24640522875816992 0.022794117647058822 0.043137254901960784
3 0.5488970588235293 0.2823529411764706 0.022794117647058822 0.04183006535947712
3 0.5393382352941176 0.1849673202614379 0.019852941176470587 0.04052287581699346
3 0.46911764705882353 0.12941176470588234 0.01911764705882353 0.0392156862745098
3 0.6055147058823529 0.2869281045751634 0.04338235294117647 0.0457516339869281
3 0.5658088235294118 0.5549019607843136 0.03455882352941177 0.08758169934640522
0 0.5308823529411765 0.530718954248366 0.007352941176470588 0.047058823529411764
0 0.5389705882352941 0.5326797385620915 0.008823529411764706 0.0457516339869281
0 0.39191176470588235 0.5398692810457516 0.011764705882352941 0.04444444444444444
9 0.38676470588235295 0.5529411764705882 0.008823529411764706 0.0392156862745098
2 0.5963235294117647 0.4941176470588235 0.020588235294117647 0.03660130718954248
7 0.65625 0.3522875816993464 0.019852941176470587 0.04836601307189542
7 0.5121323529411764 0.38627450980392153 0.019852941176470587 0.050980392156862744
0 0.55625 0.35424836601307186 0.006617647058823529 0.04183006535947712
9 0.5948529411764706 0.46013071895424834 0.01764705882352941 0.01830065359477124
1 0.43713235294117647 0.16732026143790849 0.008088235294117646 0.023529411764705882
1 0.4275735294117647 0.13986928104575164 0.006617647058823529 0.02091503267973856
9 0.42683823529411763 0.15359477124183005 0.005147058823529412 0.0196078431372549
9 0.43713235294117647 0.17712418300653593 0.008088235294117646 0.02222222222222222
9 0.5150735294117647 0.10588235294117647 0.005147058823529412 0.01568627450980392
1 0.5158088235294117 0.09346405228758169 0.006617647058823529 0.01699346405228758
0 0.49338235294117644 0.05555555555555555 0.0029411764705882353 0.02483660130718954
9 0.6430147058823529 0.2856209150326797 0.019852941176470587 0.027450980392156862
0 0.5753676470588235 0.3045751633986928 0.008088235294117646 0.03398692810457516
3 0.4430147058823529 0.05555555555555555 0.030147058823529412 0.03529411764705882
9 0.3698529411764706 0.24771241830065358 0.01911764705882353 0.02222222222222222
3 0.4294117647058823 0.01699346405228758 0.033823529411764704 0.0261437908496732
3 0.5091911764705882 0.02091503267973856 0.03308823529411765 0.023529411764705882
0 0.3922794117647059 0.04248366013071895 0.005147058823529412 0.02483660130718954
1 0.5220588235294118 0.7718954248366012 0.014705882352941176 0.04052287581699346
9 0.5231617647058824 0.7862745098039216 0.015441176470588236 0.058823529411764705
0 0.6933823529411764 0.6437908496732025 0.014705882352941176 0.043137254901960784
0 0.7011029411764705 0.6581699346405229 0.0125 0.04052287581699346
9 0.7194852941176471 0.6235294117647059 0.0125 0.047058823529411764
1 0.7481617647058824 0.7071895424836601 0.015441176470588236 0.02875816993464052
9 0.31066176470588236 0.8150326797385621 0.021323529411764706 0.06666666666666667
