8 0.49522058823529413 0.7254901960784313 0.07720588235294118 0.3424836601307189
3 0.32830882352941176 0.8607843137254901 0.05661764705882353 0.19215686274509802
9 0.3992647058823529 0.9124183006535947 0.01911764705882353 0.07320261437908496
0 0.39963235294117644 0.8901960784313725 0.016911764705882352 0.06797385620915032
0 0.38345588235294115 0.7405228758169934 0.0125 0.06143790849673202
0 0.3948529411764706 0.7490196078431373 0.014705882352941176 0.07058823529411765
9 0.6816176470588236 0.9633986928104574 0.044117647058823525 0.0522875816993464
3 0.6224264705882353 0.8039215686274509 0.07720588235294118 0.23006535947712417
1 0.8014705882352942 0.9026143790849672 0.030882352941176472 0.04836601307189542
1 0.7974264705882352 0.8607843137254901 0.022794117647058822 0.06405228758169934
2 0.8231617647058823 0.8248366013071895 0.04044117647058824 0.047058823529411764
9 0.8283088235294117 0.7908496732026143 0.022794117647058822 0.07058823529411765
2 0.7731617647058824 0.7124183006535947 0.0375 0.047058823529411764
9 0.8161764705882353 0.7372549019607842 0.014705882352941176 0.06797385620915032
9 0.7977941176470588 0.696078431372549 0.01764705882352941 0.06143790849673202
9 0.8014705882352942 0.6830065359477123 0.020588235294117647 0.06143790849673202
9 0.7731617647058824 0.6594771241830065 0.03455882352941177 0.04052287581699346
3 0.34816176470588234 0.5450980392156862 0.09044117647058823 0.12549019607843137
3 0.3352941176470588 0.48235294117647054 0.08235294117647059 0.10980392156862745
3 0.6011029411764706 0.5601307189542484 0.04926470588235294 0.09803921568627451
3 0.5816176470588236 0.4810457516339869 0.09117647058823529 0.0784313725490196
0 0.4 0.396078431372549 0.011764705882352941 0.06274509803921569
0 0.3897058823529412 0.3908496732026144 0.011764705882352941 0.05751633986928104
5 0.3669117647058823 0.32941176470588235 0.045588235294117645 0.1437908496732026
3 0.36875 0.25620915032679736 0.028676470588235293 0.06274509803921569
3 0.5716911764705882 0.3398692810457516 0.04338235294117647 0.08888888888888888
4 0.5352941176470588 0.23856209150326796 0.039705882352941174 0.06666666666666667
3 0.5584558823529412 0.19215686274509802 0.030147058823529412 0.054901960784313725
3 0.6106617647058823 0.17450980392156862 0.04485294117647059 0.05620915032679738
4 0.4974264705882353 0.14248366013071895 0.027205882352941177 0.06013071895424836
3 0.5408088235294117 0.0915032679738562 0.02426470588235294 0.04967320261437908
3 0.5073529411764706 0.08627450980392157 0.025 0.047058823529411764
3 0.3669117647058823 0.20784313725490194 0.04264705882352941 0.07058823529411765
9 0.45808823529411763 0.1980392156862745 0.007352941176470588 0.03529411764705882
1 0.4588235294117647 0.1915032679738562 0.007352941176470588 0.03529411764705882
6 0.3981617647058823 0.20784313725490194 0.0125 0.04444444444444444
1 0.39742647058823527 0.19999999999999998 0.009558823529411765 0.03660130718954248
3 0.5047794117647059 0.03856209150326797 0.019852941176470587 0.03790849673202614
3 0.5525735294117647 0.04771241830065359 0.04632352941176471 0.04052287581699346
