3 0.06764705882352941 0.7137254901960783 0.1 0.08888888888888888
3 0.11764705882352941 0.6640522875816993 0.09117647058823529 0.06797385620915032
3 0.16139705882352942 0.6091503267973856 0.08897058823529412 0.06013071895424836
3 0.1764705882352941 0.5725490196078431 0.06764705882352941 0.047058823529411764
3 0.19338235294117648 0.545751633986928 0.07794117647058824 0.05620915032679738
3 0.2275735294117647 0.484313725490196 0.06985294117647059 0.04836601307189542
3 0.2426470588235294 0.43464052287581695 0.061764705882352944 0.04052287581699346
3 0.24816176470588236 0.41241830065359475 0.05808823529411765 0.03529411764705882
3 0.25845588235294115 0.3986928104575163 0.05220588235294118 0.0392156862745098
3 0.2727941176470588 0.38431372549019605 0.05 0.0392156862745098
3 0.28125 0.3686274509803921 0.04779411764705882 0.03660130718954248
4 0.10330882352941176 0.38954248366013067 0.04779411764705882 0.07581699346405228
6 0.12573529411764706 0.44248366013071894 0.039705882352941174 0.04052287581699346
4 0.1838235294117647 0.31045751633986923 0.03823529411764706 0.03529411764705882
3 0.1988970588235294 0.2941176470588235 0.0375 0.023529411764705882
3 0.21764705882352942 0.28627450980392155 0.03529411764705882 0.0261437908496732
4 0.23161764705882354 0.2633986928104575 0.033823529411764704 0.03006535947712418
3 0.2400735294117647 0.25555555555555554 0.030147058823529412 0.02222222222222222
3 0.24558823529411763 0.24771241830065358 0.027941176470588233 0.02222222222222222
3 0.29154411764705884 0.35359477124183003 0.04485294117647059 0.03006535947712418
3 0.29705882352941176 0.34509803921568627 0.039705882352941174 0.02875816993464052
3 0.29044117647058826 0.3281045751633987 0.047058823529411764 0.03398692810457516
3 0.30661764705882355 0.3176470588235294 0.041176470588235294 0.02875816993464052
4 0.3113970588235294 0.23398692810457514 0.019852941176470587 0.03398692810457516
0 0.25698529411764703 0.3098039215686274 0.005147058823529412 0.0261437908496732
0 0.2525735294117647 0.31241830065359477 0.005147058823529412 0.02875816993464052
9 0.2588235294117647 0.23660130718954248 0.011764705882352941 0.0130718954248366
9 0.2698529411764706 0.23660130718954248 0.010294117647058823 0.0130718954248366
4 0.25735294117647056 0.20196078431372547 0.014705882352941176 0.02483660130718954
3 0.28602941176470587 0.20392156862745098 0.01764705882352941 0.023529411764705882
3 0.3044117647058823 0.2045751633986928 0.011764705882352941 0.01699346405228758
4 0.31691176470588234 0.2026143790849673 0.010294117647058823 0.02091503267973856
9 0.3051470588235294 0.2745098039215686 0.014705882352941176 0.01568627450980392
1 0.30477941176470585 0.2679738562091503 0.005147058823529412 0.02091503267973856
1 0.27794117647058825 0.5856209150326797 0.014705882352941176 0.03398692810457516
3 0.3463235294117647 0.8411764705882352 0.10441176470588236 0.14509803921568626
0 0.3709558823529412 0.8568627450980392 0.015441176470588236 0.07973856209150326
3 0.33897058823529413 0.7366013071895424 0.051470588235294115 0.1111111111111111
4 0.45036764705882354 0.6424836601307189 0.03455882352941177 0.10065359477124182
9 0.43124999999999997 0.7437908496732025 0.015441176470588236 0.04967320261437908
1 0.43161764705882355 0.7209150326797386 0.016176470588235292 0.050980392156862744
3 0.3827205882352941 0.3810457516339869 0.04044117647058824 0.0457516339869281
3 0.42830882352941174 0.34967320261437906 0.019852941176470587 0.04052287581699346
3 0.44338235294117645 0.3098039215686274 0.01764705882352941 0.02875816993464052
3 0.4389705882352941 0.2947712418300653 0.01764705882352941 0.02222222222222222
0 0.4466911764705882 0.27385620915032677 0.005147058823529412 0.02483660130718954
0 0.4463235294117647 0.25163398692810457 0.004411764705882353 0.0196078431372549
3 0.4588235294117647 0.22483660130718952 0.013235294117647059 0.02091503267973856
1 0.4411764705882353 0.21437908496732025 0.0029411764705882353 0.01568627450980392
0 0.44816176470588237 0.21699346405228756 0.003676470588235294 0.01568627450980392
0 0.4488970588235294 0.20718954248366012 0.003676470588235294 0.011764705882352941
4 0.45625 0.20326797385620915 0.011029411764705881 0.0196078431372549
1 0.4647058823529412 0.22875816993464052 0.004411764705882353 0.01045751633986928
9 0.4647058823529412 0.23594771241830065 0.004411764705882353 0.00915032679738562
1 0.4716911764705882 0.28627450980392155 0.005147058823529412 0.01568627450980392
9 0.4716911764705882 0.292156862745098 0.005147058823529412 0.01437908496732026
3 0.4875 0.2196078431372549 0.011764705882352941 0.0261437908496732
3 0.4801470588235294 0.20588235294117646 0.016176470588235292 0.0196078431372549
3 0.46801470588235294 0.16013071895424835 0.008088235294117646 0.01437908496732026
4 0.46911764705882353 0.1477124183006536 0.010294117647058823 0.0130718954248366
3 0.4827205882352941 0.11045751633986928 0.005147058823529412 0.00915032679738562
4 0.49338235294117644 0.14183006535947712 0.007352941176470588 0.011764705882352941
0 0.48676470588235293 0.16928104575163397 0.0029411764705882353 0.01437908496732026
0 0.4915441176470588 0.24967320261437906 0.003676470588235294 0.02091503267973856
0 0.47830882352941173 0.15098039215686274 0.0022058823529411764 0.011764705882352941
0 0.47720588235294115 0.13790849673202613 0.0029411764705882353 0.011764705882352941
1 0.5136029411764705 0.18692810457516337 0.003676470588235294 0.01045751633986928
9 0.5136029411764705 0.1915032679738562 0.003676470588235294 0.00915032679738562
3 0.5091911764705882 0.2588235294117647 0.013970588235294117 0.0261437908496732
4 0.5011029411764706 0.28823529411764703 0.013970588235294117 0.0326797385620915
1 0.5176470588235293 0.27777777777777773 0.004411764705882353 0.01437908496732026
9 0.5176470588235293 0.28627450980392155 0.004411764705882353 0.0130718954248366
3 0.5044117647058823 0.3418300653594771 0.01911764705882353 0.03006535947712418
3 0.48566176470588235 0.4287581699346405 0.027205882352941177 0.047058823529411764
6 0.5352941176470588 0.3281045751633987 0.014705882352941176 0.02875816993464052
1 0.5323529411764706 0.31895424836601305 0.0058823529411764705 0.0130718954248366
0 0.5448529411764705 0.36405228758169933 0.0058823529411764705 0.0326797385620915
0 0.5544117647058824 0.3679738562091503 0.0058823529411764705 0.0326797385620915
4 0.5433823529411764 0.29084967320261434 0.01764705882352941 0.03529411764705882
9 0.5558823529411765 0.7529411764705882 0.01764705882352941 0.054901960784313725
1 0.55625 0.7398692810457516 0.013970588235294117 0.04967320261437908
0 0.5959558823529412 0.8588235294117647 0.015441176470588236 0.07058823529411765
5 0.7522058823529412 0.9771241830065359 0.1602941176470588 0.043137254901960784
5 0.7294117647058823 0.8823529411764706 0.16176470588235295 0.1437908496732026
5 0.6808823529411765 0.7045751633986927 0.11470588235294117 0.09934640522875816
0 0.8323529411764706 0.6183006535947712 0.014705882352941176 0.04967320261437908
0 0.8522058823529411 0.615032679738562 0.010294117647058823 0.04836601307189542
1 0.836764705882353 0.6045751633986928 0.0058823529411764705 0.02483660130718954
1 0.9805147058823529 0.7732026143790849 0.011029411764705881 0.02483660130718954
8 0.9246323529411764 0.5947712418300654 0.14926470588235294 0.11241830065359476
9 0.7908088235294117 0.5111111111111111 0.009558823529411765 0.03398692810457516
9 0.8011029411764706 0.5130718954248366 0.009558823529411765 0.03529411764705882
9 0.7356617647058823 0.41764705882352937 0.006617647058823529 0.03006535947712418
9 0.7202205882352941 0.38169934640522873 0.009558823529411765 0.02091503267973856
9 0.7132352941176471 0.3836601307189542 0.007352941176470588 0.02483660130718954
9 0.6985294117647058 0.3830065359477124 0.010294117647058823 0.023529411764705882
9 0.6952205882352941 0.3725490196078431 0.013970588235294117 0.01568627450980392
9 0.7077205882352942 0.3679738562091503 0.015441176470588236 0.02222222222222222
0 0.6775735294117647 0.31176470588235294 0.006617647058823529 0.03006535947712418
0 0.6580882352941176 0.2823529411764706 0.0029411764705882353 0.0261437908496732
0 0.6555147058823529 0.28104575163398693 0.005147058823529412 0.0261437908496732
