4 0.044117647058823525 0.04640522875816993 0.07205882352941176 0.06405228758169934
3 0.026470588235294117 0.07647058823529411 0.052941176470588235 0.043137254901960784
3 0.013970588235294117 0.11633986928104574 0.027941176470588233 0.054901960784313725
3 0.02022058823529412 0.10980392156862745 0.04044117647058824 0.04183006535947712
3 0.04044117647058824 0.10326797385620914 0.06470588235294117 0.04183006535947712
3 0.06911764705882353 0.09346405228758169 0.058823529411764705 0.04052287581699346
3 0.10845588235294118 0.17843137254901958 0.07279411764705883 0.06143790849673202
3 0.06801470588235294 0.17581699346405227 0.07279411764705883 0.06143790849673202
3 0.1488970588235294 0.07777777777777778 0.04632352941176471 0.043137254901960784
3 0.11838235294117647 0.0738562091503268 0.047058823529411764 0.04052287581699346
3 0.1922794117647059 0.07712418300653594 0.0375 0.03660130718954248
3 0.21985294117647058 0.08039215686274509 0.04264705882352941 0.03529411764705882
4 0.21066176470588235 0.09869281045751634 0.05367647058823529 0.05359477124183006
4 0.18125 0.11633986928104574 0.03161764705882353 0.054901960784313725
3 0.24301470588235294 0.12810457516339868 0.05808823529411765 0.04444444444444444
3 0.2525735294117647 0.11437908496732026 0.05661764705882353 0.04052287581699346
3 0.2474264705882353 0.10784313725490195 0.04485294117647059 0.03529411764705882
3 0.24889705882352942 0.08431372549019607 0.04338235294117647 0.04052287581699346
0 0.14191176470588235 0.09542483660130718 0.008823529411764706 0.0392156862745098
0 0.12720588235294117 0.08562091503267973 0.010294117647058823 0.03529411764705882
0 0.12389705882352942 0.09673202614379084 0.008088235294117646 0.01830065359477124
2 0.11985294117647059 0.09999999999999999 0.010294117647058823 0.0196078431372549
1 0.009191176470588236 0.8450980392156863 0.019852941176470587 0.1241830065359477
9 0.01875 0.841830065359477 0.0375 0.09673202614379084
9 0.028676470588235293 0.6379084967320261 0.057352941176470586 0.08104575163398692
1 0.022058823529411763 0.6006535947712418 0.039705882352941174 0.09803921568627451
1 0.039705882352941174 0.5928104575163399 0.01764705882352941 0.07450980392156863
9 0.2827205882352941 0.6751633986928104 0.03897058823529412 0.09019607843137255
1 0.2852941176470588 0.6431372549019607 0.04264705882352941 0.10718954248366012
3 0.32794117647058824 0.492156862745098 0.10294117647058823 0.1503267973856209
4 0.46249999999999997 0.1699346405228758 0.03823529411764706 0.07320261437908496
0 0.8720588235294118 0.8633986928104574 0.04264705882352941 0.10588235294117647
9 0.6628676470588235 0.6562091503267974 0.025735294117647058 0.08888888888888888
1 0.6613970588235294 0.6215686274509804 0.027205882352941177 0.09542483660130718
3 0.8143382352941176 0.2725490196078431 0.0875 0.06405228758169934
3 0.8150735294117647 0.23137254901960783 0.09926470588235294 0.06274509803921569
3 0.8 0.2156862745098039 0.09411764705882353 0.054901960784313725
3 0.7433823529411765 0.1980392156862745 0.08235294117647059 0.05359477124183006
4 0.7514705882352941 0.15294117647058822 0.07352941176470588 0.06274509803921569
3 0.7459558823529412 0.134640522875817 0.06544117647058824 0.04444444444444444
3 0.7547794117647059 0.12156862745098039 0.07279411764705883 0.0392156862745098
3 0.6893382352941176 0.10522875816993463 0.022794117647058822 0.043137254901960784
4 0.7540441176470588 0.09869281045751634 0.05661764705882353 0.05359477124183006
3 0.7963235294117647 0.05359477124183006 0.05 0.03137254901960784
0 0.7801470588235294 0.0915032679738562 0.0058823529411764705 0.0261437908496732
0 0.7886029411764706 0.08888888888888888 0.008088235294117646 0.03398692810457516
0 0.8106617647058824 0.09084967320261438 0.008088235294117646 0.03529411764705882
3 0.9669117647058824 0.30588235294117644 0.06470588235294117 0.11764705882352941
3 0.5625 0.2830065359477124 0.047058823529411764 0.07450980392156863
4 0.5919117647058824 0.13333333333333333 0.026470588235294117 0.054901960784313725
3 0.6198529411764706 0.10130718954248365 0.025 0.03790849673202614
0 0.6709558823529411 0.09803921568627451 0.008088235294117646 0.03660130718954248
1 0.6669117647058823 0.08039215686274509 0.007352941176470588 0.03006535947712418
2 0.66875 0.10522875816993463 0.008088235294117646 0.027450980392156862
9 0.6680147058823529 0.0915032679738562 0.008088235294117646 0.02091503267973856
9 0.5481617647058823 0.03464052287581699 0.006617647058823529 0.0196078431372549
1 0.5481617647058823 0.029411764705882353 0.008088235294117646 0.02483660130718954
1 0.5466911764705882 0.02810457516339869 0.008088235294117646 0.02483660130718954
1 0.6264705882352941 0.15359477124183005 0.011764705882352941 0.027450980392156862
9 0.6242647058823529 0.165359477124183 0.011764705882352941 0.0326797385620915
