6 0.36302083333333335 0.5175925925925926 0.030208333333333334 0.05740740740740741
6 0.3911458333333333 0.4759259259259259 0.030208333333333334 0.05555555555555556
6 0.428125 0.40555555555555556 0.0375 0.06296296296296297
0 0.4322916666666667 0.4287037037037037 0.00625 0.03888888888888889
0 0.49166666666666664 0.23148148148148148 0.0125 0.03333333333333333
1 0.5541666666666667 0.2925925925925926 0.010416666666666666 0.014814814814814815
3 0.4947916666666667 0.625 0.04583333333333333 0.09444444444444444
3 0.6145833333333334 0.25462962962962965 0.029166666666666667 0.061111111111111116
3 0.6677083333333333 0.17500000000000002 0.022916666666666665 0.031481481481481485
3 0.6630208333333333 0.13518518518518519 0.015625 0.02962962962962963
3 0.6661458333333333 0.09537037037037037 0.013541666666666667 0.024074074074074074
3 0.6802083333333333 0.08333333333333334 0.010416666666666666 0.022222222222222223
0 0.6203125 0.17962962962962964 0.013541666666666667 0.03333333333333333
0 0.6416666666666666 0.13333333333333333 0.0125 0.022222222222222223
3 0.6947916666666667 0.06851851851851852 0.008333333333333333 0.018518518518518517
3 0.7130208333333333 0.049074074074074076 0.009375 0.020370370370370372
3 0.7286458333333333 0.04259259259259259 0.013541666666666667 0.014814814814814815
3 0.7072916666666667 0.06851851851851852 0.010416666666666666 0.018518518518518517
3 0.7416666666666667 0.10740740740740741 0.0125 0.018518518518518517
3 0.746875 0.08518518518518518 0.010416666666666666 0.018518518518518517
3 0.7583333333333333 0.02962962962962963 0.014583333333333334 0.014814814814814815
3 0.7510416666666666 0.05740740740740741 0.014583333333333334 0.014814814814814815
3 0.75625 0.0462962962962963 0.010416666666666666 0.014814814814814815
0 0.6625 0.07777777777777778 0.004166666666666667 0.014814814814814815
0 0.6536458333333334 0.08518518518518518 0.003125 0.018518518518518517
0 0.6489583333333333 0.08425925925925926 0.004166666666666667 0.024074074074074074
6 0.6526041666666667 0.1175925925925926 0.011458333333333333 0.02777777777777778
3 0.5822916666666667 0.9037037037037038 0.05625 0.14444444444444446
3 0.6541666666666667 0.9296296296296297 0.06875 0.13703703703703704
3 0.7427083333333333 0.5907407407407408 0.03333333333333333 0.0962962962962963
