0 0.3926470588235294 0.9751633986928104 0.008823529411764706 0.04183006535947712
0 0.4011029411764706 0.9751633986928104 0.008088235294117646 0.03660130718954248
0 0.4088235294117647 0.9751633986928104 0.008823529411764706 0.03398692810457516
3 0.3779411764705882 0.857516339869281 0.023529411764705882 0.054901960784313725
3 0.3838235294117647 0.826797385620915 0.01911764705882353 0.03529411764705882
3 0.3863970588235294 0.7901960784313725 0.016911764705882352 0.0326797385620915
3 0.39044117647058824 0.765359477124183 0.01764705882352941 0.0326797385620915
3 0.3966911764705882 0.7405228758169934 0.015441176470588236 0.027450980392156862
3 0.3952205882352941 0.7189542483660131 0.015441176470588236 0.02875816993464052
3 0.3963235294117647 0.7019607843137254 0.014705882352941176 0.0261437908496732
3 0.4022058823529412 0.6777777777777777 0.014705882352941176 0.027450980392156862
3 0.4025735294117647 0.6562091503267974 0.013970588235294117 0.02091503267973856
3 0.4007352941176471 0.6418300653594771 0.010294117647058823 0.02091503267973856
3 0.3272058823529412 0.6784313725490195 0.032352941176470584 0.02091503267973856
4 0.33125 0.6594771241830065 0.027205882352941177 0.02483660130718954
8 0.48455882352941176 0.7901960784313725 0.025 0.06928104575163398
3 0.5102941176470588 0.7673202614379084 0.01911764705882353 0.04183006535947712
3 0.6102941176470588 0.9039215686274509 0.029411764705882353 0.043137254901960784
3 0.6801470588235294 0.9647058823529411 0.026470588235294117 0.054901960784313725
3 0.7746323529411765 0.9464052287581699 0.04191176470588235 0.04967320261437908
3 0.6613970588235294 0.9274509803921568 0.03161764705882353 0.04836601307189542
3 0.8066176470588236 0.9823529411764705 0.047058823529411764 0.0326797385620915
4 0.75 0.9084967320261438 0.025 0.0392156862745098
3 0.6448529411764706 0.8797385620915033 0.032352941176470584 0.04967320261437908
3 0.6272058823529412 0.8444444444444443 0.025 0.03660130718954248
3 0.6139705882352942 0.8137254901960784 0.025 0.04052287581699346
4 0.6029411764705882 0.7777777777777777 0.025 0.04183006535947712
3 0.5900735294117647 0.7588235294117647 0.02426470588235294 0.03006535947712418
5 0.7014705882352941 0.8215686274509804 0.030882352941176472 0.043137254901960784
3 0.6834558823529412 0.796078431372549 0.027205882352941177 0.03398692810457516
4 0.6669117647058823 0.7647058823529411 0.01911764705882353 0.03398692810457516
9 0.6746323529411765 0.8352941176470587 0.008088235294117646 0.023529411764705882
1 0.6742647058823529 0.8313725490196078 0.0058823529411764705 0.023529411764705882
3 0.56875 0.7189542483660131 0.015441176470588236 0.023529411764705882
3 0.5625 0.7006535947712418 0.01764705882352941 0.0261437908496732
4 0.6073529411764705 0.6751633986928104 0.016176470588235292 0.027450980392156862
3 0.5933823529411765 0.6509803921568627 0.014705882352941176 0.02091503267973856
0 0.5926470588235294 0.6745098039215686 0.0058823529411764705 0.02091503267973856
3 0.5533088235294118 0.6692810457516339 0.015441176470588236 0.023529411764705882
3 0.5466911764705882 0.6562091503267974 0.013970588235294117 0.02091503267973856
3 0.5393382352941176 0.6431372549019607 0.0125 0.0261437908496732
3 0.5349264705882353 0.6300653594771242 0.0125 0.02091503267973856
3 0.5305147058823529 0.6215686274509804 0.011029411764705881 0.01699346405228758
3 0.5235294117647059 0.6098039215686274 0.010294117647058823 0.0196078431372549
3 0.5209558823529412 0.6013071895424836 0.009558823529411765 0.01568627450980392
3 0.5176470588235293 0.5915032679738562 0.010294117647058823 0.0196078431372549
3 0.5823529411764706 0.6366013071895424 0.013235294117647059 0.01568627450980392
3 0.5735294117647058 0.6209150326797385 0.010294117647058823 0.01568627450980392
3 0.569485294117647 0.615032679738562 0.0125 0.0196078431372549
3 0.5606617647058824 0.6006535947712418 0.0125 0.01699346405228758
3 0.5676470588235294 0.5888888888888888 0.016176470588235292 0.01437908496732026
3 0.475 0.6163398692810457 0.011764705882352941 0.02222222222222222
9 0.506985294117647 0.6032679738562091 0.005147058823529412 0.011764705882352941
1 0.50625 0.6 0.003676470588235294 0.0130718954248366
0 0.5040441176470588 0.5856209150326797 0.003676470588235294 0.0130718954248366
0 0.5077205882352941 0.5856209150326797 0.003676470588235294 0.0130718954248366
3 0.008823529411764706 0.7156862745098038 0.01764705882352941 0.02483660130718954
3 0.058823529411764705 0.6718954248366013 0.03823529411764706 0.02091503267973856
3 0.0661764705882353 0.665359477124183 0.03529411764705882 0.02091503267973856
3 0.007720588235294118 0.6620915032679738 0.015441176470588236 0.02222222222222222
3 0.008823529411764706 0.6516339869281045 0.01764705882352941 0.0196078431372549
3 0.0801470588235294 0.649673202614379 0.030882352941176472 0.02091503267973856
4 0.06875 0.6222222222222222 0.02426470588235294 0.023529411764705882
4 0.02389705882352941 0.618954248366013 0.019852941176470587 0.02222222222222222
4 0.0838235294117647 0.6045751633986928 0.01911764705882353 0.0196078431372549
4 0.08419117647058823 0.6163398692810457 0.015441176470588236 0.02222222222222222
3 0.40661764705882353 0.5849673202614378 0.010294117647058823 0.01437908496732026
3 0.4088235294117647 0.5673202614379085 0.008823529411764706 0.01568627450980392
3 0.4091911764705882 0.5555555555555555 0.008088235294117646 0.01568627450980392
3 0.41470588235294115 0.5372549019607843 0.010294117647058823 0.0130718954248366
4 0.4161764705882353 0.5261437908496732 0.007352941176470588 0.01437908496732026
3 0.4400735294117647 0.5392156862745098 0.006617647058823529 0.011764705882352941
3 0.43933823529411764 0.5326797385620915 0.005147058823529412 0.011764705882352941
3 0.5077205882352941 0.5673202614379085 0.008088235294117646 0.01045751633986928
3 0.5036764705882353 0.5588235294117647 0.007352941176470588 0.011764705882352941
4 0.5011029411764706 0.5509803921568627 0.008088235294117646 0.01437908496732026
3 0.4963235294117647 0.5418300653594771 0.007352941176470588 0.00915032679738562
3 0.46544117647058825 0.5058823529411764 0.0058823529411764705 0.00784313725490196
3 0.4430147058823529 0.4986928104575163 0.006617647058823529 0.00915032679738562
3 0.4213235294117647 0.4967320261437908 0.010294117647058823 0.00784313725490196
4 0.4522058823529412 0.49738562091503263 0.0058823529411764705 0.011764705882352941
3 0.44705882352941173 0.4947712418300653 0.0058823529411764705 0.011764705882352941
3 0.44080882352941175 0.4888888888888889 0.005147058823529412 0.00784313725490196
3 0.4676470588235294 0.4856209150326797 0.004411764705882353 0.0065359477124183
3 0.4658088235294118 0.48039215686274506 0.005147058823529412 0.00915032679738562
3 0.45330882352941176 0.47058823529411764 0.008088235294117646 0.00784313725490196
3 0.43970588235294117 0.4686274509803921 0.004411764705882353 0.0065359477124183
3 0.4415441176470588 0.4516339869281045 0.003676470588235294 0.0065359477124183
2 0.4452205882352941 0.5529411764705882 0.003676470588235294 0.01045751633986928
3 0.4522058823529412 0.5045751633986928 0.0058823529411764705 0.01045751633986928
1 0.44485294117647056 0.549673202614379 0.0029411764705882353 0.011764705882352941
9 0.4488970588235294 0.526797385620915 0.005147058823529412 0.00784313725490196
1 0.44926470588235295 0.5248366013071895 0.0029411764705882353 0.0065359477124183
9 0.44375 0.522875816993464 0.0022058823529411764 0.00784313725490196
1 0.44375 0.5202614379084967 0.003676470588235294 0.00784313725490196
