3 0.18345588235294116 0.7830065359477124 0.14191176470588235 0.25620915032679736
3 0.5216911764705883 0.5679738562091503 0.11102941176470588 0.12941176470588234
3 0.3897058823529412 0.5052287581699346 0.11764705882352941 0.12156862745098039
3 0.27904411764705883 0.3457516339869281 0.10661764705882353 0.09542483660130718
3 0.3845588235294118 0.2895424836601307 0.08676470588235294 0.07450980392156863
4 0.5264705882352941 0.22091503267973855 0.07205882352941176 0.07058823529411765
3 0.6518382352941177 0.14640522875816991 0.06985294117647059 0.04967320261437908
3 0.78125 0.1915032679738562 0.05073529411764706 0.06143790849673202
3 0.7805147058823529 0.14640522875816991 0.05367647058823529 0.0522875816993464
4 0.6878676470588235 0.12941176470588234 0.05661764705882353 0.05751633986928104
3 0.8904411764705882 0.46013071895424834 0.15588235294117647 0.11503267973856209
3 0.9511029411764705 0.3875816993464052 0.09632352941176471 0.0849673202614379
3 0.7044117647058823 0.38954248366013067 0.07794117647058824 0.10196078431372549
9 0.5658088235294118 0.17124183006535945 0.019852941176470587 0.03660130718954248
9 0.6775735294117647 0.1830065359477124 0.01838235294117647 0.02875816993464052
0 0.054411764705882354 0.3732026143790849 0.023529411764705882 0.07450980392156863
0 0.6014705882352941 0.9529411764705882 0.022058823529411763 0.0915032679738562
0 0.2977941176470588 0.2875816993464052 0.013235294117647059 0.054901960784313725
3 0.7680147058823529 0.07254901960784313 0.05220588235294118 0.0457516339869281
3 0.8095588235294118 0.047058823529411764 0.032352941176470584 0.03660130718954248
3 0.8378676470588236 0.043137254901960784 0.03161764705882353 0.04183006535947712
3 0.9658088235294118 0.32679738562091504 0.06691176470588235 0.054901960784313725
