3 0.5580882352941177 0.645751633986928 0.032352941176470584 0.047058823529411764
3 0.26433823529411765 0.7359477124183006 0.04044117647058824 0.0784313725490196
3 0.19522058823529412 0.892156862745098 0.05808823529411765 0.09542483660130718
3 0.2323529411764706 0.49281045751633984 0.039705882352941174 0.02875816993464052
3 0.1849264705882353 0.48300653594771237 0.022794117647058822 0.02222222222222222
3 0.1577205882352941 0.4790849673202614 0.015441176470588236 0.027450980392156862
3 0.21985294117647058 0.47058823529411764 0.023529411764705882 0.023529411764705882
3 0.23860294117647057 0.4718954248366013 0.022794117647058822 0.02875816993464052
3 0.2742647058823529 0.46535947712418296 0.025 0.02091503267973856
3 0.29044117647058826 0.46078431372549017 0.020588235294117647 0.02222222222222222
3 0.5055147058823529 0.47058823529411764 0.0125 0.023529411764705882
3 0.6636029411764706 0.5091503267973856 0.03897058823529412 0.027450980392156862
3 0.61875 0.49281045751633984 0.03308823529411765 0.02091503267973856
3 0.6551470588235294 0.4888888888888889 0.026470588235294117 0.02875816993464052
3 0.6305147058823529 0.48235294117647054 0.02426470588235294 0.02091503267973856
3 0.7227941176470588 0.5013071895424837 0.020588235294117647 0.03006535947712418
0 0.5970588235294118 0.888235294117647 0.011764705882352941 0.06143790849673202
0 0.6066176470588235 0.8901960784313725 0.008823529411764706 0.06013071895424836
0 0.6202205882352941 0.8908496732026143 0.016911764705882352 0.050980392156862744
9 0.6165441176470589 0.9052287581699345 0.013970588235294117 0.04836601307189542
1 0.6386029411764705 0.9045751633986927 0.015441176470588236 0.03660130718954248
4 0.7150735294117647 0.6588235294117647 0.05367647058823529 0.04967320261437908
4 0.6952205882352941 0.618954248366013 0.05367647058823529 0.050980392156862744
0 0.6448529411764706 0.5712418300653594 0.0058823529411764705 0.03660130718954248
0 0.3599264705882353 0.6071895424836601 0.009558823529411765 0.03529411764705882
0 0.15404411764705883 0.6137254901960784 0.008088235294117646 0.03529411764705882
0 0.1400735294117647 0.6169934640522875 0.006617647058823529 0.03398692810457516
0 0.14411764705882352 0.6104575163398692 0.007352941176470588 0.03660130718954248
4 0.24963235294117647 0.6313725490196078 0.030147058823529412 0.06013071895424836
3 0.21948529411764706 0.6013071895424836 0.05220588235294118 0.0392156862745098
3 0.21360294117647058 0.5790849673202614 0.04779411764705882 0.03660130718954248
3 0.19448529411764706 0.5738562091503268 0.04485294117647059 0.03660130718954248
3 0.17683823529411766 0.5666666666666667 0.04779411764705882 0.03790849673202614
3 0.11176470588235293 0.5339869281045752 0.03676470588235294 0.04052287581699346
3 0.30808823529411766 0.4588235294117647 0.025 0.0261437908496732
3 0.3261029411764706 0.4516339869281045 0.022794117647058822 0.027450980392156862
3 0.38235294117647056 0.4562091503267974 0.022058823529411763 0.02875816993464052
9 0.45551470588235293 0.4725490196078431 0.015441176470588236 0.01437908496732026
0 0.45294117647058824 0.46732026143790845 0.0058823529411764705 0.01699346405228758
0 0.4591911764705882 0.46732026143790845 0.003676470588235294 0.01699346405228758
9 0.4863970588235294 0.6045751633986928 0.015441176470588236 0.03006535947712418
0 0.48676470588235293 0.6013071895424836 0.007352941176470588 0.0261437908496732
6 0.26066176470588237 0.7 0.04338235294117647 0.04052287581699346
0 0.2650735294117647 0.6882352941176471 0.009558823529411765 0.04052287581699346
0 0.2738970588235294 0.6888888888888889 0.009558823529411765 0.04183006535947712
3 0.756985294117647 0.949673202614379 0.0625 0.09803921568627451
0 0.5650735294117647 0.4738562091503268 0.005147058823529412 0.02222222222222222
3 0.5860294117647059 0.4718954248366013 0.01764705882352941 0.0261437908496732
3 0.5775735294117647 0.4660130718954248 0.016911764705882352 0.02483660130718954
3 0.5665441176470588 0.4633986928104575 0.016911764705882352 0.02483660130718954
0 0.6606617647058823 0.6084967320261437 0.005147058823529412 0.02483660130718954
0 0.6569852941176471 0.6032679738562091 0.005147058823529412 0.027450980392156862
2 0.26948529411764705 0.90718954248366 0.019852941176470587 0.04444444444444444
0 0.2702205882352941 0.8849673202614379 0.015441176470588236 0.054901960784313725
6 0.15955882352941175 0.9692810457516339 0.08529411764705883 0.058823529411764705
9 0.06323529411764706 0.9209150326797385 0.032352941176470584 0.0326797385620915
