3 0.1386029411764706 0.5006535947712418 0.12720588235294117 0.13333333333333333
3 0.8944852941176471 0.37516339869281046 0.0625 0.11764705882352941
3 0.2974264705882353 0.14313725490196078 0.09044117647058823 0.06666666666666667
3 0.39191176470588235 0.16666666666666666 0.09117647058823529 0.05620915032679738
3 0.13897058823529412 0.03137254901960784 0.06470588235294117 0.06274509803921569
3 0.09558823529411764 0.0261437908496732 0.039705882352941174 0.0522875816993464
3 0.8044117647058824 0.07647058823529411 0.03823529411764706 0.07450980392156863
3 0.7525735294117647 0.06209150326797385 0.03455882352941177 0.08235294117647059
3 0.8047794117647059 0.02287581699346405 0.03455882352941177 0.0457516339869281
9 0.6422794117647058 0.09934640522875816 0.030147058823529412 0.03398692810457516
3 0.24816176470588236 0.06274509803921569 0.06102941176470588 0.065359477124183
2 0.7194852941176471 0.1437908496732026 0.0125 0.04183006535947712
0 0.7213235294117647 0.12352941176470587 0.010294117647058823 0.04836601307189542
9 0.6761029411764706 0.2594771241830065 0.019852941176470587 0.04836601307189542
9 0.65 0.21633986928104573 0.01911764705882353 0.043137254901960784
9 0.7176470588235294 0.28169934640522876 0.01764705882352941 0.04836601307189542
0 0.6533088235294118 0.20522875816993463 0.0125 0.05751633986928104
0 0.6783088235294118 0.24771241830065358 0.015441176470588236 0.06143790849673202
0 0.7154411764705882 0.26666666666666666 0.01764705882352941 0.06274509803921569
0 0.7172794117647059 0.2568627450980392 0.015441176470588236 0.050980392156862744
