3 0.41796875 0.33101851851851855 0.011979166666666666 0.025
3 0.4354166666666667 0.33842592592592596 0.013541666666666667 0.019444444444444445
3 0.33177083333333335 0.8537037037037037 0.053125 0.12222222222222223
3 0.5268229166666667 0.913425925925926 0.05364583333333333 0.13611111111111113
3 0.5059895833333333 0.762962962962963 0.0453125 0.0962962962962963
3 0.4934895833333333 0.611574074074074 0.033854166666666664 0.06759259259259259
9 0.5765625 0.7518518518518519 0.02395833333333333 0.06296296296296297
1 0.5755208333333334 0.7537037037037038 0.015625 0.03518518518518519
1 0.5924479166666666 0.6657407407407407 0.009895833333333333 0.03518518518518519
9 0.5903645833333333 0.6787037037037037 0.0109375 0.02962962962962963
2 0.546875 0.6435185185185185 0.01875 0.05
1 0.5447916666666667 0.6430555555555556 0.009375 0.028703703703703703
1 0.48541666666666666 0.5444444444444445 0.00625 0.02962962962962963
1 0.48359375 0.5449074074074074 0.0078125 0.028703703703703703
9 0.4828125 0.5555555555555556 0.011458333333333333 0.024074074074074074
1 0.5229166666666667 0.5189814814814815 0.008333333333333333 0.026851851851851852
1 0.5216145833333333 0.5125000000000001 0.0067708333333333336 0.02314814814814815
9 0.5216145833333333 0.5226851851851853 0.0109375 0.019444444444444445
1 0.4635416666666667 0.4935185185185185 0.007291666666666667 0.02777777777777778
9 0.4635416666666667 0.5115740740740741 0.005208333333333333 0.02314814814814815
1 0.46796875 0.5087962962962963 0.0078125 0.025
9 0.46770833333333334 0.5199074074074074 0.00625 0.019444444444444445
1 0.48671875 0.5018518518518519 0.0067708333333333336 0.024074074074074074
9 0.48541666666666666 0.5106481481481482 0.009375 0.019444444444444445
1 0.4953125 0.4962962962962963 0.008333333333333333 0.022222222222222223
9 0.4953125 0.5055555555555555 0.008333333333333333 0.022222222222222223
9 0.5028645833333333 0.49074074074074076 0.01614583333333333 0.02962962962962963
0 0.503125 0.48055555555555557 0.009375 0.022222222222222223
1 0.4747395833333333 0.4287037037037037 0.0046875 0.014814814814814815
9 0.4734375 0.4398148148148148 0.009375 0.024074074074074074
3 0.9278645833333333 0.9037037037037038 0.0828125 0.11851851851851852
3 0.3528645833333333 0.7425925925925926 0.04635416666666667 0.09074074074074075
