3 0.49926470588235294 0.8490196078431372 0.044117647058823525 0.1241830065359477
3 0.5669117647058823 0.7477124183006535 0.03823529411764706 0.1045751633986928
3 0.5110294117647058 0.6915032679738562 0.03529411764705882 0.0915032679738562
3 0.5551470588235294 0.5980392156862745 0.03529411764705882 0.07973856209150326
3 0.5470588235294117 0.5078431372549019 0.032352941176470584 0.0718954248366013
5 0.5047794117647059 0.5444444444444444 0.04779411764705882 0.16601307189542483
3 0.5452205882352941 0.4313725490196078 0.025735294117647058 0.04967320261437908
5 0.50625 0.4418300653594771 0.03161764705882353 0.08104575163398692
3 0.5102941176470588 0.39281045751633986 0.023529411764705882 0.03529411764705882
4 0.5441176470588235 0.3581699346405228 0.023529411764705882 0.054901960784313725
3 0.5102941176470588 0.32418300653594767 0.022058823529411763 0.04183006535947712
3 0.5345588235294118 0.29084967320261434 0.01911764705882353 0.03790849673202614
4 0.5073529411764706 0.26405228758169935 0.01911764705882353 0.04183006535947712
3 0.5297794117647059 0.24640522875816992 0.019852941176470587 0.03529411764705882
3 0.5007352941176471 0.23267973856209148 0.01764705882352941 0.02875816993464052
3 0.5305147058823529 0.20392156862745098 0.016911764705882352 0.02875816993464052
3 0.4716911764705882 0.19477124183006533 0.01838235294117647 0.03660130718954248
3 0.5033088235294118 0.17581699346405227 0.015441176470588236 0.0326797385620915
3 0.5264705882352941 0.1477124183006536 0.014705882352941176 0.0261437908496732
3 0.5055147058823529 0.1522875816993464 0.013970588235294117 0.02222222222222222
3 0.5477941176470588 0.11568627450980391 0.01911764705882353 0.02222222222222222
3 0.4650735294117647 0.10915032679738561 0.013970588235294117 0.027450980392156862
3 0.4636029411764706 0.0915032679738562 0.0125 0.02091503267973856
3 0.48198529411764707 0.08235294117647059 0.0125 0.02091503267973856
3 0.46911764705882353 0.06405228758169934 0.010294117647058823 0.02091503267973856
5 0.5022058823529412 0.08104575163398692 0.01764705882352941 0.065359477124183
1 0.5985294117647059 0.9209150326797385 0.014705882352941176 0.04052287581699346
9 0.5966911764705882 0.9372549019607842 0.015441176470588236 0.06797385620915032
3 0.3452205882352941 0.7470588235294117 0.04338235294117647 0.10326797385620914
3 0.3669117647058823 0.5986928104575163 0.03823529411764706 0.0784313725490196
4 0.3327205882352941 0.5006535947712418 0.05073529411764706 0.06797385620915032
4 0.31580882352941175 0.3183006535947712 0.05955882352941176 0.0457516339869281
3 0.13419117647058823 0.8411764705882352 0.11102941176470588 0.09019607843137255
3 0.16323529411764706 0.7843137254901961 0.1 0.07320261437908496
3 0.1786764705882353 0.7326797385620915 0.09264705882352942 0.06928104575163398
3 0.19522058823529412 0.6830065359477123 0.08455882352941177 0.06143790849673202
3 0.015808823529411764 0.5901960784313726 0.03161764705882353 0.09281045751633986
5 0.1113970588235294 0.3183006535947712 0.08161764705882353 0.05620915032679738
3 0.19779411764705881 0.3287581699346405 0.051470588235294115 0.04052287581699346
4 0.4863970588235294 0.05359477124183006 0.009558823529411765 0.023529411764705882
3 0.5544117647058824 0.056862745098039215 0.025 0.0196078431372549
3 0.5963235294117647 0.06274509803921569 0.022058823529411763 0.01830065359477124
3 0.8481617647058823 0.06339869281045751 0.022794117647058822 0.02222222222222222
3 0.9735294117647059 0.0915032679738562 0.025 0.01830065359477124
3 0.9727941176470588 0.056862745098039215 0.020588235294117647 0.01699346405228758
3 0.99375 0.0895424836601307 0.011029411764705881 0.01437908496732026
3 0.11102941176470588 0.09803921568627451 0.032352941176470584 0.023529411764705882
3 0.1323529411764706 0.08823529411764705 0.029411764705882353 0.02222222222222222
3 0.15514705882352942 0.09738562091503267 0.030882352941176472 0.02222222222222222
3 0.17058823529411765 0.10522875816993463 0.032352941176470584 0.02483660130718954
3 0.17426470588235293 0.0869281045751634 0.030882352941176472 0.02222222222222222
4 0.20147058823529412 0.09411764705882353 0.026470588235294117 0.02875816993464052
3 0.2113970588235294 0.10522875816993463 0.03455882352941177 0.02222222222222222
3 0.21875 0.08823529411764705 0.027205882352941177 0.0196078431372549
3 0.2463235294117647 0.11045751633986928 0.033823529411764704 0.02222222222222222
3 0.2650735294117647 0.10130718954248365 0.03455882352941177 0.0196078431372549
3 0.24926470588235294 0.09346405228758169 0.030882352941176472 0.0196078431372549
3 0.2613970588235294 0.08823529411764705 0.03308823529411765 0.02222222222222222
3 0.3040441176470588 0.1065359477124183 0.027205882352941177 0.02222222222222222
3 0.3110294117647059 0.09934640522875816 0.027941176470588233 0.02091503267973856
3 0.2988970588235294 0.09281045751633986 0.03161764705882353 0.0261437908496732
3 0.3011029411764706 0.08758169934640522 0.030147058823529412 0.02091503267973856
3 0.34852941176470587 0.1045751633986928 0.032352941176470584 0.0261437908496732
4 0.35 0.09477124183006536 0.026470588235294117 0.02483660130718954
3 0.3386029411764706 0.09215686274509803 0.025735294117647058 0.0196078431372549
3 0.3352941176470588 0.08366013071895424 0.025 0.01830065359477124
1 0.3613970588235294 0.31176470588235294 0.006617647058823529 0.02222222222222222
0 0.3669117647058823 0.3150326797385621 0.0058823529411764705 0.03137254901960784
1 0.3779411764705882 0.31437908496732025 0.007352941176470588 0.0196078431372549
1 0.37279411764705883 0.30849673202614375 0.0058823529411764705 0.02091503267973856
1 0.3841911764705882 0.3032679738562091 0.006617647058823529 0.02091503267973856
0 0.38786764705882354 0.29934640522875816 0.006617647058823529 0.03398692810457516
4 0.47205882352941175 0.0326797385620915 0.013235294117647059 0.03660130718954248
3 0.4875 0.03137254901960784 0.010294117647058823 0.01568627450980392
3 0.48419117647058824 0.021568627450980392 0.009558823529411765 0.01699346405228758
3 0.5176470588235293 0.027450980392156862 0.010294117647058823 0.01568627450980392
3 0.5029411764705882 0.01568627450980392 0.008823529411764706 0.01568627450980392
3 0.5077205882352941 0.0065359477124183 0.008088235294117646 0.0130718954248366
3 0.4900735294117647 0.01045751633986928 0.009558823529411765 0.01568627450980392
3 0.4738970588235294 0.00718954248366013 0.008088235294117646 0.01437908496732026
0 0.5161764705882352 0.01437908496732026 0.0029411764705882353 0.01830065359477124
0 0.4588235294117647 0.03464052287581699 0.004411764705882353 0.01699346405228758
