0 0.8921875 0.7935185185185185 0.030208333333333334 0.20925925925925926
0 0.80859375 0.8120370370370371 0.0421875 0.1814814814814815
0 0.7947916666666667 0.6986111111111112 0.03229166666666666 0.125
0 0.6541666666666667 0.8180555555555555 0.027083333333333334 0.1638888888888889
0 0.5716145833333334 0.7675925925925926 0.030729166666666665 0.15925925925925927
0 0.7614583333333333 0.9564814814814815 0.04375 0.08518518518518518
0 0.8072916666666666 0.9550925925925926 0.04479166666666667 0.08796296296296297
0 0.5161458333333333 0.962037037037037 0.04375 0.07407407407407407
0 0.46041666666666664 0.9495370370370371 0.05625 0.09907407407407408
0 0.5364583333333334 0.8712962962962963 0.0375 0.17592592592592593
0 0.5015625 0.8541666666666667 0.03333333333333333 0.18981481481481483
0 0.5375 0.7861111111111111 0.0375 0.14444444444444446
0 0.48723958333333334 0.7824074074074074 0.028645833333333332 0.14444444444444446
0 0.45338541666666665 0.7810185185185186 0.028645833333333332 0.14351851851851852
0 0.45286458333333335 0.7268518518518519 0.0203125 0.11851851851851852
0 0.4171875 0.7351851851851852 0.021875 0.11111111111111112
0 0.6059895833333333 0.7111111111111111 0.0171875 0.10740740740740741
0 0.58125 0.6990740740740741 0.01875 0.10925925925925926
0 0.5546875 0.7097222222222223 0.02395833333333333 0.11203703703703705
0 0.4153645833333333 0.6416666666666667 0.0171875 0.08148148148148149
0 0.3953125 0.6365740740740741 0.015625 0.09166666666666667
0 0.5403645833333334 0.6333333333333333 0.015104166666666667 0.07592592592592592
0 0.5604166666666667 0.6319444444444444 0.014583333333333334 0.09537037037037037
0 0.5885416666666666 0.6351851851851852 0.014583333333333334 0.08148148148148149
0 0.678125 0.5856481481481481 0.015625 0.08055555555555556
0 0.6609375 0.5851851851851853 0.011458333333333333 0.07592592592592592
1 0.0640625 0.637962962962963 0.022916666666666665 0.05740740740740741
0 0.1328125 0.6555555555555556 0.022916666666666665 0.0962962962962963
0 0.14661458333333333 0.6574074074074074 0.025520833333333333 0.09074074074074075
0 0.22109375 0.6439814814814815 0.01614583333333333 0.09166666666666667
0 0.2421875 0.6435185185185185 0.017708333333333333 0.0925925925925926
0 0.25234375 0.625462962962963 0.013020833333333334 0.0787037037037037
0 0.21354166666666666 0.5962962962962963 0.0125 0.06481481481481481
0 0.22213541666666667 0.5990740740740741 0.009895833333333333 0.05740740740740741
0 0.14973958333333334 0.6277777777777778 0.0203125 0.08518518518518518
1 0.18177083333333333 0.6037037037037037 0.014583333333333334 0.04814814814814815
1 0.1703125 0.6060185185185185 0.014583333333333334 0.04722222222222222
1 0.16223958333333333 0.6087962962962963 0.01614583333333333 0.04722222222222222
1 0.17864583333333334 0.5689814814814815 0.014583333333333334 0.05462962962962963
1 0.1890625 0.5652777777777778 0.016666666666666666 0.03796296296296296
1 0.19166666666666665 0.5592592592592592 0.0125 0.037037037037037035
1 0.19791666666666666 0.5592592592592592 0.011458333333333333 0.03518518518518519
4 0.21744791666666666 0.55 0.05260416666666667 0.044444444444444446
0 0.2872395833333333 0.5402777777777777 0.009895833333333333 0.03796296296296296
0 0.2934895833333333 0.5458333333333334 0.005729166666666666 0.032407407407407406
0 0.29921875 0.5476851851851852 0.005729166666666666 0.030555555555555558
0 0.3190104166666667 0.5597222222222222 0.011979166666666666 0.04722222222222222
0 0.34921875 0.5601851851851852 0.0078125 0.044444444444444446
0 0.3640625 0.5583333333333333 0.007291666666666667 0.044444444444444446
0 0.37421875 0.5583333333333333 0.0078125 0.044444444444444446
0 0.3809895833333333 0.5935185185185186 0.0109375 0.06851851851851852
1 0.3833333333333333 0.6111111111111112 0.015625 0.040740740740740744
1 0.39036458333333335 0.6050925925925926 0.011979166666666666 0.04351851851851852
0 0.409375 0.5736111111111112 0.0125 0.04351851851851852
0 0.4166666666666667 0.5745370370370371 0.007291666666666667 0.04722222222222222
0 0.4341145833333333 0.5745370370370371 0.0078125 0.05462962962962963
0 0.4322916666666667 0.5736111111111112 0.00625 0.05277777777777778
0 0.44687499999999997 0.5875 0.009375 0.04537037037037037
0 0.45468749999999997 0.5837962962962964 0.007291666666666667 0.05462962962962963
0 0.4630208333333333 0.5856481481481481 0.008333333333333333 0.05462962962962963
1 0.4770833333333333 0.5930555555555556 0.0125 0.05092592592592593
2 0.47604166666666664 0.6055555555555556 0.013541666666666667 0.03888888888888889
0 0.51171875 0.5888888888888889 0.009895833333333333 0.05555555555555556
0 0.5177083333333333 0.587962962962963 0.009375 0.05925925925925926
0 0.5309895833333333 0.5814814814814815 0.008854166666666666 0.04814814814814815
0 0.5403645833333334 0.5819444444444445 0.009895833333333333 0.05277777777777778
0 0.5489583333333333 0.5861111111111111 0.0125 0.05
0 0.5497395833333333 0.5787037037037037 0.008854166666666666 0.0462962962962963
0 0.55859375 0.5824074074074075 0.0109375 0.05
0 0.5697916666666667 0.5462962962962963 0.005208333333333333 0.037037037037037035
0 0.56796875 0.5208333333333334 0.005729166666666666 0.026851851851851852
0 0.5747395833333333 0.5444444444444445 0.0046875 0.037037037037037035
0 0.5809895833333333 0.5444444444444445 0.0067708333333333336 0.03333333333333333
3 0.6130208333333333 0.5462962962962963 0.058333333333333334 0.03518518518518519
3 0.6255208333333333 0.5625 0.03958333333333333 0.04351851851851852
0 0.5041666666666667 0.549074074074074 0.007291666666666667 0.040740740740740744
0 0.5091145833333334 0.5509259259259259 0.0067708333333333336 0.031481481481481485
0 0.51796875 0.5472222222222223 0.0078125 0.03518518518518519
0 0.5346354166666667 0.5680555555555555 0.0067708333333333336 0.04166666666666667
0 0.46979166666666666 0.5685185185185185 0.008333333333333333 0.044444444444444446
0 0.4822916666666667 0.5703703703703704 0.010416666666666666 0.04814814814814815
0 0.49166666666666664 0.5268518518518519 0.005208333333333333 0.02777777777777778
0 0.3546875 0.5583333333333333 0.00625 0.04259259259259259
0 0.39609375 0.538425925925926 0.0046875 0.030555555555555558
0 0.4010416666666667 0.5351851851851852 0.005208333333333333 0.031481481481481485
0 0.40729166666666666 0.5310185185185186 0.005208333333333333 0.026851851851851852
0 0.41171874999999997 0.525462962962963 0.0046875 0.028703703703703703
0 0.4153645833333333 0.5263888888888889 0.0046875 0.026851851851851852
0 0.41354166666666664 0.5060185185185185 0.004166666666666667 0.021296296296296296
1 0.3966145833333333 0.5212962962962964 0.0036458333333333334 0.022222222222222223
0 0.4635416666666667 0.5513888888888889 0.00625 0.03981481481481482
0 0.46979166666666666 0.5518518518518519 0.007291666666666667 0.037037037037037035
0 0.4203125 0.5055555555555555 0.003125 0.016666666666666666
0 0.3880208333333333 0.5277777777777778 0.004166666666666667 0.02592592592592593
