2 0.17169117647058824 0.968627450980392 0.006617647058823529 0.03398692810457516
1 0.13566176470588234 0.9640522875816993 0.008088235294117646 0.01699346405228758
6 0.13088235294117648 0.937908496732026 0.014705882352941176 0.03529411764705882
3 0.2786764705882353 0.9692810457516339 0.05 0.058823529411764705
3 0.2625 0.9156862745098039 0.04852941176470588 0.07712418300653594
3 0.23455882352941176 0.8607843137254901 0.045588235294117645 0.08235294117647059
3 0.20735294117647057 0.8235294117647058 0.044117647058823525 0.08366013071895424
3 0.10183823529411765 0.7104575163398692 0.0375 0.09542483660130718
3 0.08125 0.33660130718954245 0.03455882352941177 0.08758169934640522
3 0.12316176470588235 0.3457516339869281 0.04044117647058824 0.08235294117647059
1 0.1889705882352941 0.396078431372549 0.008823529411764706 0.01568627450980392
1 0.1948529411764706 0.3941176470588235 0.0058823529411764705 0.011764705882352941
9 0.19191176470588234 0.39673202614379083 0.014705882352941176 0.0196078431372549
3 0.25183823529411764 0.38627450980392153 0.04779411764705882 0.06405228758169934
1 0.2731617647058823 0.3111111111111111 0.009558823529411765 0.01568627450980392
9 0.27352941176470585 0.31241830065359477 0.01764705882352941 0.01568627450980392
3 0.1577205882352941 0.2699346405228758 0.04338235294117647 0.06666666666666667
3 0.17573529411764705 0.23398692810457514 0.04264705882352941 0.07581699346405228
0 0.25 0.20849673202614377 0.0058823529411764705 0.011764705882352941
0 0.2389705882352941 0.21176470588235294 0.008823529411764706 0.01568627450980392
0 0.2323529411764706 0.22026143790849673 0.010294117647058823 0.01437908496732026
0 0.23419117647058824 0.2156862745098039 0.011029411764705881 0.01568627450980392
1 0.21948529411764706 0.19607843137254902 0.005147058823529412 0.0130718954248366
3 0.22095588235294117 0.1764705882352941 0.04191176470588235 0.07058823529411765
3 0.2426470588235294 0.1437908496732026 0.045588235294117645 0.07581699346405228
3 0.2610294117647059 0.11045751633986928 0.047058823529411764 0.07973856209150326
3 0.28125 0.07908496732026143 0.04338235294117647 0.07712418300653594
0 0.31875 0.06993464052287582 0.006617647058823529 0.0196078431372549
0 0.30625 0.0673202614379085 0.006617647058823529 0.0196078431372549
0 0.31213235294117647 0.07450980392156863 0.008088235294117646 0.0130718954248366
1 0.37720588235294117 0.10718954248366012 0.007352941176470588 0.01830065359477124
1 0.3886029411764706 0.10130718954248365 0.008088235294117646 0.01699346405228758
9 0.37720588235294117 0.10980392156862745 0.007352941176470588 0.02875816993464052
9 0.3889705882352941 0.10718954248366012 0.007352941176470588 0.0261437908496732
9 0.5761029411764705 0.12745098039215685 0.0125 0.027450980392156862
9 0.5941176470588235 0.0915032679738562 0.013235294117647059 0.03398692810457516
1 0.5761029411764705 0.12549019607843137 0.006617647058823529 0.01830065359477124
1 0.5948529411764706 0.0895424836601307 0.007352941176470588 0.0196078431372549
1 0.7636029411764705 0.534640522875817 0.009558823529411765 0.01568627450980392
2 0.7628676470588235 0.5352941176470588 0.013970588235294117 0.02483660130718954
0 0.7775735294117647 0.7235294117647059 0.011029411764705881 0.01437908496732026
4 0.7400735294117647 0.9816993464052287 0.04779411764705882 0.03398692810457516
3 0.7613970588235294 0.9568627450980391 0.05073529411764706 0.06274509803921569
3 0.7735294117647059 0.8928104575163398 0.047058823529411764 0.07581699346405228
4 0.6974264705882353 0.7738562091503267 0.0375 0.07581699346405228
0 0.9161764705882353 0.818954248366013 0.014705882352941176 0.011764705882352941
3 0.8272058823529411 0.7875816993464052 0.047058823529411764 0.0718954248366013
3 0.8606617647058823 0.7261437908496732 0.04191176470588235 0.0849673202614379
3 0.9466911764705882 0.7555555555555555 0.027205882352941177 0.0784313725490196
3 0.9801470588235294 0.7542483660130719 0.03529411764705882 0.09673202614379084
3 0.8683823529411765 0.6084967320261437 0.05 0.050980392156862744
3 0.8459558823529412 0.5143790849673202 0.04926470588235294 0.0457516339869281
3 0.6672794117647058 0.02483660130718954 0.04485294117647059 0.04967320261437908
3 0.6827205882352941 0.05816993464052287 0.04485294117647059 0.07712418300653594
3 0.6911764705882353 0.11241830065359476 0.04264705882352941 0.07320261437908496
3 0.711764705882353 0.1457516339869281 0.04852941176470588 0.07712418300653594
3 0.7415441176470589 0.18627450980392155 0.04779411764705882 0.07712418300653594
3 0.7779411764705882 0.23594771241830065 0.039705882352941174 0.0718954248366013
0 0.7466911764705882 0.3908496732026144 0.011029411764705881 0.01568627450980392
0 0.7830882352941176 0.38888888888888884 0.010294117647058823 0.01437908496732026
3 0.7779411764705882 0.3431372549019608 0.047058823529411764 0.07450980392156863
5 0.7169117647058824 0.265359477124183 0.057352941176470586 0.07581699346405228
1 0.8643382352941177 0.46535947712418296 0.005147058823529412 0.0130718954248366
1 0.8665441176470589 0.4666666666666666 0.008088235294117646 0.01568627450980392
9 0.8613970588235293 0.46535947712418296 0.02426470588235294 0.01568627450980392
0 0.9588235294117647 0.3156862745098039 0.010294117647058823 0.01437908496732026
3 0.9904411764705883 0.3588235294117647 0.01764705882352941 0.08235294117647059
3 0.9330882352941177 0.34117647058823525 0.032352941176470584 0.09673202614379084
3 0.8977941176470589 0.3352941176470588 0.029411764705882353 0.09019607843137255
3 0.8628676470588236 0.322875816993464 0.028676470588235293 0.0915032679738562
6 0.8044117647058824 0.25816993464052285 0.020588235294117647 0.05620915032679738
9 0.8496323529411764 0.25359477124183005 0.016911764705882352 0.01568627450980392
9 0.8378676470588236 0.23137254901960783 0.015441176470588236 0.03137254901960784
9 0.8290441176470588 0.2156862745098039 0.016911764705882352 0.01830065359477124
9 0.8165441176470588 0.1980392156862745 0.011029411764705881 0.02222222222222222
9 0.8231617647058823 0.2006535947712418 0.0125 0.02222222222222222
2 0.7878676470588235 0.17777777777777776 0.0125 0.0261437908496732
2 0.8069852941176471 0.17777777777777776 0.009558823529411765 0.02091503267973856
9 0.8029411764705883 0.16405228758169935 0.014705882352941176 0.02222222222222222
9 0.7981617647058823 0.1522875816993464 0.009558823529411765 0.02222222222222222
9 0.7904411764705882 0.14640522875816991 0.011764705882352941 0.0261437908496732
9 0.7834558823529412 0.13660130718954247 0.015441176470588236 0.02222222222222222
2 0.7691176470588236 0.13202614379084968 0.016176470588235292 0.01568627450980392
9 0.7595588235294117 0.130718954248366 0.011764705882352941 0.02091503267973856
9 0.7595588235294117 0.09084967320261438 0.014705882352941176 0.02483660130718954
9 0.7540441176470588 0.0784313725490196 0.0125 0.0261437908496732
9 0.7481617647058824 0.06666666666666667 0.013970588235294117 0.023529411764705882
9 0.7426470588235294 0.05751633986928104 0.013235294117647059 0.0261437908496732
