3 0.4895833333333333 0.8578703703703704 0.046875 0.12314814814814816
3 0.5341145833333333 0.5273148148148148 0.0234375 0.03981481481481482
1 0.5916666666666667 0.8222222222222223 0.014583333333333334 0.037037037037037035
1 0.59296875 0.8125 0.0140625 0.028703703703703703
1 0.61484375 0.8805555555555555 0.0140625 0.02962962962962963
1 0.63671875 0.8203703703703704 0.0109375 0.03333333333333333
1 0.63984375 0.837037037037037 0.009895833333333333 0.022222222222222223
9 0.4479166666666667 0.5935185185185186 0.0125 0.0462962962962963
1 0.60546875 0.5912037037037037 0.0140625 0.036111111111111115
9 0.5385416666666667 0.47361111111111115 0.005208333333333333 0.017592592592592594
1 0.5385416666666667 0.4666666666666667 0.004166666666666667 0.018518518518518517
0 0.5598958333333334 0.45740740740740743 0.00625 0.02592592592592593
3 0.5541666666666667 0.425 0.017708333333333333 0.022222222222222223
0 0.5684895833333333 0.46435185185185185 0.0046875 0.021296296296296296
0 0.5734375 0.45833333333333337 0.005208333333333333 0.018518518518518517
3 0.5216145833333333 0.3375 0.0140625 0.025
9 0.5760416666666667 0.6069444444444445 0.00625 0.025
1 0.5760416666666667 0.5972222222222222 0.005208333333333333 0.024074074074074074
