9 0.5322916666666666 0.6935185185185185 0.014583333333333334 0.0462962962962963
9 0.5130208333333334 0.6583333333333333 0.011458333333333333 0.05
9 0.5020833333333333 0.5944444444444444 0.010416666666666666 0.037037037037037035
9 0.5729166666666666 0.5305555555555556 0.022916666666666665 0.024074074074074074
9 0.41822916666666665 0.637962962962963 0.011458333333333333 0.04259259259259259
9 0.33697916666666666 0.3092592592592593 0.017708333333333333 0.02592592592592593
9 0.3776041666666667 0.325 0.017708333333333333 0.020370370370370372
9 0.4083333333333333 0.3703703703703704 0.008333333333333333 0.022222222222222223
9 0.4609375 0.40092592592592596 0.007291666666666667 0.024074074074074074
9 0.4901041666666667 0.37592592592592594 0.011458333333333333 0.018518518518518517
9 0.5041666666666667 0.36574074074074076 0.00625 0.020370370370370372
9 0.5229166666666667 0.36944444444444446 0.008333333333333333 0.024074074074074074
9 0.534375 0.3601851851851852 0.00625 0.020370370370370372
9 0.515625 0.3425925925925926 0.00625 0.018518518518518517
7 0.5015625 0.3194444444444445 0.009375 0.024074074074074074
9 0.4942708333333333 0.3037037037037037 0.007291666666666667 0.018518518518518517
9 0.47291666666666665 0.2796296296296296 0.00625 0.018518518518518517
9 0.56875 0.26666666666666666 0.00625 0.014814814814814815
2 0.5786458333333333 0.32407407407407407 0.005208333333333333 0.018518518518518517
3 0.2760416666666667 0.46481481481481485 0.058333333333333334 0.05185185185185186
3 0.28854166666666664 0.4416666666666667 0.05 0.0462962962962963
4 0.5072916666666667 0.26666666666666666 0.014583333333333334 0.037037037037037035
3 0.5109375 0.24351851851851852 0.013541666666666667 0.024074074074074074
3 0.5109375 0.22962962962962963 0.011458333333333333 0.022222222222222223
3 0.5067708333333333 0.21203703703703705 0.013541666666666667 0.020370370370370372
3 0.5052083333333334 0.1925925925925926 0.014583333333333334 0.018518518518518517
3 0.5041666666666667 0.17962962962962964 0.0125 0.014814814814814815
3 0.5067708333333333 0.1675925925925926 0.011458333333333333 0.016666666666666666
8 0.5375 0.22962962962962963 0.016666666666666666 0.05925925925925926
3 0.5302083333333333 0.20462962962962963 0.010416666666666666 0.020370370370370372
3 0.55 0.32037037037037036 0.01875 0.02962962962962963
3 0.5598958333333334 0.3564814814814815 0.019791666666666666 0.031481481481481485
3 0.48125 0.7416666666666667 0.04375 0.10925925925925926
3 0.3984375 0.2638888888888889 0.021875 0.024074074074074074
3 0.44114583333333335 0.25462962962962965 0.026041666666666668 0.02777777777777778
4 0.4510416666666667 0.23796296296296296 0.0125 0.031481481481481485
3 0.4223958333333333 0.22314814814814815 0.015625 0.020370370370370372
7 0.678125 0.337037037037037 0.027083333333333334 0.02962962962962963
7 0.6494791666666666 0.32037037037037036 0.02395833333333333 0.037037037037037035
7 0.6260416666666666 0.31203703703703706 0.022916666666666665 0.031481481481481485
7 0.5932291666666667 0.30092592592592593 0.013541666666666667 0.031481481481481485
7 0.6151041666666667 0.3055555555555556 0.019791666666666666 0.03333333333333333
3 0.6333333333333333 0.23333333333333334 0.027083333333333334 0.022222222222222223
7 0.1828125 0.6990740740740741 0.059375 0.07962962962962963
7 0.24635416666666665 0.6435185185185185 0.03229166666666666 0.061111111111111116
7 0.1921875 0.612037037037037 0.071875 0.06851851851851852
9 0.1265625 0.5527777777777778 0.02395833333333333 0.02777777777777778
3 0.0640625 0.5064814814814815 0.042708333333333334 0.05
1 0.3796875 0.31851851851851853 0.007291666666666667 0.022222222222222223
1 0.3765625 0.3194444444444445 0.007291666666666667 0.020370370370370372
1 0.40729166666666666 0.3592592592592593 0.00625 0.02592592592592593
1 0.46041666666666664 0.3907407407407408 0.00625 0.02592592592592593
1 0.5682291666666667 0.25833333333333336 0.005208333333333333 0.016666666666666666
1 0.5796875 0.31574074074074077 0.005208333333333333 0.024074074074074074
1 0.5322916666666666 0.35000000000000003 0.00625 0.018518518518518517
1 0.5166666666666666 0.33055555555555555 0.008333333333333333 0.016666666666666666
1 0.5223958333333333 0.3601851851851852 0.005208333333333333 0.020370370370370372
1 0.5041666666666667 0.35462962962962963 0.00625 0.020370370370370372
1 0.4895833333333333 0.36574074074074076 0.008333333333333333 0.024074074074074074
1 0.5010416666666666 0.3175925925925926 0.00625 0.024074074074074074
1 0.49374999999999997 0.29444444444444445 0.00625 0.018518518518518517
1 0.4166666666666667 0.625 0.008333333333333333 0.031481481481481485
1 0.5015625 0.5833333333333334 0.009375 0.03333333333333333
1 0.5140625 0.6462962962962964 0.009375 0.02962962962962963
1 0.5307291666666667 0.6824074074074075 0.011458333333333333 0.0462962962962963
1 0.5723958333333333 0.5222222222222223 0.009375 0.02592592592592593
0 0.2984375 0.9425925925925926 0.011458333333333333 0.05925925925925926
9 0.3854166666666667 0.9518518518518518 0.020833333333333332 0.05925925925925926
1 0.3854166666666667 0.937962962962963 0.014583333333333334 0.05740740740740741
6 0.11510416666666666 0.6111111111111112 0.042708333333333334 0.05555555555555556
1 0.6869791666666667 0.4027777777777778 0.011458333333333333 0.03518518518518519
9 0.6885416666666666 0.41111111111111115 0.022916666666666665 0.02962962962962963
1 0.3359375 0.3055555555555556 0.009375 0.022222222222222223
1 0.12343749999999999 0.5398148148148149 0.009375 0.03518518518518519
1 0.4734375 0.27222222222222225 0.007291666666666667 0.018518518518518517
3 0.6151041666666667 0.9296296296296297 0.06145833333333333 0.12592592592592594
