7 0.4227941176470588 0.8993464052287581 0.03529411764705882 0.1437908496732026
4 0.4415441176470588 0.6137254901960784 0.03897058823529412 0.10849673202614378
3 0.49963235294117647 0.29934640522875816 0.016911764705882352 0.03398692810457516
3 0.4430147058823529 0.3326797385620915 0.019852941176470587 0.03529411764705882
0 0.5216911764705883 0.23202614379084965 0.006617647058823529 0.0196078431372549
0 0.5073529411764706 0.23398692810457514 0.004411764705882353 0.02091503267973856
0 0.5051470588235294 0.23398692810457514 0.004411764705882353 0.02091503267973856
0 0.4904411764705882 0.23398692810457514 0.0058823529411764705 0.02091503267973856
4 0.46102941176470585 0.2156862745098039 0.010294117647058823 0.023529411764705882
0 0.46286764705882355 0.23267973856209148 0.003676470588235294 0.02091503267973856
0 0.46875 0.230718954248366 0.003676470588235294 0.02222222222222222
3 0.4875 0.1980392156862745 0.010294117647058823 0.01699346405228758
1 0.5430147058823529 0.20849673202614377 0.003676470588235294 0.00915032679738562
9 0.5426470588235294 0.21503267973856208 0.004411764705882353 0.00915032679738562
6 0.5246323529411765 0.17320261437908496 0.005147058823529412 0.01437908496732026
3 0.49338235294117644 0.1764705882352941 0.007352941176470588 0.01568627450980392
3 0.4930147058823529 0.15424836601307187 0.006617647058823529 0.0130718954248366
3 0.5268382352941177 0.14901960784313725 0.005147058823529412 0.01045751633986928
3 0.49522058823529413 0.1372549019607843 0.006617647058823529 0.00784313725490196
3 0.47463235294117645 0.1522875816993464 0.008088235294117646 0.00915032679738562
8 0.49117647058823527 0.12810457516339868 0.007352941176470588 0.01568627450980392
3 0.4834558823529412 0.12549019607843137 0.005147058823529412 0.00784313725490196
6 0.4801470588235294 0.13921568627450978 0.004411764705882353 0.011764705882352941
4 0.59375 0.55359477124183 0.04485294117647059 0.09542483660130718
4 0.6775735294117647 0.5261437908496732 0.05220588235294118 0.07712418300653594
4 0.7213235294117647 0.6241830065359477 0.061764705882352944 0.09803921568627451
4 0.7658088235294117 0.3627450980392157 0.04485294117647059 0.043137254901960784
0 0.7702205882352942 0.3222222222222222 0.008088235294117646 0.03006535947712418
0 0.8327205882352942 0.36928104575163395 0.006617647058823529 0.03006535947712418
4 0.7503676470588235 0.3398692810457516 0.03455882352941177 0.03398692810457516
0 0.7830882352941176 0.2594771241830065 0.0029411764705882353 0.02222222222222222
0 0.8154411764705882 0.2718954248366013 0.0058823529411764705 0.02091503267973856
1 0.7970588235294117 0.2620915032679738 0.007352941176470588 0.0196078431372549
1 0.7900735294117647 0.26078431372549016 0.003676470588235294 0.0196078431372549
3 0.7919117647058823 0.2875816993464052 0.03823529411764706 0.02875816993464052
3 0.8088235294117647 0.2980392156862745 0.03823529411764706 0.023529411764705882
3 0.8102941176470588 0.3071895424836601 0.03676470588235294 0.0261437908496732
3 0.8275735294117647 0.31633986928104574 0.04926470588235294 0.02875816993464052
0 0.8463235294117647 0.3398692810457516 0.0058823529411764705 0.02875816993464052
3 0.8775735294117647 0.3503267973856209 0.05220588235294118 0.03660130718954248
4 0.8974264705882353 0.3764705882352941 0.06544117647058824 0.04967320261437908
0 0.9121323529411764 0.418954248366013 0.009558823529411765 0.03790849673202614
3 0.961764705882353 0.41960784313725485 0.057352941176470586 0.0392156862745098
0 0.9536764705882352 0.3503267973856209 0.007352941176470588 0.03660130718954248
0 0.9562499999999999 0.3529411764705882 0.006617647058823529 0.03137254901960784
0 0.9036764705882353 0.32156862745098036 0.007352941176470588 0.03137254901960784
3 0.6036764705882353 0.3483660130718954 0.025 0.0326797385620915
3 0.37536764705882353 0.22026143790849673 0.025735294117647058 0.0196078431372549
3 0.3676470588235294 0.22156862745098038 0.025 0.01437908496732026
3 0.3625 0.22352941176470587 0.025 0.0130718954248366
3 0.3915441176470588 0.18562091503267972 0.022794117647058822 0.0130718954248366
3 0.41470588235294115 0.1503267973856209 0.01764705882352941 0.0130718954248366
3 0.44816176470588237 0.1372549019607843 0.006617647058823529 0.0130718954248366
3 0.43676470588235294 0.1588235294117647 0.007352941176470588 0.011764705882352941
3 0.5088235294117647 0.11699346405228757 0.0029411764705882353 0.0065359477124183
3 0.48566176470588235 0.11830065359477124 0.003676470588235294 0.0065359477124183
0 0.5459558823529411 0.19869281045751633 0.0022058823529411764 0.01568627450980392
