2 0.8676470588235294 0.05816993464052287 0.020588235294117647 0.03529411764705882
2 0.8466911764705882 0.06862745098039215 0.030147058823529412 0.027450980392156862
3 0.8959558823529412 0.8313725490196078 0.15808823529411764 0.12549019607843137
1 0.725 0.9294117647058823 0.027941176470588233 0.06797385620915032
9 0.7242647058823529 0.9477124183006536 0.055882352941176466 0.07058823529411765
1 0.6261029411764706 0.6032679738562091 0.016911764705882352 0.06143790849673202
2 0.6264705882352941 0.6052287581699346 0.047058823529411764 0.054901960784313725
3 0.600735294117647 0.6640522875816993 0.12205882352941176 0.11764705882352941
3 0.4474264705882353 0.4163398692810457 0.04779411764705882 0.1111111111111111
3 0.02389705882352941 0.46732026143790845 0.04926470588235294 0.08235294117647059
3 0.20330882352941176 0.6398692810457516 0.0801470588235294 0.17124183006535945
4 0.2757352941176471 0.6405228758169934 0.075 0.19346405228758168
1 0.3069852941176471 0.2620915032679738 0.019852941176470587 0.05620915032679738
1 0.5966911764705882 0.6699346405228758 0.019852941176470587 0.04836601307189542
6 0.31286764705882353 0.2718954248366013 0.03161764705882353 0.06797385620915032
7 0.31691176470588234 0.4183006535947712 0.052941176470588235 0.10718954248366012
7 0.24669117647058822 0.47320261437908495 0.05073529411764706 0.10196078431372549
3 0.13676470588235293 0.2869281045751634 0.03529411764705882 0.0718954248366013
4 0.37426470588235294 0.2156862745098039 0.045588235294117645 0.10718954248366012
1 0.37830882352941175 0.22156862745098038 0.0125 0.03790849673202614
3 0.3452205882352941 0.12810457516339868 0.04338235294117647 0.07581699346405228
3 0.40036764705882355 0.11568627450980391 0.03602941176470588 0.07712418300653594
3 0.41470588235294115 0.04967320261437908 0.032352941176470584 0.06013071895424836
9 0.3099264705882353 0.03464052287581699 0.015441176470588236 0.0326797385620915
0 0.3558823529411765 0.02483660130718954 0.010294117647058823 0.0392156862745098
9 0.35441176470588237 0.03986928104575163 0.01764705882352941 0.04052287581699346
