3 0.5622395833333333 0.962962962962963 0.05572916666666666 0.06851851851851852
3 0.55546875 0.7435185185185186 0.0390625 0.08333333333333334
3 0.48854166666666665 0.7398148148148148 0.040625 0.08518518518518518
3 0.4796875 0.5805555555555556 0.029166666666666667 0.05185185185185186
3 0.5510416666666667 0.5671296296296297 0.029166666666666667 0.05092592592592593
4 0.5291666666666667 0.4898148148148148 0.022916666666666665 0.05925925925925926
5 0.5098958333333333 0.3837962962962963 0.029166666666666667 0.07314814814814816
3 0.5690104166666666 0.425 0.030729166666666665 0.031481481481481485
0 0.5747395833333333 0.4430555555555556 0.0046875 0.026851851851851852
0 0.5872395833333334 0.44351851851851853 0.0078125 0.02777777777777778
4 0.6666666666666666 0.39305555555555555 0.03229166666666666 0.030555555555555558
4 0.8596354166666667 0.42314814814814816 0.04114583333333333 0.02962962962962963
3 0.8361979166666667 0.4083333333333333 0.04114583333333333 0.02777777777777778
4 0.7953125 0.41111111111111115 0.03854166666666667 0.031481481481481485
3 0.7736979166666667 0.40092592592592596 0.034895833333333334 0.020370370370370372
3 0.72421875 0.4013888888888889 0.0390625 0.025
3 0.7122395833333334 0.3925925925925926 0.0359375 0.020370370370370372
5 0.6109375 0.36203703703703705 0.07291666666666667 0.05185185185185186
1 0.53359375 0.34814814814814815 0.0046875 0.018518518518518517
9 0.5328125 0.3523148148148148 0.010416666666666666 0.012037037037037037
1 0.5098958333333333 0.34120370370370373 0.008333333333333333 0.01388888888888889
1 0.5091145833333334 0.337037037037037 0.0036458333333333334 0.018518518518518517
3 0.48984374999999997 0.3703703703703704 0.015104166666666667 0.022222222222222223
1 0.4927083333333333 0.3282407407407408 0.004166666666666667 0.015740740740740743
2 0.4927083333333333 0.33240740740740743 0.004166666666666667 0.012962962962962964
4 0.4510416666666667 0.36064814814814816 0.01875 0.028703703703703703
3 0.45598958333333334 0.337037037037037 0.0140625 0.018518518518518517
3 0.44375 0.31851851851851853 0.0125 0.016666666666666666
3 0.45286458333333335 0.30092592592592593 0.011979166666666666 0.016666666666666666
3 0.44088541666666664 0.2898148148148148 0.009895833333333333 0.014814814814814815
3 0.4354166666666667 0.3023148148148148 0.0125 0.019444444444444445
3 0.4109375 0.26851851851851855 0.011458333333333333 0.011111111111111112
4 0.4028645833333333 0.2833333333333333 0.0109375 0.018518518518518517
3 0.3854166666666667 0.26805555555555555 0.011458333333333333 0.01388888888888889
3 0.3885416666666667 0.3078703703703704 0.0125 0.019444444444444445
3 0.39296875 0.33240740740740743 0.0140625 0.018518518518518517
3 0.4015625 0.3699074074074074 0.016666666666666666 0.025
5 0.4046875 0.3976851851851852 0.019791666666666666 0.049074074074074076
5 0.42161458333333335 0.33611111111111114 0.0234375 0.05
3 0.4161458333333333 0.3138888888888889 0.011458333333333333 0.018518518518518517
3 0.4122395833333333 0.3 0.011979166666666666 0.016666666666666666
1 0.4270833333333333 0.2611111111111111 0.003125 0.007407407407407408
9 0.4270833333333333 0.2662037037037037 0.003125 0.006481481481481482
4 0.35546875 0.2916666666666667 0.021354166666666667 0.016666666666666666
3 0.37421875 0.274537037037037 0.0109375 0.01388888888888889
3 0.35859375 0.2476851851851852 0.008854166666666666 0.012037037037037037
3 0.36484375 0.24166666666666667 0.009895833333333333 0.009259259259259259
3 0.36354166666666665 0.2351851851851852 0.008333333333333333 0.007407407407407408
3 0.34791666666666665 0.2337962962962963 0.008333333333333333 0.008333333333333333
3 0.33229166666666665 0.21851851851851853 0.007291666666666667 0.007407407407407408
3 0.3346354166666667 0.23333333333333334 0.008854166666666666 0.009259259259259259
3 0.33177083333333335 0.3439814814814815 0.026041666666666668 0.025
1 0.3559895833333333 0.3648148148148148 0.005729166666666666 0.016666666666666666
2 0.3572916666666667 0.37083333333333335 0.008333333333333333 0.010185185185185186
3 0.39348958333333334 0.5083333333333333 0.024479166666666666 0.044444444444444446
3 0.6822916666666666 0.2569444444444445 0.007291666666666667 0.01388888888888889
3 0.68984375 0.2537037037037037 0.0140625 0.012962962962962964
3 0.7177083333333333 0.2851851851851852 0.003125 0.012962962962962964
2 0.7229166666666667 0.29305555555555557 0.005208333333333333 0.015740740740740743
3 0.2947916666666667 0.33472222222222225 0.026041666666666668 0.019444444444444445
3 0.2635416666666667 0.33611111111111114 0.027083333333333334 0.022222222222222223
3 0.23359375 0.3087962962962963 0.019270833333333334 0.017592592592592594
4 0.20989583333333334 0.26203703703703707 0.007291666666666667 0.016666666666666666
0 0.20416666666666666 0.26157407407407407 0.003125 0.015740740740740743
