4 0.7948529411764705 0.8562091503267973 0.12205882352941176 0.2849673202614379
3 0.8852941176470588 0.5777777777777777 0.14705882352941177 0.12549019607843137
3 0.9426470588235294 0.6830065359477123 0.11323529411764706 0.1503267973856209
0 0.8937499999999999 0.761437908496732 0.03161764705882353 0.09542483660130718
1 0.6625 0.665359477124183 0.026470588235294117 0.07581699346405228
1 0.6698529411764705 0.6581699346405229 0.025 0.09542483660130718
9 0.6713235294117647 0.6718954248366013 0.041176470588235294 0.07581699346405228
1 0.6757352941176471 0.7496732026143791 0.027941176470588233 0.08235294117647059
6 0.6823529411764706 0.796078431372549 0.05 0.15163398692810456
1 0.6022058823529411 0.8196078431372549 0.03676470588235294 0.12287581699346405
9 0.6011029411764706 0.8287581699346405 0.03897058823529412 0.11241830065359476
0 0.5136029411764705 0.6862745098039216 0.019852941176470587 0.0915032679738562
0 0.5378676470588235 0.6771241830065359 0.03308823529411765 0.09411764705882353
9 0.5389705882352941 0.6980392156862745 0.033823529411764704 0.09411764705882353
1 0.35220588235294115 0.6287581699346405 0.029411764705882353 0.08104575163398692
2 0.3551470588235294 0.6483660130718953 0.0661764705882353 0.07581699346405228
1 0.34044117647058825 0.6 0.020588235294117647 0.06797385620915032
1 0.35625 0.592156862745098 0.021323529411764706 0.07581699346405228
9 0.3588235294117647 0.6124183006535947 0.060294117647058824 0.06928104575163398
1 0.2172794117647059 0.592156862745098 0.027205882352941177 0.08366013071895424
9 0.21875 0.6104575163398692 0.0625 0.07058823529411765
3 0.0801470588235294 0.5633986928104575 0.16176470588235295 0.12810457516339868
0 0.22095588235294117 0.918954248366013 0.04779411764705882 0.12026143790849672
1 0.26176470588235295 0.9326797385620914 0.039705882352941174 0.0326797385620915
3 0.3205882352941176 0.31176470588235294 0.052941176470588235 0.0849673202614379
3 0.40698529411764706 0.24705882352941175 0.0375 0.07058823529411765
3 0.4088235294117647 0.19477124183006533 0.033823529411764704 0.06013071895424836
3 0.6621323529411764 0.3052287581699346 0.04485294117647059 0.06666666666666667
4 0.64375 0.25555555555555554 0.04485294117647059 0.07450980392156863
3 0.6047794117647058 0.22287581699346404 0.07720588235294118 0.06143790849673202
3 0.5992647058823529 0.19084967320261437 0.0661764705882353 0.0522875816993464
3 0.59375 0.1679738562091503 0.06397058823529411 0.043137254901960784
4 0.5709558823529411 0.134640522875817 0.04338235294117647 0.04183006535947712
3 0.5650735294117647 0.12483660130718953 0.04926470588235294 0.04052287581699346
0 0.6882352941176471 0.265359477124183 0.014705882352941176 0.06013071895424836
0 0.6011029411764706 0.27058823529411763 0.015441176470588236 0.054901960784313725
0 0.5738970588235294 0.25163398692810457 0.011029411764705881 0.05359477124183006
0 0.6147058823529412 0.33660130718954245 0.013235294117647059 0.06405228758169934
2 0.6091911764705882 0.3529411764705882 0.021323529411764706 0.047058823529411764
1 0.6305147058823529 0.38692810457516336 0.01838235294117647 0.06274509803921569
6 0.6220588235294118 0.40196078431372545 0.060294117647058824 0.05359477124183006
9 0.019852941176470587 0.7117647058823529 0.039705882352941174 0.07450980392156863
7 0.20735294117647057 0.33856209150326794 0.03529411764705882 0.065359477124183
1 0.3352941176470588 0.3398692810457516 0.016176470588235292 0.0522875816993464
9 0.33602941176470585 0.35620915032679734 0.014705882352941176 0.04836601307189542
1 0.3 0.27320261437908494 0.013235294117647059 0.04183006535947712
9 0.29963235294117646 0.2895424836601307 0.015441176470588236 0.04836601307189542
1 0.37941176470588234 0.2594771241830065 0.011764705882352941 0.04836601307189542
1 0.37830882352941175 0.26078431372549016 0.0125 0.043137254901960784
9 0.38088235294117645 0.2764705882352941 0.010294117647058823 0.043137254901960784
7 0.37022058823529413 0.17058823529411762 0.01838235294117647 0.05359477124183006
1 0.3694852941176471 0.1699346405228758 0.015441176470588236 0.03398692810457516
0 0.9301470588235294 0.3856209150326797 0.016176470588235292 0.06274509803921569
0 0.9253676470588235 0.3784313725490196 0.016911764705882352 0.06143790849673202
1 0.9716911764705882 0.3405228758169934 0.015441176470588236 0.04836601307189542
7 0.9466911764705882 0.3156862745098039 0.07426470588235294 0.06143790849673202
1 0.850735294117647 0.3424836601307189 0.014705882352941176 0.03660130718954248
1 0.8595588235294117 0.3431372549019608 0.014705882352941176 0.04052287581699346
0 0.8709558823529412 0.31437908496732025 0.0125 0.04836601307189542
1 0.8555147058823529 0.32614379084967315 0.011029411764705881 0.0326797385620915
0 0.7875 0.36732026143790847 0.01911764705882353 0.07058823529411765
0 0.8139705882352941 0.33856209150326794 0.016176470588235292 0.04444444444444444
1 0.8033088235294118 0.3679738562091503 0.016911764705882352 0.03529411764705882
9 0.8161764705882353 0.36666666666666664 0.022058823529411763 0.0326797385620915
7 0.8051470588235294 0.3032679738562091 0.07352941176470588 0.07058823529411765
6 0.5466911764705882 0.16862745098039214 0.015441176470588236 0.04183006535947712
1 0.5172794117647058 0.12483660130718953 0.009558823529411765 0.027450980392156862
7 0.5176470588235293 0.13986928104575164 0.013235294117647059 0.03398692810457516
3 0.3150735294117647 0.10718954248366012 0.05220588235294118 0.03660130718954248
4 0.32169117647058826 0.09019607843137255 0.04338235294117647 0.0392156862745098
3 0.31985294117647056 0.07712418300653594 0.051470588235294115 0.03398692810457516
0 0.28602941176470587 0.05816993464052287 0.007352941176470588 0.03529411764705882
9 0.3602941176470588 0.06928104575163398 0.007352941176470588 0.023529411764705882
1 0.29705882352941176 0.03333333333333333 0.007352941176470588 0.027450980392156862
9 0.2988970588235294 0.04183006535947712 0.013970588235294117 0.01568627450980392
3 0.3323529411764706 0.03660130718954248 0.039705882352941174 0.0261437908496732
1 0.4658088235294118 0.01895424836601307 0.005147058823529412 0.02222222222222222
2 0.4661764705882353 0.02483660130718954 0.0029411764705882353 0.02091503267973856
0 0.49522058823529413 0.043137254901960784 0.006617647058823529 0.02875816993464052
3 0.4988970588235294 0.02287581699346405 0.03455882352941177 0.03006535947712418
3 0.48566176470588235 0.01437908496732026 0.016911764705882352 0.0261437908496732
9 0.5386029411764706 0.13660130718954247 0.008088235294117646 0.03006535947712418
0 0.38235294117647056 0.00980392156862745 0.007352941176470588 0.0196078431372549
