0 0.5113970588235294 0.8967320261437908 0.01838235294117647 0.07058823529411765
0 0.49338235294117644 0.8901960784313725 0.025 0.08366013071895424
0 0.5088235294117647 0.8313725490196078 0.01764705882352941 0.09934640522875816
0 0.5261029411764706 0.8457516339869281 0.019852941176470587 0.06013071895424836
0 0.5613970588235294 0.765359477124183 0.019852941176470587 0.08758169934640522
2 0.6400735294117647 0.6947712418300653 0.01838235294117647 0.07712418300653594
3 0.3213235294117647 0.6712418300653594 0.1323529411764706 0.20784313725490194
0 0.2286764705882353 0.6405228758169934 0.01764705882352941 0.08366013071895424
0 0.2349264705882353 0.5470588235294117 0.019852941176470587 0.07712418300653594
6 0.09669117647058824 0.44967320261437904 0.04338235294117647 0.065359477124183
6 0.05330882352941176 0.4065359477124183 0.05808823529411765 0.06274509803921569
6 0.0661764705882353 0.3477124183006536 0.05 0.04967320261437908
0 0.057352941176470586 0.3248366013071895 0.01911764705882353 0.058823529411764705
1 0.12610294117647058 0.3111111111111111 0.016911764705882352 0.03137254901960784
4 0.044117647058823525 0.2830065359477124 0.08823529411764705 0.10588235294117647
4 0.027573529411764705 0.2503267973856209 0.05514705882352941 0.10588235294117647
9 0.05808823529411765 0.16732026143790849 0.027941176470588233 0.0392156862745098
9 0.08786764705882352 0.1738562091503268 0.027205882352941177 0.03660130718954248
9 0.12205882352941176 0.17973856209150327 0.029411764705882353 0.04052287581699346
1 0.1698529411764706 0.18627450980392155 0.008823529411764706 0.01699346405228758
1 0.16654411764705881 0.1849673202614379 0.013970588235294117 0.0326797385620915
1 0.17352941176470588 0.16732026143790849 0.010294117647058823 0.02875816993464052
6 0.17279411764705882 0.19607843137254902 0.047058823529411764 0.04967320261437908
0 0.2742647058823529 0.330718954248366 0.016176470588235292 0.06797385620915032
0 0.24595588235294116 0.1941176470588235 0.0125 0.05620915032679738
0 0.2540441176470588 0.2006535947712418 0.011029411764705881 0.05359477124183006
9 0.31580882352941175 0.20130718954248364 0.015441176470588236 0.04444444444444444
9 0.3382352941176471 0.19477124183006533 0.010294117647058823 0.047058823529411764
1 0.6823529411764706 0.49542483660130715 0.011764705882352941 0.03398692810457516
1 0.6900735294117647 0.47973856209150323 0.015441176470588236 0.0522875816993464
2 0.6875 0.4967320261437908 0.025 0.06013071895424836
0 0.30661764705882355 0.5196078431372548 0.01911764705882353 0.06928104575163398
1 0.3040441176470588 0.4790849673202614 0.015441176470588236 0.043137254901960784
6 0.37426470588235294 0.4529411764705882 0.052941176470588235 0.07712418300653594
3 0.8944852941176471 0.46928104575163393 0.12279411764705882 0.09673202614379084
3 0.9238970588235293 0.37516339869281046 0.11544117647058823 0.08366013071895424
3 0.975 0.29281045751633983 0.04852941176470588 0.07581699346405228
3 0.9602941176470589 0.25555555555555554 0.07794117647058824 0.07712418300653594
3 0.5772058823529411 0.3901960784313725 0.09264705882352942 0.13202614379084968
1 0.41875 0.3830065359477124 0.016911764705882352 0.04444444444444444
0 0.4338235294117647 0.3934640522875817 0.011764705882352941 0.07058823529411765
6 0.41801470588235295 0.32679738562091504 0.04044117647058824 0.06274509803921569
4 0.4279411764705882 0.25359477124183005 0.12205882352941176 0.12810457516339868
0 0.5154411764705882 0.3071895424836601 0.01764705882352941 0.06013071895424836
2 0.5136029411764705 0.31241830065359477 0.027205882352941177 0.04444444444444444
3 0.7029411764705882 0.27058823529411763 0.06764705882352941 0.0915032679738562
3 0.7301470588235294 0.18169934640522875 0.05 0.07581699346405228
1 0.6128676470588236 0.29084967320261434 0.015441176470588236 0.05620915032679738
1 0.6136029411764706 0.261437908496732 0.013970588235294117 0.047058823529411764
1 0.6404411764705882 0.23137254901960783 0.01911764705882353 0.054901960784313725
9 0.6091911764705882 0.2980392156862745 0.02426470588235294 0.04444444444444444
2 0.6169117647058824 0.2764705882352941 0.023529411764705882 0.043137254901960784
9 0.6408088235294117 0.24117647058823527 0.01838235294117647 0.04052287581699346
0 0.5915441176470588 0.2594771241830065 0.008088235294117646 0.050980392156862744
3 0.5088235294117647 0.25555555555555554 0.07647058823529412 0.07712418300653594
9 0.5003676470588235 0.2006535947712418 0.025735294117647058 0.0457516339869281
1 0.5154411764705882 0.18169934640522875 0.013235294117647059 0.04183006535947712
2 0.5125 0.1764705882352941 0.011764705882352941 0.047058823529411764
6 0.5316176470588235 0.1503267973856209 0.041176470588235294 0.04967320261437908
0 0.5363970588235294 0.10326797385620914 0.008088235294117646 0.04967320261437908
9 0.5367647058823529 0.1803921568627451 0.020588235294117647 0.04444444444444444
2 0.5470588235294117 0.1764705882352941 0.01911764705882353 0.04444444444444444
9 0.5772058823529411 0.13986928104575164 0.022058823529411763 0.03398692810457516
9 0.5742647058823529 0.14509803921568626 0.020588235294117647 0.03398692810457516
2 0.5665441176470588 0.1568627450980392 0.02426470588235294 0.03398692810457516
9 0.5720588235294117 0.19084967320261437 0.027941176470588233 0.03660130718954248
9 0.5544117647058824 0.16405228758169935 0.020588235294117647 0.043137254901960784
9 0.5727941176470588 0.18169934640522875 0.027941176470588233 0.04183006535947712
3 0.9613970588235294 0.06209150326797385 0.04044117647058824 0.05359477124183006
3 0.9514705882352941 0.01241830065359477 0.03823529411764706 0.027450980392156862
4 0.9161764705882353 0.04248366013071895 0.039705882352941174 0.06666666666666667
3 0.875 0.0915032679738562 0.047058823529411764 0.06013071895424836
3 0.8150735294117647 0.14444444444444443 0.05073529411764706 0.06405228758169934
1 0.8198529411764706 0.0784313725490196 0.011764705882352941 0.03660130718954248
1 0.7827205882352941 0.11830065359477124 0.013970588235294117 0.04052287581699346
9 0.7801470588235294 0.1287581699346405 0.01764705882352941 0.03790849673202614
9 0.8191176470588235 0.09019607843137255 0.014705882352941176 0.03398692810457516
0 0.6169117647058824 0.15751633986928104 0.010294117647058823 0.04836601307189542
0 0.6066176470588235 0.15555555555555556 0.010294117647058823 0.04183006535947712
0 0.6132352941176471 0.14248366013071895 0.010294117647058823 0.0522875816993464
0 0.6367647058823529 0.13529411764705881 0.008823529411764706 0.0457516339869281
3 0.6547794117647059 0.10196078431372549 0.0625 0.05751633986928104
4 0.6775735294117647 0.07581699346405228 0.05955882352941176 0.06797385620915032
3 0.6959558823529411 0.05555555555555555 0.0625 0.058823529411764705
3 0.7367647058823529 0.0261437908496732 0.060294117647058824 0.0522875816993464
3 0.7591911764705882 0.02026143790849673 0.05661764705882353 0.04052287581699346
3 0.775 0.013725490196078431 0.04852941176470588 0.027450980392156862
