9 0.3494791666666667 0.8046296296296297 0.036458333333333336 0.0462962962962963
9 0.31197916666666664 0.925 0.04895833333333333 0.04259259259259259
3 0.29791666666666666 0.4935185185185185 0.06041666666666667 0.061111111111111116
3 0.3697916666666667 0.4185185185185185 0.052083333333333336 0.04814814814814815
3 0.4921875 0.4027777777777778 0.036458333333333336 0.06481481481481481
3 0.5072916666666667 0.3101851851851852 0.027083333333333334 0.05740740740740741
5 0.5432291666666667 0.3351851851851852 0.026041666666666668 0.0925925925925926
0 0.40729166666666666 0.9407407407407408 0.008333333333333333 0.037037037037037035
0 0.5322916666666666 0.9805555555555556 0.0125 0.03518518518518519
4 0.4661458333333333 0.9472222222222223 0.09479166666666666 0.10185185185185186
3 0.8666666666666667 0.950925925925926 0.06666666666666667 0.09444444444444444
3 0.9359375 0.8870370370370371 0.078125 0.17037037037037037
3 0.8260416666666667 0.7296296296296296 0.05625 0.12592592592592594
3 0.7072916666666667 0.5462962962962963 0.0375 0.10740740740740741
3 0.8713541666666667 0.6157407407407408 0.05520833333333333 0.11296296296296297
3 0.6848958333333334 0.26666666666666666 0.028125 0.05185185185185186
3 0.6729166666666666 0.1175925925925926 0.020833333333333332 0.03888888888888889
3 0.7536458333333333 0.04351851851851852 0.030208333333333334 0.031481481481481485
5 0.7067708333333333 0.032407407407407406 0.021875 0.04259259259259259
7 0.8416666666666667 0.49074074074074076 0.035416666666666666 0.07037037037037037
3 0.8270833333333333 0.3824074074074074 0.03958333333333333 0.061111111111111116
7 0.7979166666666666 0.29074074074074074 0.029166666666666667 0.06296296296296297
3 0.7708333333333334 0.31666666666666665 0.029166666666666667 0.06296296296296297
3 0.7822916666666666 0.3925925925925926 0.03333333333333333 0.06296296296296297
5 0.7973958333333333 0.46944444444444444 0.04479166666666667 0.08703703703703704
6 0.6723958333333333 0.6546296296296297 0.026041666666666668 0.08333333333333334
1 0.6744791666666666 0.6583333333333333 0.013541666666666667 0.03888888888888889
1 0.675 0.6296296296296297 0.0125 0.040740740740740744
3 0.896875 0.4046296296296297 0.04583333333333333 0.08703703703703704
3 0.85625 0.20925925925925926 0.025 0.04814814814814815
0 0.859375 0.17685185185185187 0.0125 0.03518518518518519
3 0.8526041666666666 0.15462962962962964 0.042708333333333334 0.03888888888888889
3 0.9494791666666667 0.09444444444444444 0.04479166666666667 0.037037037037037035
3 0.9317708333333333 0.31666666666666665 0.051041666666666666 0.08518518518518518
3 0.8947916666666667 0.21851851851851853 0.029166666666666667 0.06296296296296297
3 0.9119791666666667 0.25833333333333336 0.03854166666666667 0.05
3 0.9703125 0.38981481481481484 0.04479166666666667 0.07592592592592592
3 0.9869791666666666 0.45462962962962966 0.02395833333333333 0.07962962962962963
9 0.8161458333333333 0.587037037037037 0.017708333333333333 0.05555555555555556
1 0.8145833333333333 0.5768518518518518 0.020833333333333332 0.03518518518518519
1 0.8161458333333333 0.5824074074074075 0.019791666666666666 0.031481481481481485
1 0.8880208333333334 0.2990740740740741 0.009375 0.031481481481481485
5 0.6494791666666666 0.45 0.04895833333333333 0.11851851851851852
