0 0.9834558823529411 0.6137254901960784 0.016911764705882352 0.07712418300653594
0 0.9716911764705882 0.6777777777777777 0.015441176470588236 0.06928104575163398
0 0.9897058823529412 0.661437908496732 0.014705882352941176 0.07581699346405228
0 0.8702205882352941 0.6241830065359477 0.015441176470588236 0.07450980392156863
0 0.85625 0.6261437908496732 0.016911764705882352 0.07581699346405228
0 0.8477941176470588 0.7568627450980392 0.023529411764705882 0.08627450980392157
0 0.7213235294117647 0.7215686274509804 0.023529411764705882 0.08104575163398692
0 0.2959558823529412 0.8137254901960784 0.02426470588235294 0.10849673202614378
0 0.39595588235294116 0.26405228758169935 0.008088235294117646 0.03660130718954248
0 0.41654411764705884 0.14640522875816991 0.003676470588235294 0.023529411764705882
3 0.27242647058823527 0.6856209150326797 0.07720588235294118 0.15294117647058822
3 0.21911764705882353 0.8771241830065359 0.10441176470588236 0.2196078431372549
3 0.4430147058823529 0.21241830065359477 0.019852941176470587 0.03529411764705882
3 0.48455882352941176 0.18235294117647058 0.01764705882352941 0.027450980392156862
3 0.45441176470588235 0.12156862745098039 0.013235294117647059 0.02091503267973856
3 0.4338235294117647 0.11503267973856209 0.014705882352941176 0.023529411764705882
3 0.48455882352941176 0.1588235294117647 0.01764705882352941 0.027450980392156862
3 0.47463235294117645 0.14444444444444443 0.016911764705882352 0.02222222222222222
3 0.4797794117647059 0.07973856209150326 0.009558823529411765 0.01568627450980392
3 0.7841911764705882 0.6830065359477123 0.11838235294117647 0.10326797385620914
3 0.55 0.6503267973856208 0.057352941176470586 0.12156862745098039
3 0.4511029411764706 0.6352941176470588 0.05073529411764706 0.13856209150326795
3 0.5452205882352941 0.4640522875816993 0.0375 0.07320261437908496
3 0.33455882352941174 0.4784313725490196 0.045588235294117645 0.08366013071895424
3 0.4522058823529412 0.2418300653594771 0.022058823529411763 0.04444444444444444
3 0.49669117647058825 0.23856209150326796 0.022794117647058822 0.03790849673202614
3 0.4919117647058823 0.20718954248366012 0.01911764705882353 0.03006535947712418
3 0.44448529411764703 0.1588235294117647 0.015441176470588236 0.027450980392156862
3 0.4536764705882353 0.18562091503267972 0.01764705882352941 0.02875816993464052
3 0.5044117647058823 0.13856209150326795 0.014705882352941176 0.0261437908496732
3 0.538235294117647 0.32745098039215687 0.027941176470588233 0.04836601307189542
3 0.68125 0.7339869281045751 0.07867647058823529 0.14509803921568626
3 0.4411764705882353 0.130718954248366 0.027941176470588233 0.02091503267973856
3 0.4573529411764706 0.11045751633986928 0.010294117647058823 0.0196078431372549
3 0.45845588235294116 0.09934640522875816 0.009558823529411765 0.0130718954248366
3 0.5066176470588235 0.10915032679738561 0.010294117647058823 0.01437908496732026
9 0.49816176470588236 0.12026143790849672 0.0125 0.0261437908496732
3 0.48161764705882354 0.0895424836601307 0.010294117647058823 0.0196078431372549
3 0.47830882352941173 0.06405228758169934 0.008088235294117646 0.0130718954248366
3 0.46544117647058825 0.052941176470588235 0.007352941176470588 0.00915032679738562
3 0.4786764705882353 0.050980392156862744 0.007352941176470588 0.00784313725490196
3 0.4522058823529412 0.05163398692810457 0.007352941176470588 0.00915032679738562
3 0.4926470588235294 0.058823529411764705 0.0058823529411764705 0.00784313725490196
3 0.5095588235294117 0.05947712418300653 0.013235294117647059 0.00915032679738562
7 0.524264705882353 0.10392156862745097 0.01764705882352941 0.0196078431372549
4 0.40661764705882353 0.12091503267973855 0.023529411764705882 0.02483660130718954
4 0.3988970588235294 0.13398692810457516 0.027205882352941177 0.027450980392156862
1 0.42058823529411765 0.1437908496732026 0.0029411764705882353 0.0130718954248366
1 0.42205882352941176 0.16405228758169935 0.004411764705882353 0.0196078431372549
1 0.4158088235294118 0.20522875816993463 0.005147058823529412 0.023529411764705882
1 0.40551470588235294 0.22941176470588234 0.006617647058823529 0.027450980392156862
1 0.42720588235294116 0.27385620915032677 0.010294117647058823 0.03006535947712418
1 0.41323529411764703 0.2954248366013072 0.007352941176470588 0.0261437908496732
1 0.41323529411764703 0.2915032679738562 0.007352941176470588 0.0261437908496732
1 0.3448529411764706 0.8346405228758169 0.022058823529411763 0.07450980392156863
1 0.3466911764705882 0.8248366013071895 0.025735294117647058 0.08104575163398692
9 0.3463235294117647 0.8699346405228757 0.030882352941176472 0.09542483660130718
0 0.21066176470588235 0.9705882352941175 0.015441176470588236 0.05359477124183006
9 0.9341911764705882 0.6581699346405229 0.030147058823529412 0.06928104575163398
9 0.9584558823529412 0.7098039215686274 0.030147058823529412 0.06274509803921569
2 0.98125 0.7183006535947712 0.028676470588235293 0.06666666666666667
2 0.9488970588235294 0.6535947712418301 0.03455882352941177 0.07058823529411765
9 0.5856617647058824 0.36732026143790847 0.015441176470588236 0.0392156862745098
4 0.4547794117647059 0.322875816993464 0.027205882352941177 0.06797385620915032
9 0.4275735294117647 0.28431372549019607 0.009558823529411765 0.03006535947712418
9 0.41323529411764703 0.3032679738562091 0.007352941176470588 0.03398692810457516
9 0.4158088235294118 0.21111111111111108 0.008088235294117646 0.02222222222222222
9 0.42169117647058824 0.17058823529411762 0.005147058823529412 0.01699346405228758
9 0.41948529411764707 0.14901960784313725 0.005147058823529412 0.0130718954248366
2 0.4051470588235294 0.23660130718954248 0.007352941176470588 0.0261437908496732
9 0.44705882352941173 0.10784313725490195 0.0029411764705882353 0.011764705882352941
2 0.3477941176470588 0.10718954248366012 0.010294117647058823 0.0130718954248366
0 0.37830882352941175 0.12352941176470587 0.005147058823529412 0.0196078431372549
4 0.3264705882352941 0.11699346405228757 0.026470588235294117 0.0196078431372549
7 0.5595588235294118 0.27777777777777773 0.014705882352941176 0.043137254901960784
8 0.5275735294117647 0.2241830065359477 0.03455882352941177 0.10326797385620914
3 0.9238970588235293 0.9215686274509803 0.14779411764705883 0.13856209150326795
5 0.7077205882352942 0.90718954248366 0.11544117647058823 0.1803921568627451
