8 0.20572916666666666 0.8777777777777778 0.08229166666666667 0.15185185185185185
3 0.2828125 0.9601851851851853 0.042708333333333334 0.07592592592592592
7 0.3723958333333333 0.8675925925925926 0.042708333333333334 0.09444444444444444
3 0.353125 0.6851851851851852 0.025 0.044444444444444446
3 0.43072916666666666 0.6611111111111111 0.02395833333333333 0.040740740740740744
3 0.42916666666666664 0.6 0.01875 0.02962962962962963
3 0.41770833333333335 0.5685185185185185 0.016666666666666666 0.02962962962962963
3 0.4578125 0.5305555555555556 0.013541666666666667 0.02777777777777778
3 0.25416666666666665 0.6972222222222223 0.029166666666666667 0.03888888888888889
2 0.21614583333333334 0.6685185185185185 0.015625 0.018518518518518517
0 0.2328125 0.6527777777777778 0.007291666666666667 0.02777777777777778
3 0.2791666666666667 0.6675925925925926 0.027083333333333334 0.03518518518518519
3 0.31354166666666666 0.5990740740740741 0.03125 0.031481481481481485
3 0.3255208333333333 0.5740740740740741 0.019791666666666666 0.02962962962962963
3 0.3255208333333333 0.4851851851851852 0.011458333333333333 0.018518518518518517
9 0.2755208333333333 0.5796296296296296 0.011458333333333333 0.018518518518518517
9 0.28802083333333334 0.5555555555555556 0.007291666666666667 0.02592592592592593
3 0.3151041666666667 0.5175925925925926 0.026041666666666668 0.020370370370370372
3 0.3494791666666667 0.5305555555555556 0.019791666666666666 0.03518518518518519
9 0.3536458333333333 0.5509259259259259 0.013541666666666667 0.012962962962962964
3 0.26666666666666666 0.6407407407407407 0.027083333333333334 0.04814814814814815
3 0.3416666666666667 0.6157407407407408 0.016666666666666666 0.03518518518518519
1 0.39427083333333335 0.5925925925925926 0.005208333333333333 0.011111111111111112
1 0.4661458333333333 0.5861111111111111 0.007291666666666667 0.016666666666666666
1 0.47291666666666665 0.5453703703703704 0.004166666666666667 0.012962962962962964
1 0.4848958333333333 0.5518518518518519 0.005208333333333333 0.011111111111111112
1 0.4817708333333333 0.4935185185185185 0.007291666666666667 0.012962962962962964
1 0.4661458333333333 0.7055555555555556 0.007291666666666667 0.018518518518518517
2 0.4666666666666667 0.7194444444444444 0.00625 0.024074074074074074
9 0.3932291666666667 0.6055555555555556 0.007291666666666667 0.014814814814814815
6 0.4666666666666667 0.5944444444444444 0.008333333333333333 0.022222222222222223
9 0.48333333333333334 0.5583333333333333 0.008333333333333333 0.012962962962962964
9 0.4817708333333333 0.5018518518518519 0.005208333333333333 0.014814814814814815
0 0.371875 0.5037037037037038 0.00625 0.018518518518518517
0 0.6005208333333333 0.8240740740740741 0.009375 0.040740740740740744
0 0.6140625 0.8685185185185186 0.009375 0.037037037037037035
0 0.5822916666666667 0.9805555555555556 0.008333333333333333 0.03518518518518519
0 0.5963541666666666 0.9824074074074074 0.011458333333333333 0.031481481481481485
0 0.4666666666666667 0.8555555555555556 0.00625 0.03333333333333333
2 0.475 0.8287037037037037 0.01875 0.024074074074074074
3 0.5276041666666667 0.9046296296296297 0.04895833333333333 0.07592592592592592
3 0.5234375 0.8324074074074075 0.04895833333333333 0.0462962962962963
3 0.48333333333333334 0.7861111111111111 0.022916666666666665 0.04259259259259259
9 0.5234375 0.8037037037037037 0.021875 0.022222222222222223
7 0.4890625 0.737037037037037 0.013541666666666667 0.044444444444444446
3 0.5213541666666667 0.6046296296296296 0.013541666666666667 0.02777777777777778
3 0.4953125 0.6055555555555556 0.015625 0.02962962962962963
3 0.5015625 0.5768518518518518 0.015625 0.02777777777777778
4 0.5072916666666667 0.55 0.0125 0.018518518518518517
3 0.4921875 0.4953703703703704 0.013541666666666667 0.020370370370370372
3 0.4744791666666667 0.45462962962962966 0.011458333333333333 0.016666666666666666
3 0.49166666666666664 0.4398148148148148 0.010416666666666666 0.016666666666666666
4 0.48541666666666666 0.45740740740740743 0.010416666666666666 0.018518518518518517
5 0.38229166666666664 0.49074074074074076 0.025 0.018518518518518517
6 0.34739583333333335 0.46296296296296297 0.007291666666666667 0.018518518518518517
3 0.4067708333333333 0.4851851851851852 0.013541666666666667 0.018518518518518517
3 0.39479166666666665 0.4759259259259259 0.01875 0.018518518518518517
3 0.41875 0.4564814814814815 0.0125 0.020370370370370372
3 0.4265625 0.4416666666666667 0.009375 0.016666666666666666
3 0.4380208333333333 0.42685185185185187 0.009375 0.012962962962962964
3 0.4421875 0.4083333333333333 0.009375 0.012962962962962964
4 0.4822916666666667 0.39166666666666666 0.010416666666666666 0.016666666666666666
3 0.47552083333333334 0.37962962962962965 0.009375 0.011111111111111112
3 0.40520833333333334 0.437962962962963 0.022916666666666665 0.024074074074074074
3 0.4979166666666667 0.47962962962962963 0.0125 0.014814814814814815
3 0.49895833333333334 0.45740740740740743 0.008333333333333333 0.014814814814814815
4 0.5015625 0.42314814814814816 0.007291666666666667 0.016666666666666666
1 0.4921875 0.4064814814814815 0.005208333333333333 0.009259259259259259
6 0.4921875 0.41574074074074074 0.007291666666666667 0.012962962962962964
9 0.3625 0.44074074074074077 0.00625 0.014814814814814815
