6 0.69921875 0.7532407407407408 0.0265625 0.08981481481481482
1 0.7028645833333333 0.7476851851851852 0.0140625 0.04351851851851852
5 0.41041666666666665 0.5162037037037037 0.046875 0.11574074074074074
0 0.3890625 0.4175925925925926 0.007291666666666667 0.031481481481481485
3 0.4747395833333333 0.44027777777777777 0.021354166666666667 0.04166666666666667
8 0.6067708333333334 0.4740740740740741 0.0375 0.11851851851851852
0 0.6372395833333333 0.4356481481481482 0.0067708333333333336 0.030555555555555558
0 0.6510416666666666 0.4287037037037037 0.00625 0.02777777777777778
2 0.6640625 0.4847222222222222 0.007291666666666667 0.026851851851851852
3 0.5684895833333333 0.38981481481481484 0.0171875 0.02777777777777778
3 0.5541666666666667 0.3490740740740741 0.014583333333333334 0.02777777777777778
3 0.5072916666666667 0.3592592592592593 0.016666666666666666 0.02592592592592593
3 0.61796875 0.33842592592592596 0.015104166666666667 0.02314814814814815
3 0.6541666666666667 0.33935185185185185 0.029166666666666667 0.021296296296296296
4 0.7130208333333333 0.3375 0.026041666666666668 0.028703703703703703
0 0.6161458333333333 0.2898148148148148 0.003125 0.016666666666666666
1 0.4671875 0.325 0.004166666666666667 0.009259259259259259
9 0.4666666666666667 0.33287037037037037 0.004166666666666667 0.010185185185185186
1 0.48671875 0.2935185185185185 0.0036458333333333334 0.011111111111111112
9 0.48593749999999997 0.3013888888888889 0.005208333333333333 0.012037037037037037
3 0.5041666666666667 0.29814814814814816 0.013541666666666667 0.018518518518518517
0 0.4666666666666667 0.28750000000000003 0.003125 0.015740740740740743
0 0.46484375 0.2851851851851852 0.0015625 0.012962962962962964
2 0.46171875 0.29305555555555557 0.0067708333333333336 0.010185185185185186
1 0.4778645833333333 0.26851851851851855 0.0026041666666666665 0.009259259259259259
2 0.4778645833333333 0.27546296296296297 0.0026041666666666665 0.006481481481481482
1 0.4828125 0.27685185185185185 0.004166666666666667 0.009259259259259259
9 0.4828125 0.28101851851851856 0.0020833333333333333 0.008333333333333333
1 0.48723958333333334 0.27222222222222225 0.0036458333333333334 0.009259259259259259
9 0.4864583333333333 0.27870370370370373 0.003125 0.009259259259259259
5 0.5666666666666667 0.2814814814814815 0.014583333333333334 0.02777777777777778
3 0.5747395833333333 0.26435185185185184 0.0109375 0.015740740740740743
3 0.5046875 0.2712962962962963 0.010416666666666666 0.016666666666666666
3 0.5109375 0.2564814814814815 0.009375 0.016666666666666666
3 0.5005208333333333 0.2513888888888889 0.009375 0.01388888888888889
3 0.4973958333333333 0.24351851851851852 0.008333333333333333 0.011111111111111112
3 0.49921875 0.2388888888888889 0.0078125 0.011111111111111112
3 0.4966145833333333 0.22083333333333335 0.0078125 0.012037037037037037
3 0.4848958333333333 0.20694444444444446 0.007291666666666667 0.008333333333333333
4 0.475 0.20324074074074075 0.00625 0.008333333333333333
0 0.4908854166666667 0.19953703703703704 0.0026041666666666665 0.006481481481481482
0 0.51796875 0.20601851851851852 0.0015625 0.010185185185185186
6 0.50859375 0.20740740740740743 0.0036458333333333334 0.007407407407407408
3 0.51171875 0.2162037037037037 0.0078125 0.008333333333333333
3 0.525 0.21805555555555556 0.009375 0.008333333333333333
5 0.5408854166666667 0.22268518518518518 0.013020833333333334 0.026851851851851852
5 0.5716145833333334 0.23472222222222222 0.0171875 0.019444444444444445
1 0.5752604166666666 0.24583333333333335 0.0015625 0.008333333333333333
2 0.5752604166666666 0.2513888888888889 0.0015625 0.006481481481481482
4 0.55546875 0.2513888888888889 0.009895833333333333 0.019444444444444445
5 0.5390625 0.2513888888888889 0.010416666666666666 0.019444444444444445
3 0.54921875 0.2449074074074074 0.0078125 0.012037037037037037
3 0.55234375 0.24305555555555555 0.0078125 0.010185185185185186
3 0.5359375 0.24629629629629632 0.007291666666666667 0.011111111111111112
4 0.5348958333333333 0.24027777777777778 0.007291666666666667 0.01388888888888889
3 0.5291666666666667 0.23935185185185187 0.007291666666666667 0.012037037037037037
3 0.52421875 0.23055555555555557 0.0078125 0.012962962962962964
3 0.5192708333333333 0.2300925925925926 0.00625 0.012037037037037037
3 0.5270833333333333 0.22777777777777777 0.009375 0.009259259259259259
