3 0.7290441176470588 0.8751633986928103 0.10808823529411765 0.2418300653594771
5 0.6051470588235294 0.7745098039215685 0.0838235294117647 0.22614379084967318
3 0.46654411764705883 0.796078431372549 0.06102941176470588 0.2483660130718954
4 0.6481617647058824 0.4156862745098039 0.05073529411764706 0.12287581699346405
3 0.4742647058823529 0.42549019607843136 0.04852941176470588 0.1372549019607843
3 0.39448529411764705 0.4084967320261438 0.04485294117647059 0.13986928104575164
3 0.5389705882352941 0.27320261437908494 0.047058823529411764 0.08627450980392157
3 0.4591911764705882 0.2457516339869281 0.04191176470588235 0.11241830065359476
3 0.46102941176470585 0.13856209150326795 0.03529411764705882 0.08104575163398692
3 0.3977941176470588 0.12483660130718953 0.032352941176470584 0.09803921568627451
3 0.34301470588235294 0.1915032679738562 0.0375 0.08758169934640522
3 0.3558823529411765 0.06143790849673202 0.032352941176470584 0.06797385620915032
3 0.4466911764705882 0.04183006535947712 0.03455882352941177 0.06274509803921569
0 0.7496323529411765 0.10980392156862745 0.0125 0.047058823529411764
3 0.70625 0.021568627450980392 0.03455882352941177 0.043137254901960784
3 0.22352941176470587 0.37973856209150325 0.05 0.14509803921568626
4 0.15919117647058822 0.2803921568627451 0.04779411764705882 0.12679738562091503
3 0.19816176470588234 0.1830065359477124 0.04632352941176471 0.09934640522875816
3 0.21433823529411763 0.12352941176470587 0.0375 0.08758169934640522
4 0.1838235294117647 0.05555555555555555 0.07205882352941176 0.06405228758169934
3 0.04595588235294117 0.13986928104575164 0.0875 0.06013071895424836
3 0.04889705882352941 0.5437908496732026 0.09926470588235294 0.10196078431372549
6 0.11286764705882353 0.0261437908496732 0.04485294117647059 0.03660130718954248
3 0.175 0.03660130718954248 0.07647058823529412 0.054901960784313725
3 0.03786764705882353 0.7490196078431373 0.07573529411764705 0.2222222222222222
9 0.2621323529411765 0.049019607843137254 0.016911764705882352 0.043137254901960784
3 0.18713235294117647 0.01568627450980392 0.05955882352941176 0.03398692810457516
9 0.027205882352941177 0.27124183006535946 0.045588235294117645 0.043137254901960784
