3 0.6816176470588236 0.8738562091503267 0.09117647058823529 0.24967320261437906
3 0.46249999999999997 0.796078431372549 0.06764705882352941 0.2483660130718954
3 0.5595588235294118 0.43202614379084964 0.052941176470588235 0.12941176470588234
4 0.4606617647058823 0.34444444444444444 0.03602941176470588 0.13202614379084968
0 0.9279411764705883 0.5156862745098039 0.025 0.0718954248366013
0 0.9522058823529411 0.5398692810457516 0.022058823529411763 0.06274509803921569
3 0.7448529411764706 0.05816993464052287 0.039705882352941174 0.05620915032679738
3 0.6073529411764705 0.08823529411764705 0.04264705882352941 0.05620915032679738
4 0.5463235294117647 0.07777777777777778 0.030882352941176472 0.06928104575163398
4 0.4672794117647059 0.04052287581699346 0.030147058823529412 0.07581699346405228
1 0.4202205882352941 0.054901960784313725 0.011029411764705881 0.0261437908496732
1 0.4202205882352941 0.0522875816993464 0.009558823529411765 0.0261437908496732
6 0.4198529411764706 0.06405228758169934 0.01764705882352941 0.0522875816993464
0 0.3650735294117647 0.2045751633986928 0.013970588235294117 0.05620915032679738
0 0.35919117647058824 0.18888888888888888 0.008088235294117646 0.04052287581699346
0 0.3165441176470588 0.13137254901960782 0.009558823529411765 0.05359477124183006
3 0.18676470588235294 0.0326797385620915 0.07352941176470588 0.04444444444444444
3 0.10036764705882353 0.10849673202614378 0.06544117647058824 0.065359477124183
3 0.22573529411764706 0.12745098039215685 0.04264705882352941 0.0849673202614379
4 0.2051470588235294 0.18366013071895423 0.039705882352941174 0.07450980392156863
1 0.07610294117647058 0.18627450980392155 0.0125 0.03529411764705882
9 0.07941176470588235 0.19934640522875816 0.01764705882352941 0.027450980392156862
1 0.06066176470588235 0.21437908496732025 0.016911764705882352 0.047058823529411764
9 0.06139705882352941 0.230718954248366 0.013970588235294117 0.04836601307189542
0 0.020955882352941175 0.2130718954248366 0.0125 0.054901960784313725
9 0.027573529411764705 0.24705882352941175 0.03308823529411765 0.0392156862745098
0 0.023161764705882354 0.34901960784313724 0.015441176470588236 0.054901960784313725
3 0.03455882352941177 0.4071895424836601 0.06470588235294117 0.07712418300653594
3 0.04742647058823529 0.6477124183006535 0.0875 0.19999999999999998
3 0.1025735294117647 0.4816993464052287 0.08308823529411764 0.16339869281045752
