0 0.06848958333333333 0.5106481481481482 0.008854166666666666 0.04166666666666667
0 0.16354166666666667 0.48055555555555557 0.008333333333333333 0.031481481481481485
0 0.2359375 0.3861111111111111 0.007291666666666667 0.031481481481481485
0 0.24296874999999998 0.37962962962962965 0.008854166666666666 0.037037037037037035
0 0.31979166666666664 0.37824074074074077 0.007291666666666667 0.03425925925925926
0 0.32916666666666666 0.3740740740740741 0.00625 0.031481481481481485
0 0.42421875 0.28750000000000003 0.0046875 0.03425925925925926
0 0.42864583333333334 0.34861111111111115 0.007291666666666667 0.03425925925925926
0 0.41875 0.3513888888888889 0.00625 0.036111111111111115
0 0.42109375 0.28611111111111115 0.0046875 0.031481481481481485
0 0.4265625 0.36574074074074076 0.008333333333333333 0.018518518518518517
1 0.38125 0.3226851851851852 0.009375 0.025
1 0.37526041666666665 0.3175925925925926 0.008854166666666666 0.02962962962962963
1 0.0765625 0.5444444444444445 0.011458333333333333 0.02777777777777778
6 0.06614583333333333 0.5458333333333334 0.01875 0.03981481481481482
6 0.14348958333333334 0.46990740740740744 0.030729166666666665 0.06018518518518519
9 0.20338541666666665 0.475462962962963 0.01614583333333333 0.030555555555555558
9 0.21927083333333333 0.46990740740740744 0.016666666666666666 0.03425925925925926
9 0.2375 0.45787037037037037 0.015625 0.030555555555555558
9 0.24661458333333333 0.4513888888888889 0.018229166666666668 0.026851851851851852
9 0.2890625 0.43194444444444446 0.010416666666666666 0.03425925925925926
9 0.01171875 0.5185185185185185 0.0171875 0.04259259259259259
2 0.3541666666666667 0.3675925925925926 0.02395833333333333 0.020370370370370372
9 0.3520833333333333 0.3490740740740741 0.014583333333333334 0.02777777777777778
9 0.3885416666666667 0.3574074074074074 0.013541666666666667 0.022222222222222223
9 0.45677083333333335 0.425462962962963 0.017708333333333333 0.019444444444444445
9 0.4458333333333333 0.4430555555555556 0.014583333333333334 0.01388888888888889
2 0.37994791666666666 0.3861111111111111 0.019270833333333334 0.022222222222222223
1 0.38229166666666664 0.3736111111111111 0.00625 0.028703703703703703
0 0.46041666666666664 0.30462962962962964 0.004166666666666667 0.020370370370370372
0 0.4671875 0.3013888888888889 0.007291666666666667 0.032407407407407406
0 0.5104166666666666 0.25092592592592594 0.007291666666666667 0.03333333333333333
0 0.5278645833333333 0.24629629629629632 0.0078125 0.03518518518518519
0 0.49609375 0.300462962962963 0.0067708333333333336 0.03425925925925926
0 0.49114583333333334 0.2726851851851852 0.007291666666666667 0.030555555555555558
0 0.5645833333333333 0.5157407407407407 0.009375 0.04259259259259259
0 0.4791666666666667 0.42685185185185187 0.007291666666666667 0.03518518518518519
0 0.49973958333333335 0.4287037037037037 0.005729166666666666 0.040740740740740744
0 0.4966145833333333 0.4273148148148148 0.0046875 0.03796296296296296
0 0.4921875 0.4902777777777778 0.007291666666666667 0.03796296296296296
0 0.49973958333333335 0.47222222222222227 0.005729166666666666 0.024074074074074074
1 0.5229166666666667 0.4393518518518519 0.00625 0.019444444444444445
1 0.54609375 0.37453703703703706 0.0078125 0.02314814814814815
1 0.5622395833333333 0.41481481481481486 0.008854166666666666 0.02777777777777778
1 0.5434895833333333 0.33842592592592596 0.0078125 0.030555555555555558
1 0.4752604166666667 0.3560185185185185 0.0067708333333333336 0.026851851851851852
1 0.48359375 0.3611111111111111 0.0078125 0.018518518518518517
1 0.45546875 0.40972222222222227 0.005729166666666666 0.015740740740740743
1 0.45208333333333334 0.41111111111111115 0.00625 0.022222222222222223
1 0.4497395833333333 0.4185185185185185 0.0078125 0.02592592592592593
1 0.4434895833333333 0.4342592592592593 0.0067708333333333336 0.031481481481481485
1 0.5171875 0.687962962962963 0.010416666666666666 0.040740740740740744
1 0.48854166666666665 0.6842592592592592 0.007291666666666667 0.037037037037037035
6 0.4747395833333333 0.36342592592592593 0.0234375 0.030555555555555558
6 0.5497395833333333 0.3819444444444445 0.0234375 0.02314814814814815
6 0.5346354166666667 0.42638888888888893 0.030729166666666665 0.05648148148148149
6 0.51171875 0.44074074074074077 0.021354166666666667 0.040740740740740744
3 0.5479166666666666 0.26851851851851855 0.041666666666666664 0.04259259259259259
3 0.5559895833333334 0.3027777777777778 0.0515625 0.05185185185185186
3 0.4354166666666667 0.38657407407407407 0.05520833333333333 0.04351851851851852
3 0.5065104166666666 0.33101851851851855 0.05364583333333333 0.049074074074074076
3 0.5028645833333333 0.38796296296296295 0.0515625 0.0462962962962963
9 0.6546875 0.5055555555555555 0.013541666666666667 0.037037037037037035
0 0.46484375 0.13101851851851853 0.0046875 0.025
0 0.4166666666666667 0.1050925925925926 0.004166666666666667 0.02314814814814815
0 0.41432291666666665 0.1175925925925926 0.0036458333333333334 0.018518518518518517
9 0.4395833333333333 0.09490740740740741 0.0125 0.017592592592592594
9 0.4466145833333333 0.10416666666666667 0.0140625 0.019444444444444445
9 0.45416666666666666 0.10833333333333334 0.013541666666666667 0.020370370370370372
9 0.5658854166666667 0.16620370370370371 0.0067708333333333336 0.028703703703703703
9 0.6010416666666667 0.19675925925925927 0.013541666666666667 0.025
9 0.6359375 0.22361111111111112 0.014583333333333334 0.021296296296296296
9 0.59921875 0.14027777777777778 0.009895833333333333 0.015740740740740743
9 0.6255208333333333 0.10416666666666667 0.0125 0.017592592592592594
9 0.6028645833333334 0.08796296296296297 0.0109375 0.018518518518518517
9 0.5903645833333333 0.08148148148148149 0.008854166666666666 0.012962962962962964
3 0.48854166666666665 0.10555555555555556 0.027083333333333334 0.03518518518518519
3 0.4466145833333333 0.07361111111111111 0.030729166666666665 0.03796296296296296
3 0.4145833333333333 0.05555555555555556 0.029166666666666667 0.03888888888888889
3 0.49374999999999997 0.021296296296296296 0.028125 0.03333333333333333
0 0.6252604166666667 0.10787037037037038 0.005729166666666666 0.028703703703703703
0 0.6578125 0.09305555555555556 0.005208333333333333 0.026851851851851852
0 0.6197916666666666 0.21851851851851853 0.004166666666666667 0.02777777777777778
0 0.7174479166666666 0.24444444444444446 0.0067708333333333336 0.031481481481481485
1 0.5778645833333333 0.19768518518518519 0.0067708333333333336 0.017592592592592594
1 0.6354166666666666 0.2125 0.004166666666666667 0.019444444444444445
1 0.6291666666666667 0.20092592592592592 0.004166666666666667 0.018518518518518517
1 0.6252604166666667 0.20185185185185187 0.0026041666666666665 0.018518518518518517
1 0.6005208333333333 0.18611111111111112 0.004166666666666667 0.018518518518518517
1 0.7091145833333333 0.16805555555555557 0.0036458333333333334 0.017592592592592594
1 0.7174479166666666 0.16712962962962963 0.0067708333333333336 0.021296296296296296
1 0.7171875 0.18935185185185185 0.005208333333333333 0.01388888888888889
1 0.7140625 0.18333333333333335 0.004166666666666667 0.016666666666666666
1 0.6421875 0.11342592592592593 0.004166666666666667 0.01388888888888889
0 0.7091145833333333 0.15092592592592594 0.0046875 0.024074074074074074
9 0.6361979166666667 0.10694444444444445 0.005729166666666666 0.021296296296296296
9 0.72734375 0.16064814814814815 0.0078125 0.017592592592592594
6 0.5466145833333333 0.1564814814814815 0.019270833333333334 0.03333333333333333
3 0.5734375 0.1337962962962963 0.035416666666666666 0.03796296296296296
6 0.7028645833333333 0.1550925925925926 0.008854166666666666 0.026851851851851852
0 0.7666666666666666 0.16805555555555557 0.004166666666666667 0.025
0 0.7622395833333333 0.16620370370370371 0.0046875 0.026851851851851852
0 0.75625 0.16666666666666669 0.003125 0.02962962962962963
0 0.7666666666666666 0.15601851851851853 0.005208333333333333 0.021296296296296296
0 0.7591145833333334 0.16342592592592592 0.0046875 0.02314814814814815
9 0.9473958333333333 0.27546296296296297 0.007291666666666667 0.019444444444444445
1 0.3671875 0.9180555555555556 0.013541666666666667 0.03425925925925926
1 0.36614583333333334 0.9712962962962963 0.011458333333333333 0.02777777777777778
1 0.35052083333333334 0.9717592592592593 0.014583333333333334 0.030555555555555558
1 0.3546875 0.9722222222222222 0.007291666666666667 0.02592592592592593
1 0.4046875 0.8717592592592593 0.013541666666666667 0.03425925925925926
1 0.428125 0.8523148148148149 0.015625 0.036111111111111115
1 0.7010416666666667 0.8527777777777779 0.008333333333333333 0.05185185185185186
0 0.39479166666666665 0.9805555555555556 0.007291666666666667 0.037037037037037035
0 0.4015625 0.9833333333333334 0.007291666666666667 0.02962962962962963
0 0.4515625 0.8564814814814815 0.011458333333333333 0.0462962962962963
0 0.4549479166666667 0.8069444444444445 0.011979166666666666 0.04537037037037037
0 0.4809895833333333 0.7185185185185186 0.008854166666666666 0.044444444444444446
0 0.5799479166666667 0.8287037037037037 0.009895833333333333 0.04814814814814815
0 0.5846354166666666 0.8111111111111111 0.0078125 0.0462962962962963
0 0.68984375 0.8731481481481482 0.009895833333333333 0.05
0 0.73671875 0.7106481481481481 0.013020833333333334 0.04351851851851852
9 0.696875 0.8578703703703704 0.025 0.028703703703703703
9 0.60234375 0.7430555555555556 0.0109375 0.04722222222222222
9 0.4979166666666667 0.7685185185185186 0.030208333333333334 0.04814814814814815
9 0.5265625 0.7685185185185186 0.020833333333333332 0.03518518518518519
9 0.3729166666666667 0.9388888888888889 0.02395833333333333 0.04259259259259259
9 0.40651041666666665 0.8935185185185186 0.019270833333333334 0.037037037037037035
9 0.4354166666666667 0.8337962962962964 0.020833333333333332 0.05462962962962963
9 0.44427083333333334 0.7976851851851852 0.025 0.030555555555555558
9 0.47734375 0.8115740740740741 0.015104166666666667 0.04537037037037037
9 0.4635416666666667 0.8055555555555556 0.011458333333333333 0.040740740740740744
9 0.4984375 0.7226851851851852 0.020833333333333332 0.03796296296296296
9 0.5234375 0.6185185185185186 0.021875 0.02592592592592593
6 0.49609375 0.6796296296296297 0.03802083333333333 0.05185185185185186
2 0.6434895833333333 0.7657407407407407 0.0265625 0.06296296296296297
