1 0.8900735294117647 0.9522875816993464 0.022794117647058822 0.058823529411764705
6 0.9091911764705882 0.9483660130718954 0.10220588235294117 0.09542483660130718
1 0.7113970588235294 0.9836601307189542 0.016911764705882352 0.03006535947712418
0 0.8268382352941176 0.6437908496732025 0.0125 0.04836601307189542
0 0.8121323529411765 0.6176470588235293 0.0125 0.03529411764705882
0 0.7977941176470588 0.611111111111111 0.010294117647058823 0.0457516339869281
0 0.7801470588235294 0.6169934640522875 0.010294117647058823 0.04183006535947712
3 0.5558823529411765 0.6444444444444444 0.032352941176470584 0.054901960784313725
3 0.8455882352941176 0.6104575163398692 0.04264705882352941 0.0522875816993464
3 0.7713235294117647 0.5542483660130718 0.030882352941176472 0.054901960784313725
3 0.49411764705882355 0.42222222222222217 0.014705882352941176 0.02875816993464052
9 0.73125 0.42810457516339867 0.015441176470588236 0.01699346405228758
9 0.7213235294117647 0.42222222222222217 0.016176470588235292 0.01568627450980392
9 0.7033088235294117 0.39738562091503266 0.015441176470588236 0.01568627450980392
9 0.700735294117647 0.3901960784313725 0.014705882352941176 0.01699346405228758
3 0.6272058823529412 0.39934640522875814 0.032352941176470584 0.02222222222222222
4 0.6904411764705882 0.3699346405228758 0.033823529411764704 0.023529411764705882
4 0.6856617647058824 0.3607843137254902 0.03161764705882353 0.02091503267973856
3 0.6797794117647059 0.3202614379084967 0.015441176470588236 0.01568627450980392
3 0.6610294117647059 0.3196078431372549 0.014705882352941176 0.01437908496732026
3 0.5463235294117647 0.361437908496732 0.014705882352941176 0.0196078431372549
3 0.3503676470588235 0.44705882352941173 0.02426470588235294 0.03660130718954248
3 0.25588235294117645 0.5352941176470588 0.032352941176470584 0.0457516339869281
3 0.2202205882352941 0.48823529411764705 0.05955882352941176 0.04052287581699346
3 0.1838235294117647 0.5026143790849673 0.03529411764705882 0.03529411764705882
4 0.20919117647058824 0.4084967320261438 0.016911764705882352 0.0326797385620915
3 0.1860294117647059 0.426797385620915 0.01764705882352941 0.03529411764705882
6 0.18051470588235294 0.3901960784313725 0.030147058823529412 0.027450980392156862
5 0.2742647058823529 0.44248366013071894 0.03529411764705882 0.03529411764705882
3 0.28860294117647056 0.43202614379084964 0.030147058823529412 0.027450980392156862
3 0.26838235294117646 0.4156862745098039 0.032352941176470584 0.0261437908496732
3 0.2077205882352941 0.38431372549019605 0.03455882352941177 0.023529411764705882
3 0.2783088235294118 0.38954248366013067 0.027205882352941177 0.0261437908496732
3 0.29926470588235293 0.37777777777777777 0.033823529411764704 0.02091503267973856
3 0.2738970588235294 0.34444444444444444 0.03161764705882353 0.0196078431372549
3 0.3058823529411765 0.3679738562091503 0.032352941176470584 0.0196078431372549
3 0.2908088235294118 0.35686274509803917 0.030147058823529412 0.01830065359477124
3 0.3113970588235294 0.3464052287581699 0.030147058823529412 0.01830065359477124
4 0.2908088235294118 0.3248366013071895 0.025735294117647058 0.0196078431372549
3 0.3051470588235294 0.31895424836601305 0.022058823529411763 0.01830065359477124
3 0.36213235294117646 0.418954248366013 0.019852941176470587 0.027450980392156862
3 0.40661764705882353 0.33137254901960783 0.013235294117647059 0.02222222222222222
3 0.3724264705882353 0.39477124183006534 0.015441176470588236 0.0261437908496732
3 0.3602941176470588 0.3398692810457516 0.023529411764705882 0.01568627450980392
3 0.3573529411764706 0.33202614379084966 0.025 0.01830065359477124
3 0.36176470588235293 0.3254901960784313 0.025 0.01568627450980392
3 0.3650735294117647 0.32091503267973853 0.022794117647058822 0.01437908496732026
3 0.5198529411764706 0.35359477124183003 0.014705882352941176 0.0196078431372549
4 0.5389705882352941 0.3464052287581699 0.011764705882352941 0.0261437908496732
3 0.5345588235294118 0.33464052287581697 0.011764705882352941 0.01830065359477124
3 0.5150735294117647 0.3418300653594771 0.0125 0.0196078431372549
5 0.49522058823529413 0.3915032679738562 0.021323529411764706 0.04052287581699346
3 0.4970588235294118 0.36666666666666664 0.014705882352941176 0.0196078431372549
3 0.49374999999999997 0.3555555555555555 0.0125 0.01830065359477124
3 0.4926470588235294 0.34117647058823525 0.011764705882352941 0.01568627450980392
3 0.4919117647058823 0.33137254901960783 0.011764705882352941 0.01699346405228758
3 0.5154411764705882 0.3300653594771242 0.011764705882352941 0.01437908496732026
0 0.2838235294117647 0.5281045751633987 0.010294117647058823 0.0392156862745098
0 0.29044117647058826 0.5111111111111111 0.010294117647058823 0.0392156862745098
0 0.3886029411764706 0.3875816993464052 0.005147058823529412 0.02222222222222222
0 0.3926470588235294 0.3901960784313725 0.0029411764705882353 0.01437908496732026
0 0.3356617647058823 0.4117647058823529 0.005147058823529412 0.023529411764705882
0 0.3525735294117647 0.4006535947712418 0.005147058823529412 0.02222222222222222
0 0.2514705882352941 0.33202614379084966 0.004411764705882353 0.01830065359477124
1 0.3827205882352941 0.4261437908496732 0.006617647058823529 0.02091503267973856
1 0.40441176470588236 0.3758169934640523 0.0058823529411764705 0.0196078431372549
1 0.42720588235294116 0.28888888888888886 0.0029411764705882353 0.00784313725490196
3 0.49816176470588236 0.31045751633986923 0.022794117647058822 0.0196078431372549
0 0.5080882352941176 0.3183006535947712 0.0029411764705882353 0.01437908496732026
0 0.3588235294117647 0.4013071895424836 0.004411764705882353 0.01830065359477124
6 0.40147058823529413 0.3176470588235294 0.011764705882352941 0.01830065359477124
3 0.4540441176470588 0.2901960784313725 0.009558823529411765 0.01568627450980392
3 0.44191176470588234 0.2856209150326797 0.008823529411764706 0.01437908496732026
3 0.4753676470588235 0.27385620915032677 0.009558823529411765 0.01437908496732026
0 0.68125 0.34901960784313724 0.005147058823529412 0.01568627450980392
1 0.5720588235294117 0.36470588235294116 0.0058823529411764705 0.0130718954248366
1 0.5647058823529412 0.3248366013071895 0.004411764705882353 0.011764705882352941
1 0.5352941176470588 0.31176470588235294 0.004411764705882353 0.011764705882352941
3 0.4404411764705882 0.2725490196078431 0.010294117647058823 0.011764705882352941
3 0.36470588235294116 0.2751633986928104 0.011764705882352941 0.01437908496732026
4 0.39044117647058824 0.2718954248366013 0.010294117647058823 0.0130718954248366
4 0.3805147058823529 0.2673202614379085 0.011029411764705881 0.02483660130718954
9 0.3547794117647059 0.2764705882352941 0.005147058823529412 0.01437908496732026
9 0.3422794117647059 0.28627450980392155 0.009558823529411765 0.0130718954248366
3 0.3363970588235294 0.27843137254901956 0.0125 0.01568627450980392
4 0.30919117647058825 0.2830065359477124 0.016911764705882352 0.0196078431372549
4 0.3150735294117647 0.2797385620915033 0.016911764705882352 0.01830065359477124
3 0.3025735294117647 0.2751633986928104 0.008088235294117646 0.0196078431372549
8 0.5352941176470588 0.26601307189542484 0.011764705882352941 0.0326797385620915
3 0.5227941176470589 0.2673202614379085 0.007352941176470588 0.011764705882352941
3 0.49963235294117647 0.20784313725490194 0.005147058823529412 0.01045751633986928
3 0.4970588235294118 0.20522875816993463 0.004411764705882353 0.01045751633986928
3 0.47830882352941173 0.23529411764705882 0.0125 0.0130718954248366
4 0.47610294117647056 0.22156862745098038 0.008088235294117646 0.011764705882352941
3 0.4764705882352941 0.21045751633986925 0.0058823529411764705 0.00784313725490196
0 0.45955882352941174 0.20326797385620915 0.0029411764705882353 0.011764705882352941
0 0.46249999999999997 0.20130718954248364 0.0029411764705882353 0.01045751633986928
9 0.5716911764705882 0.37189542483660126 0.006617647058823529 0.01437908496732026
9 0.5650735294117647 0.3326797385620915 0.003676470588235294 0.00915032679738562
9 0.5367647058823529 0.3183006535947712 0.004411764705882353 0.00915032679738562
1 0.6290441176470588 0.37124183006535943 0.003676470588235294 0.02091503267973856
1 0.6367647058823529 0.37124183006535943 0.004411764705882353 0.02091503267973856
1 0.6327205882352941 0.37450980392156863 0.003676470588235294 0.01437908496732026
3 0.6430147058823529 0.37124183006535943 0.005147058823529412 0.02091503267973856
3 0.5849264705882353 0.3352941176470588 0.0125 0.0196078431372549
8 0.6176470588235294 0.3333333333333333 0.030882352941176472 0.03660130718954248
0 0.6474264705882353 0.3359477124183006 0.005147058823529412 0.02091503267973856
0 0.6566176470588235 0.3379084967320261 0.0029411764705882353 0.01437908496732026
0 0.6529411764705882 0.33921568627450976 0.0029411764705882353 0.01437908496732026
0 0.6547794117647059 0.3359477124183006 0.005147058823529412 0.01830065359477124
0 0.25588235294117645 0.3424836601307189 0.0029411764705882353 0.01830065359477124
0 0.2665441176470588 0.3379084967320261 0.005147058823529412 0.01437908496732026
0 0.2577205882352941 0.3398692810457516 0.003676470588235294 0.01830065359477124
0 0.2599264705882353 0.3405228758169934 0.005147058823529412 0.0196078431372549
9 0.23308823529411765 0.32679738562091504 0.010294117647058823 0.00784313725490196
9 0.2323529411764706 0.33464052287581697 0.011764705882352941 0.0130718954248366
6 0.22095588235294117 0.35163398692810455 0.016911764705882352 0.01830065359477124
