3 0.4359375 0.9189814814814815 0.03229166666666666 0.08981481481481482
3 0.5854166666666667 0.888425925925926 0.03854166666666667 0.09351851851851853
3 0.3716145833333333 0.9356481481481482 0.03697916666666667 0.1175925925925926
3 0.44244791666666666 0.8152777777777778 0.028645833333333332 0.08055555555555556
3 0.5690104166666666 0.6990740740740741 0.028645833333333332 0.05740740740740741
3 0.5166666666666666 0.6472222222222223 0.02395833333333333 0.05
3 0.4466145833333333 0.7240740740740741 0.0265625 0.06666666666666667
3 0.4473958333333333 0.6481481481481481 0.026041666666666668 0.05740740740740741
3 0.3296875 0.8449074074074074 0.035416666666666666 0.09351851851851853
3 0.3841145833333333 0.7310185185185185 0.0296875 0.0787037037037037
3 0.15989583333333332 0.9236111111111112 0.053125 0.11574074074074074
3 0.28098958333333335 0.8171296296296297 0.034895833333333334 0.08796296296296297
3 0.3091145833333333 0.6712962962962963 0.030729166666666665 0.06666666666666667
3 0.3484375 0.6282407407407408 0.025 0.06018518518518519
3 0.3697916666666667 0.5643518518518519 0.025 0.049074074074074076
3 0.3203125 0.5546296296296297 0.02395833333333333 0.05185185185185186
3 0.3598958333333333 0.48842592592592593 0.022916666666666665 0.049074074074074076
3 0.47734375 0.5578703703703703 0.021354166666666667 0.03981481481481482
8 0.4979166666666667 0.45462962962962966 0.03333333333333333 0.10370370370370371
9 0.23020833333333332 0.8300925925925926 0.015625 0.03796296296296296
1 0.2296875 0.8185185185185185 0.011458333333333333 0.031481481481481485
2 0.12786458333333334 0.9046296296296297 0.0265625 0.02777777777777778
2 0.1296875 0.888888888888889 0.027083333333333334 0.022222222222222223
2 0.13359375 0.8763888888888889 0.0265625 0.025
2 0.13958333333333334 0.8569444444444445 0.028125 0.026851851851851852
2 0.14557291666666666 0.8449074074074074 0.027604166666666666 0.025
2 0.15911458333333334 0.8037037037037037 0.0234375 0.02592592592592593
2 0.14401041666666667 0.7916666666666667 0.015104166666666667 0.03333333333333333
2 0.17109375 0.7606481481481482 0.0234375 0.025
0 0.12786458333333334 0.6342592592592593 0.008854166666666666 0.03518518518518519
0 0.04973958333333333 0.6666666666666667 0.011979166666666666 0.037037037037037035
2 0.0078125 0.5800925925925926 0.016666666666666666 0.02314814814814815
5 0.5515625 0.5712962962962963 0.03333333333333333 0.07777777777777778
0 0.6846354166666666 0.7791666666666667 0.008854166666666666 0.04351851851851852
0 0.61796875 0.5421296296296296 0.005729166666666666 0.028703703703703703
0 0.6252604166666667 0.5449074074074074 0.0067708333333333336 0.028703703703703703
0 0.59609375 0.5638888888888889 0.0078125 0.02962962962962963
0 0.5942708333333333 0.5560185185185186 0.005208333333333333 0.025
0 0.5984375 0.5569444444444445 0.004166666666666667 0.025
9 0.5778645833333333 0.5185185185185185 0.0078125 0.024074074074074074
1 0.5778645833333333 0.5157407407407407 0.0067708333333333336 0.024074074074074074
3 0.5973958333333333 0.45601851851851855 0.036458333333333336 0.032407407407407406
3 0.8216145833333334 0.975462962962963 0.07552083333333333 0.04351851851851852
3 0.7984375 0.9259259259259259 0.08333333333333333 0.06666666666666667
3 0.7830729166666667 0.8699074074074075 0.07760416666666667 0.058333333333333334
3 0.7671875 0.8324074074074075 0.06145833333333333 0.05185185185185186
3 0.76171875 0.7990740740740742 0.0671875 0.05185185185185186
3 0.7518229166666667 0.7583333333333334 0.059895833333333336 0.05
3 0.7385416666666667 0.7282407407407407 0.057291666666666664 0.04537037037037037
3 0.7247395833333333 0.6953703703703704 0.057812499999999996 0.044444444444444446
3 0.7143229166666667 0.6652777777777779 0.05260416666666667 0.04166666666666667
3 0.7078125 0.6393518518518518 0.04791666666666666 0.036111111111111115
3 0.7005208333333334 0.6157407407407408 0.046875 0.03518518518518519
4 0.6885416666666666 0.5842592592592593 0.041666666666666664 0.03888888888888889
3 0.6841145833333333 0.5680555555555555 0.0421875 0.03796296296296296
3 0.6778645833333333 0.5458333333333334 0.03802083333333333 0.030555555555555558
3 0.6716145833333333 0.5296296296296297 0.0453125 0.03518518518518519
3 0.7065104166666667 0.5152777777777778 0.0421875 0.04166666666666667
3 0.78359375 0.5115740740740741 0.0484375 0.030555555555555558
3 0.7940104166666666 0.5282407407407408 0.0484375 0.032407407407407406
3 0.8096354166666666 0.5444444444444445 0.0515625 0.031481481481481485
3 0.8166666666666667 0.5685185185185185 0.05 0.03518518518518519
3 0.83359375 0.5884259259259259 0.044270833333333336 0.030555555555555558
3 0.8346354166666666 0.6083333333333334 0.05260416666666667 0.040740740740740744
3 0.84921875 0.638425925925926 0.057812499999999996 0.04351851851851852
3 0.8502604166666666 0.5361111111111111 0.03697916666666667 0.04259259259259259
3 0.8723958333333334 0.6675925925925926 0.06041666666666667 0.04259259259259259
3 0.8893229166666666 0.6958333333333334 0.06510416666666667 0.04351851851851852
3 0.9036458333333334 0.725925925925926 0.06875 0.0462962962962963
3 0.92421875 0.7620370370370371 0.06822916666666666 0.04814814814814815
3 0.9434895833333333 0.7986111111111112 0.0765625 0.05462962962962963
3 0.9666666666666667 0.8439814814814816 0.065625 0.05277777777777778
3 0.9770833333333333 0.8833333333333334 0.04479166666666667 0.053703703703703705
3 0.9716145833333333 0.7300925925925926 0.0546875 0.0638888888888889
3 0.9591145833333333 0.5805555555555556 0.04114583333333333 0.03518518518518519
3 0.9440104166666666 0.562962962962963 0.0421875 0.03333333333333333
3 0.9367187499999999 0.5430555555555556 0.0359375 0.030555555555555558
3 0.9247395833333333 0.5282407407407408 0.05260416666666667 0.032407407407407406
3 0.9127604166666666 0.5106481481481482 0.044270833333333336 0.030555555555555558
3 0.8747395833333333 0.4703703703703704 0.0453125 0.03518518518518519
0 0.9278645833333333 0.46851851851851856 0.009895833333333333 0.02592592592592593
3 0.9684895833333333 0.41712962962962963 0.0359375 0.028703703703703703
3 0.9078125 0.41435185185185186 0.042708333333333334 0.028703703703703703
3 0.8611979166666667 0.41481481481481486 0.04010416666666666 0.031481481481481485
3 0.8091145833333333 0.41805555555555557 0.0390625 0.025
3 0.7627604166666666 0.41435185185185186 0.0421875 0.028703703703703703
3 0.7630208333333334 0.4046296296296297 0.0375 0.02592592592592593
3 0.7096354166666666 0.41620370370370374 0.0390625 0.026851851851851852
3 0.6505208333333333 0.41435185185185186 0.03333333333333333 0.025
8 0.68671875 0.3925925925925926 0.0890625 0.0462962962962963
3 0.28229166666666666 0.5074074074074074 0.03333333333333333 0.05
3 0.2421875 0.4726851851851852 0.041666666666666664 0.03796296296296296
0 0.21354166666666666 0.48055555555555557 0.007291666666666667 0.02962962962962963
2 0.24557291666666667 0.5773148148148148 0.005729166666666666 0.026851851851851852
2 0.2565104166666667 0.6092592592592593 0.005729166666666666 0.02962962962962963
1 0.25677083333333334 0.6013888888888889 0.00625 0.030555555555555558
1 0.24661458333333333 0.5689814814814815 0.0078125 0.030555555555555558
0 0.24296874999999998 0.3824074074074074 0.0046875 0.024074074074074074
0 0.23723958333333334 0.3824074074074074 0.005729166666666666 0.02592592592592593
3 0.3729166666666667 0.4462962962962963 0.019791666666666666 0.03888888888888889
3 0.4067708333333333 0.4305555555555556 0.017708333333333333 0.040740740740740744
5 0.35104166666666664 0.35185185185185186 0.027083333333333334 0.08148148148148149
3 0.47109375 0.3550925925925926 0.0171875 0.026851851851851852
3 0.4466145833333333 0.3513888888888889 0.0171875 0.026851851851851852
3 0.5140625 0.33842592592592596 0.02395833333333333 0.02314814814814815
9 0.9234375 0.37824074074074077 0.016666666666666666 0.015740740740740743
0 0.8885416666666667 0.3680555555555556 0.00625 0.021296296296296296
0 0.83359375 0.32083333333333336 0.008854166666666666 0.021296296296296296
2 0.8572916666666667 0.3699074074074074 0.007291666666666667 0.01388888888888889
2 0.8484375 0.3689814814814815 0.007291666666666667 0.015740740740740743
2 0.8372395833333334 0.3680555555555556 0.005729166666666666 0.015740740740740743
2 0.7828125 0.3685185185185185 0.009375 0.014814814814814815
2 0.775 0.3685185185185185 0.009375 0.016666666666666666
2 0.7690104166666667 0.36712962962962964 0.0109375 0.01388888888888889
2 0.7671875 0.3685185185185185 0.007291666666666667 0.012962962962962964
2 0.74921875 0.3662037037037037 0.0078125 0.017592592592592594
2 0.7421875 0.36574074074074076 0.007291666666666667 0.018518518518518517
0 0.7466145833333333 0.3726851851851852 0.005729166666666666 0.025
0 0.7658854166666667 0.375 0.005729166666666666 0.020370370370370372
2 0.7296875 0.3666666666666667 0.007291666666666667 0.014814814814814815
2 0.68984375 0.3648148148148148 0.0109375 0.016666666666666666
2 0.64296875 0.3625 0.009895833333333333 0.015740740740740743
0 0.6505208333333333 0.3625 0.004166666666666667 0.019444444444444445
0 0.61171875 0.31203703703703706 0.0046875 0.018518518518518517
3 0.6184895833333334 0.3074074074074074 0.01614583333333333 0.02592592592592593
2 0.60546875 0.3597222222222222 0.0046875 0.015740740740740743
2 0.59921875 0.35694444444444445 0.0046875 0.017592592592592594
2 0.6028645833333334 0.3564814814814815 0.0036458333333333334 0.014814814814814815
0 0.2171875 0.3175925925925926 0.004166666666666667 0.020370370370370372
0 0.22109375 0.31851851851851853 0.0046875 0.020370370370370372
2 0.29921875 0.31574074074074077 0.0046875 0.016666666666666666
1 0.29921875 0.31203703703703706 0.0046875 0.018518518518518517
3 0.1796875 0.46296296296296297 0.04479166666666667 0.02962962962962963
3 0.17421875 0.4416666666666667 0.0453125 0.02777777777777778
3 0.18098958333333334 0.42685185185185187 0.0421875 0.02592592592592593
3 0.10598958333333333 0.46435185185185185 0.04635416666666667 0.028703703703703703
3 0.09869791666666666 0.4439814814814815 0.03697916666666667 0.028703703703703703
9 0.09583333333333333 0.3453703703703704 0.013541666666666667 0.012962962962962964
2 0.5640625 0.3439814814814815 0.003125 0.017592592592592594
2 0.5661458333333333 0.34074074074074073 0.010416666666666666 0.014814814814814815
2 0.5596354166666666 0.34351851851851856 0.0036458333333333334 0.016666666666666666
2 0.5578125 0.3365740740740741 0.007291666666666667 0.017592592592592594
2 0.5515625 0.3287037037037037 0.007291666666666667 0.016666666666666666
2 0.5466145833333333 0.32407407407407407 0.0078125 0.016666666666666666
3 0.5846354166666666 0.3106481481481482 0.0265625 0.021296296296296296
3 0.5791666666666666 0.30185185185185187 0.014583333333333334 0.018518518518518517
3 0.5747395833333333 0.2976851851851852 0.0296875 0.019444444444444445
3 0.5690104166666666 0.287962962962963 0.0265625 0.018518518518518517
3 0.5622395833333333 0.28240740740740744 0.021354166666666667 0.016666666666666666
3 0.5591145833333333 0.27361111111111114 0.027604166666666666 0.017592592592592594
3 0.5528645833333333 0.26805555555555555 0.0171875 0.015740740740740743
3 0.54609375 0.2569444444444445 0.0234375 0.01388888888888889
4 0.5893229166666667 0.25416666666666665 0.011979166666666666 0.02314814814814815
3 0.5859375 0.2439814814814815 0.025 0.017592592592592594
3 0.5041666666666667 0.29212962962962963 0.015625 0.02314814814814815
3 0.4947916666666667 0.27731481481481485 0.013541666666666667 0.019444444444444445
4 0.4864583333333333 0.26435185185185184 0.015625 0.019444444444444445
3 0.4796875 0.2550925925925926 0.014583333333333334 0.017592592592592594
3 0.47109375 0.24351851851851852 0.0140625 0.016666666666666666
3 0.4359375 0.3194444444444445 0.014583333333333334 0.020370370370370372
3 0.43854166666666666 0.28101851851851856 0.015625 0.021296296296296296
4 0.44479166666666664 0.2523148148148148 0.016666666666666666 0.021296296296296296
3 0.4515625 0.23842592592592593 0.015625 0.017592592592592594
3 0.42734374999999997 0.24953703703703706 0.0140625 0.019444444444444445
2 0.4630208333333333 0.2162037037037037 0.004166666666666667 0.010185185185185186
3 0.4041666666666667 0.24583333333333335 0.0125 0.017592592592592594
3 0.4041666666666667 0.3 0.014583333333333334 0.022222222222222223
3 0.39791666666666664 0.2833333333333333 0.013541666666666667 0.022222222222222223
3 0.38776041666666666 0.26666666666666666 0.011979166666666666 0.020370370370370372
3 0.34348958333333335 0.30092592592592593 0.0140625 0.02592592592592593
3 0.33489583333333334 0.275 0.014583333333333334 0.022222222222222223
3 0.40729166666666666 0.22037037037037038 0.0125 0.016666666666666666
3 0.396875 0.20462962962962963 0.0125 0.014814814814814815
3 0.3809895833333333 0.20925925925925926 0.013020833333333334 0.016666666666666666
9 0.4046875 0.17731481481481481 0.003125 0.010185185185185186
1 0.40546875 0.17407407407407408 0.0026041666666666665 0.009259259259259259
3 0.3872395833333333 0.17453703703703705 0.011979166666666666 0.015740740740740743
3 0.37473958333333335 0.17685185185185187 0.011979166666666666 0.014814814814814815
3 0.36302083333333335 0.18101851851851852 0.011458333333333333 0.015740740740740743
3 0.36171875 0.16342592592592592 0.0109375 0.01388888888888889
3 0.34791666666666665 0.16064814814814815 0.011458333333333333 0.01388888888888889
3 0.3546875 0.14675925925925926 0.010416666666666666 0.01388888888888889
3 0.3299479166666667 0.2439814814814815 0.011979166666666666 0.019444444444444445
3 0.31744791666666666 0.21712962962962964 0.011979166666666666 0.017592592592592594
3 0.3247395833333333 0.1925925925925926 0.0109375 0.018518518518518517
3 0.3098958333333333 0.19953703703703704 0.010416666666666666 0.017592592592592594
3 0.2755208333333333 0.14907407407407408 0.009375 0.016666666666666666
3 0.26458333333333334 0.1287037037037037 0.009375 0.012962962962962964
3 0.31536458333333334 0.12592592592592594 0.009895833333333333 0.012962962962962964
4 0.5122395833333333 0.1685185185185185 0.01614583333333333 0.020370370370370372
3 0.4953125 0.17314814814814816 0.014583333333333334 0.016666666666666666
3 0.4822916666666667 0.17407407407407408 0.015625 0.014814814814814815
3 0.4692708333333333 0.17407407407407408 0.015625 0.016666666666666666
0 0.45859374999999997 0.20277777777777778 0.0036458333333333334 0.016666666666666666
3 0.44687499999999997 0.21157407407407408 0.0125 0.019444444444444445
3 0.44036458333333334 0.20370370370370372 0.011979166666666666 0.016666666666666666
3 0.4322916666666667 0.19351851851851853 0.013541666666666667 0.016666666666666666
3 0.47109375 0.1638888888888889 0.0171875 0.011111111111111112
3 0.4778645833333333 0.1587962962962963 0.0171875 0.010185185185185186
3 0.46901041666666665 0.15555555555555556 0.011979166666666666 0.009259259259259259
8 0.07291666666666667 0.1824074074074074 0.03958333333333333 0.03333333333333333
8 0.06979166666666667 0.11898148148148148 0.016666666666666666 0.030555555555555558
8 0.05911458333333333 0.10787037037037038 0.0140625 0.026851851851851852
8 0.04479166666666667 0.10601851851851853 0.017708333333333333 0.025
8 0.0390625 0.11898148148148148 0.020833333333333332 0.028703703703703703
9 0.03046875 0.17546296296296296 0.009895833333333333 0.012037037037037037
8 0.019791666666666666 0.08564814814814815 0.013541666666666667 0.019444444444444445
8 0.005989583333333333 0.08981481481481482 0.011979166666666666 0.024074074074074074
3 0.046614583333333334 0.08564814814814815 0.011979166666666666 0.008333333333333333
3 0.044270833333333336 0.08425925925925926 0.011458333333333333 0.009259259259259259
3 0.38776041666666666 0.15462962962962964 0.011979166666666666 0.011111111111111112
3 0.4166666666666667 0.15925925925925927 0.016666666666666666 0.011111111111111112
3 0.41302083333333334 0.15601851851851853 0.015625 0.012037037037037037
3 0.3984375 0.1449074074074074 0.010416666666666666 0.012037037037037037
4 0.3809895833333333 0.14814814814814814 0.0109375 0.011111111111111112
3 0.37421875 0.14305555555555557 0.0109375 0.012037037037037037
3 0.3841145833333333 0.14027777777777778 0.0109375 0.010185185185185186
3 0.36614583333333334 0.13842592592592592 0.010416666666666666 0.01388888888888889
3 0.4184895833333333 0.14351851851851852 0.009895833333333333 0.011111111111111112
3 0.4122395833333333 0.1375 0.011979166666666666 0.010185185185185186
3 0.40911458333333334 0.13101851851851853 0.0140625 0.010185185185185186
3 0.4153645833333333 0.1300925925925926 0.013020833333333334 0.010185185185185186
3 0.3385416666666667 0.11851851851851852 0.011458333333333333 0.012962962962962964
4 0.33046875 0.11527777777777778 0.0109375 0.01388888888888889
3 0.3229166666666667 0.11111111111111112 0.008333333333333333 0.009259259259259259
3 0.31666666666666665 0.10694444444444445 0.009375 0.012037037037037037
3 0.3104166666666667 0.10370370370370371 0.009375 0.011111111111111112
3 0.30234375 0.1 0.009895833333333333 0.009259259259259259
3 0.27734375 0.1087962962962963 0.0109375 0.012037037037037037
3 0.26796875 0.1050925925925926 0.008854166666666666 0.010185185185185186
3 0.25859375 0.09953703703703703 0.008854166666666666 0.010185185185185186
3 0.2515625 0.09398148148148149 0.008333333333333333 0.010185185185185186
3 0.24479166666666666 0.09074074074074075 0.008333333333333333 0.009259259259259259
3 0.24973958333333332 0.08750000000000001 0.009895833333333333 0.010185185185185186
8 0.26848958333333334 0.09305555555555556 0.019270833333333334 0.021296296296296296
3 0.2635416666666667 0.07407407407407407 0.007291666666666667 0.007407407407407408
3 0.2640625 0.06712962962962964 0.010416666666666666 0.008333333333333333
