3 0.35919117647058824 0.6973856209150326 0.12720588235294117 0.15816993464052287
3 0.4349264705882353 0.776470588235294 0.10220588235294117 0.1437908496732026
4 0.10551470588235294 0.9450980392156862 0.18161764705882352 0.10718954248366012
3 0.2875 0.957516339869281 0.11911764705882352 0.08235294117647059
3 0.5922794117647059 0.5503267973856208 0.06985294117647059 0.09934640522875816
3 0.7202205882352941 0.396078431372549 0.05661764705882353 0.07058823529411765
3 0.7441176470588236 0.49281045751633984 0.061764705882352944 0.07581699346405228
3 0.47463235294117645 0.4516339869281045 0.07279411764705883 0.08758169934640522
3 0.4345588235294118 0.39281045751633986 0.075 0.09019607843137255
4 0.5441176470588235 0.37973856209150325 0.055882352941176466 0.07973856209150326
4 0.6621323529411764 0.2803921568627451 0.04485294117647059 0.06928104575163398
3 0.600735294117647 0.33856209150326794 0.057352941176470586 0.065359477124183
3 0.6091911764705882 0.27385620915032677 0.04779411764705882 0.05359477124183006
3 0.7025735294117647 0.1941176470588235 0.03897058823529412 0.050980392156862744
3 0.7018382352941176 0.2522875816993464 0.0375 0.054901960784313725
3 0.76875 0.18758169934640523 0.0375 0.050980392156862744
3 0.6963235294117647 0.12352941176470587 0.030882352941176472 0.03529411764705882
3 0.46838235294117647 0.20130718954248364 0.05 0.04183006535947712
3 0.5455882352941176 0.165359477124183 0.047058823529411764 0.04052287581699346
4 0.6194852941176471 0.16013071895424835 0.0375 0.0457516339869281
4 0.5735294117647058 0.1503267973856209 0.039705882352941174 0.04183006535947712
3 0.606985294117647 0.13529411764705881 0.0375 0.03529411764705882
3 0.6345588235294117 0.11045751633986928 0.03823529411764706 0.027450980392156862
4 0.6102941176470588 0.11372549019607843 0.03529411764705882 0.03660130718954248
3 0.6621323529411764 0.10130718954248365 0.0375 0.0326797385620915
7 0.6316176470588235 0.2091503267973856 0.023529411764705882 0.047058823529411764
6 0.5775735294117647 0.20718954248366012 0.01838235294117647 0.04052287581699346
6 0.6022058823529411 0.18692810457516337 0.027941176470588233 0.03398692810457516
4 0.7231617647058823 0.0673202614379085 0.04338235294117647 0.03790849673202614
3 0.7404411764705883 0.05947712418300653 0.030882352941176472 0.02483660130718954
3 0.7702205882352942 0.03986928104575163 0.030147058823529412 0.02222222222222222
3 0.794485294117647 0.05751633986928104 0.027205882352941177 0.02875816993464052
3 0.7672794117647058 0.07908496732026143 0.030147058823529412 0.027450980392156862
0 0.7650735294117647 0.065359477124183 0.006617647058823529 0.00784313725490196
0 0.7790441176470588 0.08039215686274509 0.005147058823529412 0.02483660130718954
4 0.819485294117647 0.041176470588235294 0.022794117647058822 0.0326797385620915
4 0.8345588235294118 0.03464052287581699 0.020588235294117647 0.03006535947712418
4 0.8444852941176471 0.023529411764705882 0.015441176470588236 0.02091503267973856
4 0.8231617647058823 0.11568627450980391 0.030147058823529412 0.0457516339869281
4 0.8860294117647058 0.19477124183006533 0.032352941176470584 0.047058823529411764
4 0.86875 0.15424836601307187 0.03455882352941177 0.04183006535947712
4 0.8235294117647058 0.0130718954248366 0.01764705882352941 0.02091503267973856
3 0.8047794117647059 0.02810457516339869 0.03455882352941177 0.02222222222222222
3 0.8852941176470588 0.05555555555555555 0.023529411764705882 0.03006535947712418
3 0.9404411764705882 0.08562091503267973 0.025 0.027450980392156862
4 0.9389705882352941 0.01437908496732026 0.01764705882352941 0.0261437908496732
4 0.6308823529411764 0.3941176470588235 0.06470588235294117 0.08235294117647059
3 0.7919117647058823 0.30588235294117644 0.045588235294117645 0.054901960784313725
3 0.7408088235294118 0.2875816993464052 0.04485294117647059 0.054901960784313725
3 0.8283088235294117 0.5183006535947712 0.06985294117647059 0.07712418300653594
3 0.8172794117647059 0.4444444444444444 0.05514705882352941 0.06274509803921569
3 0.8547794117647058 0.41241830065359475 0.07279411764705883 0.058823529411764705
3 0.868014705882353 0.38169934640522873 0.06544117647058824 0.054901960784313725
3 0.8783088235294118 0.3581699346405228 0.06985294117647059 0.054901960784313725
3 0.8636029411764706 0.31633986928104574 0.05514705882352941 0.04183006535947712
0 0.7827205882352941 0.4352941176470588 0.013970588235294117 0.0522875816993464
0 0.8209558823529411 0.357516339869281 0.009558823529411765 0.04836601307189542
3 0.9621323529411765 0.35620915032679734 0.07426470588235294 0.06405228758169934
3 0.9613970588235294 0.32091503267973853 0.07279411764705883 0.04052287581699346
3 0.9231617647058823 0.2947712418300653 0.0625 0.04836601307189542
4 0.9680147058823529 0.29084967320261434 0.0625 0.04836601307189542
3 0.9694852941176471 0.2771241830065359 0.05220588235294118 0.02875816993464052
3 0.9669117647058824 0.26013071895424833 0.06470588235294117 0.04183006535947712
3 0.9709558823529412 0.23529411764705882 0.05661764705882353 0.04444444444444444
4 0.9852941176470588 0.134640522875817 0.027941176470588233 0.03660130718954248
4 0.9588235294117647 0.18431372549019606 0.051470588235294115 0.05751633986928104
4 0.9830882352941176 0.21437908496732025 0.032352941176470584 0.03137254901960784
1 0.9279411764705883 0.165359477124183 0.008823529411764706 0.0326797385620915
1 0.9761029411764706 0.1045751633986928 0.005147058823529412 0.01830065359477124
9 0.9764705882352941 0.11307189542483659 0.008823529411764706 0.0196078431372549
2 0.9261029411764706 0.1738562091503268 0.008088235294117646 0.02091503267973856
6 0.7338235294117647 0.2176470588235294 0.027941176470588233 0.0457516339869281
1 0.8444852941176471 0.056862745098039215 0.005147058823529412 0.01699346405228758
1 0.8544117647058823 0.03986928104575163 0.004411764705882353 0.01699346405228758
1 0.9224264705882352 0.00784313725490196 0.005147058823529412 0.01568627450980392
9 0.8433823529411765 0.06405228758169934 0.007352941176470588 0.0130718954248366
9 0.8529411764705882 0.045098039215686274 0.0058823529411764705 0.011764705882352941
9 0.9220588235294117 0.01503267973856209 0.004411764705882353 0.01437908496732026
6 0.5485294117647058 0.21045751633986925 0.025 0.02875816993464052
0 0.45294117647058824 0.26405228758169935 0.010294117647058823 0.0392156862745098
9 0.3628676470588235 0.28627450980392155 0.015441176470588236 0.03398692810457516
9 0.3014705882352941 0.3098039215686274 0.01911764705882353 0.04183006535947712
9 0.2713235294117647 0.3764705882352941 0.014705882352941176 0.0392156862745098
9 0.2566176470588235 0.3830065359477124 0.013235294117647059 0.04183006535947712
9 0.1636029411764706 0.33856209150326794 0.0125 0.04183006535947712
9 0.21433823529411763 0.3091503267973856 0.022794117647058822 0.0326797385620915
2 0.23933823529411766 0.3522875816993464 0.015441176470588236 0.03790849673202614
9 0.24889705882352942 0.33137254901960783 0.022794117647058822 0.03790849673202614
9 0.24191176470588235 0.32418300653594767 0.029411764705882353 0.0392156862745098
9 0.23529411764705882 0.3130718954248366 0.01911764705882353 0.03529411764705882
2 0.21544117647058822 0.3633986928104575 0.014705882352941176 0.0392156862745098
2 0.20661764705882352 0.33464052287581697 0.01764705882352941 0.03137254901960784
9 0.2588235294117647 0.4784313725490196 0.027941176470588233 0.047058823529411764
9 0.24191176470588235 0.4398692810457516 0.027941176470588233 0.04052287581699346
6 0.057720588235294114 0.46078431372549017 0.04485294117647059 0.04836601307189542
6 0.04779411764705882 0.4026143790849673 0.054411764705882354 0.1045751633986928
1 0.2588235294117647 0.4640522875816993 0.013235294117647059 0.04967320261437908
1 0.25036764705882353 0.4235294117647059 0.008088235294117646 0.04183006535947712
1 0.23970588235294119 0.426797385620915 0.011764705882352941 0.04836601307189542
1 0.2275735294117647 0.39215686274509803 0.0125 0.02875816993464052
1 0.21948529411764706 0.4006535947712418 0.0125 0.027450980392156862
1 0.21102941176470588 0.4071895424836601 0.010294117647058823 0.027450980392156862
1 0.16176470588235295 0.41960784313725485 0.014705882352941176 0.02875816993464052
1 0.15845588235294117 0.40196078431372545 0.009558823529411765 0.02483660130718954
1 0.13933823529411765 0.41960784313725485 0.009558823529411765 0.03398692810457516
1 0.12867647058823528 0.4183006535947712 0.010294117647058823 0.03137254901960784
1 0.11764705882352941 0.4137254901960784 0.008823529411764706 0.027450980392156862
1 0.10588235294117647 0.4058823529411764 0.010294117647058823 0.03529411764705882
1 0.09632352941176471 0.39999999999999997 0.011764705882352941 0.03398692810457516
1 0.0661764705882353 0.4052287581699346 0.01764705882352941 0.03660130718954248
1 0.0713235294117647 0.39477124183006534 0.008823529411764706 0.03137254901960784
1 0.08235294117647059 0.3607843137254902 0.011764705882352941 0.02875816993464052
1 0.015441176470588236 0.45228758169934635 0.013235294117647059 0.03660130718954248
1 0.06544117647058824 0.43725490196078426 0.014705882352941176 0.03529411764705882
0 0.04963235294117647 0.4620915032679738 0.0125 0.04836601307189542
0 0.07941176470588235 0.44705882352941173 0.016176470588235292 0.047058823529411764
0 0.19044117647058822 0.4235294117647059 0.014705882352941176 0.04967320261437908
0 0.15110294117647058 0.42483660130718953 0.016911764705882352 0.04967320261437908
0 0.20625 0.4333333333333333 0.016911764705882352 0.04836601307189542
6 0.8110294117647059 0.5673202614379085 0.060294117647058824 0.04967320261437908
6 0.7055147058823529 0.5313725490196078 0.0625 0.05359477124183006
0 0.6952205882352941 0.5359477124183006 0.015441176470588236 0.0522875816993464
1 0.6470588235294118 0.5725490196078431 0.01764705882352941 0.054901960784313725
0 0.40698529411764706 0.5816993464052287 0.0125 0.054901960784313725
0 0.2639705882352941 0.730718954248366 0.016176470588235292 0.06797385620915032
0 0.7180147058823529 0.7392156862745097 0.019852941176470587 0.0718954248366013
0 0.680514705882353 0.8261437908496732 0.01838235294117647 0.07058823529411765
0 0.69375 0.6522875816993463 0.01838235294117647 0.07058823529411765
0 0.68125 0.6385620915032679 0.01838235294117647 0.06143790849673202
0 0.7617647058823529 0.5993464052287582 0.013235294117647059 0.05620915032679738
0 0.7783088235294118 0.6052287581699346 0.019852941176470587 0.05751633986928104
0 0.8779411764705882 0.9281045751633986 0.023529411764705882 0.0784313725490196
0 0.9088235294117647 0.9366013071895424 0.03676470588235294 0.08235294117647059
0 0.8327205882352942 0.9627450980392156 0.021323529411764706 0.0718954248366013
0 0.8213235294117647 0.9483660130718954 0.022058823529411763 0.06405228758169934
0 0.7772058823529412 0.9392156862745097 0.01764705882352941 0.07712418300653594
0 0.7959558823529411 0.9065359477124182 0.015441176470588236 0.07450980392156863
0 0.8011029411764706 0.8366013071895424 0.015441176470588236 0.07581699346405228
0 0.7908088235294117 0.8888888888888888 0.01838235294117647 0.06274509803921569
0 0.8525735294117647 0.9039215686274509 0.015441176470588236 0.07712418300653594
0 0.8341911764705883 0.888235294117647 0.016911764705882352 0.06143790849673202
0 0.8408088235294118 0.8529411764705882 0.015441176470588236 0.05620915032679738
0 0.8216911764705882 0.7705882352941176 0.016911764705882352 0.07450980392156863
0 0.8066176470588236 0.7771241830065359 0.014705882352941176 0.06405228758169934
0 0.8154411764705882 0.7555555555555555 0.014705882352941176 0.047058823529411764
0 0.8488970588235294 0.7973856209150326 0.015441176470588236 0.065359477124183
0 0.8433823529411765 0.7862745098039216 0.01764705882352941 0.0718954248366013
0 0.8378676470588236 0.7810457516339869 0.02426470588235294 0.06143790849673202
0 0.8345588235294118 0.7732026143790849 0.022058823529411763 0.06405228758169934
0 0.8202205882352941 0.7300653594771241 0.01838235294117647 0.027450980392156862
0 0.8198529411764706 0.7254901960784313 0.025 0.03398692810457516
0 0.8176470588235294 0.7117647058823529 0.023529411764705882 0.0326797385620915
0 0.8738970588235294 0.7973856209150326 0.016911764705882352 0.0784313725490196
0 0.8893382352941176 0.7954248366013071 0.019852941176470587 0.07712418300653594
0 0.90625 0.7954248366013071 0.015441176470588236 0.06928104575163398
0 0.7139705882352941 0.5862745098039215 0.008823529411764706 0.05359477124183006
0 0.6919117647058823 0.615032679738562 0.011764705882352941 0.03529411764705882
0 0.7058823529411764 0.6117647058823529 0.014705882352941176 0.02875816993464052
1 0.6926470588235294 0.8294117647058823 0.013235294117647059 0.043137254901960784
1 0.7231617647058823 0.8771241830065359 0.02426470588235294 0.04444444444444444
1 0.7327205882352941 0.8568627450980392 0.016911764705882352 0.03790849673202614
1 0.7448529411764706 0.8176470588235294 0.01911764705882353 0.04052287581699346
1 0.7511029411764706 0.8052287581699346 0.016911764705882352 0.0392156862745098
1 0.7580882352941176 0.7915032679738562 0.014705882352941176 0.03529411764705882
0 0.7702205882352942 0.765359477124183 0.013970588235294117 0.06928104575163398
1 0.7790441176470588 0.757516339869281 0.008088235294117646 0.03529411764705882
1 0.7647058823529411 0.8679738562091502 0.01764705882352941 0.04183006535947712
1 0.7419117647058824 0.9692810457516339 0.032352941176470584 0.05359477124183006
1 0.9341911764705882 0.9477124183006536 0.021323529411764706 0.06013071895424836
1 0.8922794117647058 0.8738562091503267 0.019852941176470587 0.04052287581699346
1 0.8852941176470588 0.8522875816993464 0.020588235294117647 0.03660130718954248
1 0.9591911764705883 0.9457516339869281 0.03161764705882353 0.06405228758169934
