0 0.6257352941176471 0.19673202614379084 0.014705882352941176 0.06405228758169934
3 0.4334558823529412 0.10392156862745097 0.06544117647058824 0.05359477124183006
3 0.40441176470588236 0.12941176470588234 0.07794117647058824 0.054901960784313725
3 0.4088235294117647 0.1803921568627451 0.09117647058823529 0.054901960784313725
3 0.4158088235294118 0.22156862745098038 0.09485294117647058 0.07712418300653594
3 0.425 0.28169934640522876 0.09411764705882353 0.06928104575163398
3 0.4345588235294118 0.3287581699346405 0.09558823529411764 0.07450980392156863
3 0.45330882352941176 0.3849673202614379 0.09044117647058823 0.07450980392156863
3 0.45625 0.44705882352941173 0.0875 0.08366013071895424
9 0.44375 0.6366013071895424 0.05073529411764706 0.03398692810457516
9 0.49411764705882355 0.5666666666666667 0.044117647058823525 0.03529411764705882
9 0.5113970588235294 0.5437908496732026 0.04779411764705882 0.03398692810457516
9 0.4919117647058823 0.5117647058823529 0.04264705882352941 0.0326797385620915
9 0.43566176470588236 0.5627450980392157 0.04338235294117647 0.03529411764705882
9 0.4033088235294118 0.5032679738562091 0.0375 0.02875816993464052
9 0.37463235294117647 0.45751633986928103 0.0125 0.054901960784313725
3 0.5125 0.9078431372549018 0.12058823529411765 0.18169934640522875
3 0.9316176470588236 0.9084967320261438 0.11911764705882352 0.11241830065359476
4 0.899264705882353 0.388235294117647 0.16911764705882354 0.3424836601307189
5 0.6863970588235294 0.04967320261437908 0.07279411764705883 0.10196078431372549
3 0.44375 0.9614379084967319 0.06544117647058824 0.07450980392156863
9 0.38933823529411765 0.5339869281045752 0.04044117647058824 0.04052287581699346
4 0.22647058823529412 0.418954248366013 0.047058823529411764 0.13986928104575164
3 0.9525735294117647 0.9673202614379084 0.09044117647058823 0.06274509803921569
