6 0.07022058823529412 0.90718954248366 0.13897058823529412 0.17777777777777776
3 0.4404411764705882 0.6542483660130719 0.11176470588235293 0.11895424836601307
3 0.5419117647058823 0.6163398692810457 0.11029411764705882 0.1111111111111111
3 0.7033088235294117 0.8738562091503267 0.17426470588235293 0.2026143790849673
3 0.8404411764705882 0.8490196078431372 0.1764705882352941 0.1790849673202614
3 0.33602941176470585 0.47124183006535947 0.09264705882352942 0.08758169934640522
3 0.1801470588235294 0.29869281045751633 0.08235294117647059 0.05359477124183006
3 0.6698529411764705 0.34901960784313724 0.03823529411764706 0.06013071895424836
4 0.9246323529411764 0.5673202614379085 0.10220588235294117 0.13333333333333333
0 0.8886029411764705 0.5555555555555555 0.022794117647058822 0.07058823529411765
0 0.7617647058823529 0.4620915032679738 0.013235294117647059 0.058823529411764705
9 0.6790441176470589 0.5431372549019607 0.0375 0.05359477124183006
7 0.7959558823529411 0.4287581699346405 0.05220588235294118 0.0784313725490196
3 0.7481617647058824 0.388235294117647 0.06397058823529411 0.065359477124183
3 0.7246323529411764 0.32156862745098036 0.06985294117647059 0.054901960784313725
3 0.7154411764705882 0.2954248366013072 0.06911764705882353 0.047058823529411764
3 0.7150735294117647 0.2699346405228758 0.06985294117647059 0.05620915032679738
4 0.7544117647058823 0.24967320261437906 0.039705882352941174 0.054901960784313725
4 0.7790441176470588 0.22352941176470587 0.04044117647058824 0.04183006535947712
9 0.05808823529411765 0.6444444444444444 0.05 0.054901960784313725
1 0.057720588235294114 0.6300653594771242 0.01838235294117647 0.06797385620915032
3 0.017279411764705883 0.4516339869281045 0.03455882352941177 0.08758169934640522
0 0.37683823529411764 0.32614379084967315 0.0125 0.050980392156862744
4 0.21948529411764706 0.1764705882352941 0.0375 0.04967320261437908
3 0.1636029411764706 0.17712418300653593 0.04485294117647059 0.0457516339869281
4 0.07205882352941176 0.14967320261437908 0.039705882352941174 0.04052287581699346
0 0.16911764705882354 0.14509803921568626 0.010294117647058823 0.03660130718954248
0 0.15992647058823528 0.15163398692810456 0.009558823529411765 0.0392156862745098
1 0.046691176470588236 0.1065359477124183 0.009558823529411765 0.0196078431372549
0 0.5779411764705882 0.36928104575163395 0.014705882352941176 0.050980392156862744
1 0.5761029411764705 0.36209150326797385 0.006617647058823529 0.02091503267973856
9 0.5040441176470588 0.17843137254901958 0.013970588235294117 0.02222222222222222
1 0.5051470588235294 0.17058823529411762 0.007352941176470588 0.027450980392156862
9 0.6636029411764706 0.2437908496732026 0.0125 0.03529411764705882
1 0.663235294117647 0.2392156862745098 0.010294117647058823 0.03137254901960784
3 0.6121323529411765 0.16274509803921566 0.03455882352941177 0.03529411764705882
3 0.6511029411764706 0.13006535947712417 0.03161764705882353 0.027450980392156862
2 0.950735294117647 0.5104575163398692 0.03529411764705882 0.043137254901960784
0 0.8382352941176471 0.4235294117647059 0.010294117647058823 0.04183006535947712
0 0.8327205882352942 0.39999999999999997 0.011029411764705881 0.04183006535947712
0 0.8316176470588236 0.3588235294117647 0.016176470588235292 0.05620915032679738
0 0.8488970588235294 0.37712418300653594 0.011029411764705881 0.05359477124183006
0 0.7959558823529411 0.26405228758169935 0.0125 0.04183006535947712
9 0.9874999999999999 0.46078431372549017 0.023529411764705882 0.03529411764705882
9 0.9904411764705883 0.48823529411764705 0.01764705882352941 0.0326797385620915
0 0.8227941176470588 0.3026143790849673 0.011764705882352941 0.04836601307189542
0 0.8345588235294118 0.29346405228758166 0.007352941176470588 0.0326797385620915
3 0.9882352941176471 0.22549019607843135 0.022058823529411763 0.04052287581699346
3 0.8904411764705882 0.20196078431372547 0.060294117647058824 0.04052287581699346
3 0.825735294117647 0.18823529411764706 0.032352941176470584 0.03660130718954248
3 0.8970588235294118 0.17973856209150327 0.052941176470588235 0.0326797385620915
3 0.9183823529411764 0.17320261437908496 0.052941176470588235 0.0326797385620915
3 0.9455882352941176 0.14901960784313725 0.04264705882352941 0.03398692810457516
3 0.9558823529411764 0.130718954248366 0.047058823529411764 0.03398692810457516
3 0.9676470588235294 0.1261437908496732 0.041176470588235294 0.027450980392156862
3 0.9746323529411764 0.11830065359477124 0.04485294117647059 0.027450980392156862
3 0.9415441176470588 0.10392156862745097 0.022794117647058822 0.02222222222222222
3 0.9764705882352941 0.11176470588235293 0.041176470588235294 0.02483660130718954
1 0.030147058823529412 0.9222222222222222 0.03529411764705882 0.11372549019607843
