5 0.12426470588235294 0.5738562091503268 0.05 0.07581699346405228
5 0.1988970588235294 0.30196078431372547 0.05220588235294118 0.09411764705882353
4 0.20661764705882352 0.16013071895424835 0.020588235294117647 0.07712418300653594
3 0.43823529411764706 0.818954248366013 0.027941176470588233 0.07450980392156863
3 0.45845588235294116 0.6444444444444444 0.016911764705882352 0.06797385620915032
3 0.48566176470588235 0.6516339869281045 0.016911764705882352 0.06666666666666667
3 0.4930147058823529 0.5104575163398692 0.016911764705882352 0.06666666666666667
4 0.45992647058823527 0.22941176470588234 0.015441176470588236 0.06143790849673202
3 0.5202205882352942 0.49738562091503263 0.016911764705882352 0.06666666666666667
3 0.5261029411764706 0.657516339869281 0.019852941176470587 0.06274509803921569
3 0.5551470588235294 0.7333333333333333 0.03676470588235294 0.04183006535947712
3 0.5588235294117647 0.7980392156862745 0.039705882352941174 0.04836601307189542
1 0.513235294117647 0.745751633986928 0.007352941176470588 0.02483660130718954
3 0.5525735294117647 0.4483660130718954 0.04338235294117647 0.04967320261437908
3 0.5588235294117647 0.5869281045751633 0.044117647058823525 0.03398692810457516
3 0.5220588235294118 0.32352941176470584 0.025 0.06405228758169934
3 0.38933823529411765 0.2679738562091503 0.0375 0.03398692810457516
3 0.5496323529411765 0.22614379084967318 0.0375 0.03660130718954248
3 0.4915441176470588 0.041176470588235294 0.015441176470588236 0.05620915032679738
4 0.5227941176470589 0.08300653594771241 0.016176470588235292 0.06143790849673202
3 0.4566176470588235 0.03529411764705882 0.016176470588235292 0.05751633986928104
3 0.3889705882352941 0.592156862745098 0.04264705882352941 0.03398692810457516
3 0.7625 0.47320261437908495 0.039705882352941174 0.03660130718954248
3 0.7591911764705882 0.515032679738562 0.0375 0.03660130718954248
3 0.7580882352941176 0.6274509803921569 0.039705882352941174 0.03398692810457516
3 0.8154411764705882 0.4810457516339869 0.020588235294117647 0.065359477124183
3 0.8378676470588236 0.4816993464052287 0.021323529411764706 0.06405228758169934
3 0.8801470588235294 0.49281045751633984 0.022058823529411763 0.07058823529411765
3 0.9014705882352941 0.48627450980392156 0.01911764705882353 0.065359477124183
3 0.9253676470588235 0.48039215686274506 0.019852941176470587 0.0718954248366013
3 0.9764705882352941 0.4869281045751634 0.020588235294117647 0.06666666666666667
3 0.8029411764705883 0.6679738562091503 0.020588235294117647 0.06274509803921569
3 0.8279411764705882 0.6620915032679738 0.020588235294117647 0.06143790849673202
3 0.8702205882352941 0.6522875816993463 0.019852941176470587 0.06274509803921569
9 0.9301470588235294 0.6660130718954248 0.010294117647058823 0.0326797385620915
5 0.8948529411764706 0.649673202614379 0.020588235294117647 0.06797385620915032
4 0.8033088235294118 0.5758169934640522 0.03455882352941177 0.03006535947712418
4 0.8511029411764706 0.6588235294117647 0.019852941176470587 0.054901960784313725
0 0.4400735294117647 0.90718954248366 0.009558823529411765 0.023529411764705882
0 0.36580882352941174 0.5300653594771242 0.005147058823529412 0.0196078431372549
0 0.36176470588235293 0.42810457516339867 0.008823529411764706 0.011764705882352941
0 0.3636029411764706 0.3954248366013072 0.006617647058823529 0.011764705882352941
0 0.37316176470588236 0.4058823529411764 0.006617647058823529 0.011764705882352941
0 0.36911764705882355 0.3784313725490196 0.007352941176470588 0.01437908496732026
0 0.3779411764705882 0.38954248366013067 0.007352941176470588 0.0130718954248366
0 0.3735294117647059 0.396078431372549 0.007352941176470588 0.0130718954248366
2 0.4150735294117647 0.8261437908496732 0.009558823529411765 0.023529411764705882
0 0.35919117647058824 0.968627450980392 0.009558823529411765 0.02091503267973856
1 0.5077205882352941 0.8052287581699346 0.003676470588235294 0.023529411764705882
1 0.5139705882352941 0.8464052287581699 0.0058823529411764705 0.02222222222222222
1 0.5058823529411764 0.6503267973856208 0.007352941176470588 0.01437908496732026
1 0.4375 0.16928104575163397 0.007352941176470588 0.01699346405228758
0 0.42573529411764705 0.3 0.0029411764705882353 0.0196078431372549
0 0.43272058823529413 0.3071895424836601 0.005147058823529412 0.01568627450980392
0 0.3801470588235294 0.2045751633986928 0.0058823529411764705 0.01699346405228758
0 0.5003676470588235 0.3071895424836601 0.005147058823529412 0.023529411764705882
0 0.5073529411764706 0.06666666666666667 0.007352941176470588 0.02091503267973856
0 0.3738970588235294 0.2045751633986928 0.005147058823529412 0.01699346405228758
0 0.36580882352941174 0.20522875816993463 0.005147058823529412 0.01830065359477124
0 0.4209558823529412 0.2980392156862745 0.005147058823529412 0.01830065359477124
3 0.5529411764705883 0.11045751633986928 0.032352941176470584 0.03790849673202614
1 0.5014705882352941 0.165359477124183 0.0058823529411764705 0.01437908496732026
9 0.43786764705882353 0.17516339869281045 0.008088235294117646 0.01568627450980392
9 0.5007352941176471 0.17320261437908496 0.007352941176470588 0.01699346405228758
9 0.5058823529411764 0.6542483660130719 0.007352941176470588 0.01437908496732026
9 0.5136029411764705 0.745751633986928 0.008088235294117646 0.01699346405228758
9 0.5084558823529411 0.8039215686274509 0.008088235294117646 0.01568627450980392
9 0.513235294117647 0.8431372549019607 0.007352941176470588 0.01568627450980392
9 0.5338235294117647 0.8104575163398692 0.007352941176470588 0.03398692810457516
8 0.5136029411764705 0.9771241830065359 0.027205882352941177 0.043137254901960784
