8 0.036397058823529414 0.2869281045751634 0.07426470588235294 0.11633986928104574
9 0.10367647058823529 0.19281045751633985 0.022058823529411763 0.027450980392156862
6 0.14338235294117646 0.1718954248366013 0.022058823529411763 0.027450980392156862
9 0.14816176470588235 0.17058823529411762 0.0125 0.0196078431372549
3 0.24301470588235294 0.19084967320261437 0.05073529411764706 0.03137254901960784
0 0.2841911764705882 0.15098039215686274 0.005147058823529412 0.027450980392156862
3 0.2713235294117647 0.14313725490196078 0.026470588235294117 0.027450980392156862
3 0.2588235294117647 0.11633986928104574 0.016176470588235292 0.02091503267973856
3 0.2761029411764706 0.11764705882352941 0.013970588235294117 0.023529411764705882
6 0.3099264705882353 0.17058823529411762 0.015441176470588236 0.0326797385620915
6 0.3099264705882353 0.19999999999999998 0.015441176470588236 0.02875816993464052
1 0.3088235294117647 0.19477124183006533 0.007352941176470588 0.02875816993464052
5 0.3161764705882353 0.26013071895424833 0.05 0.07581699346405228
3 0.3761029411764706 0.045098039215686274 0.0125 0.011764705882352941
3 0.37536764705882353 0.06470588235294117 0.015441176470588236 0.01437908496732026
3 0.4294117647058823 0.07058823529411765 0.008823529411764706 0.01568627450980392
4 0.36875 0.08104575163398692 0.015441176470588236 0.01568627450980392
3 0.3720588235294118 0.10522875816993463 0.01764705882352941 0.01699346405228758
6 0.3977941176470588 0.08366013071895424 0.0058823529411764705 0.01045751633986928
6 0.3875 0.08627450980392157 0.008823529411764706 0.01568627450980392
6 0.3779411764705882 0.08562091503267973 0.011764705882352941 0.0196078431372549
9 0.4143382352941176 0.0915032679738562 0.009558823529411765 0.0130718954248366
1 0.41470588235294115 0.09019607843137255 0.0029411764705882353 0.01568627450980392
3 0.3963235294117647 0.11633986928104574 0.011764705882352941 0.02091503267973856
3 0.41801470588235295 0.10130718954248365 0.0125 0.01699346405228758
3 0.4209558823529412 0.12091503267973855 0.0125 0.02222222222222222
4 0.40441176470588236 0.15163398692810456 0.016176470588235292 0.03660130718954248
3 0.2988970588235294 0.3071895424836601 0.04191176470588235 0.07058823529411765
3 0.27904411764705883 0.361437908496732 0.05073529411764706 0.07712418300653594
3 0.3529411764705882 0.3581699346405228 0.04264705882352941 0.07058823529411765
3 0.37279411764705883 0.30130718954248364 0.03676470588235294 0.058823529411764705
3 0.3889705882352941 0.23006535947712417 0.026470588235294117 0.04967320261437908
4 0.3779411764705882 0.25098039215686274 0.033823529411764704 0.07581699346405228
6 0.43529411764705883 0.2797385620915033 0.022058823529411763 0.04967320261437908
3 0.4415441176470588 0.31633986928104574 0.03455882352941177 0.06274509803921569
4 0.43419117647058825 0.3588235294117647 0.04338235294117647 0.10065359477124182
4 0.5191176470588236 0.07973856209150326 0.007352941176470588 0.01830065359477124
6 0.4970588235294118 0.0738562091503268 0.0058823529411764705 0.01437908496732026
3 0.5709558823529411 0.10392156862745097 0.022794117647058822 0.01699346405228758
3 0.5680147058823529 0.09673202614379084 0.02426470588235294 0.01568627450980392
3 0.5632352941176471 0.09019607843137255 0.027941176470588233 0.01830065359477124
3 0.5970588235294118 0.13529411764705881 0.01764705882352941 0.02222222222222222
0 0.6022058823529411 0.18366013071895423 0.004411764705882353 0.0326797385620915
0 0.6169117647058824 0.18366013071895423 0.004411764705882353 0.03006535947712418
3 0.6025735294117647 0.18169934640522875 0.021323529411764706 0.03398692810457516
3 0.6183823529411765 0.20392156862745098 0.027941176470588233 0.03660130718954248
3 0.5481617647058823 0.1803921568627451 0.021323529411764706 0.03398692810457516
0 0.5525735294117647 0.42810457516339867 0.0125 0.06405228758169934
0 0.5992647058823529 0.43006535947712415 0.014705882352941176 0.06797385620915032
3 0.7264705882352941 0.36470588235294116 0.052941176470588235 0.07058823529411765
3 0.74375 0.4810457516339869 0.10073529411764706 0.09411764705882353
0 0.7672794117647058 0.43464052287581695 0.009558823529411765 0.07450980392156863
0 0.7933823529411764 0.4235294117647059 0.01764705882352941 0.07058823529411765
0 0.7974264705882352 0.43660130718954243 0.019852941176470587 0.06797385620915032
9 0.6709558823529411 0.9091503267973856 0.0801470588235294 0.09803921568627451
1 0.6742647058823529 0.8836601307189542 0.041176470588235294 0.12287581699346405
3 0.6702205882352941 0.13790849673202613 0.030147058823529412 0.02222222222222222
3 0.6477941176470589 0.13660130718954247 0.039705882352941174 0.02483660130718954
4 0.6569852941176471 0.1522875816993464 0.030147058823529412 0.02222222222222222
3 0.6599264705882353 0.16862745098039214 0.0375 0.0261437908496732
3 0.7029411764705882 0.1764705882352941 0.032352941176470584 0.02875816993464052
3 0.7544117647058823 0.16666666666666666 0.030882352941176472 0.02483660130718954
0 0.7544117647058823 0.1679738562091503 0.007352941176470588 0.027450980392156862
4 0.774264705882353 0.17516339869281045 0.029411764705882353 0.04183006535947712
3 0.75 0.19999999999999998 0.045588235294117645 0.02875816993464052
3 0.7522058823529412 0.21372549019607842 0.047058823529411764 0.0326797385620915
3 0.7683823529411764 0.22156862745098038 0.057352941176470586 0.0326797385620915
3 0.8459558823529412 0.1980392156862745 0.04191176470588235 0.0326797385620915
0 0.8459558823529412 0.22549019607843135 0.008088235294117646 0.0457516339869281
3 0.8827205882352941 0.23398692810457514 0.04485294117647059 0.047058823529411764
0 0.9827205882352941 0.2947712418300653 0.009558823529411765 0.05359477124183006
3 0.8448529411764706 0.2522875816993464 0.060294117647058824 0.03660130718954248
3 0.8577205882352941 0.2725490196078431 0.06691176470588235 0.0457516339869281
3 0.8066176470588236 0.31045751633986923 0.07794117647058824 0.05620915032679738
3 0.8400735294117647 0.3281045751633987 0.08308823529411764 0.06013071895424836
3 0.8647058823529412 0.3509803921568627 0.08970588235294118 0.06405228758169934
3 0.9150735294117647 0.39934640522875814 0.10220588235294117 0.07450980392156863
9 0.9783088235294117 0.5836601307189542 0.04191176470588235 0.06666666666666667
