0 0.5775735294117647 0.7745098039215685 0.04044117647058824 0.2156862745098039
0 0.5606617647058824 0.7274509803921568 0.0375 0.1790849673202614
0 0.5709558823529411 0.5111111111111111 0.03455882352941177 0.14901960784313725
0 0.3264705882352941 0.06405228758169934 0.013235294117647059 0.0784313725490196
0 0.3297794117647059 0.06405228758169934 0.0125 0.08104575163398692
0 0.33933823529411766 0.05555555555555555 0.0125 0.07450980392156863
0 0.35698529411764707 0.06601307189542484 0.015441176470588236 0.07450980392156863
0 0.3665441176470588 0.058823529411764705 0.009558823529411765 0.07581699346405228
0 0.38125 0.07058823529411765 0.011029411764705881 0.07320261437908496
0 0.3363970588235294 0.09738562091503267 0.015441176470588236 0.08758169934640522
0 0.3514705882352941 0.11045751633986928 0.016176470588235292 0.05359477124183006
0 0.34558823529411764 0.1941176470588235 0.027941176470588233 0.09019607843137255
0 0.3724264705882353 0.1764705882352941 0.030147058823529412 0.10980392156862745
0 0.44595588235294115 0.052941176470588235 0.0125 0.06928104575163398
0 0.5397058823529411 0.13006535947712417 0.011764705882352941 0.09019607843137255
0 0.5485294117647058 0.14248366013071895 0.014705882352941176 0.0784313725490196
0 0.8628676470588236 0.05359477124183006 0.016911764705882352 0.06797385620915032
0 0.88125 0.05751633986928104 0.015441176470588236 0.06797385620915032
0 0.8974264705882353 0.05751633986928104 0.019852941176470587 0.06797385620915032
2 0.7775735294117647 0.03006535947712418 0.019852941176470587 0.047058823529411764
0 0.5801470588235293 0.5516339869281045 0.030882352941176472 0.11503267973856209
0 0.6856617647058824 0.6718954248366013 0.04485294117647059 0.21176470588235294
0 0.7713235294117647 0.5411764705882353 0.03529411764705882 0.17254901960784313
0 0.7547794117647059 0.7862745098039216 0.04779411764705882 0.23660130718954248
1 0.46875 0.780392156862745 0.05073529411764706 0.1568627450980392
1 0.0801470588235294 0.065359477124183 0.022058823529411763 0.054901960784313725
1 0.09595588235294117 0.06470588235294117 0.019852941176470587 0.05359477124183006
