0 0.3941176470588235 0.021568627450980392 0.0029411764705882353 0.01699346405228758
4 0.39191176470588235 0.08300653594771241 0.01911764705882353 0.027450980392156862
2 0.06286764705882353 0.6830065359477123 0.022794117647058822 0.06143790849673202
3 0.15404411764705883 0.8346405228758169 0.10661764705882353 0.08235294117647059
3 0.2566176470588235 0.6529411764705881 0.08676470588235294 0.06405228758169934
3 0.27941176470588236 0.5738562091503268 0.08235294117647059 0.07320261437908496
3 0.2878676470588235 0.534640522875817 0.08308823529411764 0.054901960784313725
3 0.2977941176470588 0.9209150326797385 0.08676470588235294 0.15555555555555556
3 0.29963235294117646 0.7522875816993464 0.06985294117647059 0.1503267973856209
3 0.3474264705882353 0.6196078431372548 0.05514705882352941 0.09673202614379084
9 0.5625 0.9169934640522875 0.014705882352941176 0.07712418300653594
1 0.5617647058823529 0.9026143790849672 0.01764705882352941 0.06405228758169934
0 0.5794117647058823 0.6490196078431372 0.011764705882352941 0.06405228758169934
3 0.6459558823529412 0.7346405228758169 0.05220588235294118 0.12810457516339868
3 0.6261029411764706 0.6222222222222222 0.07279411764705883 0.0915032679738562
3 0.6231617647058824 0.5424836601307189 0.04338235294117647 0.09411764705882353
0 0.5801470588235293 0.42156862745098034 0.008823529411764706 0.043137254901960784
3 0.6047794117647058 0.4457516339869281 0.03455882352941177 0.05751633986928104
0 0.5455882352941176 0.3026143790849673 0.007352941176470588 0.03529411764705882
3 0.5713235294117647 0.292156862745098 0.041176470588235294 0.04052287581699346
3 0.5922794117647059 0.3176470588235294 0.027205882352941177 0.047058823529411764
8 0.6672794117647058 0.047058823529411764 0.04779411764705882 0.03660130718954248
3 0.6974264705882353 0.07647058823529411 0.022794117647058822 0.02222222222222222
0 0.7099264705882353 0.06601307189542484 0.005147058823529412 0.0196078431372549
3 0.7389705882352942 0.24313725490196078 0.032352941176470584 0.03398692810457516
3 0.7301470588235294 0.2156862745098039 0.030882352941176472 0.0392156862745098
3 0.7069852941176471 0.24117647058823527 0.027205882352941177 0.04052287581699346
3 0.6764705882352942 0.24640522875816992 0.029411764705882353 0.03529411764705882
3 0.6194852941176471 0.21895424836601304 0.019852941176470587 0.04052287581699346
3 0.65 0.2156862745098039 0.026470588235294117 0.0392156862745098
3 0.6794117647058824 0.2176470588235294 0.023529411764705882 0.03529411764705882
3 0.7018382352941176 0.21437908496732025 0.030147058823529412 0.0392156862745098
4 0.6477941176470589 0.24052287581699344 0.023529411764705882 0.04183006535947712
3 0.5886029411764706 0.1326797385620915 0.016911764705882352 0.0326797385620915
3 0.5959558823529412 0.161437908496732 0.019852941176470587 0.027450980392156862
3 0.6125 0.14183006535947712 0.01911764705882353 0.02483660130718954
3 0.6209558823529412 0.16209150326797384 0.019852941176470587 0.02875816993464052
3 0.6452205882352942 0.1588235294117647 0.021323529411764706 0.03006535947712418
3 0.6558823529411765 0.14052287581699346 0.020588235294117647 0.027450980392156862
3 0.6775735294117647 0.1372549019607843 0.022794117647058822 0.03398692810457516
3 0.6985294117647058 0.13660130718954247 0.022058823529411763 0.03006535947712418
5 0.7121323529411765 0.15424836601307187 0.016911764705882352 0.03398692810457516
3 0.6904411764705882 0.1588235294117647 0.023529411764705882 0.027450980392156862
3 0.6683823529411764 0.15947712418300652 0.020588235294117647 0.0261437908496732
3 0.4764705882352941 0.01111111111111111 0.022058823529411763 0.0196078431372549
3 0.4051470588235294 0.056862745098039215 0.026470588235294117 0.01699346405228758
3 0.4827205882352941 0.06339869281045751 0.0125 0.0196078431372549
3 0.4959558823529412 0.0065359477124183 0.009558823529411765 0.0130718954248366
5 0.5900735294117647 0.0915032679738562 0.03602941176470588 0.02875816993464052
5 0.5834558823529412 0.07581699346405228 0.03455882352941177 0.02875816993464052
0 0.5595588235294118 0.08823529411764705 0.004411764705882353 0.02222222222222222
0 0.5558823529411765 0.08888888888888888 0.0029411764705882353 0.02091503267973856
0 0.5540441176470589 0.06209150326797385 0.003676470588235294 0.0196078431372549
0 0.5573529411764706 0.0392156862745098 0.0029411764705882353 0.01568627450980392
6 0.5551470588235294 0.01437908496732026 0.008823529411764706 0.0130718954248366
0 0.5514705882352942 0.08888888888888888 0.004411764705882353 0.02091503267973856
1 0.544485294117647 0.13594771241830064 0.005147058823529412 0.02091503267973856
1 0.5452205882352941 0.13790849673202613 0.003676470588235294 0.01437908496732026
9 0.544485294117647 0.13856209150326795 0.005147058823529412 0.01830065359477124
3 0.5316176470588235 0.04836601307189542 0.011764705882352941 0.01830065359477124
4 0.5319852941176471 0.0718954248366013 0.0125 0.02875816993464052
3 0.5113970588235294 0.08431372549019607 0.0125 0.0196078431372549
3 0.5014705882352941 0.11045751633986928 0.013235294117647059 0.02483660130718954
0 0.5415441176470588 0.0196078431372549 0.003676470588235294 0.01568627450980392
1 0.5433823529411764 0.03464052287581699 0.0029411764705882353 0.01437908496732026
9 0.5426470588235294 0.03660130718954248 0.0029411764705882353 0.0130718954248366
3 0.47205882352941175 0.15816993464052287 0.01764705882352941 0.03398692810457516
9 0.4363970588235294 0.6235294117647059 0.011029411764705881 0.054901960784313725
1 0.4363970588235294 0.6039215686274509 0.011029411764705881 0.04967320261437908
9 0.45 0.18627450980392155 0.008823529411764706 0.02222222222222222
1 0.4496323529411765 0.18169934640522875 0.005147058823529412 0.0261437908496732
3 0.4150735294117647 0.1549019607843137 0.04191176470588235 0.027450980392156862
3 0.4143382352941176 0.1679738562091503 0.0375 0.027450980392156862
3 0.38933823529411765 0.21176470588235294 0.05220588235294118 0.03398692810457516
3 0.3845588235294118 0.2392156862745098 0.05 0.03398692810457516
9 0.3790441176470588 0.2529411764705882 0.01838235294117647 0.01699346405228758
9 0.37279411764705883 0.26013071895424833 0.01764705882352941 0.01830065359477124
3 0.3738970588235294 0.30588235294117644 0.05073529411764706 0.04183006535947712
3 0.3588235294117647 0.3359477124183006 0.051470588235294115 0.047058823529411764
3 0.3272058823529412 0.3660130718954248 0.057352941176470586 0.04183006535947712
3 0.3176470588235294 0.3875816993464052 0.04852941176470588 0.027450980392156862
3 0.3154411764705882 0.4117647058823529 0.04852941176470588 0.03660130718954248
3 0.3165441176470588 0.4333333333333333 0.05514705882352941 0.043137254901960784
3 0.3628676470588235 0.39999999999999997 0.03455882352941177 0.06013071895424836
3 0.30330882352941174 0.4516339869281045 0.05220588235294118 0.05359477124183006
3 0.3911764705882353 0.430718954248366 0.032352941176470584 0.05359477124183006
2 0.41066176470588234 0.43660130718954243 0.006617647058823529 0.03137254901960784
1 0.41066176470588234 0.42549019607843136 0.009558823529411765 0.03790849673202614
3 0.41654411764705884 0.3372549019607843 0.03161764705882353 0.06797385620915032
