3 0.45625 0.8209150326797385 0.03455882352941177 0.07320261437908496
3 0.5014705882352941 0.7444444444444444 0.032352941176470584 0.06405228758169934
3 0.4522058823529412 0.6980392156862745 0.030882352941176472 0.06013071895424836
3 0.3981617647058823 0.8222222222222222 0.0375 0.07058823529411765
3 0.5147058823529411 0.8549019607843137 0.03529411764705882 0.08104575163398692
3 0.5617647058823529 0.8091503267973855 0.03823529411764706 0.08104575163398692
3 0.6091911764705882 0.7758169934640522 0.03602941176470588 0.06928104575163398
3 0.5680147058823529 0.6908496732026144 0.03308823529411765 0.05620915032679738
3 0.5176470588235293 0.6732026143790849 0.032352941176470584 0.0522875816993464
3 0.5169117647058823 0.5620915032679739 0.051470588235294115 0.04183006535947712
3 0.45 0.5490196078431372 0.05 0.0392156862745098
3 0.3599264705882353 0.5163398692810457 0.04485294117647059 0.04183006535947712
3 0.325 0.5026143790849673 0.025 0.03529411764705882
3 0.2988970588235294 0.47058823529411764 0.01838235294117647 0.02875816993464052
3 0.5955882352941176 0.5758169934640522 0.05 0.04836601307189542
3 0.575 0.48823529411764705 0.029411764705882353 0.027450980392156862
3 0.4801470588235294 0.43464052287581695 0.016176470588235292 0.027450980392156862
3 0.021323529411764706 0.4052287581699346 0.027941176470588233 0.02091503267973856
3 0.13970588235294118 0.4156862745098039 0.032352941176470584 0.02091503267973856
3 0.09669117647058824 0.5202614379084967 0.05073529411764706 0.02875816993464052
3 0.028676470588235293 0.6411764705882352 0.057352941176470586 0.04836601307189542
3 0.036397058823529414 0.6169934640522875 0.06691176470588235 0.04183006535947712
3 0.06139705882352941 0.6058823529411764 0.05367647058823529 0.04052287581699346
3 0.06875 0.5901960784313726 0.05808823529411765 0.03529411764705882
3 0.08860294117647059 0.5758169934640522 0.05073529411764706 0.03006535947712418
3 0.09669117647058824 0.5647058823529412 0.05808823529411765 0.03398692810457516
3 0.10110294117647059 0.55359477124183 0.04926470588235294 0.02483660130718954
3 0.08529411764705883 0.48300653594771237 0.03529411764705882 0.03006535947712418
8 0.032352941176470584 0.45032679738562087 0.06470588235294117 0.050980392156862744
3 0.06875 0.4568627450980392 0.03308823529411765 0.027450980392156862
3 0.3191176470588235 0.4810457516339869 0.01764705882352941 0.03137254901960784
3 0.4183823529411765 0.5281045751633987 0.047058823529411764 0.02875816993464052
3 0.4860294117647059 0.5418300653594771 0.04264705882352941 0.03529411764705882
3 0.6606617647058823 0.5973856209150327 0.04926470588235294 0.03660130718954248
8 0.7463235294117647 0.5771241830065359 0.1323529411764706 0.09803921568627451
3 0.7577205882352941 0.626797385620915 0.05514705882352941 0.04836601307189542
3 0.8511029411764706 0.6431372549019607 0.06691176470588235 0.04967320261437908
3 0.8974264705882353 0.6326797385620915 0.0625 0.047058823529411764
3 0.9555147058823529 0.680392156862745 0.0713235294117647 0.050980392156862744
3 0.8669117647058824 0.7071895424836601 0.07205882352941176 0.05751633986928104
3 0.9558823529411764 0.7352941176470588 0.08235294117647059 0.06928104575163398
8 0.6606617647058823 0.9111111111111111 0.10955882352941176 0.17516339869281045
3 0.5680147058823529 0.388235294117647 0.027205882352941177 0.01568627450980392
3 0.549264705882353 0.3830065359477124 0.025 0.02091503267973856
3 0.3588235294117647 0.44313725490196076 0.016176470588235292 0.0261437908496732
3 0.3363970588235294 0.42549019607843136 0.015441176470588236 0.02222222222222222
3 0.40551470588235294 0.42287581699346405 0.0125 0.02222222222222222
3 0.3827205882352941 0.41960784313725485 0.013970588235294117 0.02091503267973856
3 0.3639705882352941 0.3980392156862745 0.011764705882352941 0.01699346405228758
3 0.34375 0.4006535947712418 0.0125 0.0196078431372549
3 0.3272058823529412 0.3849673202614379 0.011764705882352941 0.0196078431372549
3 0.4713235294117647 0.40784313725490196 0.013235294117647059 0.02091503267973856
3 0.45551470588235293 0.3803921568627451 0.0125 0.01830065359477124
3 0.49374999999999997 0.396078431372549 0.0125 0.01568627450980392
3 0.45073529411764707 0.3372549019607843 0.010294117647058823 0.0130718954248366
3 0.4360294117647059 0.33202614379084966 0.007352941176470588 0.01045751633986928
3 0.4742647058823529 0.35163398692810455 0.010294117647058823 0.0130718954248366
3 0.39963235294117644 0.2901960784313725 0.005147058823529412 0.01045751633986928
3 0.44779411764705884 0.3111111111111111 0.008823529411764706 0.01045751633986928
3 0.4386029411764706 0.30130718954248364 0.008088235294117646 0.011764705882352941
3 0.40625 0.40980392156862744 0.0125 0.0196078431372549
3 0.40588235294117647 0.3986928104575163 0.010294117647058823 0.01568627450980392
3 0.4022058823529412 0.38627450980392153 0.011764705882352941 0.02483660130718954
3 0.3841911764705882 0.40980392156862744 0.0125 0.0196078431372549
3 0.3838235294117647 0.396078431372549 0.011764705882352941 0.02091503267973856
3 0.3849264705882353 0.388235294117647 0.0125 0.01568627450980392
3 0.3827205882352941 0.37385620915032675 0.009558823529411765 0.01830065359477124
3 0.3827205882352941 0.36405228758169933 0.009558823529411765 0.01699346405228758
3 0.3650735294117647 0.3875816993464052 0.0125 0.01699346405228758
3 0.36470588235294116 0.37777777777777777 0.010294117647058823 0.01830065359477124
3 0.3650735294117647 0.3660130718954248 0.011029411764705881 0.02091503267973856
3 0.36727941176470585 0.35686274509803917 0.009558823529411765 0.01830065359477124
3 0.36727941176470585 0.34509803921568627 0.009558823529411765 0.01568627450980392
3 0.3463235294117647 0.3849673202614379 0.010294117647058823 0.01437908496732026
3 0.34816176470588234 0.37777777777777777 0.009558823529411765 0.01568627450980392
3 0.3503676470588235 0.365359477124183 0.011029411764705881 0.01437908496732026
3 0.35110294117647056 0.3588235294117647 0.008088235294117646 0.01437908496732026
3 0.3533088235294118 0.3522875816993464 0.009558823529411765 0.01699346405228758
3 0.3536764705882353 0.3457516339869281 0.007352941176470588 0.01437908496732026
3 0.35404411764705884 0.3352941176470588 0.009558823529411765 0.01699346405228758
3 0.3551470588235294 0.32418300653594767 0.007352941176470588 0.01568627450980392
3 0.3558823529411765 0.3156862745098039 0.007352941176470588 0.01699346405228758
8 0.35625 0.29934640522875816 0.011029411764705881 0.02875816993464052
8 0.34154411764705883 0.31895424836601305 0.011029411764705881 0.02875816993464052
8 0.34375 0.29869281045751633 0.011029411764705881 0.027450980392156862
3 0.3301470588235294 0.3732026143790849 0.011764705882352941 0.01699346405228758
3 0.3327205882352941 0.365359477124183 0.009558823529411765 0.01437908496732026
3 0.3367647058823529 0.357516339869281 0.008823529411764706 0.01437908496732026
3 0.3180147058823529 0.41437908496732023 0.013970588235294117 0.02091503267973856
4 0.31176470588235294 0.43202614379084964 0.013235294117647059 0.0326797385620915
4 0.33786764705882355 0.34509803921568627 0.009558823529411765 0.023529411764705882
4 0.43272058823529413 0.2941176470588235 0.009558823529411765 0.00784313725490196
3 0.4338235294117647 0.2869281045751634 0.007352941176470588 0.00915032679738562
3 0.4264705882352941 0.28366013071895424 0.0058823529411764705 0.01045751633986928
3 0.4948529411764706 0.3836601307189542 0.011764705882352941 0.01437908496732026
4 0.49080882352941174 0.37385620915032675 0.009558823529411765 0.01830065359477124
0 0.6077205882352941 0.692156862745098 0.011029411764705881 0.04052287581699346
0 0.6426470588235293 0.7235294117647059 0.008823529411764706 0.04836601307189542
0 0.6367647058823529 0.7039215686274509 0.007352941176470588 0.03790849673202614
0 0.7334558823529411 0.7176470588235294 0.009558823529411765 0.04444444444444444
0 0.7283088235294117 0.6751633986928104 0.008088235294117646 0.04052287581699346
0 0.7205882352941176 0.6758169934640522 0.007352941176470588 0.0392156862745098
0 0.7959558823529411 0.7967320261437908 0.009558823529411765 0.050980392156862744
0 0.8139705882352941 0.7679738562091503 0.013235294117647059 0.05359477124183006
0 0.8356617647058824 0.7771241830065359 0.009558823529411765 0.04836601307189542
0 0.8547794117647058 0.7725490196078431 0.0125 0.04967320261437908
0 0.9301470588235294 0.780392156862745 0.014705882352941176 0.04444444444444444
0 0.9808823529411764 0.7856209150326797 0.010294117647058823 0.047058823529411764
0 0.9040441176470588 0.818954248366013 0.009558823529411765 0.050980392156862744
0 0.8779411764705882 0.8431372549019607 0.010294117647058823 0.04967320261437908
0 0.7544117647058823 0.6633986928104575 0.007352941176470588 0.03529411764705882
0 0.7481617647058824 0.6503267973856208 0.009558823529411765 0.043137254901960784
0 0.7382352941176471 0.6581699346405229 0.007352941176470588 0.03529411764705882
0 0.7202205882352941 0.6300653594771242 0.005147058823529412 0.03398692810457516
0 0.586764705882353 0.6313725490196078 0.008823529411764706 0.02875816993464052
0 0.6099264705882352 0.6320261437908496 0.009558823529411765 0.027450980392156862
0 0.6158088235294118 0.6522875816993463 0.009558823529411765 0.02875816993464052
0 0.638235294117647 0.618954248366013 0.007352941176470588 0.0326797385620915
0 0.6974264705882353 0.680392156862745 0.0125 0.03529411764705882
0 0.680514705882353 0.6993464052287581 0.011029411764705881 0.03398692810457516
0 0.6746323529411765 0.6751633986928104 0.009558823529411765 0.03529411764705882
0 0.6650735294117647 0.7084967320261437 0.005147058823529412 0.0392156862745098
0 0.6628676470588235 0.7006535947712418 0.006617647058823529 0.04444444444444444
0 0.6544117647058824 0.7143790849673202 0.007352941176470588 0.04836601307189542
0 0.7525735294117647 0.9300653594771241 0.011029411764705881 0.05620915032679738
0 0.7772058823529412 0.9562091503267973 0.014705882352941176 0.05620915032679738
0 0.7919117647058823 0.9346405228758169 0.01764705882352941 0.054901960784313725
0 0.8091911764705882 0.9254901960784313 0.013970588235294117 0.05751633986928104
0 0.8224264705882353 0.9771241830065359 0.0125 0.043137254901960784
0 0.7856617647058823 0.884313725490196 0.0125 0.04836601307189542
0 0.7628676470588235 0.8915032679738562 0.015441176470588236 0.04967320261437908
0 0.7356617647058823 0.8803921568627451 0.0125 0.04836601307189542
0 0.756985294117647 0.8392156862745097 0.0125 0.04444444444444444
0 0.7338235294117647 0.8431372549019607 0.011764705882352941 0.047058823529411764
0 0.7261029411764706 0.8124183006535947 0.0125 0.04052287581699346
0 0.7316176470588235 0.7941176470588235 0.011764705882352941 0.043137254901960784
0 0.7275735294117647 0.7771241830065359 0.0125 0.04052287581699346
0 0.7246323529411764 0.7450980392156862 0.009558823529411765 0.0392156862745098
0 0.7011029411764705 0.7529411764705882 0.011029411764705881 0.04183006535947712
0 0.7147058823529412 0.7130718954248365 0.010294117647058823 0.04052287581699346
0 0.7757352941176471 0.7431372549019607 0.007352941176470588 0.05359477124183006
0 0.7676470588235293 0.7313725490196078 0.011764705882352941 0.04836601307189542
0 0.7694852941176471 0.7045751633986927 0.009558823529411765 0.03660130718954248
0 0.8125 0.7254901960784313 0.010294117647058823 0.04967320261437908
0 0.8202205882352941 0.7483660130718953 0.011029411764705881 0.04836601307189542
0 0.8209558823529411 0.7366013071895424 0.009558823529411765 0.04052287581699346
0 0.825 0.7281045751633987 0.010294117647058823 0.047058823529411764
0 0.8327205882352942 0.7431372549019607 0.009558823529411765 0.043137254901960784
0 0.8400735294117647 0.7424836601307189 0.009558823529411765 0.047058823529411764
0 0.8577205882352941 0.7313725490196078 0.011029411764705881 0.04836601307189542
0 0.8709558823529412 0.7241830065359477 0.009558823529411765 0.047058823529411764
0 0.8801470588235294 0.7372549019607842 0.010294117647058823 0.047058823529411764
0 0.8915441176470588 0.7313725490196078 0.008088235294117646 0.043137254901960784
0 0.9040441176470588 0.692156862745098 0.009558823529411765 0.043137254901960784
0 0.9713235294117647 0.8686274509803921 0.01764705882352941 0.05359477124183006
0 0.8904411764705882 0.949673202614379 0.014705882352941176 0.06666666666666667
0 0.9698529411764706 0.9771241830065359 0.014705882352941176 0.043137254901960784
0 0.8555147058823529 0.8392156862745097 0.015441176470588236 0.047058823529411764
0 0.8713235294117647 0.8091503267973855 0.011764705882352941 0.054901960784313725
0 0.8816176470588235 0.8143790849673203 0.010294117647058823 0.04183006535947712
0 0.8919117647058823 0.8196078431372549 0.008823529411764706 0.054901960784313725
0 0.8860294117647058 0.8437908496732025 0.007352941176470588 0.05620915032679738
0 0.8283088235294117 0.7058823529411764 0.008088235294117646 0.03398692810457516
0 0.8275735294117647 0.6947712418300653 0.006617647058823529 0.03790849673202614
0 0.8209558823529411 0.6973856209150326 0.008088235294117646 0.04052287581699346
0 0.8154411764705882 0.6934640522875817 0.008823529411764706 0.03529411764705882
0 0.8110294117647059 0.6862745098039216 0.010294117647058823 0.04183006535947712
0 0.805514705882353 0.6732026143790849 0.009558823529411765 0.0392156862745098
0 0.8073529411764706 0.6562091503267974 0.007352941176470588 0.03660130718954248
0 0.7970588235294117 0.649673202614379 0.007352941176470588 0.0392156862745098
0 0.7926470588235294 0.6581699346405229 0.008823529411764706 0.04052287581699346
0 0.7886029411764706 0.6464052287581699 0.006617647058823529 0.03790849673202614
0 0.7863970588235294 0.6647058823529411 0.006617647058823529 0.03529411764705882
0 0.7797794117647059 0.6705882352941176 0.009558823529411765 0.0392156862745098
0 0.7672794117647058 0.6797385620915032 0.009558823529411765 0.04183006535947712
0 0.7731617647058824 0.6751633986928104 0.008088235294117646 0.04052287581699346
0 0.7617647058823529 0.6555555555555556 0.007352941176470588 0.04052287581699346
0 0.7658088235294117 0.6437908496732025 0.008088235294117646 0.03529411764705882
0 0.7713235294117647 0.6431372549019607 0.007352941176470588 0.03398692810457516
0 0.7783088235294118 0.6503267973856208 0.005147058823529412 0.03529411764705882
0 0.7253676470588235 0.6503267973856208 0.006617647058823529 0.0326797385620915
2 0.7904411764705882 0.7254901960784313 0.022058823529411763 0.03660130718954248
2 0.75 0.9437908496732026 0.013235294117647059 0.054901960784313725
2 0.7621323529411764 0.90718954248366 0.0125 0.047058823529411764
2 0.7856617647058823 0.9006535947712417 0.016911764705882352 0.0522875816993464
2 0.7363970588235293 0.8941176470588235 0.009558823529411765 0.047058823529411764
2 0.7316176470588235 0.857516339869281 0.010294117647058823 0.047058823529411764
2 0.7011029411764705 0.8084967320261437 0.0125 0.043137254901960784
2 0.7227941176470588 0.7555555555555555 0.010294117647058823 0.03660130718954248
2 0.7125 0.7215686274509804 0.010294117647058823 0.03660130718954248
2 0.7014705882352941 0.7640522875816993 0.013235294117647059 0.0326797385620915
2 0.6139705882352942 0.6633986928104575 0.014705882352941176 0.02483660130718954
2 0.6452205882352942 0.6509803921568627 0.01838235294117647 0.0261437908496732
9 0.6378676470588235 0.6274509803921569 0.016911764705882352 0.02091503267973856
9 0.586764705882353 0.6424836601307189 0.011764705882352941 0.0326797385620915
9 0.680514705882353 0.7104575163398692 0.0125 0.0326797385620915
9 0.6981617647058823 0.6928104575163399 0.0125 0.02875816993464052
2 0.7125 0.7222222222222222 0.008823529411764706 0.03529411764705882
9 0.7735294117647059 0.7758169934640522 0.014705882352941176 0.04052287581699346
2 0.8069852941176471 0.8607843137254901 0.027205882352941177 0.0326797385620915
2 0.8014705882352942 0.8352941176470587 0.026470588235294117 0.03137254901960784
0 0.7198529411764706 0.9104575163398693 0.014705882352941176 0.043137254901960784
0 0.7147058823529412 0.8947712418300653 0.013235294117647059 0.0457516339869281
2 0.9474264705882353 0.7555555555555555 0.0125 0.03660130718954248
2 0.9632352941176471 0.7581699346405228 0.010294117647058823 0.03398692810457516
2 0.96875 0.7549019607843137 0.0125 0.04052287581699346
2 0.9797794117647058 0.7588235294117647 0.009558823529411765 0.04052287581699346
2 0.9033088235294118 0.7366013071895424 0.0125 0.03529411764705882
2 0.8547794117647058 0.7450980392156862 0.027205882352941177 0.02875816993464052
2 0.6488970588235294 0.6816993464052287 0.015441176470588236 0.027450980392156862
0 0.6783088235294118 0.5620915032679739 0.006617647058823529 0.02875816993464052
0 0.6768382352941177 0.5124183006535947 0.005147058823529412 0.02875816993464052
0 0.7849264705882353 0.515032679738562 0.005147058823529412 0.03137254901960784
0 0.8264705882352941 0.5065359477124183 0.0029411764705882353 0.027450980392156862
0 0.8297794117647058 0.5065359477124183 0.0022058823529411764 0.027450980392156862
0 0.8661764705882353 0.5209150326797385 0.007352941176470588 0.03006535947712418
0 0.9297794117647059 0.5130718954248366 0.005147058823529412 0.027450980392156862
0 0.8904411764705882 0.5169934640522875 0.0058823529411764705 0.027450980392156862
0 0.8349264705882353 0.5006535947712418 0.005147058823529412 0.02875816993464052
0 0.8319852941176471 0.5084967320261438 0.005147058823529412 0.0261437908496732
0 0.8794117647058823 0.5405228758169934 0.0058823529411764705 0.027450980392156862
0 0.875 0.5274509803921569 0.007352941176470588 0.027450980392156862
0 0.8216911764705882 0.48300653594771237 0.006617647058823529 0.027450980392156862
0 0.8147058823529412 0.47973856209150323 0.004411764705882353 0.0261437908496732
0 0.8183823529411764 0.47777777777777775 0.004411764705882353 0.02483660130718954
1 0.8636029411764706 0.49019607843137253 0.008088235294117646 0.01568627450980392
0 0.8345588235294118 0.47124183006535947 0.007352941176470588 0.027450980392156862
0 0.7452205882352941 0.4490196078431372 0.005147058823529412 0.02222222222222222
1 0.7419117647058824 0.48300653594771237 0.007352941176470588 0.0196078431372549
0 0.7290441176470588 0.496078431372549 0.008088235294117646 0.027450980392156862
0 0.669485294117647 0.4725490196078431 0.005147058823529412 0.027450980392156862
0 0.6474264705882353 0.46993464052287576 0.005147058823529412 0.02483660130718954
0 0.6139705882352942 0.5071895424836601 0.007352941176470588 0.02875816993464052
0 0.5948529411764706 0.48823529411764705 0.0058823529411764705 0.02483660130718954
0 0.6731617647058823 0.561437908496732 0.005147058823529412 0.03529411764705882
0 0.6731617647058823 0.5405228758169934 0.005147058823529412 0.027450980392156862
0 0.6919117647058823 0.5209150326797385 0.0058823529411764705 0.03006535947712418
0 0.7275735294117647 0.5281045751633987 0.006617647058823529 0.03398692810457516
0 0.7536764705882353 0.5254901960784313 0.007352941176470588 0.03660130718954248
0 0.76875 0.5398692810457516 0.006617647058823529 0.03398692810457516
0 0.7121323529411765 0.5006535947712418 0.005147058823529412 0.0261437908496732
0 0.7066176470588236 0.49803921568627446 0.0058823529411764705 0.0261437908496732
0 0.7058823529411764 0.4941176470588235 0.007352941176470588 0.03137254901960784
0 0.65 0.49803921568627446 0.004411764705882353 0.0261437908496732
0 0.6323529411764706 0.48300653594771237 0.004411764705882353 0.027450980392156862
0 0.5963235294117647 0.4352941176470588 0.004411764705882353 0.023529411764705882
0 0.5801470588235293 0.4562091503267974 0.004411764705882353 0.01830065359477124
0 0.5334558823529412 0.47058823529411764 0.006617647058823529 0.02091503267973856
0 0.5091911764705882 0.4183006535947712 0.005147058823529412 0.02091503267973856
0 0.5158088235294117 0.43006535947712415 0.005147058823529412 0.01568627450980392
0 0.5525735294117647 0.45359477124183 0.003676470588235294 0.02091503267973856
0 0.5617647058823529 0.4444444444444444 0.0029411764705882353 0.02091503267973856
9 0.75625 0.8457516339869281 0.0125 0.03660130718954248
2 0.7602941176470588 0.9058823529411764 0.011764705882352941 0.047058823529411764
2 0.7904411764705882 0.95359477124183 0.010294117647058823 0.043137254901960784
2 0.7849264705882353 0.8993464052287581 0.015441176470588236 0.04183006535947712
2 0.8073529411764706 0.9392156862745097 0.01764705882352941 0.05620915032679738
9 0.7772058823529412 0.9673202614379084 0.01764705882352941 0.04967320261437908
9 0.8533088235294117 0.8477124183006536 0.022794117647058822 0.04836601307189542
0 0.8018382352941177 0.7777777777777777 0.005147058823529412 0.054901960784313725
0 0.058823529411764705 0.8901960784313725 0.01911764705882353 0.06274509803921569
0 0.1488970588235294 0.6915032679738562 0.0125 0.047058823529411764
0 0.13713235294117646 0.7071895424836601 0.009558823529411765 0.047058823529411764
0 0.13455882352941176 0.6967320261437908 0.010294117647058823 0.04183006535947712
0 0.09595588235294117 0.7254901960784313 0.0125 0.047058823529411764
0 0.004044117647058823 0.5836601307189542 0.009558823529411765 0.03790849673202614
2 0.1213235294117647 0.676470588235294 0.023529411764705882 0.0326797385620915
9 0.048161764705882355 0.6784313725490195 0.02426470588235294 0.03660130718954248
0 0.021691176470588235 0.6549019607843137 0.006617647058823529 0.04183006535947712
0 0.005147058823529412 0.6640522875816993 0.011764705882352941 0.04183006535947712
1 0.014705882352941176 0.7248366013071895 0.014705882352941176 0.027450980392156862
0 0.003676470588235294 0.5222222222222221 0.007352941176470588 0.0326797385620915
0 0.028676470588235293 0.4941176470588235 0.007352941176470588 0.02875816993464052
0 0.13713235294117646 0.49346405228758167 0.005147058823529412 0.02483660130718954
0 0.15330882352941178 0.4836601307189542 0.006617647058823529 0.023529411764705882
0 0.16838235294117646 0.5111111111111111 0.007352941176470588 0.023529411764705882
0 0.1889705882352941 0.5058823529411764 0.0058823529411764705 0.02091503267973856
0 0.21948529411764706 0.584313725490196 0.009558823529411765 0.02875816993464052
0 0.2529411764705882 0.4895424836601307 0.007352941176470588 0.027450980392156862
0 0.25919117647058826 0.4784313725490196 0.005147058823529412 0.02091503267973856
0 0.2261029411764706 0.47058823529411764 0.005147058823529412 0.02091503267973856
0 0.1948529411764706 0.4660130718954248 0.0058823529411764705 0.02483660130718954
0 0.21985294117647058 0.45555555555555555 0.0058823529411764705 0.02222222222222222
0 0.21286764705882352 0.4549019607843137 0.005147058823529412 0.02091503267973856
0 0.21286764705882352 0.4640522875816993 0.005147058823529412 0.02091503267973856
0 0.22977941176470587 0.4588235294117647 0.005147058823529412 0.02091503267973856
0 0.28970588235294115 0.4156862745098039 0.004411764705882353 0.023529411764705882
0 0.27536764705882355 0.4392156862745098 0.003676470588235294 0.02091503267973856
0 0.27941176470588236 0.4392156862745098 0.0058823529411764705 0.02091503267973856
0 0.27941176470588236 0.4529411764705882 0.004411764705882353 0.02483660130718954
0 0.27205882352941174 0.4464052287581699 0.004411764705882353 0.0196078431372549
0 0.28345588235294117 0.45228758169934635 0.005147058823529412 0.0261437908496732
0 0.15625 0.4509803921568627 0.005147058823529412 0.0261437908496732
0 0.1650735294117647 0.44705882352941173 0.005147058823529412 0.02091503267973856
0 0.16066176470588234 0.4398692810457516 0.003676470588235294 0.02222222222222222
0 0.18235294117647058 0.4209150326797385 0.004411764705882353 0.023529411764705882
0 0.19044117647058822 0.39999999999999997 0.0029411764705882353 0.01830065359477124
0 0.1963235294117647 0.4006535947712418 0.004411764705882353 0.01699346405228758
0 0.1698529411764706 0.4509803921568627 0.004411764705882353 0.0261437908496732
0 0.17536764705882352 0.44967320261437904 0.003676470588235294 0.023529411764705882
0 0.17720588235294119 0.45032679738562087 0.004411764705882353 0.02483660130718954
0 0.1801470588235294 0.45228758169934635 0.004411764705882353 0.023529411764705882
0 0.18455882352941178 0.4483660130718954 0.004411764705882353 0.02091503267973856
0 0.1875 0.4516339869281045 0.004411764705882353 0.027450980392156862
0 0.19080882352941175 0.45228758169934635 0.005147058823529412 0.023529411764705882
2 0.19448529411764706 0.4725490196078431 0.015441176470588236 0.01437908496732026
9 0.22647058823529412 0.4810457516339869 0.0058823529411764705 0.01568627450980392
9 0.21911764705882353 0.46078431372549017 0.0058823529411764705 0.01437908496732026
9 0.24595588235294116 0.47973856209150323 0.005147058823529412 0.01568627450980392
9 0.26029411764705884 0.4869281045751634 0.004411764705882353 0.01699346405228758
2 0.2529411764705882 0.496078431372549 0.014705882352941176 0.01437908496732026
9 0.2588235294117647 0.4549019607843137 0.007352941176470588 0.01568627450980392
9 0.26066176470588237 0.4352941176470588 0.005147058823529412 0.01568627450980392
2 0.21433823529411763 0.41437908496732023 0.0125 0.01045751633986928
0 0.21470588235294116 0.4117647058823529 0.004411764705882353 0.02091503267973856
9 0.21948529411764706 0.5934640522875817 0.009558823529411765 0.02875816993464052
0 0.11727941176470588 0.6673202614379085 0.009558823529411765 0.03529411764705882
