3 0.5919117647058824 0.9111111111111111 0.04264705882352941 0.09673202614379084
3 0.2775735294117647 0.645751633986928 0.03308823529411765 0.06274509803921569
9 0.5389705882352941 0.8692810457516339 0.013235294117647059 0.047058823529411764
0 0.5389705882352941 0.85359477124183 0.013235294117647059 0.047058823529411764
3 0.6415441176470588 0.46928104575163393 0.013970588235294117 0.023529411764705882
8 0.6235294117647059 0.4209150326797385 0.01764705882352941 0.04183006535947712
3 0.6150735294117647 0.4091503267973856 0.011029411764705881 0.02091503267973856
8 0.48933823529411763 0.4084967320261438 0.05514705882352941 0.04052287581699346
8 0.44779411764705884 0.3934640522875817 0.055882352941176466 0.04444444444444444
4 0.5099264705882353 0.4052287581699346 0.022794117647058822 0.02091503267973856
3 0.5481617647058823 0.4058823529411764 0.02426470588235294 0.0196078431372549
4 0.5742647058823529 0.4065359477124183 0.025 0.02091503267973856
3 0.5779411764705882 0.4032679738562091 0.025 0.0196078431372549
3 0.6011029411764706 0.39477124183006534 0.011029411764705881 0.01568627450980392
3 0.6040441176470588 0.3836601307189542 0.011029411764705881 0.01437908496732026
5 0.6235294117647059 0.37189542483660126 0.01764705882352941 0.027450980392156862
5 0.6371323529411764 0.3529411764705882 0.019852941176470587 0.03660130718954248
5 0.6522058823529412 0.33137254901960783 0.010294117647058823 0.02222222222222222
3 0.6121323529411765 0.34509803921568627 0.015441176470588236 0.01568627450980392
7 0.6363970588235294 0.3941176470588235 0.006617647058823529 0.0196078431372549
3 0.7757352941176471 0.3725490196078431 0.022058823529411763 0.01830065359477124
3 0.5577205882352941 0.357516339869281 0.019852941176470587 0.01437908496732026
3 0.5643382352941176 0.3483660130718954 0.019852941176470587 0.01437908496732026
3 0.5283088235294118 0.35620915032679734 0.019852941176470587 0.01437908496732026
4 0.5014705882352941 0.34901960784313724 0.01911764705882353 0.01568627450980392
3 0.4889705882352941 0.35359477124183003 0.01911764705882353 0.011764705882352941
6 0.5974264705882353 0.3457516339869281 0.009558823529411765 0.011764705882352941
1 0.5963235294117647 0.3431372549019608 0.0029411764705882353 0.00915032679738562
4 0.7040441176470588 0.3398692810457516 0.015441176470588236 0.0130718954248366
4 0.6988970588235294 0.32352941176470584 0.009558823529411765 0.011764705882352941
3 0.6584558823529412 0.30588235294117644 0.006617647058823529 0.00784313725490196
3 0.6569852941176471 0.2915032679738562 0.005147058823529412 0.00784313725490196
5 0.6283088235294118 0.3071895424836601 0.025735294117647058 0.03137254901960784
2 0.23823529411764705 0.5705882352941176 0.007352941176470588 0.02222222222222222
1 0.2389705882352941 0.5627450980392157 0.008823529411764706 0.03006535947712418
3 0.3055147058823529 0.4411764705882353 0.016911764705882352 0.027450980392156862
3 0.34705882352941175 0.41503267973856206 0.014705882352941176 0.027450980392156862
3 0.3275735294117647 0.4091503267973856 0.015441176470588236 0.02091503267973856
5 0.15404411764705883 0.4588235294117647 0.025735294117647058 0.06274509803921569
3 0.19705882352941176 0.46928104575163393 0.039705882352941174 0.03137254901960784
5 0.08897058823529412 0.5745098039215686 0.09705882352941177 0.06666666666666667
5 0.05698529411764706 0.6326797385620915 0.0801470588235294 0.047058823529411764
3 0.04926470588235294 0.4856209150326797 0.044117647058823525 0.03529411764705882
5 0.22352941176470587 0.4111111111111111 0.07205882352941176 0.04052287581699346
5 0.20404411764705882 0.4111111111111111 0.07279411764705883 0.04052287581699346
5 0.2389705882352941 0.4052287581699346 0.06764705882352941 0.03660130718954248
3 0.29154411764705884 0.3836601307189542 0.027205882352941177 0.0196078431372549
3 0.3014705882352941 0.3764705882352941 0.011764705882352941 0.01568627450980392
0 0.28860294117647056 0.36405228758169933 0.003676470588235294 0.01699346405228758
8 0.3533088235294118 0.36732026143790847 0.025735294117647058 0.04967320261437908
5 0.3246323529411765 0.3633986928104575 0.019852941176470587 0.0522875816993464
8 0.3897058823529412 0.34901960784313724 0.03676470588235294 0.0392156862745098
3 0.33198529411764705 0.3379084967320261 0.009558823529411765 0.01437908496732026
0 0.26948529411764705 0.3607843137254902 0.005147058823529412 0.01568627450980392
3 0.2702205882352941 0.3588235294117647 0.019852941176470587 0.01437908496732026
3 0.23455882352941176 0.3633986928104575 0.025 0.01568627450980392
3 0.21286764705882352 0.36666666666666664 0.027205882352941177 0.01699346405228758
3 0.06139705882352941 0.41241830065359475 0.0125 0.02222222222222222
3 0.25441176470588234 0.3405228758169934 0.01764705882352941 0.01437908496732026
5 0.07647058823529412 0.3424836601307189 0.041176470588235294 0.054901960784313725
3 0.18345588235294116 0.365359477124183 0.022794117647058822 0.0196078431372549
3 0.21286764705882352 0.32745098039215687 0.019852941176470587 0.01437908496732026
3 0.21360294117647058 0.32614379084967315 0.019852941176470587 0.011764705882352941
3 0.32536764705882354 0.33464052287581697 0.008088235294117646 0.0130718954248366
3 0.32794117647058824 0.32679738562091504 0.008823529411764706 0.0130718954248366
4 0.3327205882352941 0.31895424836601305 0.008088235294117646 0.01568627450980392
3 0.32941176470588235 0.31045751633986923 0.007352941176470588 0.011764705882352941
0 0.31691176470588234 0.3137254901960784 0.0029411764705882353 0.0130718954248366
3 0.33455882352941174 0.30130718954248364 0.007352941176470588 0.00915032679738562
3 0.3492647058823529 0.30392156862745096 0.0058823529411764705 0.011764705882352941
6 0.35404411764705884 0.3196078431372549 0.006617647058823529 0.011764705882352941
3 0.3625 0.3006535947712418 0.007352941176470588 0.00784313725490196
3 0.34448529411764706 0.2764705882352941 0.005147058823529412 0.00915032679738562
3 0.36727941176470585 0.27581699346405225 0.005147058823529412 0.00784313725490196
5 0.32941176470588235 0.2830065359477124 0.008823529411764706 0.02222222222222222
3 0.3477941176470588 0.26862745098039215 0.004411764705882353 0.0065359477124183
5 0.3301470588235294 0.26601307189542484 0.008823529411764706 0.02222222222222222
3 0.34154411764705883 0.2542483660130719 0.003676470588235294 0.0065359477124183
3 0.3452205882352941 0.2522875816993464 0.003676470588235294 0.00784313725490196
3 0.3448529411764706 0.2457516339869281 0.004411764705882353 0.00522875816993464
3 0.3466911764705882 0.24248366013071893 0.003676470588235294 0.00392156862745098
