5 0.6558823529411765 0.4967320261437908 0.06764705882352941 0.14901960784313725
5 0.5158088235294117 0.27320261437908494 0.01838235294117647 0.02875816993464052
5 0.5397058823529411 0.28431372549019607 0.014705882352941176 0.03006535947712418
5 0.11654411764705883 0.41241830065359475 0.09338235294117647 0.06143790849673202
4 0.10330882352941176 0.361437908496732 0.025735294117647058 0.027450980392156862
5 0.11875 0.4091503267973856 0.08897058823529412 0.04967320261437908
3 0.17279411764705882 0.38954248366013067 0.041176470588235294 0.0261437908496732
3 0.2 0.36666666666666664 0.039705882352941174 0.02222222222222222
3 0.5106617647058823 0.34967320261437906 0.013970588235294117 0.02222222222222222
5 0.4591911764705882 0.2718954248366013 0.008088235294117646 0.0130718954248366
3 0.46654411764705883 0.24771241830065358 0.008088235294117646 0.011764705882352941
3 0.45 0.24117647058823527 0.0058823529411764705 0.011764705882352941
4 0.4577205882352941 0.2437908496732026 0.006617647058823529 0.011764705882352941
3 0.4613970588235294 0.23856209150326796 0.006617647058823529 0.011764705882352941
5 0.5224264705882353 0.24901960784313723 0.0125 0.03006535947712418
4 0.7066176470588236 0.37189542483660126 0.016176470588235292 0.027450980392156862
3 0.6713235294117647 0.37973856209150325 0.01764705882352941 0.02222222222222222
3 0.6863970588235294 0.33202614379084966 0.013970588235294117 0.01830065359477124
3 0.6544117647058824 0.3627450980392157 0.014705882352941176 0.02222222222222222
3 0.6474264705882353 0.34967320261437906 0.015441176470588236 0.0196078431372549
3 0.6389705882352941 0.3418300653594771 0.016176470588235292 0.01699346405228758
3 0.63125 0.3326797385620915 0.013970588235294117 0.01699346405228758
3 0.6761029411764706 0.3633986928104575 0.015441176470588236 0.01830065359477124
3 0.6654411764705882 0.3522875816993464 0.014705882352941176 0.0196078431372549
3 0.6580882352941176 0.3398692810457516 0.014705882352941176 0.01568627450980392
3 0.680514705882353 0.3464052287581699 0.013970588235294117 0.01568627450980392
3 0.66875 0.3333333333333333 0.013970588235294117 0.01568627450980392
3 0.5731617647058823 0.2823529411764706 0.009558823529411765 0.0130718954248366
3 0.6246323529411765 0.3222222222222222 0.0125 0.01699346405228758
3 0.6202205882352941 0.31176470588235294 0.013970588235294117 0.01699346405228758
3 0.6150735294117647 0.3052287581699346 0.013970588235294117 0.01699346405228758
4 0.6106617647058823 0.29673202614379085 0.013970588235294117 0.02091503267973856
3 0.6058823529411764 0.2901960784313725 0.014705882352941176 0.01568627450980392
4 0.5930147058823529 0.28104575163398693 0.009558823529411765 0.0130718954248366
3 0.6599264705882353 0.33856209150326794 0.0125 0.01568627450980392
3 0.649264705882353 0.3326797385620915 0.013235294117647059 0.01437908496732026
3 0.64375 0.3222222222222222 0.0125 0.01437908496732026
3 0.6371323529411764 0.3156862745098039 0.0125 0.01437908496732026
3 0.631985294117647 0.31045751633986923 0.0125 0.01437908496732026
3 0.6261029411764706 0.3 0.0125 0.01437908496732026
3 0.6176470588235294 0.292156862745098 0.013235294117647059 0.01437908496732026
3 0.6606617647058823 0.32614379084967315 0.0125 0.01437908496732026
3 0.6555147058823529 0.3196078431372549 0.0125 0.01437908496732026
3 0.6477941176470589 0.31176470588235294 0.011764705882352941 0.01437908496732026
3 0.64375 0.3045751633986928 0.0125 0.0130718954248366
3 0.6386029411764705 0.3 0.0125 0.01437908496732026
3 0.625 0.29084967320261434 0.011764705882352941 0.01437908496732026
3 0.6051470588235294 0.28169934640522876 0.010294117647058823 0.0065359477124183
3 0.6022058823529411 0.2771241830065359 0.010294117647058823 0.00784313725490196
4 0.6176470588235294 0.2803921568627451 0.011764705882352941 0.01437908496732026
4 0.6669117647058823 0.3091503267973856 0.011764705882352941 0.01437908496732026
4 0.6599264705882353 0.3052287581699346 0.0125 0.01437908496732026
4 0.6735294117647058 0.29673202614379085 0.010294117647058823 0.0130718954248366
4 0.6558823529411765 0.29346405228758166 0.010294117647058823 0.011764705882352941
5 0.680514705882353 0.31437908496732025 0.01838235294117647 0.027450980392156862
5 0.6904411764705882 0.3 0.022058823529411763 0.043137254901960784
5 0.7183823529411765 0.31176470588235294 0.01764705882352941 0.03790849673202614
5 0.7047794117647058 0.2973856209150327 0.019852941176470587 0.04052287581699346
5 0.6875 0.27124183006535946 0.022058823529411763 0.027450980392156862
5 0.6713235294117647 0.265359477124183 0.008823529411764706 0.02091503267973856
5 0.6588235294117647 0.2594771241830065 0.008823529411764706 0.0196078431372549
5 0.6397058823529411 0.257516339869281 0.013235294117647059 0.02091503267973856
5 0.6235294117647059 0.257516339869281 0.014705882352941176 0.0261437908496732
5 0.6441176470588236 0.2797385620915033 0.027941176470588233 0.02875816993464052
3 0.4713235294117647 0.23464052287581696 0.007352941176470588 0.00915032679738562
3 0.48161764705882354 0.23137254901960783 0.007352941176470588 0.00784313725490196
3 0.5367647058823529 0.24771241830065358 0.007352941176470588 0.011764705882352941
