3 0.30625 0.1980392156862745 0.03602941176470588 0.0326797385620915
3 0.22977941176470587 0.2392156862745098 0.05514705882352941 0.04444444444444444
3 0.21801470588235294 0.27320261437908494 0.04485294117647059 0.054901960784313725
3 0.2452205882352941 0.30130718954248364 0.04485294117647059 0.050980392156862744
3 0.2841911764705882 0.26078431372549016 0.0375 0.04836601307189542
3 0.25845588235294115 0.37189542483660126 0.05514705882352941 0.06928104575163398
3 0.19669117647058823 0.4594771241830065 0.07279411764705883 0.09281045751633986
3 0.39705882352941174 0.23464052287581696 0.022058823529411763 0.0326797385620915
3 0.45294117647058824 0.32156862745098036 0.033823529411764704 0.054901960784313725
0 0.44191176470588234 0.25098039215686274 0.007352941176470588 0.054901960784313725
0 0.44595588235294115 0.24313725490196078 0.005147058823529412 0.04967320261437908
0 0.45330882352941176 0.2522875816993464 0.005147058823529412 0.03398692810457516
3 0.46249999999999997 0.23398692810457514 0.022058823529411763 0.03398692810457516
3 0.48970588235294116 0.26666666666666666 0.060294117647058824 0.03660130718954248
3 0.7533088235294118 0.6895424836601307 0.1698529411764706 0.13986928104575164
3 0.9540441176470588 0.5738562091503268 0.0875 0.10980392156862745
2 0.8845588235294117 0.5915032679738562 0.03676470588235294 0.0718954248366013
2 0.899264705882353 0.5562091503267973 0.041176470588235294 0.07450980392156863
7 0.8102941176470588 0.6019607843137255 0.075 0.08758169934640522
9 0.7669117647058823 0.8653594771241829 0.07352941176470588 0.08366013071895424
1 0.7698529411764706 0.8444444444444443 0.03676470588235294 0.10980392156862745
0 0.5841911764705883 0.7679738562091503 0.015441176470588236 0.08235294117647059
0 0.5893382352941177 0.7450980392156862 0.019852941176470587 0.10196078431372549
0 0.5595588235294118 0.6725490196078431 0.014705882352941176 0.09542483660130718
3 0.6753676470588236 0.5888888888888888 0.09926470588235294 0.11633986928104574
3 0.5838235294117647 0.5666666666666667 0.052941176470588235 0.1241830065359477
3 0.5268382352941177 0.3660130718954248 0.10514705882352941 0.05751633986928104
3 0.5224264705882353 0.3457516339869281 0.0875 0.04836601307189542
3 0.022426470588235294 0.292156862745098 0.04485294117647059 0.04836601307189542
3 0.04485294117647059 0.2875816993464052 0.060294117647058824 0.04444444444444444
3 0.06654411764705882 0.26666666666666666 0.07279411764705883 0.04967320261437908
3 0.08786764705882352 0.24640522875816992 0.06544117647058824 0.04052287581699346
0 0.11066176470588235 0.27581699346405225 0.0125 0.04183006535947712
