0 0.7385416666666667 0.7685185185185186 0.020833333333333332 0.0925925925925926
3 0.09322916666666667 0.5814814814814815 0.06770833333333333 0.07407407407407407
3 0.036458333333333336 0.6509259259259259 0.07291666666666667 0.08703703703703704
3 0.17552083333333332 0.8240740740740741 0.11145833333333333 0.15555555555555556
2 0.007291666666666667 0.5861111111111111 0.016666666666666666 0.053703703703703705
2 0.11875 0.5620370370370371 0.025 0.031481481481481485
2 0.32135416666666666 0.7175925925925927 0.036458333333333336 0.05
2 0.30416666666666664 0.7231481481481482 0.03333333333333333 0.0462962962962963
6 0.34270833333333334 0.9546296296296297 0.11666666666666667 0.08703703703703704
3 0.6223958333333334 0.9212962962962963 0.13229166666666667 0.1537037037037037
4 0.4786458333333333 0.8601851851851852 0.11770833333333333 0.20555555555555557
5 0.4635416666666667 0.7712962962962964 0.14166666666666666 0.17592592592592593
6 0.42916666666666664 0.712037037037037 0.08541666666666667 0.11666666666666667
