3 0.3572916666666667 0.9657407407407408 0.04791666666666666 0.06481481481481481
3 0.17291666666666666 0.8944444444444445 0.07291666666666667 0.13333333333333333
6 0.20208333333333334 0.7305555555555556 0.03958333333333333 0.07962962962962963
3 0.2755208333333333 0.6305555555555555 0.04895833333333333 0.09444444444444444
3 0.21979166666666666 0.5777777777777778 0.05416666666666667 0.08888888888888889
3 0.3880208333333333 0.8231481481481482 0.05520833333333333 0.11666666666666667
3 0.42916666666666664 0.6555555555555556 0.041666666666666664 0.08518518518518518
3 0.37395833333333334 0.6537037037037037 0.04583333333333333 0.08518518518518518
3 0.32916666666666666 0.5972222222222222 0.04375 0.07962962962962963
3 0.4109375 0.5388888888888889 0.036458333333333336 0.05555555555555556
3 0.5026041666666666 0.5361111111111111 0.030208333333333334 0.05740740740740741
8 0.4583333333333333 0.5037037037037038 0.04583333333333333 0.11111111111111112
3 0.4166666666666667 0.4175925925925926 0.03958333333333333 0.05
3 0.36302083333333335 0.4314814814814815 0.036458333333333336 0.05555555555555556
3 0.4791666666666667 0.3472222222222222 0.041666666666666664 0.03888888888888889
3 0.41822916666666665 0.3740740740740741 0.03854166666666667 0.044444444444444446
3 0.42135416666666664 0.3425925925925926 0.03854166666666667 0.037037037037037035
3 0.7380208333333333 0.2574074074074074 0.03229166666666666 0.02592592592592593
3 0.8067708333333333 0.17962962962962964 0.03229166666666666 0.022222222222222223
3 0.7760416666666666 0.1824074074074074 0.03125 0.020370370370370372
4 0.7260416666666667 0.16666666666666669 0.027083333333333334 0.02592592592592593
3 0.7135416666666666 0.17500000000000002 0.025 0.020370370370370372
3 0.8651041666666667 0.16944444444444445 0.026041666666666668 0.020370370370370372
8 0.928125 0.18703703703703706 0.07291666666666667 0.05925925925925926
8 0.7614583333333333 0.15555555555555556 0.052083333333333336 0.037037037037037035
8 0.6817708333333333 0.14444444444444446 0.040625 0.040740740740740744
3 0.6671875 0.15555555555555556 0.026041666666666668 0.018518518518518517
3 0.3203125 0.16203703703703703 0.028125 0.020370370370370372
3 0.2875 0.13703703703703704 0.0125 0.018518518518518517
8 0.15729166666666666 0.14074074074074075 0.035416666666666666 0.02962962962962963
3 0.16041666666666665 0.3231481481481482 0.0375 0.031481481481481485
6 0.5005208333333333 0.3851851851851852 0.015625 0.037037037037037035
1 0.49635416666666665 0.38703703703703707 0.007291666666666667 0.018518518518518517
1 0.5010416666666666 0.3814814814814815 0.008333333333333333 0.014814814814814815
1 0.5005208333333333 0.3787037037037037 0.007291666666666667 0.016666666666666666
0 0.2109375 0.5305555555555556 0.011458333333333333 0.03518518518518519
1 0.20104166666666667 0.24074074074074076 0.00625 0.014814814814814815
0 0.28854166666666664 0.1638888888888889 0.00625 0.020370370370370372
0 0.6135416666666667 0.1425925925925926 0.004166666666666667 0.014814814814814815
3 0.4822916666666667 0.1287037037037037 0.010416666666666666 0.020370370370370372
3 0.45416666666666666 0.12962962962962962 0.0125 0.018518518518518517
3 0.43854166666666666 0.1287037037037037 0.0125 0.016666666666666666
3 0.4505208333333333 0.11111111111111112 0.009375 0.018518518518518517
0 0.4578125 0.10833333333333334 0.003125 0.016666666666666666
3 0.47552083333333334 0.10462962962962963 0.009375 0.012962962962962964
3 0.5041666666666667 0.11666666666666667 0.008333333333333333 0.014814814814814815
5 0.5166666666666666 0.11203703703703705 0.014583333333333334 0.031481481481481485
7 0.5291666666666667 0.0787037037037037 0.004166666666666667 0.012962962962962964
3 0.5447916666666667 0.05925925925925926 0.00625 0.014814814814814815
5 0.5572916666666666 0.06666666666666667 0.010416666666666666 0.02962962962962963
3 0.5135416666666667 0.025 0.010416666666666666 0.005555555555555556
4 0.5583333333333333 0.031481481481481485 0.004166666666666667 0.011111111111111112
3 0.5510416666666667 0.026851851851851852 0.00625 0.009259259259259259
3 0.5359375 0.026851851851851852 0.011458333333333333 0.009259259259259259
6 0.5442708333333334 0.04351851851851852 0.005208333333333333 0.012962962962962964
3 0.5348958333333333 0.04351851851851852 0.007291666666666667 0.009259259259259259
3 0.5354166666666667 0.03888888888888889 0.00625 0.011111111111111112
3 0.5260416666666666 0.03518518518518519 0.008333333333333333 0.007407407407407408
3 0.5229166666666667 0.04166666666666667 0.010416666666666666 0.009259259259259259
3 0.5135416666666667 0.049074074074074076 0.00625 0.009259259259259259
3 0.4869791666666667 0.08055555555555556 0.007291666666666667 0.012962962962962964
3 0.49166666666666664 0.06944444444444445 0.008333333333333333 0.012962962962962964
3 0.49947916666666664 0.061111111111111116 0.005208333333333333 0.007407407407407408
6 0.49166666666666664 0.10925925925925926 0.004166666666666667 0.014814814814814815
4 0.4942708333333333 0.09537037037037037 0.007291666666666667 0.016666666666666666
3 0.5083333333333333 0.10555555555555556 0.008333333333333333 0.018518518518518517
4 0.5036458333333333 0.09444444444444444 0.007291666666666667 0.014814814814814815
3 0.5135416666666667 0.09074074074074075 0.008333333333333333 0.014814814814814815
3 0.5286458333333334 0.05555555555555556 0.007291666666666667 0.011111111111111112
3 0.5229166666666667 0.06481481481481481 0.00625 0.011111111111111112
3 0.5208333333333334 0.06851851851851852 0.008333333333333333 0.011111111111111112
3 0.5177083333333333 0.0787037037037037 0.008333333333333333 0.012962962962962964
3 0.5135416666666667 0.06481481481481481 0.00625 0.011111111111111112
3 0.5104166666666666 0.07222222222222223 0.00625 0.011111111111111112
3 0.50625 0.08055555555555556 0.00625 0.009259259259259259
3 0.540625 0.05462962962962963 0.00625 0.012962962962962964
0 0.7083333333333334 0.14814814814814814 0.004166666666666667 0.018518518518518517
0 0.8447916666666666 0.33333333333333337 0.008333333333333333 0.022222222222222223
2 0.8442708333333333 0.3425925925925926 0.013541666666666667 0.018518518518518517
0 0.022916666666666665 0.5453703703703704 0.014583333333333334 0.04259259259259259
1 0.022916666666666665 0.5407407407407407 0.00625 0.018518518518518517
3 0.2598958333333333 0.13611111111111113 0.021875 0.020370370370370372
