3 0.48385416666666664 0.41944444444444445 0.011458333333333333 0.016666666666666666
1 0.5145833333333333 0.4361111111111111 0.004166666666666667 0.009259259259259259
9 0.5166666666666666 0.4444444444444445 0.00625 0.014814814814814815
1 0.5015625 0.4361111111111111 0.005208333333333333 0.009259259259259259
9 0.5020833333333333 0.4444444444444445 0.004166666666666667 0.011111111111111112
1 0.5067708333333333 0.46574074074074073 0.005208333333333333 0.012962962962962964
9 0.5072916666666667 0.4712962962962963 0.00625 0.012962962962962964
0 0.5260416666666666 0.47314814814814815 0.00625 0.020370370370370372
0 0.5401041666666666 0.4240740740740741 0.005208333333333333 0.018518518518518517
0 0.5541666666666667 0.4398148148148148 0.004166666666666667 0.024074074074074074
0 0.5572916666666666 0.4462962962962963 0.004166666666666667 0.022222222222222223
1 0.5953125 0.4425925925925926 0.007291666666666667 0.014814814814814815
1 0.4380208333333333 0.4935185185185185 0.005208333333333333 0.016666666666666666
5 0.41562499999999997 0.7074074074074075 0.0375 0.07037037037037037
0 0.4197916666666667 0.6 0.00625 0.02962962962962963
9 0.4166666666666667 0.6268518518518519 0.022916666666666665 0.020370370370370372
1 0.4901041666666667 0.5 0.005208333333333333 0.018518518518518517
1 0.4973958333333333 0.5092592592592593 0.005208333333333333 0.018518518518518517
1 0.5197916666666667 0.49722222222222223 0.004166666666666667 0.020370370370370372
9 0.5208333333333334 0.5074074074074074 0.004166666666666667 0.018518518518518517
9 0.49635416666666665 0.5212962962962964 0.005208333333333333 0.020370370370370372
9 0.48854166666666665 0.5092592592592593 0.004166666666666667 0.014814814814814815
1 0.5192708333333333 0.6703703703703704 0.007291666666666667 0.022222222222222223
1 0.5447916666666667 0.6490740740740741 0.00625 0.02777777777777778
1 0.5192708333333333 0.7305555555555556 0.007291666666666667 0.02777777777777778
1 0.5104166666666666 0.7305555555555556 0.00625 0.024074074074074074
1 0.5130208333333334 0.6787037037037037 0.005208333333333333 0.020370370370370372
1 0.36354166666666665 0.7425925925925926 0.010416666666666666 0.037037037037037035
9 0.3572916666666667 0.7555555555555555 0.010416666666666666 0.037037037037037035
7 0.5203125 0.6888888888888889 0.021875 0.044444444444444446
7 0.5416666666666666 0.6657407407407407 0.01875 0.05
7 0.5192708333333333 0.7527777777777778 0.017708333333333333 0.04259259259259259
1 0.4354166666666667 0.8074074074074075 0.014583333333333334 0.05185185185185186
9 0.4354166666666667 0.8287037037037037 0.010416666666666666 0.0462962962962963
3 0.4666666666666667 0.8546296296296296 0.03125 0.09444444444444444
7 0.3359375 0.8250000000000001 0.017708333333333333 0.05740740740740741
5 0.32916666666666666 0.9388888888888889 0.12083333333333333 0.1
1 0.37135416666666665 0.9722222222222222 0.013541666666666667 0.02962962962962963
0 0.3458333333333333 0.9750000000000001 0.010416666666666666 0.04259259259259259
1 0.6770833333333334 0.9675925925925927 0.014583333333333334 0.053703703703703705
0 0.6322916666666667 0.9685185185185186 0.010416666666666666 0.05925925925925926
9 0.7015625 0.8009259259259259 0.034375 0.031481481481481485
9 0.6984375 0.7666666666666667 0.034375 0.037037037037037035
7 0.7078125 0.7435185185185186 0.059375 0.031481481481481485
7 0.5739583333333333 0.7037037037037037 0.027083333333333334 0.05925925925925926
0 0.5692708333333333 0.6407407407407407 0.007291666666666667 0.02962962962962963
4 0.6171875 0.6185185185185186 0.059375 0.05185185185185186
4 0.6375 0.5861111111111111 0.058333333333333334 0.04259259259259259
1 0.5484375 0.46574074074074073 0.005208333333333333 0.024074074074074074
9 0.43697916666666664 0.5324074074074074 0.019791666666666666 0.020370370370370372
0 0.5713541666666666 0.4601851851851852 0.005208333333333333 0.020370370370370372
7 0.5635416666666666 0.4759259259259259 0.0125 0.02962962962962963
7 0.5822916666666667 0.5268518518518519 0.03125 0.024074074074074074
4 0.6197916666666666 0.5166666666666667 0.04375 0.04814814814814815
