5 0.4908854166666667 0.7736111111111111 0.050520833333333334 0.14166666666666666
3 0.6510416666666666 0.8935185185185186 0.06041666666666667 0.14444444444444446
5 0.6260416666666666 0.7296296296296296 0.051041666666666666 0.13703703703703704
5 0.6205729166666667 0.6101851851851852 0.04739583333333333 0.11111111111111112
5 0.6091145833333333 0.5425925925925926 0.04010416666666666 0.0925925925925926
1 0.5802083333333333 0.6861111111111111 0.0125 0.037037037037037035
6 0.5817708333333333 0.7055555555555556 0.019791666666666666 0.05185185185185186
3 0.5166666666666666 0.48935185185185187 0.025 0.049074074074074076
3 0.5533854166666666 0.39212962962962966 0.018229166666666668 0.032407407407407406
4 0.5046875 0.3800925925925926 0.01875 0.04537037037037037
5 0.58359375 0.35000000000000003 0.0203125 0.040740740740740744
3 0.5447916666666667 0.29305555555555557 0.0125 0.019444444444444445
3 0.5453125 0.27314814814814814 0.011458333333333333 0.016666666666666666
5 0.5786458333333333 0.31712962962962965 0.019791666666666666 0.04537037037037037
4 0.5796875 0.337037037037037 0.014583333333333334 0.02777777777777778
3 0.5434895833333333 0.24212962962962964 0.008854166666666666 0.015740740740740743
4 0.5390625 0.21805555555555556 0.008333333333333333 0.012037037037037037
5 0.5671875 0.28240740740740744 0.015625 0.02777777777777778
5 0.5604166666666667 0.250462962962963 0.011458333333333333 0.025
3 0.553125 0.22592592592592595 0.009375 0.012962962962962964
5 0.5515625 0.21435185185185185 0.010416666666666666 0.025
5 0.3403645833333333 0.20555555555555557 0.0265625 0.016666666666666666
5 0.9471354166666667 0.725925925925926 0.10052083333333334 0.11851851851851852
1 0.8015625 0.4902777777777778 0.011458333333333333 0.021296296296296296
0 0.8375 0.5097222222222222 0.0125 0.03981481481481482
0 0.8153645833333333 0.4763888888888889 0.009895833333333333 0.03796296296296296
5 0.8466145833333333 0.5296296296296297 0.12760416666666666 0.1814814814814815
5 0.7877604166666666 0.37824074074074077 0.0484375 0.03981481481481482
5 0.9721354166666667 0.34074074074074073 0.0546875 0.040740740740740744
5 0.9390625 0.3180555555555556 0.034375 0.03425925925925926
5 0.9411458333333333 0.32731481481481484 0.03229166666666666 0.028703703703703703
4 0.7403645833333333 0.3425925925925926 0.0171875 0.02962962962962963
4 0.73671875 0.4953703703703704 0.0390625 0.044444444444444446
4 0.7447916666666666 0.5074074074074074 0.046875 0.040740740740740744
3 0.7565104166666666 0.5305555555555556 0.0484375 0.03518518518518519
3 0.7635416666666667 0.5458333333333334 0.042708333333333334 0.032407407407407406
4 0.6940104166666666 0.38981481481481484 0.043229166666666666 0.03888888888888889
4 0.6786458333333333 0.40185185185185185 0.028125 0.031481481481481485
3 0.71484375 0.4185185185185185 0.0296875 0.02592592592592593
3 0.7221354166666667 0.2939814814814815 0.025520833333333333 0.021296296296296296
3 0.7447916666666666 0.2916666666666667 0.027083333333333334 0.014814814814814815
3 0.7408854166666666 0.287962962962963 0.027604166666666666 0.018518518518518517
5 0.7104166666666667 0.2675925925925926 0.02395833333333333 0.022222222222222223
