3 0.13051470588235295 0.5241830065359476 0.05367647058823529 0.04183006535947712
0 0.23529411764705882 0.8183006535947712 0.014705882352941176 0.04444444444444444
3 0.23566176470588235 0.8424836601307188 0.021323529411764706 0.0457516339869281
3 0.4323529411764706 0.9111111111111111 0.060294117647058824 0.12287581699346405
3 0.475 0.7372549019607842 0.04852941176470588 0.09673202614379084
3 0.5279411764705882 0.5241830065359476 0.027941176470588233 0.047058823529411764
3 0.5147058823529411 0.596078431372549 0.029411764705882353 0.054901960784313725
3 0.5698529411764706 0.5235294117647058 0.022058823529411763 0.04052287581699346
3 0.6411764705882352 0.4633986928104575 0.01764705882352941 0.03529411764705882
3 0.5136029411764705 0.4764705882352941 0.021323529411764706 0.03529411764705882
3 0.4404411764705882 0.46993464052287576 0.023529411764705882 0.0326797385620915
3 0.47463235294117645 0.4091503267973856 0.019852941176470587 0.0261437908496732
3 0.5433823529411764 0.45555555555555555 0.022058823529411763 0.04052287581699346
3 0.6121323529411765 0.4117647058823529 0.016911764705882352 0.0261437908496732
3 0.5584558823529412 0.4032679738562091 0.015441176470588236 0.027450980392156862
4 0.4963235294117647 0.645751633986928 0.032352941176470584 0.0784313725490196
3 0.6121323529411765 0.3483660130718954 0.0125 0.0196078431372549
6 0.4588235294117647 0.4359477124183006 0.007352941176470588 0.0196078431372549
1 0.46654411764705883 0.5732026143790849 0.011029411764705881 0.03529411764705882
9 0.46801470588235294 0.5797385620915032 0.009558823529411765 0.03006535947712418
0 0.6470588235294118 0.5686274509803921 0.007352941176470588 0.03660130718954248
0 0.6680147058823529 0.4875816993464052 0.008088235294117646 0.03137254901960784
0 0.6595588235294118 0.5764705882352941 0.010294117647058823 0.047058823529411764
0 0.6606617647058823 0.5790849673202614 0.011029411764705881 0.047058823529411764
1 0.7154411764705882 0.5836601307189542 0.007352941176470588 0.03529411764705882
2 0.7147058823529412 0.5934640522875817 0.01764705882352941 0.0261437908496732
3 0.5463235294117647 0.7222222222222222 0.039705882352941174 0.07973856209150326
4 0.5551470588235294 0.592156862745098 0.029411764705882353 0.07058823529411765
3 0.7573529411764706 0.5215686274509803 0.025 0.0392156862745098
3 0.7481617647058824 0.49738562091503263 0.025735294117647058 0.03529411764705882
3 0.7371323529411764 0.47320261437908495 0.022794117647058822 0.02875816993464052
4 0.7305147058823529 0.4516339869281045 0.019852941176470587 0.027450980392156862
3 0.5727941176470588 0.4660130718954248 0.022058823529411763 0.043137254901960784
3 0.5400735294117647 0.4294117647058823 0.02426470588235294 0.03006535947712418
3 0.538235294117647 0.41045751633986927 0.014705882352941176 0.0261437908496732
3 0.5823529411764706 0.3660130718954248 0.013235294117647059 0.02091503267973856
3 0.5669117647058823 0.3457516339869281 0.011764705882352941 0.0196078431372549
3 0.6125 0.3254901960784313 0.011764705882352941 0.01568627450980392
3 0.61875 0.28823529411764703 0.008088235294117646 0.01437908496732026
0 0.794485294117647 0.5071895424836601 0.005147058823529412 0.02875816993464052
0 0.7860294117647059 0.5013071895424837 0.007352941176470588 0.03006535947712418
0 0.7713235294117647 0.5098039215686274 0.0058823529411764705 0.03398692810457516
1 0.6488970588235294 0.42156862745098034 0.006617647058823529 0.011764705882352941
1 0.6588235294117647 0.4202614379084967 0.0058823529411764705 0.01437908496732026
9 0.649264705882353 0.42549019607843136 0.0058823529411764705 0.011764705882352941
9 0.6584558823529412 0.426797385620915 0.005147058823529412 0.0065359477124183
0 0.5801470588235293 0.3254901960784313 0.004411764705882353 0.01568627450980392
1 0.6371323529411764 0.34967320261437906 0.005147058823529412 0.011764705882352941
1 0.6415441176470588 0.34967320261437906 0.003676470588235294 0.011764705882352941
2 0.6371323529411764 0.3588235294117647 0.005147058823529412 0.011764705882352941
2 0.6415441176470588 0.3588235294117647 0.003676470588235294 0.011764705882352941
0 0.6852941176470588 0.35686274509803917 0.004411764705882353 0.01568627450980392
1 0.6963235294117647 0.36013071895424836 0.004411764705882353 0.011764705882352941
1 0.6933823529411764 0.3509803921568627 0.004411764705882353 0.011764705882352941
2 0.6922794117647059 0.35686274509803917 0.005147058823529412 0.0130718954248366
9 0.69375 0.36470588235294116 0.003676470588235294 0.0130718954248366
1 0.6363970588235294 0.32614379084967315 0.005147058823529412 0.00915032679738562
9 0.6378676470588235 0.3326797385620915 0.005147058823529412 0.00915032679738562
1 0.6352941176470588 0.2980392156862745 0.0029411764705882353 0.01045751633986928
9 0.6349264705882353 0.3045751633986928 0.005147058823529412 0.00784313725490196
3 0.5761029411764705 0.43464052287581695 0.019852941176470587 0.03006535947712418
3 0.5790441176470588 0.40784313725490196 0.015441176470588236 0.023529411764705882
3 0.5834558823529412 0.388235294117647 0.015441176470588236 0.023529411764705882
3 0.6143382352941177 0.38888888888888884 0.015441176470588236 0.0196078431372549
3 0.6113970588235293 0.31176470588235294 0.009558823529411765 0.01437908496732026
3 0.6158088235294118 0.3006535947712418 0.008088235294117646 0.01045751633986928
3 0.4988970588235294 0.36405228758169933 0.013970588235294117 0.02222222222222222
3 0.5047794117647059 0.35620915032679734 0.0125 0.01699346405228758
3 0.5117647058823529 0.34901960784313724 0.011764705882352941 0.01568627450980392
3 0.5305147058823529 0.3111111111111111 0.011029411764705881 0.01568627450980392
4 0.5536764705882353 0.27058823529411763 0.007352941176470588 0.01568627450980392
3 0.5897058823529412 0.26666666666666666 0.007352941176470588 0.0130718954248366
3 0.6 0.265359477124183 0.007352941176470588 0.0130718954248366
3 0.6128676470588236 0.27908496732026145 0.008088235294117646 0.011764705882352941
3 0.6176470588235294 0.26862745098039215 0.007352941176470588 0.011764705882352941
6 0.5783088235294117 0.27843137254901956 0.005147058823529412 0.00784313725490196
1 0.5779411764705882 0.27777777777777773 0.0029411764705882353 0.0065359477124183
1 0.6290441176470588 0.27581699346405225 0.003676470588235294 0.00784313725490196
9 0.6294117647058823 0.2803921568627451 0.004411764705882353 0.0065359477124183
6 0.6488970588235294 0.418954248366013 0.006617647058823529 0.0196078431372549
0 0.5606617647058824 0.25555555555555554 0.005147058823529412 0.011764705882352941
0 0.8584558823529411 0.5359477124183006 0.008088235294117646 0.03660130718954248
0 0.8742647058823529 0.545751633986928 0.010294117647058823 0.03529411764705882
0 0.8113970588235294 0.5261437908496732 0.009558823529411765 0.03529411764705882
0 0.9352941176470588 0.5627450980392157 0.008823529411764706 0.03529411764705882
0 0.9496323529411764 0.5647058823529412 0.008088235294117646 0.0261437908496732
3 0.6860294117647059 0.3424836601307189 0.014705882352941176 0.01568627450980392
3 0.6827205882352941 0.33137254901960783 0.011029411764705881 0.01437908496732026
3 0.6772058823529412 0.3176470588235294 0.010294117647058823 0.01568627450980392
3 0.7481617647058824 0.3405228758169934 0.0125 0.01437908496732026
1 0.9768382352941176 0.7496732026143791 0.015441176470588236 0.04836601307189542
9 0.9783088235294117 0.7588235294117647 0.03455882352941177 0.0326797385620915
