3 0.6194852941176471 0.6555555555555556 0.0625 0.11895424836601307
3 0.5841911764705883 0.3555555555555555 0.03308823529411765 0.054901960784313725
3 0.3514705882352941 0.4725490196078431 0.055882352941176466 0.08758169934640522
3 0.2400735294117647 0.5915032679738562 0.09485294117647058 0.13986928104575164
3 0.18639705882352942 0.7281045751633987 0.15955882352941175 0.1568627450980392
3 0.28455882352941175 0.4666666666666666 0.057352941176470586 0.09411764705882353
3 0.33455882352941174 0.39477124183006534 0.06764705882352941 0.0784313725490196
3 0.34816176470588234 0.33464052287581697 0.04485294117647059 0.06013071895424836
3 0.36838235294117644 0.2725490196078431 0.027941176470588233 0.043137254901960784
3 0.5595588235294118 0.2457516339869281 0.022058823529411763 0.04183006535947712
3 0.47316176470588234 0.1196078431372549 0.0125 0.02222222222222222
3 0.580514705882353 0.31437908496732025 0.03308823529411765 0.05359477124183006
3 0.3775735294117647 0.24705882352941175 0.03161764705882353 0.04183006535947712
3 0.39191176470588235 0.2196078431372549 0.025 0.03660130718954248
3 0.39963235294117644 0.19934640522875816 0.019852941176470587 0.0326797385620915
3 0.4047794117647059 0.1830065359477124 0.019852941176470587 0.02875816993464052
3 0.36838235294117644 0.1738562091503268 0.039705882352941174 0.0261437908496732
3 0.3981617647058823 0.16078431372549018 0.0375 0.0261437908496732
3 0.3966911764705882 0.1549019607843137 0.03455882352941177 0.02222222222222222
3 0.5459558823529411 0.16209150326797384 0.030147058823529412 0.02091503267973856
3 0.5569852941176471 0.15424836601307187 0.030147058823529412 0.02091503267973856
3 0.549264705882353 0.1522875816993464 0.033823529411764704 0.02483660130718954
3 0.5448529411764705 0.14901960784313725 0.025 0.023529411764705882
3 0.5275735294117647 0.134640522875817 0.027205882352941177 0.01568627450980392
3 0.5297794117647059 0.1287581699346405 0.027205882352941177 0.0196078431372549
3 0.5294117647058824 0.12352941176470587 0.023529411764705882 0.0196078431372549
3 0.5220588235294118 0.11633986928104574 0.025 0.02091503267973856
3 0.5334558823529412 0.11437908496732026 0.027205882352941177 0.02222222222222222
3 0.5356617647058823 0.17516339869281045 0.03602941176470588 0.0261437908496732
3 0.5308823529411765 0.1411764705882353 0.025 0.02091503267973856
3 0.5566176470588236 0.1679738562091503 0.03529411764705882 0.0196078431372549
3 0.42426470588235293 0.14640522875816991 0.016176470588235292 0.023529411764705882
3 0.4301470588235294 0.13986928104575164 0.033823529411764704 0.02091503267973856
3 0.425 0.13529411764705881 0.01911764705882353 0.02483660130718954
4 0.5036764705882353 0.11895424836601307 0.010294117647058823 0.0261437908496732
3 0.43419117647058825 0.12810457516339868 0.019852941176470587 0.01830065359477124
3 0.43713235294117647 0.11895424836601307 0.016911764705882352 0.01830065359477124
3 0.43676470588235294 0.11503267973856209 0.026470588235294117 0.01830065359477124
0 0.3636029411764706 0.21830065359477122 0.008088235294117646 0.03137254901960784
0 0.4738970588235294 0.16666666666666666 0.003676470588235294 0.02483660130718954
0 0.4713235294117647 0.161437908496732 0.0058823529411764705 0.027450980392156862
0 0.44338235294117645 0.16209150326797384 0.007352941176470588 0.0261437908496732
0 0.5113970588235294 0.14640522875816991 0.005147058823529412 0.01568627450980392
0 0.4606617647058823 0.11568627450980391 0.005147058823529412 0.0196078431372549
0 0.45625 0.11437908496732026 0.003676470588235294 0.01699346405228758
0 0.4522058823529412 0.11437908496732026 0.004411764705882353 0.0196078431372549
0 0.46544117647058825 0.09607843137254901 0.0029411764705882353 0.0196078431372549
0 0.4606617647058823 0.09934640522875816 0.003676470588235294 0.01568627450980392
3 0.47316176470588234 0.06209150326797385 0.0125 0.011764705882352941
3 0.5106617647058823 0.054901960784313725 0.0125 0.0130718954248366
3 0.5352941176470588 0.07058823529411765 0.008823529411764706 0.01045751633986928
3 0.5459558823529411 0.06797385620915032 0.008088235294117646 0.0130718954248366
3 0.5261029411764706 0.05620915032679738 0.0125 0.01568627450980392
3 0.5518382352941177 0.2241830065359477 0.019852941176470587 0.0326797385620915
3 0.5496323529411765 0.20784313725490194 0.019852941176470587 0.02875816993464052
3 0.5415441176470588 0.1980392156862745 0.03455882352941177 0.0326797385620915
0 0.5827205882352942 0.24705882352941175 0.008088235294117646 0.03398692810457516
0 0.40955882352941175 0.3529411764705882 0.010294117647058823 0.04183006535947712
0 0.6022058823529411 0.2281045751633987 0.007352941176470588 0.0326797385620915
9 0.40955882352941175 0.3699346405228758 0.010294117647058823 0.03660130718954248
9 0.6022058823529411 0.23660130718954248 0.010294117647058823 0.0261437908496732
3 0.5639705882352941 0.14248366013071895 0.01911764705882353 0.01830065359477124
0 0.6397058823529411 0.3424836601307189 0.007352941176470588 0.04444444444444444
9 0.6209558823529412 0.3398692810457516 0.027205882352941177 0.0261437908496732
2 0.6216911764705882 0.31895424836601305 0.022794117647058822 0.0261437908496732
2 0.6172794117647059 0.3091503267973856 0.022794117647058822 0.027450980392156862
2 0.6125 0.30130718954248364 0.023529411764705882 0.02483660130718954
9 0.606985294117647 0.2869281045751634 0.022794117647058822 0.0326797385620915
9 0.6191176470588236 0.22287581699346404 0.0058823529411764705 0.027450980392156862
9 0.611764705882353 0.2241830065359477 0.008823529411764706 0.027450980392156862
9 0.4926470588235294 0.07973856209150326 0.004411764705882353 0.01045751633986928
0 0.49411764705882355 0.07647058823529411 0.0029411764705882353 0.011764705882352941
0 0.5783088235294117 0.7143790849673202 0.015441176470588236 0.08758169934640522
0 0.32095588235294115 0.8666666666666666 0.030147058823529412 0.09934640522875816
0 0.09816176470588235 0.5594771241830065 0.02426470588235294 0.07320261437908496
2 0.5783088235294117 0.7352941176470588 0.019852941176470587 0.0849673202614379
9 0.31875 0.8993464052287581 0.027205882352941177 0.09673202614379084
9 0.11764705882352941 0.8705882352941176 0.04264705882352941 0.09934640522875816
0 0.12536764705882353 0.8464052287581699 0.016911764705882352 0.06405228758169934
0 0.10588235294117647 0.826797385620915 0.027941176470588233 0.08758169934640522
0 0.09044117647058823 0.8568627450980392 0.020588235294117647 0.10588235294117647
0 0.021323529411764706 0.8450980392156863 0.027941176470588233 0.09803921568627451
9 0.09705882352941177 0.5830065359477123 0.025 0.06013071895424836
