3 0.19166666666666665 0.8685185185185186 0.07083333333333333 0.18888888888888888
8 0.6979166666666666 0.8018518518518519 0.15208333333333332 0.3925925925925926
3 0.7375 0.5935185185185186 0.09375 0.07962962962962963
9 0.8005208333333333 0.49259259259259264 0.03229166666666666 0.02962962962962963
3 0.8947916666666667 0.40370370370370373 0.06458333333333333 0.05185185185185186
0 0.8666666666666667 0.2916666666666667 0.010416666666666666 0.03518518518518519
7 0.903125 0.23703703703703705 0.03125 0.040740740740740744
6 0.8671875 0.2425925925925926 0.026041666666666668 0.040740740740740744
2 0.7604166666666666 0.2425925925925926 0.008333333333333333 0.02962962962962963
0 0.8390624999999999 0.23055555555555557 0.009375 0.031481481481481485
9 0.8072916666666666 0.2564814814814815 0.027083333333333334 0.024074074074074074
6 0.8192708333333333 0.24074074074074076 0.03229166666666666 0.02592592592592593
3 0.7458333333333333 0.33240740740740743 0.06458333333333333 0.0462962962962963
3 0.5036458333333333 0.49074074074074076 0.036458333333333336 0.08888888888888889
3 0.3390625 0.4981481481481482 0.040625 0.10370370370370371
2 0.013541666666666667 0.26666666666666666 0.022916666666666665 0.02962962962962963
2 0.0984375 0.2611111111111111 0.017708333333333333 0.018518518518518517
0 0.0546875 0.29444444444444445 0.015625 0.037037037037037035
4 0.08177083333333333 0.30185185185185187 0.042708333333333334 0.06296296296296297
1 0.057291666666666664 0.40740740740740744 0.014583333333333334 0.022222222222222223
1 0.07604166666666666 0.4046296296296297 0.016666666666666666 0.031481481481481485
1 0.11770833333333333 0.4101851851851852 0.014583333333333334 0.04259259259259259
6 0.06822916666666666 0.41574074074074074 0.05520833333333333 0.04259259259259259
0 0.21354166666666666 0.2555555555555556 0.010416666666666666 0.02962962962962963
9 0.11979166666666667 0.41111111111111115 0.029166666666666667 0.02962962962962963
3 0.14791666666666667 0.3787037037037037 0.075 0.05
1 0.19791666666666666 0.42685185185185187 0.014583333333333334 0.03518518518518519
1 0.18541666666666667 0.4287037037037037 0.016666666666666666 0.02777777777777778
1 0.18489583333333334 0.4240740740740741 0.015625 0.03333333333333333
6 0.19479166666666667 0.4305555555555556 0.03958333333333333 0.04259259259259259
0 0.2786458333333333 0.2712962962962963 0.009375 0.03518518518518519
3 0.2713541666666667 0.337037037037037 0.06145833333333333 0.05925925925925926
0 0.33541666666666664 0.20185185185185187 0.00625 0.02962962962962963
5 0.3229166666666667 0.25462962962962965 0.035416666666666666 0.06481481481481481
3 0.5234375 0.27685185185185185 0.028125 0.05
5 0.56875 0.1962962962962963 0.027083333333333334 0.07037037037037037
3 0.5520833333333334 0.15462962962962964 0.020833333333333332 0.03888888888888889
1 0.5265625 0.12962962962962962 0.007291666666666667 0.018518518518518517
6 0.5260416666666666 0.14074074074074075 0.010416666666666666 0.02962962962962963
3 0.5036458333333333 0.009259259259259259 0.013541666666666667 0.018518518518518517
3 0.4890625 0.04814814814814815 0.015625 0.02962962962962963
