3 0.03860294117647059 0.44052287581699345 0.05220588235294118 0.09673202614379084
3 0.14669117647058824 0.3333333333333333 0.05073529411764706 0.06797385620915032
3 0.10661764705882353 0.2901960784313725 0.047058823529411764 0.05751633986928104
3 0.08088235294117647 0.2503267973856209 0.04264705882352941 0.05359477124183006
3 0.06323529411764706 0.23137254901960783 0.032352941176470584 0.04444444444444444
3 0.04852941176470588 0.2091503267973856 0.032352941176470584 0.04183006535947712
1 0.03860294117647059 0.12941176470588234 0.005147058823529412 0.0130718954248366
1 0.03897058823529412 0.1326797385620915 0.0029411764705882353 0.011764705882352941
9 0.03860294117647059 0.14052287581699346 0.006617647058823529 0.01437908496732026
4 0.007352941176470588 0.04052287581699346 0.010294117647058823 0.02091503267973856
3 0.015073529411764706 0.04379084967320261 0.009558823529411765 0.011764705882352941
5 0.02463235294117647 0.03790849673202614 0.022794117647058822 0.01568627450980392
3 0.014705882352941176 0.06209150326797385 0.014705882352941176 0.01437908496732026
0 0.03529411764705882 0.058823529411764705 0.0029411764705882353 0.01568627450980392
3 0.03860294117647059 0.04444444444444444 0.013970588235294117 0.0130718954248366
3 0.04595588235294117 0.049019607843137254 0.015441176470588236 0.011764705882352941
3 0.058823529411764705 0.04771241830065359 0.013235294117647059 0.0065359477124183
3 0.06470588235294117 0.056862745098039215 0.01764705882352941 0.01437908496732026
3 0.07977941176470588 0.05816993464052287 0.022794117647058822 0.01437908496732026
3 0.08897058823529412 0.06928104575163398 0.020588235294117647 0.0130718954248366
4 0.04375 0.06013071895424836 0.011029411764705881 0.01830065359477124
0 0.09669117647058824 0.07973856209150326 0.003676470588235294 0.01830065359477124
5 0.10919117647058824 0.07320261437908496 0.022794117647058822 0.01830065359477124
3 0.11948529411764705 0.0784313725490196 0.019852941176470587 0.01568627450980392
3 0.13161764705882353 0.08431372549019607 0.027941176470588233 0.01699346405228758
0 0.1676470588235294 0.1111111111111111 0.0058823529411764705 0.023529411764705882
3 0.19044117647058822 0.11437908496732026 0.022058823529411763 0.02222222222222222
0 0.22169117647058822 0.12156862745098039 0.005147058823529412 0.0261437908496732
0 0.22904411764705881 0.11764705882352941 0.005147058823529412 0.0261437908496732
3 0.24485294117647058 0.11241830065359476 0.03676470588235294 0.0261437908496732
3 0.2621323529411765 0.10980392156862745 0.03308823529411765 0.02091503267973856
3 0.23529411764705882 0.16013071895424835 0.026470588235294117 0.03006535947712418
3 0.26875 0.17581699346405227 0.03161764705882353 0.0326797385620915
0 0.2875 0.16666666666666666 0.007352941176470588 0.027450980392156862
3 0.27941176470588236 0.14248366013071895 0.033823529411764704 0.023529411764705882
5 0.2702205882352941 0.134640522875817 0.03455882352941177 0.0261437908496732
1 0.5830882352941177 0.5169934640522875 0.022058823529411763 0.06928104575163398
2 0.5830882352941177 0.5437908496732026 0.05 0.054901960784313725
3 0.9863970588235293 0.4764705882352941 0.025735294117647058 0.06666666666666667
3 0.9716911764705882 0.3477124183006536 0.05220588235294118 0.054901960784313725
1 0.9584558823529412 0.426797385620915 0.015441176470588236 0.03529411764705882
1 0.9540441176470588 0.41960784313725485 0.015441176470588236 0.03660130718954248
9 0.9573529411764706 0.45032679738562087 0.01911764705882353 0.04836601307189542
1 0.825 0.33137254901960783 0.011764705882352941 0.0326797385620915
1 0.8279411764705882 0.33398692810457514 0.011764705882352941 0.027450980392156862
9 0.8220588235294117 0.35163398692810455 0.014705882352941176 0.02875816993464052
0 0.8742647058823529 0.22091503267973855 0.007352941176470588 0.03398692810457516
3 0.8452205882352941 0.230718954248366 0.04779411764705882 0.0326797385620915
3 0.6764705882352942 0.3529411764705882 0.07794117647058824 0.05751633986928104
1 0.6753676470588236 0.3464052287581699 0.009558823529411765 0.023529411764705882
0 0.6522058823529412 0.31045751633986923 0.010294117647058823 0.05620915032679738
0 0.8088235294117647 0.2620915032679738 0.008823529411764706 0.043137254901960784
1 0.7345588235294117 0.27843137254901956 0.010294117647058823 0.02875816993464052
1 0.7238970588235294 0.27843137254901956 0.009558823529411765 0.02875816993464052
9 0.7871323529411764 0.22156862745098038 0.005147058823529412 0.02222222222222222
0 0.8073529411764706 0.23137254901960783 0.004411764705882353 0.023529411764705882
0 0.8125 0.22483660130718952 0.004411764705882353 0.0261437908496732
3 0.6959558823529411 0.25098039215686274 0.05073529411764706 0.04183006535947712
3 0.6691176470588235 0.23464052287581696 0.041176470588235294 0.04052287581699346
9 0.7272058823529411 0.21372549019607842 0.007352941176470588 0.02222222222222222
9 0.7150735294117647 0.21045751633986925 0.008088235294117646 0.0261437908496732
9 0.6577205882352941 0.19934640522875816 0.011029411764705881 0.02222222222222222
3 0.5830882352941177 0.2745098039215686 0.06764705882352941 0.047058823529411764
3 0.6169117647058824 0.1915032679738562 0.044117647058823525 0.0326797385620915
1 0.6386029411764705 0.18758169934640523 0.006617647058823529 0.03529411764705882
3 0.6345588235294117 0.17058823529411762 0.01764705882352941 0.02483660130718954
0 0.5922794117647059 0.18692810457516337 0.009558823529411765 0.03398692810457516
6 0.5676470588235294 0.17581699346405227 0.027941176470588233 0.027450980392156862
3 0.5349264705882353 0.25163398692810457 0.05955882352941176 0.04836601307189542
3 0.5088235294117647 0.24052287581699344 0.052941176470588235 0.04967320261437908
3 0.4775735294117647 0.23529411764705882 0.05220588235294118 0.04183006535947712
3 0.4944852941176471 0.2026143790849673 0.04485294117647059 0.03398692810457516
3 0.4742647058823529 0.18823529411764706 0.045588235294117645 0.02875816993464052
3 0.4904411764705882 0.17058823529411762 0.03823529411764706 0.03529411764705882
1 0.4838235294117647 0.1503267973856209 0.007352941176470588 0.01568627450980392
3 0.45625 0.2823529411764706 0.05367647058823529 0.054901960784313725
3 0.44705882352941173 0.14705882352941174 0.032352941176470584 0.027450980392156862
3 0.40551470588235294 0.17581699346405227 0.04485294117647059 0.0326797385620915
3 0.38566176470588237 0.17124183006535945 0.03455882352941177 0.0261437908496732
3 0.3761029411764706 0.16013071895424835 0.03897058823529412 0.02483660130718954
0 0.3977941176470588 0.1503267973856209 0.0058823529411764705 0.02091503267973856
0 0.4047794117647059 0.14967320261437908 0.005147058823529412 0.02222222222222222
4 0.41066176470588234 0.13529411764705881 0.015441176470588236 0.027450980392156862
4 0.3816176470588235 0.13202614379084968 0.027941176470588233 0.0261437908496732
3 0.35919117647058824 0.12941176470588234 0.03161764705882353 0.02091503267973856
