0 0.8235294117647058 0.06274509803921569 0.007352941176470588 0.03398692810457516
4 0.7533088235294118 0.03137254901960784 0.03161764705882353 0.054901960784313725
3 0.7871323529411764 0.03071895424836601 0.04485294117647059 0.0326797385620915
7 0.7797794117647059 0.0457516339869281 0.030147058823529412 0.03660130718954248
3 0.7915441176470588 0.06013071895424836 0.04044117647058824 0.0392156862745098
3 0.7985294117647058 0.09803921568627451 0.05 0.03660130718954248
3 0.8128676470588235 0.11241830065359476 0.04338235294117647 0.02875816993464052
4 0.81875 0.12483660130718953 0.05220588235294118 0.043137254901960784
3 0.8830882352941176 0.10326797385620914 0.052941176470588235 0.0392156862745098
3 0.7933823529411764 0.13986928104575164 0.052941176470588235 0.047058823529411764
4 0.8352941176470589 0.15751633986928104 0.058823529411764705 0.04836601307189542
4 0.8518382352941176 0.17843137254901958 0.0625 0.05359477124183006
3 0.7709558823529412 0.1738562091503268 0.03455882352941177 0.04444444444444444
0 0.7705882352941177 0.1849673202614379 0.014705882352941176 0.03529411764705882
9 0.7720588235294118 0.1915032679738562 0.010294117647058823 0.03529411764705882
3 0.8011029411764706 0.19999999999999998 0.06102941176470588 0.0392156862745098
3 0.8102941176470588 0.2222222222222222 0.058823529411764705 0.0392156862745098
3 0.81875 0.25620915032679736 0.06397058823529411 0.0522875816993464
0 0.8095588235294118 0.25555555555555554 0.014705882352941176 0.03790849673202614
3 0.8169117647058823 0.29869281045751633 0.03529411764705882 0.06143790849673202
3 0.8654411764705883 0.35686274509803917 0.039705882352941174 0.07320261437908496
3 0.8011029411764706 0.36209150326797385 0.03602941176470588 0.07058823529411765
0 0.8889705882352941 0.22352941176470587 0.013235294117647059 0.04183006535947712
9 0.9485294117647058 0.32156862745098036 0.014705882352941176 0.0392156862745098
1 0.9691176470588235 0.37189542483660126 0.014705882352941176 0.0326797385620915
1 0.9562499999999999 0.4771241830065359 0.016911764705882352 0.04183006535947712
0 0.9669117647058824 0.4594771241830065 0.016176470588235292 0.058823529411764705
0 0.9768382352941176 0.47058823529411764 0.0125 0.05751633986928104
0 0.9680147058823529 0.665359477124183 0.022794117647058822 0.06013071895424836
0 0.9915441176470589 0.7339869281045751 0.015441176470588236 0.07450980392156863
1 0.8588235294117647 0.6562091503267974 0.020588235294117647 0.04967320261437908
9 0.8555147058823529 0.6745098039215686 0.019852941176470587 0.06797385620915032
3 0.7345588235294117 0.8313725490196078 0.075 0.1803921568627451
0 0.95 0.5810457516339869 0.01911764705882353 0.058823529411764705
0 0.9389705882352941 0.5418300653594771 0.022058823529411763 0.06143790849673202
0 0.8727941176470588 0.5156862745098039 0.014705882352941176 0.06405228758169934
0 0.8613970588235293 0.5124183006535947 0.016911764705882352 0.06013071895424836
0 0.8352941176470589 0.48235294117647054 0.016176470588235292 0.054901960784313725
0 0.8448529411764706 0.4287581699346405 0.013235294117647059 0.04967320261437908
9 0.8584558823529411 0.4261437908496732 0.015441176470588236 0.04183006535947712
0 0.8783088235294118 0.4457516339869281 0.01838235294117647 0.054901960784313725
0 0.8919117647058823 0.4490196078431372 0.01764705882352941 0.06143790849673202
3 0.9091911764705882 0.5143790849673202 0.10367647058823529 0.07973856209150326
5 0.7588235294117647 0.5098039215686274 0.060294117647058824 0.20130718954248364
3 0.6775735294117647 0.484313725490196 0.04044117647058824 0.09542483660130718
7 0.02426470588235294 0.7019607843137254 0.04852941176470588 0.12287581699346405
4 0.0400735294117647 0.6398692810457516 0.0801470588235294 0.10849673202614378
7 0.0875 0.596078431372549 0.0661764705882353 0.15163398692810456
1 0.10110294117647059 0.680392156862745 0.022794117647058822 0.04836601307189542
0 0.1338235294117647 0.649673202614379 0.013235294117647059 0.065359477124183
0 0.16066176470588234 0.6673202614379085 0.019852941176470587 0.06405228758169934
1 0.17830882352941177 0.6359477124183006 0.019852941176470587 0.06143790849673202
0 0.19411764705882353 0.6398692810457516 0.01764705882352941 0.06928104575163398
6 0.1610294117647059 0.6588235294117647 0.039705882352941174 0.08888888888888888
1 0.1463235294117647 0.5633986928104575 0.020588235294117647 0.04183006535947712
1 0.1636029411764706 0.5673202614379085 0.015441176470588236 0.0392156862745098
1 0.18860294117647058 0.5673202614379085 0.016911764705882352 0.0392156862745098
1 0.20441176470588235 0.5640522875816993 0.016176470588235292 0.03790849673202614
1 0.2202205882352941 0.5588235294117647 0.01838235294117647 0.043137254901960784
1 0.24926470588235294 0.5522875816993463 0.01911764705882353 0.043137254901960784
1 0.2286764705882353 0.5294117647058824 0.014705882352941176 0.03398692810457516
9 0.01911764705882353 0.565359477124183 0.03823529411764706 0.04836601307189542
1 0.075 0.515032679738562 0.01764705882352941 0.0392156862745098
1 0.08786764705882352 0.5261437908496732 0.013970588235294117 0.02483660130718954
1 0.09669117647058824 0.518954248366013 0.013970588235294117 0.02875816993464052
1 0.11397058823529412 0.5013071895424837 0.01911764705882353 0.04052287581699346
1 0.11323529411764706 0.4640522875816993 0.014705882352941176 0.02875816993464052
9 0.1738970588235294 0.45228758169934635 0.019852941176470587 0.047058823529411764
1 0.22426470588235295 0.46470588235294114 0.016176470588235292 0.03529411764705882
9 0.20735294117647057 0.39477124183006534 0.025 0.04967320261437908
9 0.23161764705882354 0.388235294117647 0.020588235294117647 0.04183006535947712
2 0.22389705882352942 0.4235294117647059 0.03161764705882353 0.04183006535947712
9 0.26838235294117646 0.45555555555555555 0.032352941176470584 0.043137254901960784
9 0.3235294117647059 0.45228758169934635 0.027941176470588233 0.047058823529411764
9 0.2536764705882353 0.39738562091503266 0.022058823529411763 0.054901960784313725
9 0.26801470588235293 0.40784313725490196 0.016911764705882352 0.065359477124183
9 0.28860294117647056 0.37777777777777777 0.013970588235294117 0.04444444444444444
9 0.31029411764705883 0.3464052287581699 0.027941176470588233 0.047058823529411764
9 0.3628676470588235 0.35359477124183003 0.011029411764705881 0.043137254901960784
6 0.4150735294117647 0.3006535947712418 0.015441176470588236 0.047058823529411764
1 0.35 0.4666666666666666 0.014705882352941176 0.06013071895424836
9 0.35220588235294115 0.46993464052287576 0.03676470588235294 0.043137254901960784
0 0.3488970588235294 0.2751633986928104 0.009558823529411765 0.04836601307189542
9 0.34852941176470587 0.29673202614379085 0.025 0.0392156862745098
0 0.3654411764705882 0.2823529411764706 0.010294117647058823 0.054901960784313725
0 0.37316176470588236 0.2830065359477124 0.009558823529411765 0.04836601307189542
0 0.36838235294117644 0.2718954248366013 0.007352941176470588 0.04967320261437908
0 0.36213235294117646 0.27385620915032677 0.009558823529411765 0.04052287581699346
1 0.4117647058823529 0.28823529411764703 0.008823529411764706 0.04052287581699346
3 0.4455882352941176 0.4411764705882353 0.05 0.10326797385620914
4 0.5169117647058823 0.4437908496732026 0.044117647058823525 0.11633986928104574
3 0.5908088235294118 0.3941176470588235 0.04485294117647059 0.10849673202614378
3 0.5397058823529411 0.30130718954248364 0.03529411764705882 0.08235294117647059
3 0.4889705882352941 0.269281045751634 0.041176470588235294 0.09411764705882353
4 0.5996323529411764 0.3052287581699346 0.0375 0.09281045751633986
0 0.6202205882352941 0.33660130718954245 0.011029411764705881 0.050980392156862744
5 0.606985294117647 0.24248366013071893 0.027205882352941177 0.05359477124183006
4 0.5625 0.21241830065359477 0.029411764705882353 0.07973856209150326
3 0.6191176470588236 0.1980392156862745 0.026470588235294117 0.05620915032679738
3 0.6121323529411765 0.14967320261437908 0.022794117647058822 0.04836601307189542
3 0.6275735294117647 0.12352941176470587 0.02426470588235294 0.043137254901960784
3 0.6352941176470588 0.04836601307189542 0.020588235294117647 0.0392156862745098
4 0.6290441176470588 0.08104575163398692 0.022794117647058822 0.05751633986928104
3 0.5676470588235294 0.16405228758169935 0.027941176470588233 0.04836601307189542
3 0.5790441176470588 0.10392156862745097 0.025735294117647058 0.05359477124183006
3 0.5926470588235294 0.05555555555555555 0.022058823529411763 0.043137254901960784
8 0.6011029411764706 0.01111111111111111 0.027205882352941177 0.02483660130718954
3 0.5727941176470588 0.00718954248366013 0.016176470588235292 0.01437908496732026
3 0.5577205882352941 0.01241830065359477 0.01838235294117647 0.027450980392156862
3 0.5628676470588235 0.04444444444444444 0.021323529411764706 0.04183006535947712
3 0.5466911764705882 0.0784313725490196 0.022794117647058822 0.04183006535947712
3 0.5231617647058824 0.02483660130718954 0.019852941176470587 0.03660130718954248
0 0.5367647058823529 0.03398692810457516 0.0058823529411764705 0.02875816993464052
3 0.47830882352941173 0.01241830065359477 0.04191176470588235 0.02483660130718954
3 0.46397058823529413 0.02483660130718954 0.041176470588235294 0.02875816993464052
4 0.45036764705882354 0.03660130718954248 0.03897058823529412 0.03398692810457516
4 0.44080882352941175 0.08169934640522876 0.04044117647058824 0.043137254901960784
4 0.4889705882352941 0.07973856209150326 0.027941176470588233 0.04967320261437908
4 0.5216911764705883 0.09803921568627451 0.021323529411764706 0.05751633986928104
3 0.4588235294117647 0.06013071895424836 0.04852941176470588 0.0392156862745098
6 0.4930147058823529 0.11568627450980391 0.021323529411764706 0.04052287581699346
6 0.4970588235294118 0.16470588235294117 0.025 0.06274509803921569
1 0.4915441176470588 0.1679738562091503 0.011029411764705881 0.03529411764705882
3 0.3816176470588235 0.165359477124183 0.061764705882352944 0.05359477124183006
3 0.6966911764705882 0.13986928104575164 0.02426470588235294 0.04444444444444444
6 0.7113970588235294 0.00784313725490196 0.011029411764705881 0.01830065359477124
