0 0.3830882352941176 0.00849673202614379 0.0029411764705882353 0.01699346405228758
0 0.3801470588235294 0.00980392156862745 0.004411764705882353 0.0196078431372549
3 0.37426470588235294 0.0130718954248366 0.013235294117647059 0.02091503267973856
3 0.4808823529411765 0.00718954248366013 0.010294117647058823 0.01437908496732026
3 0.5014705882352941 0.00457516339869281 0.013235294117647059 0.011764705882352941
1 0.49522058823529413 0.00784313725490196 0.003676470588235294 0.0130718954248366
2 0.49522058823529413 0.01241830065359477 0.003676470588235294 0.01437908496732026
4 0.35404411764705884 0.07254901960784313 0.013970588235294117 0.0326797385620915
0 0.2838235294117647 0.14444444444444443 0.0058823529411764705 0.0326797385620915
3 0.34816176470588234 0.11241830065359476 0.016911764705882352 0.0261437908496732
3 0.2650735294117647 0.17450980392156862 0.022794117647058822 0.0326797385620915
0 0.1988970588235294 0.2830065359477124 0.009558823529411765 0.0326797385620915
1 0.20845588235294119 0.28366013071895424 0.008088235294117646 0.02091503267973856
3 0.28455882352941175 0.26666666666666666 0.044117647058823525 0.03660130718954248
0 0.29926470588235293 0.21895424836601304 0.004411764705882353 0.027450980392156862
0 0.2908088235294118 0.36405228758169933 0.008088235294117646 0.03529411764705882
1 0.3963235294117647 0.2594771241830065 0.007352941176470588 0.03006535947712418
1 0.40661764705882353 0.2901960784313725 0.007352941176470588 0.02875816993464052
2 0.39558823529411763 0.26862745098039215 0.007352941176470588 0.02222222222222222
9 0.4051470588235294 0.3006535947712418 0.0058823529411764705 0.023529411764705882
1 0.2275735294117647 0.29869281045751633 0.009558823529411765 0.027450980392156862
2 0.23124999999999998 0.3006535947712418 0.006617647058823529 0.0261437908496732
9 0.25845588235294115 0.3150326797385621 0.016911764705882352 0.023529411764705882
3 0.2716911764705882 0.36732026143790847 0.04191176470588235 0.05751633986928104
2 0.18125 0.40196078431372545 0.013970588235294117 0.03006535947712418
9 0.16580882352941176 0.44313725490196076 0.009558823529411765 0.03660130718954248
9 0.3099264705882353 0.4379084967320261 0.0125 0.03398692810457516
1 0.3099264705882353 0.4241830065359477 0.0125 0.03529411764705882
3 0.1290441176470588 0.5555555555555555 0.04779411764705882 0.07058823529411765
3 0.23713235294117646 0.503921568627451 0.04044117647058824 0.07973856209150326
3 0.275 0.5013071895424837 0.039705882352941174 0.0849673202614379
3 0.21691176470588236 0.5830065359477123 0.04264705882352941 0.07581699346405228
3 0.1948529411764706 0.6745098039215686 0.054411764705882354 0.11764705882352941
3 0.21764705882352942 0.8464052287581699 0.060294117647058824 0.13986928104575164
3 0.13308823529411765 0.872549019607843 0.075 0.1764705882352941
3 0.10183823529411765 0.9771241830065359 0.0625 0.043137254901960784
9 0.13125 0.6464052287581699 0.015441176470588236 0.043137254901960784
1 0.37536764705882353 0.3196078431372549 0.008088235294117646 0.02222222222222222
1 0.3213235294117647 0.9581699346405228 0.016176470588235292 0.06274509803921569
2 0.31985294117647056 0.9692810457516339 0.016176470588235292 0.058823529411764705
3 0.44375 0.6032679738562091 0.0375 0.10326797385620914
1 0.6426470588235293 0.7477124183006535 0.013235294117647059 0.047058823529411764
2 0.6430147058823529 0.7601307189542483 0.011029411764705881 0.05620915032679738
5 0.46801470588235294 0.3522875816993464 0.025735294117647058 0.05359477124183006
4 0.5338235294117647 0.33137254901960783 0.022058823529411763 0.05359477124183006
0 0.4716911764705882 0.2065359477124183 0.006617647058823529 0.02875816993464052
0 0.46838235294117647 0.20392156862745098 0.004411764705882353 0.02875816993464052
1 0.513235294117647 0.17124183006535945 0.007352941176470588 0.02091503267973856
9 0.5125 0.17516339869281045 0.007352941176470588 0.0261437908496732
3 0.47830882352941173 0.047058823529411764 0.0125 0.02091503267973856
3 0.4724264705882353 0.13529411764705881 0.030147058823529412 0.03006535947712418
6 0.5172794117647058 0.14640522875816991 0.009558823529411765 0.023529411764705882
1 0.5158088235294117 0.13856209150326795 0.005147058823529412 0.01568627450980392
4 0.5709558823529411 0.09607843137254901 0.019852941176470587 0.03529411764705882
1 0.5911764705882353 0.09803921568627451 0.0029411764705882353 0.01568627450980392
0 0.6150735294117647 0.16732026143790849 0.005147058823529412 0.0261437908496732
2 0.6294117647058823 0.16928104575163397 0.014705882352941176 0.01699346405228758
0 0.6073529411764705 0.16078431372549018 0.004411764705882353 0.0261437908496732
9 0.6073529411764705 0.1522875816993464 0.010294117647058823 0.02222222222222222
1 0.6099264705882352 0.1522875816993464 0.005147058823529412 0.01699346405228758
0 0.6264705882352941 0.15098039215686274 0.0029411764705882353 0.02222222222222222
2 0.6209558823529412 0.14901960784313725 0.005147058823529412 0.01830065359477124
3 0.6536764705882353 0.06666666666666667 0.01764705882352941 0.023529411764705882
3 0.6466911764705883 0.03006535947712418 0.028676470588235293 0.01568627450980392
3 0.6121323529411765 0.01895424836601307 0.0125 0.0196078431372549
3 0.6294117647058823 0.01895424836601307 0.013235294117647059 0.02222222222222222
3 0.6628676470588235 0.02091503267973856 0.015441176470588236 0.01830065359477124
0 0.7488970588235294 0.5679738562091503 0.011029411764705881 0.04836601307189542
0 0.9352941176470588 0.9313725490196078 0.01911764705882353 0.058823529411764705
0 0.9345588235294118 0.8967320261437908 0.025 0.054901960784313725
0 0.8397058823529412 0.7620915032679738 0.014705882352941176 0.054901960784313725
0 0.9474264705882353 0.7620915032679738 0.0125 0.054901960784313725
1 0.975 0.7542483660130719 0.016176470588235292 0.03660130718954248
3 0.9794117647058823 0.30653594771241827 0.039705882352941174 0.04052287581699346
