1 0.2636029411764706 0.9790849673202614 0.025735294117647058 0.0392156862745098
9 0.5356617647058823 0.9607843137254901 0.05073529411764706 0.054901960784313725
1 0.5341911764705882 0.9490196078431372 0.021323529411764706 0.06013071895424836
9 0.7275735294117647 0.9620915032679738 0.04632352941176471 0.054901960784313725
1 0.7290441176470588 0.9522875816993464 0.027205882352941177 0.05620915032679738
0 0.9169117647058823 0.6209150326797385 0.01764705882352941 0.054901960784313725
9 0.8937499999999999 0.37385620915032675 0.016911764705882352 0.03398692810457516
9 0.8235294117647058 0.36470588235294116 0.014705882352941176 0.04183006535947712
0 0.59375 0.4993464052287581 0.0125 0.054901960784313725
0 0.7073529411764706 0.4771241830065359 0.011764705882352941 0.04444444444444444
3 0.950735294117647 0.5777777777777777 0.09705882352941177 0.07581699346405228
3 0.96875 0.5143790849673202 0.06102941176470588 0.06143790849673202
4 0.9591911764705883 0.4529411764705882 0.0801470588235294 0.07712418300653594
3 0.8621323529411764 0.5098039215686274 0.09191176470588235 0.06274509803921569
3 0.8036764705882353 0.4666666666666666 0.08235294117647059 0.06013071895424836
9 0.7970588235294117 0.36209150326797385 0.01764705882352941 0.02875816993464052
9 0.7746323529411765 0.4084967320261438 0.009558823529411765 0.03529411764705882
9 0.7588235294117647 0.4084967320261438 0.011764705882352941 0.03529411764705882
9 0.7455882352941177 0.32745098039215687 0.025 0.027450980392156862
2 0.7301470588235294 0.34901960784313724 0.013235294117647059 0.03660130718954248
9 0.7305147058823529 0.37450980392156863 0.011029411764705881 0.027450980392156862
2 0.7533088235294118 0.3732026143790849 0.0125 0.0326797385620915
1 0.73125 0.40196078431372545 0.009558823529411765 0.027450980392156862
1 0.7231617647058823 0.4032679738562091 0.008088235294117646 0.027450980392156862
1 0.7136029411764706 0.40196078431372545 0.009558823529411765 0.027450980392156862
9 0.6981617647058823 0.33202614379084966 0.009558823529411765 0.03398692810457516
1 0.6738970588235293 0.37712418300653594 0.008088235294117646 0.02222222222222222
1 0.6709558823529411 0.3941176470588235 0.0125 0.02483660130718954
1 0.6658088235294117 0.3052287581699346 0.009558823529411765 0.02222222222222222
1 0.6584558823529412 0.3091503267973856 0.008088235294117646 0.027450980392156862
0 0.6536764705882353 0.3248366013071895 0.007352941176470588 0.0326797385620915
1 0.6580882352941176 0.3830065359477124 0.010294117647058823 0.02875816993464052
1 0.6488970588235294 0.37777777777777777 0.009558823529411765 0.023529411764705882
1 0.6426470588235293 0.37189542483660126 0.008823529411764706 0.02222222222222222
1 0.6360294117647058 0.36209150326797385 0.010294117647058823 0.0261437908496732
1 0.63125 0.35686274509803917 0.008088235294117646 0.023529411764705882
1 0.631985294117647 0.32091503267973853 0.009558823529411765 0.0326797385620915
1 0.6231617647058824 0.31895424836601305 0.008088235294117646 0.0261437908496732
1 0.6147058823529412 0.33921568627450976 0.010294117647058823 0.027450980392156862
0 0.6058823529411764 0.37973856209150325 0.007352941176470588 0.043137254901960784
0 0.5834558823529412 0.39934640522875814 0.009558823529411765 0.04052287581699346
1 0.5992647058823529 0.36666666666666664 0.007352941176470588 0.02483660130718954
6 0.5911764705882353 0.3810457516339869 0.03529411764705882 0.027450980392156862
7 0.6011029411764706 0.33464052287581697 0.04779411764705882 0.07581699346405228
1 0.5669117647058823 0.36209150326797385 0.008823529411764706 0.03137254901960784
9 0.5698529411764706 0.2647058823529412 0.01764705882352941 0.0196078431372549
9 0.55 0.396078431372549 0.026470588235294117 0.02875816993464052
1 0.5507352941176471 0.3915032679738562 0.010294117647058823 0.043137254901960784
6 0.5772058823529411 0.2418300653594771 0.014705882352941176 0.023529411764705882
4 0.5606617647058824 0.31895424836601305 0.0375 0.07581699346405228
0 0.5408088235294117 0.3588235294117647 0.008088235294117646 0.04052287581699346
0 0.5400735294117647 0.28888888888888886 0.009558823529411765 0.04183006535947712
0 0.5169117647058823 0.3405228758169934 0.007352941176470588 0.04052287581699346
0 0.5139705882352941 0.3300653594771242 0.007352941176470588 0.03529411764705882
0 0.4970588235294118 0.31633986928104574 0.010294117647058823 0.04183006535947712
2 0.5 0.32156862745098036 0.007352941176470588 0.03137254901960784
9 0.5573529411764706 0.24248366013071893 0.013235294117647059 0.02483660130718954
9 0.5474264705882352 0.23594771241830065 0.005147058823529412 0.027450980392156862
9 0.544485294117647 0.2176470588235294 0.022794117647058822 0.02483660130718954
6 0.4919117647058823 0.27385620915032677 0.020588235294117647 0.04052287581699346
3 0.5121323529411764 0.2418300653594771 0.05514705882352941 0.04183006535947712
0 0.46801470588235294 0.23464052287581696 0.005147058823529412 0.03790849673202614
6 0.4540441176470588 0.21503267973856208 0.0125 0.0326797385620915
3 0.42830882352941174 0.26666666666666666 0.027205882352941177 0.047058823529411764
4 0.49669117647058825 0.21633986928104573 0.04632352941176471 0.04836601307189542
0 0.4834558823529412 0.18692810457516337 0.006617647058823529 0.03398692810457516
0 0.4632352941176471 0.1738562091503268 0.007352941176470588 0.03137254901960784
0 0.46544117647058825 0.14967320261437908 0.0029411764705882353 0.03006535947712418
5 0.5220588235294118 0.16013071895424835 0.07205882352941176 0.058823529411764705
4 0.49338235294117644 0.15294117647058822 0.047058823529411764 0.0392156862745098
3 0.5051470588235294 0.13398692810457516 0.039705882352941174 0.027450980392156862
3 0.49374999999999997 0.1261437908496732 0.03602941176470588 0.03006535947712418
1 0.5139705882352941 0.10261437908496732 0.008823529411764706 0.01437908496732026
4 0.4301470588235294 0.10915032679738561 0.023529411764705882 0.0326797385620915
0 0.43786764705882353 0.1261437908496732 0.005147058823529412 0.02483660130718954
0 0.44705882352941173 0.1111111111111111 0.004411764705882353 0.02875816993464052
4 0.46654411764705883 0.11176470588235293 0.03602941176470588 0.0326797385620915
4 0.48308823529411765 0.10130718954248365 0.032352941176470584 0.03006535947712418
3 0.4834558823529412 0.09607843137254901 0.0375 0.0326797385620915
3 0.48713235294117646 0.08366013071895424 0.0375 0.023529411764705882
4 0.4742647058823529 0.0738562091503268 0.03823529411764706 0.0326797385620915
3 0.47316176470588234 0.06339869281045751 0.030147058823529412 0.0196078431372549
0 0.4441176470588235 0.06601307189542484 0.004411764705882353 0.02483660130718954
4 0.4602941176470588 0.06209150326797385 0.029411764705882353 0.03006535947712418
4 0.45955882352941174 0.0522875816993464 0.03823529411764706 0.03137254901960784
3 0.4716911764705882 0.049019607843137254 0.03161764705882353 0.01699346405228758
0 0.4209558823529412 0.058823529411764705 0.005147058823529412 0.023529411764705882
0 0.4091911764705882 0.04967320261437908 0.003676470588235294 0.02091503267973856
0 0.41470588235294115 0.049019607843137254 0.004411764705882353 0.02222222222222222
7 0.42463235294117646 0.03725490196078431 0.0125 0.03529411764705882
7 0.5301470588235294 0.322875816993464 0.026470588235294117 0.07581699346405228
7 0.5161764705882352 0.2875816993464052 0.027941176470588233 0.05751633986928104
0 0.4025735294117647 0.04771241830065359 0.003676470588235294 0.0196078431372549
0 0.4036764705882353 0.02679738562091503 0.0029411764705882353 0.02222222222222222
0 0.4047794117647059 0.04967320261437908 0.0022058823529411764 0.01568627450980392
0 0.4102941176470588 0.0196078431372549 0.004411764705882353 0.02091503267973856
0 0.40147058823529413 0.0130718954248366 0.0029411764705882353 0.02091503267973856
5 0.45294117647058824 0.02091503267973856 0.060294117647058824 0.03660130718954248
3 0.3801470588235294 0.01633986928104575 0.013235294117647059 0.0196078431372549
3 0.3841911764705882 0.04771241830065359 0.015441176470588236 0.02222222222222222
7 0.4176470588235294 0.0196078431372549 0.011764705882352941 0.0392156862745098
0 0.37058823529411766 0.06274509803921569 0.007352941176470588 0.0261437908496732
3 0.11764705882352941 0.8183006535947712 0.1338235294117647 0.1045751633986928
0 0.09632352941176471 0.5366013071895425 0.014705882352941176 0.05620915032679738
0 0.07536764705882353 0.45751633986928103 0.015441176470588236 0.054901960784313725
0 0.014705882352941176 0.4483660130718954 0.014705882352941176 0.054901960784313725
9 0.2713235294117647 0.48300653594771237 0.016176470588235292 0.043137254901960784
0 0.27242647058823527 0.46993464052287576 0.015441176470588236 0.04836601307189542
0 0.2911764705882353 0.39477124183006534 0.007352941176470588 0.04967320261437908
0 0.15110294117647058 0.39281045751633986 0.009558823529411765 0.05620915032679738
6 0.12279411764705882 0.45032679738562087 0.06323529411764706 0.06143790849673202
9 0.05845588235294118 0.41503267973856206 0.03455882352941177 0.03529411764705882
2 0.029411764705882353 0.3509803921568627 0.014705882352941176 0.04052287581699346
9 0.05551470588235294 0.35359477124183003 0.015441176470588236 0.043137254901960784
2 0.06875 0.30849673202614375 0.0125 0.0392156862745098
9 0.08933823529411765 0.3254901960784313 0.0125 0.0392156862745098
9 0.1 0.3398692810457516 0.008823529411764706 0.03660130718954248
9 0.1150735294117647 0.3091503267973856 0.011029411764705881 0.04052287581699346
6 0.12573529411764706 0.36013071895424836 0.05 0.03790849673202614
9 0.08088235294117647 0.32352941176470584 0.01764705882352941 0.04052287581699346
9 0.03529411764705882 0.3183006535947712 0.022058823529411763 0.0326797385620915
9 0.04522058823529412 0.3418300653594771 0.013970588235294117 0.043137254901960784
9 0.007352941176470588 0.37777777777777777 0.014705882352941176 0.0392156862745098
0 0.17279411764705882 0.26601307189542484 0.010294117647058823 0.03790849673202614
3 0.2286764705882353 0.39738562091503266 0.060294117647058824 0.07320261437908496
0 0.20588235294117646 0.2620915032679738 0.007352941176470588 0.04052287581699346
0 0.2150735294117647 0.2549019607843137 0.011029411764705881 0.04183006535947712
0 0.25919117647058826 0.31241830065359477 0.009558823529411765 0.04183006535947712
0 0.2838235294117647 0.3156862745098039 0.007352941176470588 0.043137254901960784
9 0.3356617647058823 0.3522875816993464 0.008088235294117646 0.0326797385620915
1 0.3341911764705882 0.33856209150326794 0.009558823529411765 0.03398692810457516
6 0.28088235294117647 0.2771241830065359 0.020588235294117647 0.047058823529411764
1 0.2801470588235294 0.27058823529411763 0.010294117647058823 0.023529411764705882
4 0.2400735294117647 0.3032679738562091 0.03455882352941177 0.07058823529411765
4 0.2452205882352941 0.2522875816993464 0.03161764705882353 0.07320261437908496
0 0.24669117647058822 0.1588235294117647 0.006617647058823529 0.03006535947712418
0 0.24154411764705883 0.16209150326797384 0.005147058823529412 0.01830065359477124
4 0.2514705882352941 0.1980392156862745 0.022058823529411763 0.05359477124183006
4 0.2746323529411765 0.22287581699346404 0.027205882352941177 0.05620915032679738
4 0.28566176470588234 0.1849673202614379 0.021323529411764706 0.05359477124183006
4 0.32573529411764707 0.25098039215686274 0.027941176470588233 0.06797385620915032
6 0.30772058823529413 0.16601307189542483 0.015441176470588236 0.0392156862745098
0 0.3191176470588235 0.1196078431372549 0.007352941176470588 0.027450980392156862
0 0.33308823529411763 0.12810457516339868 0.007352941176470588 0.03137254901960784
0 0.3051470588235294 0.10718954248366012 0.0058823529411764705 0.0261437908496732
4 0.26838235294117646 0.15163398692810456 0.022058823529411763 0.047058823529411764
4 0.27536764705882355 0.13137254901960782 0.016911764705882352 0.043137254901960784
3 0.2713235294117647 0.10980392156862745 0.020588235294117647 0.03398692810457516
4 0.2959558823529412 0.09411764705882353 0.016911764705882352 0.03660130718954248
3 0.2801470588235294 0.06993464052287582 0.016176470588235292 0.03006535947712418
1 0.33897058823529413 0.04640522875816993 0.004411764705882353 0.0196078431372549
9 0.3386029411764706 0.0522875816993464 0.003676470588235294 0.01568627450980392
8 0.3095588235294118 0.0392156862745098 0.022058823529411763 0.04967320261437908
5 0.31985294117647056 0.01503267973856209 0.022058823529411763 0.03006535947712418
