0 0.044270833333333336 0.8407407407407408 0.028125 0.07037037037037037
0 0.03854166666666667 0.7805555555555556 0.04583333333333333 0.11666666666666667
0 0.17239583333333333 0.7981481481481482 0.034375 0.12962962962962962
0 0.17604166666666665 0.7925925925925926 0.027083333333333334 0.0962962962962963
0 0.28854166666666664 0.763888888888889 0.025 0.07962962962962963
0 0.28802083333333334 0.7935185185185185 0.021875 0.05740740740740741
1 0.3796875 0.7685185185185186 0.03229166666666666 0.08888888888888889
1 0.3848958333333333 0.8296296296296297 0.03854166666666667 0.10370370370370371
1 0.3723958333333333 0.8268518518518518 0.017708333333333333 0.061111111111111116
9 0.42135416666666664 0.763888888888889 0.026041666666666668 0.15
0 0.2947916666666667 0.6361111111111112 0.020833333333333332 0.09444444444444444
9 0.26510416666666664 0.6101851851851852 0.030208333333333334 0.11296296296296297
9 0.2328125 0.6194444444444445 0.028125 0.12037037037037038
1 0.27291666666666664 0.5574074074074075 0.027083333333333334 0.07037037037037037
1 0.23854166666666665 0.5666666666666667 0.01875 0.05925925925925926
1 0.2265625 0.5546296296296297 0.015625 0.05740740740740741
1 0.2453125 0.5472222222222223 0.019791666666666666 0.04259259259259259
0 0.33229166666666665 0.5212962962962964 0.025 0.10925925925925926
0 0.3494791666666667 0.5435185185185185 0.019791666666666666 0.07222222222222223
1 0.3723958333333333 0.6305555555555555 0.011458333333333333 0.0462962962962963
0 0.37604166666666666 0.6537037037037037 0.020833333333333332 0.11111111111111112
6 0.4479166666666667 0.600925925925926 0.13125 0.12407407407407407
0 0.4848958333333333 0.5175925925925926 0.017708333333333333 0.09074074074074075
0 0.5046875 0.5296296296296297 0.021875 0.11111111111111112
1 0.5458333333333333 0.5037037037037038 0.027083333333333334 0.05555555555555556
0 0.5666666666666667 0.5462962962962963 0.016666666666666666 0.04814814814814815
1 0.5729166666666666 0.5231481481481481 0.022916666666666665 0.07962962962962963
1 0.3984375 0.9564814814814815 0.040625 0.08333333333333334
9 0.4005208333333333 0.9592592592592593 0.046875 0.07777777777777778
1 0.50625 0.8990740740740741 0.0375 0.13148148148148148
0 0.5130208333333334 0.9277777777777778 0.02395833333333333 0.14074074074074075
0 0.041666666666666664 0.6601851851851852 0.03958333333333333 0.11296296296296297
0 0.01614583333333333 0.6925925925925926 0.03229166666666666 0.11851851851851852
0 0.051041666666666666 0.4898148148148148 0.03333333333333333 0.10185185185185186
0 0.08645833333333333 0.5370370370370371 0.029166666666666667 0.10740740740740741
0 0.11614583333333334 0.525 0.034375 0.10555555555555556
0 0.11041666666666666 0.3564814814814815 0.022916666666666665 0.07592592592592592
9 0.10677083333333333 0.3842592592592593 0.06145833333333333 0.07222222222222223
0 0.15520833333333334 0.33425925925925926 0.027083333333333334 0.09814814814814815
1 0.11979166666666667 0.3027777777777778 0.027083333333333334 0.07962962962962963
0 0.1046875 0.30092592592592593 0.019791666666666666 0.07592592592592592
9 0.11927083333333333 0.31851851851851853 0.040625 0.05185185185185186
0 0.21666666666666667 0.34074074074074073 0.020833333333333332 0.0925925925925926
0 0.23802083333333332 0.33796296296296297 0.019791666666666666 0.08703703703703704
0 0.2484375 0.4046296296296297 0.019791666666666666 0.10185185185185186
0 0.25677083333333334 0.3787037037037037 0.019791666666666666 0.08333333333333334
0 0.27291666666666664 0.3685185185185185 0.022916666666666665 0.0925925925925926
0 0.2765625 0.3768518518518519 0.021875 0.10185185185185186
1 0.26927083333333335 0.35462962962962963 0.015625 0.0462962962962963
1 0.3072916666666667 0.32407407407407407 0.022916666666666665 0.05925925925925926
1 0.35833333333333334 0.3842592592592593 0.027083333333333334 0.07592592592592592
9 0.36041666666666666 0.4046296296296297 0.06041666666666667 0.07962962962962963
0 0.36354166666666665 0.33611111111111114 0.016666666666666666 0.06851851851851852
0 0.3651041666666667 0.30092592592592593 0.013541666666666667 0.06851851851851852
0 0.38229166666666664 0.2925925925925926 0.01875 0.07777777777777778
0 0.34270833333333334 0.23055555555555557 0.020833333333333332 0.07592592592592592
1 0.31145833333333334 0.22314814814814815 0.020833333333333332 0.053703703703703705
1 0.3046875 0.2 0.015625 0.044444444444444446
0 0.3140625 0.1814814814814815 0.009375 0.04814814814814815
1 0.3359375 0.20740740740740743 0.013541666666666667 0.044444444444444446
0 0.33697916666666666 0.1675925925925926 0.013541666666666667 0.05
1 0.35885416666666664 0.1712962962962963 0.007291666666666667 0.03888888888888889
1 0.3671875 0.1685185185185185 0.013541666666666667 0.040740740740740744
0 0.40729166666666666 0.1638888888888889 0.014583333333333334 0.07592592592592592
0 0.41822916666666665 0.1675925925925926 0.013541666666666667 0.06851851851851852
0 0.4276041666666667 0.1388888888888889 0.017708333333333333 0.07777777777777778
1 0.4380208333333333 0.21944444444444444 0.015625 0.07592592592592592
9 0.4380208333333333 0.24351851851851852 0.017708333333333333 0.06481481481481481
0 0.47291666666666665 0.2175925925925926 0.014583333333333334 0.08333333333333334
0 0.49635416666666665 0.20462962962962963 0.013541666666666667 0.07592592592592592
0 0.5265625 0.20833333333333334 0.011458333333333333 0.061111111111111116
0 0.5385416666666667 0.22685185185185186 0.014583333333333334 0.07962962962962963
0 0.4973958333333333 0.15 0.013541666666666667 0.07037037037037037
1 0.5760416666666667 0.2064814814814815 0.014583333333333334 0.053703703703703705
1 0.575 0.21296296296296297 0.010416666666666666 0.037037037037037035
1 0.5833333333333334 0.3027777777777778 0.010416666666666666 0.061111111111111116
1 0.5885416666666666 0.32592592592592595 0.0125 0.05555555555555556
1 0.5911458333333334 0.337037037037037 0.02395833333333333 0.07037037037037037
0 0.6135416666666667 0.3425925925925926 0.025 0.0962962962962963
0 0.68125 0.4564814814814815 0.025 0.10555555555555556
6 0.7338541666666667 0.487962962962963 0.08645833333333333 0.08703703703703704
1 0.7651041666666667 0.5370370370370371 0.026041666666666668 0.08148148148148149
0 0.7755208333333333 0.41574074074074074 0.026041666666666668 0.10925925925925926
1 0.8380208333333333 0.47500000000000003 0.034375 0.05
1 0.8494791666666667 0.47962962962962963 0.030208333333333334 0.07037037037037037
9 0.8822916666666667 0.48333333333333334 0.03333333333333333 0.11111111111111112
0 0.9005208333333333 0.39351851851851855 0.03229166666666666 0.10185185185185186
9 0.8697916666666666 0.2935185185185185 0.041666666666666664 0.07962962962962963
0 0.8671875 0.19814814814814816 0.015625 0.06666666666666667
9 0.9083333333333333 0.29074074074074074 0.035416666666666666 0.05185185185185186
0 0.9109375 0.3388888888888889 0.015625 0.05555555555555556
0 0.42916666666666664 0.03981481481481482 0.010416666666666666 0.053703703703703705
9 0.33541666666666664 0.12962962962962962 0.035416666666666666 0.05185185185185186
6 0.3807291666666667 0.04537037037037037 0.05520833333333333 0.06481481481481481
1 0.26875 0.22962962962962963 0.01875 0.040740740740740744
1 0.2817708333333333 0.2212962962962963 0.009375 0.05
0 0.43645833333333334 0.39351851851851855 0.014583333333333334 0.07222222222222223
1 0.5447916666666667 0.1537037037037037 0.014583333333333334 0.05185185185185186
9 0.5166666666666666 0.0962962962962963 0.04583333333333333 0.05185185185185186
0 0.8067708333333333 0.12962962962962962 0.017708333333333333 0.0925925925925926
0 0.7661458333333333 0.10555555555555556 0.017708333333333333 0.11481481481481481
