0 0.33602941176470585 0.9764705882352941 0.01764705882352941 0.03398692810457516
1 0.27205882352941174 0.9562091503267973 0.022058823529411763 0.03529411764705882
1 0.2051470588235294 0.9588235294117646 0.01764705882352941 0.043137254901960784
1 0.1801470588235294 0.9529411764705882 0.01911764705882353 0.0392156862745098
1 0.23970588235294119 0.988235294117647 0.01764705882352941 0.02091503267973856
1 0.07242647058823529 0.9823529411764705 0.015441176470588236 0.0326797385620915
1 0.0849264705882353 0.9823529411764705 0.0125 0.027450980392156862
1 0.10919117647058824 0.988235294117647 0.022794117647058822 0.02091503267973856
1 0.13455882352941176 0.9856209150326797 0.01911764705882353 0.02091503267973856
1 0.15588235294117647 0.9869281045751633 0.020588235294117647 0.023529411764705882
1 0.052573529411764706 0.9816993464052287 0.019852941176470587 0.03398692810457516
1 0.03860294117647059 0.9790849673202614 0.022794117647058822 0.02875816993464052
1 0.02610294117647059 0.9738562091503268 0.019852941176470587 0.03660130718954248
0 0.046691176470588236 0.9222222222222222 0.027205882352941177 0.07450980392156863
1 0.10551470588235294 0.7745098039215685 0.021323529411764706 0.04836601307189542
9 0.10882352941176471 0.7934640522875817 0.047058823529411764 0.047058823529411764
0 0.06801470588235294 0.7915032679738562 0.021323529411764706 0.07450980392156863
1 0.04448529411764706 0.7470588235294117 0.019852941176470587 0.04836601307189542
9 0.046691176470588236 0.765359477124183 0.04338235294117647 0.04836601307189542
3 0.01875 0.630718954248366 0.0375 0.07712418300653594
3 0.027573529411764705 0.43464052287581695 0.05514705882352941 0.06405228758169934
3 0.18566176470588236 0.518954248366013 0.09485294117647058 0.07320261437908496
3 0.2213235294117647 0.4111111111111111 0.08088235294117647 0.06143790849673202
1 0.013602941176470588 0.3503267973856209 0.0125 0.0392156862745098
3 0.02536764705882353 0.3418300653594771 0.05073529411764706 0.04836601307189542
7 0.24705882352941178 0.36666666666666664 0.05 0.04836601307189542
0 0.26176470588235295 0.32156862745098036 0.013235294117647059 0.04183006535947712
9 0.19117647058823528 0.33398692810457514 0.027941176470588233 0.03529411764705882
3 0.08713235294117647 0.165359477124183 0.027205882352941177 0.04836601307189542
3 0.055882352941176466 0.16470588235294117 0.04264705882352941 0.04967320261437908
3 0.023161764705882354 0.15947712418300652 0.0375 0.04444444444444444
2 0.10919117647058824 0.20980392156862743 0.022794117647058822 0.027450980392156862
9 0.09926470588235294 0.30653594771241827 0.025 0.03529411764705882
9 0.13272058823529412 0.2973856209150327 0.02426470588235294 0.0326797385620915
2 0.1636029411764706 0.28627450980392155 0.013970588235294117 0.02875816993464052
8 0.5051470588235294 0.6228758169934641 0.1323529411764706 0.23398692810457514
0 0.7121323529411765 0.6071895424836601 0.0125 0.058823529411764705
3 0.9676470588235294 0.5235294117647058 0.06323529411764706 0.06143790849673202
3 0.9897058823529412 0.47058823529411764 0.01911764705882353 0.04444444444444444
4 0.9893382352941177 0.42156862745098034 0.019852941176470587 0.05620915032679738
3 0.9073529411764706 0.4588235294117647 0.08970588235294118 0.06013071895424836
3 0.9264705882352942 0.4235294117647059 0.07794117647058824 0.04967320261437908
3 0.8944852941176471 0.3836601307189542 0.07720588235294118 0.05359477124183006
9 0.9452205882352941 0.3464052287581699 0.015441176470588236 0.04183006535947712
9 0.8783088235294118 0.33660130718954245 0.015441176470588236 0.03529411764705882
9 0.8279411764705882 0.3660130718954248 0.010294117647058823 0.03660130718954248
9 0.8136029411764706 0.36732026143790847 0.0125 0.03398692810457516
9 0.8022058823529412 0.2980392156862745 0.020588235294117647 0.0261437908496732
9 0.8511029411764706 0.33137254901960783 0.016911764705882352 0.02483660130718954
9 0.75625 0.3 0.011029411764705881 0.027450980392156862
2 0.7889705882352941 0.31895424836601305 0.011764705882352941 0.02875816993464052
0 0.7801470588235294 0.3725490196078431 0.011764705882352941 0.04183006535947712
0 0.7466911764705882 0.3607843137254902 0.009558823529411765 0.03660130718954248
1 0.7316176470588235 0.3509803921568627 0.008823529411764706 0.02222222222222222
1 0.7194852941176471 0.3424836601307189 0.009558823529411765 0.02091503267973856
1 0.7102941176470589 0.33660130718954245 0.007352941176470588 0.02483660130718954
1 0.7051470588235293 0.3326797385620915 0.007352941176470588 0.02222222222222222
1 0.7338235294117647 0.3379084967320261 0.008823529411764706 0.0196078431372549
1 0.7305147058823529 0.27385620915032677 0.008088235294117646 0.0196078431372549
1 0.7172794117647059 0.28627450980392155 0.009558823529411765 0.01568627450980392
1 0.7209558823529412 0.2751633986928104 0.009558823529411765 0.0196078431372549
1 0.7 0.32156862745098036 0.008823529411764706 0.01568627450980392
1 0.6959558823529411 0.31633986928104574 0.008088235294117646 0.02091503267973856
1 0.6955882352941176 0.2895424836601307 0.007352941176470588 0.02222222222222222
1 0.6886029411764706 0.2869281045751634 0.009558823529411765 0.02483660130718954
1 0.68125 0.3052287581699346 0.008088235294117646 0.02222222222222222
1 0.6727941176470588 0.36470588235294116 0.011764705882352941 0.0261437908496732
1 0.6731617647058823 0.3418300653594771 0.008088235294117646 0.02483660130718954
6 0.6801470588235294 0.37973856209150325 0.04852941176470588 0.03790849673202614
9 0.6676470588235294 0.35424836601307186 0.025 0.0261437908496732
0 0.6514705882352941 0.3359477124183006 0.007352941176470588 0.0392156862745098
1 0.6647058823529411 0.32091503267973853 0.007352941176470588 0.01437908496732026
9 0.6636029411764706 0.33202614379084966 0.016911764705882352 0.01830065359477124
1 0.6702205882352941 0.32418300653594767 0.006617647058823529 0.02091503267973856
0 0.6294117647058823 0.33856209150326794 0.007352941176470588 0.04183006535947712
2 0.6327205882352941 0.34705882352941175 0.021323529411764706 0.027450980392156862
1 0.6349264705882353 0.3137254901960784 0.009558823529411765 0.0261437908496732
4 0.6316176470588235 0.2830065359477124 0.030882352941176472 0.06405228758169934
0 0.6139705882352942 0.3111111111111111 0.007352941176470588 0.0392156862745098
7 0.6011029411764706 0.2856209150326797 0.02426470588235294 0.06928104575163398
0 0.5882352941176471 0.29869281045751633 0.007352941176470588 0.03529411764705882
0 0.5705882352941176 0.27843137254901956 0.007352941176470588 0.03660130718954248
0 0.6154411764705883 0.2542483660130719 0.007352941176470588 0.0326797385620915
0 0.6275735294117647 0.2549019607843137 0.006617647058823529 0.03398692810457516
9 0.6393382352941176 0.23790849673202613 0.015441176470588236 0.02091503267973856
9 0.6290441176470588 0.2176470588235294 0.0125 0.02222222222222222
9 0.6235294117647059 0.21503267973856208 0.014705882352941176 0.0196078431372549
6 0.6474264705882353 0.22026143790849673 0.0125 0.02222222222222222
6 0.5669117647058823 0.2418300653594771 0.014705882352941176 0.03660130718954248
3 0.586764705882353 0.21437908496732025 0.05 0.0392156862745098
4 0.5727941176470588 0.18888888888888888 0.04264705882352941 0.03529411764705882
9 0.6165441176470589 0.19869281045751633 0.021323529411764706 0.02091503267973856
4 0.5319852941176471 0.2156862745098039 0.027205882352941177 0.047058823529411764
3 0.5360294117647059 0.3660130718954248 0.032352941176470584 0.05751633986928104
3 0.5308823529411765 0.30849673202614375 0.032352941176470584 0.04967320261437908
5 0.5977941176470588 0.1437908496732026 0.06764705882352941 0.06013071895424836
4 0.5683823529411764 0.13660130718954247 0.039705882352941174 0.03529411764705882
3 0.56875 0.10980392156862745 0.028676470588235293 0.02091503267973856
4 0.5463235294117647 0.09869281045751634 0.030882352941176472 0.027450980392156862
4 0.5621323529411765 0.0915032679738562 0.027205882352941177 0.0261437908496732
3 0.5647058823529412 0.08300653594771241 0.027941176470588233 0.02222222222222222
3 0.5669117647058823 0.07777777777777778 0.032352941176470584 0.0196078431372549
4 0.5529411764705883 0.06470588235294117 0.03529411764705882 0.027450980392156862
4 0.5411764705882353 0.05424836601307189 0.025 0.02222222222222222
4 0.5393382352941176 0.043137254901960784 0.0375 0.02091503267973856
3 0.5514705882352942 0.04183006535947712 0.029411764705882353 0.023529411764705882
0 0.5238970588235294 0.05816993464052287 0.005147058823529412 0.02222222222222222
0 0.5066176470588235 0.08169934640522876 0.007352941176470588 0.027450980392156862
0 0.5448529411764705 0.14183006535947712 0.0058823529411764705 0.027450980392156862
0 0.4779411764705882 0.13921568627450978 0.0058823529411764705 0.03006535947712418
0 0.49963235294117647 0.043137254901960784 0.005147058823529412 0.023529411764705882
0 0.4915441176470588 0.03986928104575163 0.005147058823529412 0.02222222222222222
0 0.48566176470588235 0.02810457516339869 0.005147058823529412 0.02222222222222222
0 0.48823529411764705 0.01895424836601307 0.0029411764705882353 0.02222222222222222
0 0.48455882352941176 0.01699346405228758 0.0058823529411764705 0.01568627450980392
0 0.49117647058823527 0.00980392156862745 0.0029411764705882353 0.0196078431372549
0 0.49411764705882355 0.01241830065359477 0.0029411764705882353 0.01699346405228758
7 0.50625 0.03202614379084967 0.009558823529411765 0.0326797385620915
5 0.5345588235294118 0.01895424836601307 0.057352941176470586 0.04052287581699346
1 0.4775735294117647 0.00522875816993464 0.005147058823529412 0.00784313725490196
6 0.4768382352941176 0.01045751633986928 0.005147058823529412 0.0130718954248366
0 0.46654411764705883 0.04836601307189542 0.003676470588235294 0.02091503267973856
2 0.4672794117647059 0.052941176470588235 0.009558823529411765 0.01437908496732026
1 0.42169117647058824 0.3254901960784313 0.009558823529411765 0.03137254901960784
2 0.42169117647058824 0.3424836601307189 0.009558823529411765 0.03398692810457516
0 0.3992647058823529 0.33137254901960783 0.011764705882352941 0.043137254901960784
1 0.36433823529411763 0.34509803921568627 0.009558823529411765 0.02875816993464052
9 0.3665441176470588 0.3581699346405228 0.022794117647058822 0.02875816993464052
3 0.3327205882352941 0.3281045751633987 0.05220588235294118 0.06274509803921569
0 0.3588235294117647 0.33464052287581697 0.007352941176470588 0.03398692810457516
0 0.2948529411764706 0.23986928104575161 0.007352941176470588 0.03529411764705882
0 0.3051470588235294 0.23986928104575161 0.010294117647058823 0.04052287581699346
1 0.3915441176470588 0.2620915032679738 0.009558823529411765 0.02222222222222222
9 0.39044117647058824 0.27777777777777773 0.010294117647058823 0.027450980392156862
0 0.37830882352941175 0.26666666666666666 0.008088235294117646 0.0392156862745098
0 0.35808823529411765 0.27058823529411763 0.007352941176470588 0.0392156862745098
0 0.3628676470588235 0.25555555555555554 0.009558823529411765 0.03529411764705882
1 0.3738970588235294 0.22549019607843135 0.008088235294117646 0.0196078431372549
6 0.37720588235294117 0.23006535947712417 0.01764705882352941 0.03660130718954248
4 0.34301470588235294 0.2542483660130719 0.025735294117647058 0.05620915032679738
4 0.3452205882352941 0.21045751633986925 0.022794117647058822 0.05751633986928104
4 0.34852941176470587 0.16405228758169935 0.014705882352941176 0.03790849673202614
4 0.3639705882352941 0.13137254901960782 0.01764705882352941 0.04052287581699346
3 0.37058823529411766 0.18758169934640523 0.025 0.04836601307189542
3 0.3790441176470588 0.1549019607843137 0.016911764705882352 0.04052287581699346
3 0.3724264705882353 0.056862745098039215 0.0125 0.027450980392156862
3 0.3636029411764706 0.0895424836601307 0.016911764705882352 0.02222222222222222
4 0.38823529411764707 0.07777777777777778 0.014705882352941176 0.0326797385620915
4 0.44227941176470587 0.0130718954248366 0.015441176470588236 0.0261437908496732
0 0.40551470588235294 0.12222222222222222 0.006617647058823529 0.03006535947712418
0 0.4025735294117647 0.08823529411764705 0.005147058823529412 0.02483660130718954
0 0.41691176470588237 0.049019607843137254 0.007352941176470588 0.02483660130718954
0 0.4128676470588235 0.0261437908496732 0.005147058823529412 0.023529411764705882
0 0.4158088235294118 0.02418300653594771 0.005147058823529412 0.02222222222222222
1 0.44779411764705884 0.11372549019607843 0.0058823529411764705 0.01568627450980392
6 0.44779411764705884 0.12483660130718953 0.010294117647058823 0.02483660130718954
6 0.3915441176470588 0.12222222222222222 0.0125 0.03006535947712418
8 0.3992647058823529 0.03137254901960784 0.020588235294117647 0.04444444444444444
8 0.4088235294117647 0.01045751633986928 0.020588235294117647 0.02091503267973856
