0 0.540625 0.8287037037037037 0.01875 0.06481481481481481
3 0.3296875 0.9490740740740741 0.06979166666666667 0.09444444444444444
0 0.3046875 0.9546296296296297 0.013541666666666667 0.06851851851851852
3 0.31666666666666665 0.8305555555555556 0.04791666666666666 0.11296296296296297
9 0.3385416666666667 0.5796296296296296 0.03333333333333333 0.02962962962962963
9 0.3953125 0.5472222222222223 0.007291666666666667 0.031481481481481485
1 0.39479166666666665 0.5425925925925926 0.00625 0.02962962962962963
9 0.40520833333333334 0.549074074074074 0.008333333333333333 0.031481481481481485
1 0.4036458333333333 0.5425925925925926 0.009375 0.03333333333333333
0 0.4197916666666667 0.5194444444444445 0.008333333333333333 0.03518518518518519
3 0.47604166666666664 0.3685185185185185 0.014583333333333334 0.02592592592592593
0 0.5229166666666667 0.325 0.004166666666666667 0.020370370370370372
2 0.43645833333333334 0.3675925925925926 0.004166666666666667 0.016666666666666666
7 0.4265625 0.32685185185185184 0.021875 0.02777777777777778
3 0.5041666666666667 0.2796296296296296 0.010416666666666666 0.018518518518518517
3 0.5041666666666667 0.5768518518518518 0.029166666666666667 0.053703703703703705
3 0.50625 0.5296296296296297 0.025 0.040740740740740744
3 0.5072916666666667 0.48055555555555557 0.01875 0.03518518518518519
7 0.5015625 0.3462962962962963 0.007291666666666667 0.022222222222222223
9 0.4786458333333333 0.4027777777777778 0.017708333333333333 0.016666666666666666
1 0.4791666666666667 0.3944444444444445 0.008333333333333333 0.018518518518518517
1 0.47812499999999997 0.3944444444444445 0.00625 0.014814814814814815
0 0.4578125 0.42685185185185187 0.009375 0.02777777777777778
1 0.45208333333333334 0.4064814814814815 0.008333333333333333 0.024074074074074074
9 0.4510416666666667 0.41203703703703703 0.00625 0.020370370370370372
1 0.43645833333333334 0.36203703703703705 0.004166666666666667 0.020370370370370372
0 0.5109375 0.45462962962962966 0.007291666666666667 0.031481481481481485
0 0.5166666666666666 0.45 0.00625 0.02962962962962963
1 0.5322916666666666 0.5268518518518519 0.014583333333333334 0.02777777777777778
9 0.5348958333333333 0.5296296296296297 0.009375 0.02962962962962963
1 0.5348958333333333 0.5231481481481481 0.009375 0.031481481481481485
3 0.31666666666666665 0.38703703703703707 0.010416666666666666 0.02962962962962963
3 0.30104166666666665 0.3907407407407408 0.01875 0.02962962962962963
