4 0.40781249999999997 0.3925925925925926 0.06458333333333333 0.06296296296296297
3 0.4354166666666667 0.36203703703703705 0.04895833333333333 0.044444444444444446
6 0.3 0.35555555555555557 0.03125 0.044444444444444446
0 0.31666666666666665 0.3402777777777778 0.00625 0.04537037037037037
1 0.3255208333333333 0.34675925925925927 0.008333333333333333 0.02314814814814815
1 0.3346354166666667 0.34490740740740744 0.008854166666666666 0.025
0 0.3411458333333333 0.3421296296296296 0.008333333333333333 0.04166666666666667
2 0.34921875 0.32962962962962966 0.0109375 0.022222222222222223
9 0.3841145833333333 0.32083333333333336 0.0171875 0.025
6 0.39791666666666664 0.3138888888888889 0.02395833333333333 0.031481481481481485
5 0.4153645833333333 0.29305555555555557 0.04739583333333333 0.04537037037037037
3 0.4927083333333333 0.3212962962962963 0.041666666666666664 0.03518518518518519
3 0.56484375 0.3805555555555556 0.050520833333333334 0.04814814814814815
3 0.5861979166666667 0.362962962962963 0.04010416666666666 0.0462962962962963
3 0.6122395833333333 0.3439814814814815 0.033854166666666664 0.04537037037037037
