0 0.009895833333333333 0.5953703703703704 0.009375 0.03518518518518519
0 0.0171875 0.6324074074074074 0.011458333333333333 0.05740740740740741
0 0.044270833333333336 0.6546296296296297 0.009375 0.04259259259259259
0 0.036458333333333336 0.6277777777777778 0.014583333333333334 0.04814814814814815
0 0.050520833333333334 0.5824074074074075 0.013541666666666667 0.0462962962962963
0 0.058854166666666666 0.5861111111111111 0.007291666666666667 0.04259259259259259
0 0.06354166666666666 0.5537037037037037 0.008333333333333333 0.037037037037037035
0 0.04895833333333333 0.5240740740740741 0.008333333333333333 0.02962962962962963
0 0.09479166666666666 0.5296296296296297 0.00625 0.02962962962962963
0 0.12083333333333333 0.5222222222222223 0.008333333333333333 0.02592592592592593
0 0.12916666666666665 0.5157407407407407 0.00625 0.02777777777777778
0 0.07552083333333333 0.5796296296296296 0.009375 0.044444444444444446
0 0.08177083333333333 0.5796296296296296 0.005208333333333333 0.03333333333333333
0 0.0890625 0.5796296296296296 0.005208333333333333 0.03333333333333333
0 0.0484375 0.9370370370370371 0.021875 0.12222222222222223
0 0.07760416666666667 0.9453703703703704 0.026041666666666668 0.10555555555555556
0 0.12239583333333333 0.9185185185185185 0.02395833333333333 0.13703703703703704
0 0.09583333333333333 0.8814814814814815 0.020833333333333332 0.12222222222222223
0 0.08541666666666667 0.8703703703703703 0.014583333333333334 0.0962962962962963
0 0.08072916666666667 0.8425925925925927 0.017708333333333333 0.1
0 0.1921875 0.875925925925926 0.019791666666666666 0.11851851851851852
1 0.17239583333333333 0.8777777777777778 0.013541666666666667 0.05185185185185186
0 0.18072916666666666 0.8138888888888889 0.017708333333333333 0.06481481481481481
0 0.19739583333333333 0.8444444444444444 0.019791666666666666 0.10370370370370371
0 0.13541666666666666 0.8027777777777778 0.016666666666666666 0.09814814814814815
0 0.15364583333333334 0.7685185185185186 0.017708333333333333 0.1
0 0.14479166666666665 0.7555555555555555 0.010416666666666666 0.0962962962962963
0 0.09791666666666667 0.7685185185185186 0.01875 0.1
0 0.0828125 0.7657407407407407 0.015625 0.08333333333333334
0 0.0640625 0.7648148148148148 0.017708333333333333 0.0962962962962963
0 0.096875 0.6935185185185185 0.0125 0.07222222222222223
0 0.049479166666666664 0.7416666666666667 0.013541666666666667 0.09074074074074075
0 0.0484375 0.7046296296296296 0.011458333333333333 0.03518518518518519
0 0.06354166666666666 0.6981481481481482 0.0125 0.05555555555555556
0 0.07291666666666667 0.7055555555555556 0.0125 0.05555555555555556
0 0.23802083333333332 0.7074074074074075 0.013541666666666667 0.07407407407407407
0 0.13958333333333334 0.6435185185185185 0.014583333333333334 0.05740740740740741
0 0.1171875 0.6481481481481481 0.017708333333333333 0.06666666666666667
0 0.1296875 0.6564814814814816 0.007291666666666667 0.05
0 0.15052083333333333 0.5851851851851853 0.009375 0.044444444444444446
0 0.18854166666666666 0.5564814814814815 0.008333333333333333 0.03888888888888889
0 0.12447916666666667 0.5925925925925926 0.007291666666666667 0.040740740740740744
0 0.12760416666666666 0.575925925925926 0.007291666666666667 0.044444444444444446
0 0.10208333333333333 0.5574074074074075 0.004166666666666667 0.03333333333333333
0 0.10677083333333333 0.5574074074074075 0.007291666666666667 0.037037037037037035
0 0.1140625 0.5574074074074075 0.007291666666666667 0.037037037037037035
0 0.125 0.5462962962962963 0.00625 0.022222222222222223
0 0.17395833333333333 0.5435185185185185 0.004166666666666667 0.03888888888888889
0 0.16927083333333334 0.5444444444444445 0.007291666666666667 0.03333333333333333
0 0.16666666666666666 0.5231481481481481 0.00625 0.020370370370370372
0 0.2015625 0.5101851851851852 0.005208333333333333 0.020370370370370372
0 0.20989583333333334 0.49259259259259264 0.003125 0.018518518518518517
0 0.20416666666666666 0.49259259259259264 0.004166666666666667 0.014814814814814815
0 0.2015625 0.4898148148148148 0.003125 0.016666666666666666
0 0.22239583333333332 0.500925925925926 0.003125 0.020370370370370372
0 0.23854166666666665 0.47685185185185186 0.0020833333333333333 0.012962962962962964
0 0.22239583333333332 0.6287037037037038 0.009375 0.0462962962962963
0 0.21666666666666667 0.6296296296296297 0.004166666666666667 0.040740740740740744
0 0.20729166666666665 0.5935185185185186 0.008333333333333333 0.0462962962962963
0 0.22239583333333332 0.5898148148148148 0.005208333333333333 0.03518518518518519
0 0.23229166666666667 0.5935185185185186 0.008333333333333333 0.04259259259259259
0 0.27291666666666664 0.6185185185185186 0.008333333333333333 0.044444444444444446
0 0.29322916666666665 0.6212962962962963 0.007291666666666667 0.05740740740740741
0 0.3130208333333333 0.6231481481481481 0.007291666666666667 0.053703703703703705
0 0.3046875 0.6138888888888889 0.005208333333333333 0.02777777777777778
0 0.33177083333333335 0.6018518518518519 0.005208333333333333 0.04814814814814815
0 0.3260416666666667 0.600925925925926 0.00625 0.04259259259259259
2 0.31979166666666664 0.6083333333333334 0.0125 0.02777777777777778
2 0.26458333333333334 0.6046296296296296 0.016666666666666666 0.024074074074074074
1 0.23802083333333332 0.5666666666666667 0.011458333333333333 0.022222222222222223
0 0.2171875 0.5546296296296297 0.007291666666666667 0.03518518518518519
0 0.22864583333333333 0.5537037037037037 0.005208333333333333 0.02592592592592593
1 0.221875 0.5592592592592592 0.00625 0.014814814814814815
0 0.24479166666666666 0.5388888888888889 0.00625 0.02962962962962963
1 0.24479166666666666 0.5287037037037037 0.004166666666666667 0.009259259259259259
0 0.25364583333333335 0.537962962962963 0.007291666666666667 0.031481481481481485
0 0.26927083333333335 0.5055555555555555 0.003125 0.02592592592592593
0 0.2578125 0.5055555555555555 0.005208333333333333 0.018518518518518517
0 0.3296875 0.49722222222222223 0.003125 0.020370370370370372
0 0.38177083333333334 0.5157407407407407 0.003125 0.020370370370370372
0 0.37864583333333335 0.5157407407407407 0.003125 0.020370370370370372
0 0.3671875 0.5037037037037038 0.003125 0.022222222222222223
0 0.321875 0.5388888888888889 0.00625 0.02962962962962963
0 0.3140625 0.5425925925925926 0.005208333333333333 0.037037037037037035
0 0.3729166666666667 0.5833333333333334 0.008333333333333333 0.04814814814814815
0 0.359375 0.5444444444444445 0.00625 0.02962962962962963
0 0.35520833333333335 0.7444444444444445 0.014583333333333334 0.08888888888888889
0 0.39791666666666664 0.6620370370370371 0.014583333333333334 0.06851851851851852
0 0.4088541666666667 0.6694444444444445 0.007291666666666667 0.04259259259259259
0 0.3885416666666667 0.4861111111111111 0.004166666666666667 0.016666666666666666
0 0.41354166666666664 0.48333333333333334 0.0020833333333333333 0.014814814814814815
0 0.2859375 0.49722222222222223 0.003125 0.020370370370370372
0 0.28229166666666666 0.5018518518518519 0.0020833333333333333 0.014814814814814815
0 0.3078125 0.4935185185185185 0.003125 0.016666666666666666
0 0.30416666666666664 0.49259259259259264 0.004166666666666667 0.018518518518518517
1 0.2838541666666667 0.5731481481481482 0.007291666666666667 0.031481481481481485
1 0.2755208333333333 0.575925925925926 0.009375 0.037037037037037035
1 0.26927083333333335 0.5398148148148149 0.007291666666666667 0.020370370370370372
0 0.2786458333333333 0.5435185185185185 0.005208333333333333 0.024074074074074074
1 0.29791666666666666 0.5444444444444445 0.008333333333333333 0.014814814814814815
0 0.3416666666666667 0.4814814814814815 0.004166666666666667 0.014814814814814815
0 0.36041666666666666 0.5175925925925926 0.0020833333333333333 0.012962962962962964
0 0.3567708333333333 0.5175925925925926 0.003125 0.012962962962962964
0 0.34791666666666665 0.512962962962963 0.0020833333333333333 0.018518518518518517
0 0.3515625 0.512962962962963 0.003125 0.018518518518518517
0 0.33177083333333335 0.5175925925925926 0.005208333333333333 0.020370370370370372
0 0.3411458333333333 0.5333333333333333 0.005208333333333333 0.037037037037037035
1 0.38177083333333334 0.5462962962962963 0.009375 0.02592592592592593
0 0.30364583333333334 0.525 0.005208333333333333 0.020370370370370372
1 0.2916666666666667 0.5296296296296297 0.00625 0.02592592592592593
0 0.2973958333333333 0.5148148148148148 0.003125 0.011111111111111112
0 0.29791666666666666 0.5268518518518519 0.004166666666666667 0.020370370370370372
0 0.2682291666666667 0.4712962962962963 0.0010416666666666667 0.012962962962962964
0 0.2791666666666667 0.48703703703703705 0.004166666666666667 0.018518518518518517
0 0.28854166666666664 0.48240740740740745 0.0020833333333333333 0.012962962962962964
0 0.2505208333333333 0.49074074074074076 0.003125 0.018518518518518517
0 0.2546875 0.4898148148148148 0.003125 0.012962962962962964
0 0.2484375 0.47685185185185186 0.003125 0.009259259259259259
0 0.2546875 0.47222222222222227 0.003125 0.011111111111111112
0 0.2515625 0.4740740740740741 0.003125 0.007407407407407408
1 0.42916666666666664 0.7935185185185185 0.022916666666666665 0.06481481481481481
1 0.43645833333333334 0.7675925925925926 0.014583333333333334 0.03518518518518519
1 0.4479166666666667 0.763888888888889 0.010416666666666666 0.05
0 0.440625 0.712037037037037 0.0125 0.06851851851851852
0 0.4453125 0.7055555555555556 0.007291666666666667 0.07037037037037037
0 0.4536458333333333 0.7027777777777778 0.011458333333333333 0.07592592592592592
0 0.4822916666666667 0.5453703703703704 0.008333333333333333 0.04259259259259259
1 0.5015625 0.5527777777777778 0.005208333333333333 0.016666666666666666
1 0.46510416666666665 0.5592592592592592 0.011458333333333333 0.02592592592592593
1 0.39166666666666666 0.5824074074074075 0.008333333333333333 0.03888888888888889
1 0.4010416666666667 0.5787037037037037 0.008333333333333333 0.03518518518518519
0 0.434375 0.5768518518518518 0.00625 0.03518518518518519
0 0.46979166666666666 0.6185185185185186 0.00625 0.044444444444444446
2 0.47604166666666664 0.6175925925925926 0.00625 0.03518518518518519
0 0.45468749999999997 0.6185185185185186 0.009375 0.05185185185185186
0 0.45468749999999997 0.600925925925926 0.009375 0.020370370370370372
0 0.46510416666666665 0.6138888888888889 0.005208333333333333 0.05
0 0.41041666666666665 0.6287037037037038 0.00625 0.0462962962962963
0 0.42604166666666665 0.625925925925926 0.0125 0.05555555555555556
0 0.42291666666666666 0.6305555555555555 0.00625 0.031481481481481485
0 0.43697916666666664 0.6287037037037038 0.007291666666666667 0.0462962962962963
0 0.43854166666666666 0.6185185185185186 0.010416666666666666 0.05185185185185186
0 0.40729166666666666 0.5768518518518518 0.004166666666666667 0.03518518518518519
0 0.42291666666666666 0.5685185185185185 0.004166666666666667 0.037037037037037035
0 0.42604166666666665 0.5675925925925926 0.004166666666666667 0.03518518518518519
1 0.5130208333333334 0.55 0.007291666666666667 0.018518518518518517
0 0.5635416666666666 0.5648148148148149 0.008333333333333333 0.037037037037037035
2 0.5572916666666666 0.5675925925925926 0.004166666666666667 0.024074074074074074
0 0.5291666666666667 0.750925925925926 0.0125 0.08703703703703704
0 0.5484375 0.7916666666666667 0.011458333333333333 0.08703703703703704
0 0.553125 0.7518518518518519 0.014583333333333334 0.07407407407407407
0 0.5776041666666667 0.7444444444444445 0.011458333333333333 0.08518518518518518
0 0.603125 0.775 0.0125 0.09444444444444444
0 0.5979166666666667 0.7444444444444445 0.00625 0.06296296296296297
0 0.5505208333333333 0.675 0.011458333333333333 0.06851851851851852
0 0.6130208333333333 0.6703703703703704 0.011458333333333333 0.05925925925925926
0 0.5916666666666667 0.6555555555555556 0.008333333333333333 0.05555555555555556
0 0.5822916666666667 0.6546296296296297 0.008333333333333333 0.061111111111111116
0 0.6375 0.6101851851851852 0.00625 0.05
0 0.5864583333333333 0.5305555555555556 0.004166666666666667 0.024074074074074074
0 0.5791666666666666 0.5296296296296297 0.004166666666666667 0.02592592592592593
0 0.5729166666666666 0.5296296296296297 0.004166666666666667 0.02962962962962963
0 0.6260416666666666 0.6074074074074074 0.008333333333333333 0.04814814814814815
0 0.5817708333333333 0.6129629629629629 0.007291666666666667 0.02962962962962963
0 0.5911458333333334 0.6185185185185186 0.007291666666666667 0.02962962962962963
0 0.6072916666666667 0.6185185185185186 0.008333333333333333 0.04814814814814815
0 0.6171875 0.6083333333333334 0.007291666666666667 0.05
0 0.6229166666666667 0.5740740740740741 0.00625 0.02962962962962963
0 0.6125 0.5916666666666667 0.00625 0.020370370370370372
0 0.5880208333333333 0.5907407407407408 0.007291666666666667 0.018518518518518517
0 0.5947916666666666 0.5944444444444444 0.00625 0.018518518518518517
0 0.6 0.6064814814814815 0.004166666666666667 0.04259259259259259
0 0.5989583333333334 0.5768518518518518 0.008333333333333333 0.024074074074074074
0 0.5322916666666666 0.5148148148148148 0.004166666666666667 0.02962962962962963
0 0.5489583333333333 0.5194444444444445 0.004166666666666667 0.024074074074074074
0 0.5229166666666667 0.5166666666666667 0.004166666666666667 0.02962962962962963
0 0.41770833333333335 0.5157407407407407 0.004166666666666667 0.024074074074074074
0 0.4223958333333333 0.47870370370370374 0.005208333333333333 0.016666666666666666
0 0.3953125 0.46851851851851856 0.003125 0.011111111111111112
0 0.3729166666666667 0.4666666666666667 0.004166666666666667 0.011111111111111112
0 0.3645833333333333 0.46851851851851856 0.004166666666666667 0.011111111111111112
0 0.35572916666666665 0.4666666666666667 0.005208333333333333 0.014814814814814815
0 0.43854166666666666 0.49444444444444446 0.004166666666666667 0.018518518518518517
0 0.4354166666666667 0.4953703703703704 0.004166666666666667 0.016666666666666666
0 0.42916666666666664 0.4981481481481482 0.00625 0.018518518518518517
0 0.4380208333333333 0.5175925925925926 0.007291666666666667 0.02777777777777778
1 0.4354166666666667 0.5175925925925926 0.00625 0.020370370370370372
1 0.43072916666666666 0.5185185185185185 0.007291666666666667 0.018518518518518517
1 0.4479166666666667 0.5472222222222223 0.008333333333333333 0.024074074074074074
1 0.4479166666666667 0.5361111111111111 0.008333333333333333 0.02777777777777778
1 0.43333333333333335 0.5555555555555556 0.010416666666666666 0.022222222222222223
0 0.41041666666666665 0.55 0.010416666666666666 0.044444444444444446
0 0.3953125 0.5527777777777778 0.009375 0.03518518518518519
0 0.3880208333333333 0.549074074074074 0.007291666666666667 0.031481481481481485
0 0.4010416666666667 0.5222222222222223 0.008333333333333333 0.037037037037037035
1 0.39739583333333334 0.5314814814814816 0.007291666666666667 0.022222222222222223
1 0.3911458333333333 0.5342592592592593 0.005208333333333333 0.031481481481481485
0 0.4473958333333333 0.5453703703703704 0.007291666666666667 0.0462962962962963
1 0.43072916666666666 0.5175925925925926 0.007291666666666667 0.016666666666666666
1 0.43385416666666665 0.537962962962963 0.007291666666666667 0.020370370370370372
1 0.4276041666666667 0.537962962962963 0.007291666666666667 0.020370370370370372
0 0.22864583333333333 0.4712962962962963 0.003125 0.020370370370370372
0 0.22604166666666667 0.500925925925926 0.004166666666666667 0.020370370370370372
0 0.22291666666666665 0.4675925925925926 0.004166666666666667 0.016666666666666666
0 0.22135416666666666 0.4675925925925926 0.005208333333333333 0.016666666666666666
0 0.22135416666666666 0.47685185185185186 0.005208333333333333 0.020370370370370372
0 0.19479166666666667 0.4777777777777778 0.004166666666666667 0.014814814814814815
0 0.17552083333333332 0.4638888888888889 0.003125 0.012962962962962964
0 0.17239583333333333 0.45740740740740743 0.003125 0.014814814814814815
0 0.13854166666666667 0.4851851851851852 0.004166666666666667 0.018518518518518517
0 0.12916666666666665 0.4842592592592593 0.004166666666666667 0.020370370370370372
0 0.11354166666666667 0.47962962962962963 0.004166666666666667 0.018518518518518517
0 0.11041666666666666 0.47962962962962963 0.004166666666666667 0.018518518518518517
0 0.10260416666666666 0.47685185185185186 0.005208333333333333 0.020370370370370372
0 0.10052083333333334 0.47870370370370374 0.003125 0.020370370370370372
0 0.0953125 0.48055555555555557 0.005208333333333333 0.020370370370370372
0 0.0921875 0.4814814814814815 0.005208333333333333 0.022222222222222223
0 0.09427083333333333 0.4935185185185185 0.005208333333333333 0.024074074074074074
0 0.09166666666666666 0.500925925925926 0.00625 0.024074074074074074
0 0.08697916666666666 0.49722222222222223 0.005208333333333333 0.020370370370370372
0 0.07864583333333333 0.4814814814814815 0.005208333333333333 0.018518518518518517
0 0.08385416666666666 0.48055555555555557 0.005208333333333333 0.020370370370370372
0 0.08541666666666667 0.4759259259259259 0.004166666666666667 0.018518518518518517
0 0.12604166666666666 0.47962962962962963 0.004166666666666667 0.018518518518518517
0 0.12604166666666666 0.49259259259259264 0.004166666666666667 0.022222222222222223
0 0.12395833333333334 0.4916666666666667 0.004166666666666667 0.020370370370370372
0 0.16302083333333334 0.47500000000000003 0.005208333333333333 0.020370370370370372
0 0.15104166666666666 0.48055555555555557 0.00625 0.020370370370370372
0 0.14583333333333334 0.47685185185185186 0.004166666666666667 0.020370370370370372
2 0.14427083333333332 0.49074074074074076 0.011458333333333333 0.011111111111111112
2 0.15416666666666667 0.4759259259259259 0.004166666666666667 0.018518518518518517
2 0.059895833333333336 0.46574074074074073 0.003125 0.016666666666666666
2 0.057291666666666664 0.4666666666666667 0.004166666666666667 0.018518518518518517
2 0.07135416666666666 0.47500000000000003 0.005208333333333333 0.020370370370370372
2 0.06927083333333334 0.47962962962962963 0.005208333333333333 0.018518518518518517
2 0.058333333333333334 0.48703703703703705 0.004166666666666667 0.018518518518518517
2 0.06041666666666667 0.5037037037037038 0.00625 0.02592592592592593
2 0.06354166666666666 0.512962962962963 0.004166666666666667 0.018518518518518517
2 0.04739583333333333 0.5018518518518519 0.005208333333333333 0.02592592592592593
2 0.042708333333333334 0.49259259259259264 0.004166666666666667 0.02592592592592593
2 0.03802083333333333 0.49259259259259264 0.005208333333333333 0.02962962962962963
2 0.035416666666666666 0.5027777777777778 0.00625 0.024074074074074074
2 0.028645833333333332 0.48055555555555557 0.005208333333333333 0.020370370370370372
2 0.005729166666666666 0.47685185185185186 0.005208333333333333 0.020370370370370372
2 0.011979166666666666 0.48055555555555557 0.005208333333333333 0.020370370370370372
2 0.019791666666666666 0.47962962962962963 0.004166666666666667 0.014814814814814815
2 0.024479166666666666 0.47500000000000003 0.005208333333333333 0.020370370370370372
0 0.016666666666666666 0.4916666666666667 0.004166666666666667 0.024074074074074074
0 0.019791666666666666 0.5027777777777778 0.00625 0.02777777777777778
0 0.06354166666666666 0.48055555555555557 0.004166666666666667 0.016666666666666666
0 0.0010416666666666667 0.5037037037037038 0.004166666666666667 0.02962962962962963
0 0.020833333333333332 0.5259259259259259 0.008333333333333333 0.02962962962962963
0 0.010416666666666666 0.5194444444444445 0.004166666666666667 0.02777777777777778
0 0.008854166666666666 0.5407407407407407 0.007291666666666667 0.037037037037037035
0 0.004166666666666667 0.5361111111111111 0.00625 0.031481481481481485
0 0.0036458333333333334 0.5583333333333333 0.005208333333333333 0.03888888888888889
0 0.022395833333333334 0.5537037037037037 0.007291666666666667 0.040740740740740744
0 0.026041666666666668 0.5611111111111111 0.004166666666666667 0.022222222222222223
0 0.03229166666666666 0.5787037037037037 0.010416666666666666 0.03518518518518519
0 0.0234375 0.5731481481481482 0.009375 0.04259259259259259
0 0.007291666666666667 0.5611111111111111 0.008333333333333333 0.044444444444444446
0 0.003125 0.7055555555555556 0.00625 0.07037037037037037
0 0.009375 0.7074074074074075 0.0125 0.07407407407407407
0 0.0171875 0.7148148148148148 0.011458333333333333 0.06296296296296297
0 0.022395833333333334 0.7037037037037037 0.013541666666666667 0.06296296296296297
0 0.030729166666666665 0.6916666666666667 0.017708333333333333 0.06481481481481481
0 0.009375 0.7388888888888889 0.0125 0.07037037037037037
0 0.019270833333333334 0.7333333333333334 0.013541666666666667 0.07037037037037037
0 0.034895833333333334 0.7453703703703703 0.011458333333333333 0.08333333333333334
0 0.0265625 0.7564814814814815 0.015625 0.08703703703703704
0 0.01614583333333333 0.7675925925925926 0.015625 0.09444444444444444
0 0.00625 0.7916666666666667 0.0125 0.11296296296296297
0 0.005208333333333333 0.9416666666666667 0.010416666666666666 0.11296296296296297
0 0.007291666666666667 0.9203703703703704 0.016666666666666666 0.12592592592592594
0 0.0067708333333333336 0.8824074074074074 0.015625 0.08703703703703704
0 0.0171875 0.8685185185185186 0.017708333333333333 0.11111111111111112
0 0.025520833333333333 0.9240740740740742 0.017708333333333333 0.12962962962962962
0 0.6479166666666667 0.6101851851851852 0.0125 0.05740740740740741
2 0.6572916666666666 0.8537037037037037 0.022916666666666665 0.0962962962962963
2 0.5213541666666667 0.4916666666666667 0.005208333333333333 0.016666666666666666
2 0.5380208333333333 0.5 0.003125 0.018518518518518517
2 0.5401041666666666 0.5120370370370371 0.005208333333333333 0.02777777777777778
2 0.5416666666666666 0.5175925925925926 0.00625 0.02777777777777778
0 0.5744791666666667 0.5 0.005208333333333333 0.018518518518518517
0 0.5697916666666667 0.5018518518518519 0.004166666666666667 0.022222222222222223
0 0.5666666666666667 0.5 0.004166666666666667 0.018518518518518517
0 0.5651041666666666 0.5064814814814815 0.005208333333333333 0.020370370370370372
0 0.5604166666666667 0.5055555555555555 0.004166666666666667 0.022222222222222223
0 0.5567708333333333 0.5046296296296297 0.005208333333333333 0.020370370370370372
0 0.5510416666666667 0.4981481481481482 0.004166666666666667 0.018518518518518517
0 0.5463541666666667 0.4981481481481482 0.005208333333333333 0.018518518518518517
0 0.5348958333333333 0.49722222222222223 0.005208333333333333 0.020370370370370372
0 0.5291666666666667 0.49722222222222223 0.004166666666666667 0.020370370370370372
