3 0.7371323529411764 0.7084967320261437 0.04779411764705882 0.12810457516339868
4 0.8231617647058823 0.6209150326797385 0.10661764705882353 0.13856209150326795
9 0.6882352941176471 0.8751633986928103 0.039705882352941174 0.08235294117647059
1 0.6886029411764706 0.8588235294117647 0.025735294117647058 0.06797385620915032
6 0.7345588235294117 0.8647058823529411 0.057352941176470586 0.11633986928104574
3 0.05036764705882353 0.8908496732026143 0.10073529411764706 0.11372549019607843
3 0.17463235294117646 0.7627450980392156 0.10955882352941176 0.19999999999999998
3 0.18125 0.6013071895424836 0.10808823529411765 0.09411764705882353
4 0.22242647058823528 0.5509803921568627 0.1125 0.08235294117647059
3 0.3055147058823529 0.4771241830065359 0.04485294117647059 0.0915032679738562
9 0.24485294117647058 0.47516339869281043 0.020588235294117647 0.04836601307189542
3 0.2974264705882353 0.4026143790849673 0.0375 0.06797385620915032
3 0.3213235294117647 0.34705882352941175 0.03823529411764706 0.06405228758169934
4 0.33786764705882355 0.3071895424836601 0.06102941176470588 0.05751633986928104
3 0.36323529411764705 0.2915032679738562 0.06470588235294117 0.047058823529411764
0 0.4 0.296078431372549 0.007352941176470588 0.043137254901960784
0 0.4176470588235294 0.2869281045751634 0.007352941176470588 0.03790849673202614
0 0.40036764705882355 0.2856209150326797 0.006617647058823529 0.04052287581699346
3 0.38345588235294115 0.24509803921568626 0.025735294117647058 0.043137254901960784
3 0.35661764705882354 0.21437908496732025 0.05 0.04183006535947712
3 0.4011029411764706 0.20392156862745098 0.030147058823529412 0.047058823529411764
3 0.3665441176470588 0.1915032679738562 0.03455882352941177 0.03790849673202614
9 0.33602941176470585 0.19673202614379084 0.007352941176470588 0.02222222222222222
3 0.38823529411764707 0.16209150326797384 0.022058823529411763 0.04183006535947712
3 0.3761029411764706 0.15294117647058822 0.025735294117647058 0.03137254901960784
3 0.37941176470588234 0.1372549019607843 0.020588235294117647 0.03398692810457516
3 0.3492647058823529 0.1241830065359477 0.029411764705882353 0.0261437908496732
3 0.3577205882352941 0.11503267973856209 0.03161764705882353 0.02875816993464052
3 0.38529411764705884 0.1065359477124183 0.016176470588235292 0.027450980392156862
3 0.38125 0.07712418300653594 0.03455882352941177 0.02875816993464052
3 0.41213235294117645 0.065359477124183 0.015441176470588236 0.02091503267973856
3 0.3922794117647059 0.05816993464052287 0.022794117647058822 0.01437908496732026
3 0.39558823529411763 0.07058823529411765 0.014705882352941176 0.023529411764705882
9 0.27794117647058825 0.28169934640522876 0.01911764705882353 0.02222222222222222
9 0.8272058823529411 0.5588235294117647 0.032352941176470584 0.0457516339869281
6 0.7886029411764706 0.5660130718954248 0.04485294117647059 0.05751633986928104
9 0.7761029411764706 0.5352941176470588 0.03308823529411765 0.04052287581699346
9 0.7713235294117647 0.5065359477124183 0.032352941176470584 0.04052287581699346
9 0.7911764705882353 0.503921568627451 0.032352941176470584 0.043137254901960784
9 0.7691176470588236 0.4594771241830065 0.030882352941176472 0.03790849673202614
2 0.7382352941176471 0.4633986928104575 0.025 0.03529411764705882
1 0.6279411764705882 0.5555555555555555 0.014705882352941176 0.047058823529411764
9 0.6275735294117647 0.5679738562091503 0.015441176470588236 0.05620915032679738
3 0.6878676470588235 0.4986928104575163 0.08897058823529412 0.07712418300653594
3 0.6900735294117647 0.41045751633986927 0.08161764705882353 0.06797385620915032
9 0.6253676470588235 0.49738562091503263 0.05661764705882353 0.05620915032679738
4 0.5959558823529412 0.4457516339869281 0.0375 0.0915032679738562
0 0.5595588235294118 0.4594771241830065 0.010294117647058823 0.05359477124183006
0 0.5658088235294118 0.45751633986928103 0.006617647058823529 0.054901960784313725
0 0.5727941176470588 0.45816993464052286 0.008823529411764706 0.05620915032679738
1 0.5220588235294118 0.41699346405228754 0.011764705882352941 0.03660130718954248
9 0.5220588235294118 0.4287581699346405 0.010294117647058823 0.04183006535947712
9 0.524264705882353 0.3699346405228758 0.011764705882352941 0.0392156862745098
1 0.5238970588235294 0.3588235294117647 0.009558823529411765 0.0326797385620915
1 0.525 0.3686274509803921 0.010294117647058823 0.03398692810457516
5 0.48051470588235295 0.3915032679738562 0.027205882352941177 0.07712418300653594
2 0.7283088235294117 0.3790849673202614 0.025735294117647058 0.03398692810457516
0 0.7003676470588235 0.3699346405228758 0.011029411764705881 0.0522875816993464
0 0.7091911764705883 0.37777777777777777 0.009558823529411765 0.04444444444444444
0 0.7536764705882353 0.34705882352941175 0.014705882352941176 0.04836601307189542
3 0.6264705882352941 0.3810457516339869 0.06911764705882353 0.05359477124183006
3 0.6022058823529411 0.34901960784313724 0.06764705882352941 0.054901960784313725
3 0.6029411764705882 0.30653594771241827 0.061764705882352944 0.04836601307189542
3 0.5977941176470588 0.2764705882352941 0.055882352941176466 0.04052287581699346
9 0.6246323529411765 0.2594771241830065 0.016911764705882352 0.027450980392156862
3 0.5691176470588235 0.27058823529411763 0.047058823529411764 0.047058823529411764
5 0.5716911764705882 0.23986928104575161 0.06985294117647059 0.04836601307189542
3 0.6003676470588235 0.2156862745098039 0.0375 0.03398692810457516
3 0.56875 0.20326797385620915 0.04632352941176471 0.03529411764705882
3 0.5566176470588236 0.18758169934640523 0.05 0.03529411764705882
4 0.5463235294117647 0.18235294117647058 0.047058823529411764 0.03529411764705882
3 0.5466911764705882 0.1699346405228758 0.04926470588235294 0.02875816993464052
0 0.6661764705882353 0.2418300653594771 0.007352941176470588 0.03398692810457516
0 0.6779411764705883 0.24313725490196078 0.0058823529411764705 0.03137254901960784
0 0.6871323529411765 0.2457516339869281 0.008088235294117646 0.0392156862745098
0 0.69375 0.24444444444444444 0.005147058823529412 0.03398692810457516
9 0.6338235294117647 0.2372549019607843 0.016176470588235292 0.0196078431372549
9 0.6481617647058824 0.2333333333333333 0.0125 0.02222222222222222
9 0.6411764705882352 0.2241830065359477 0.01764705882352941 0.02222222222222222
1 0.6669117647058823 0.22156862745098038 0.007352941176470588 0.0196078431372549
0 0.6283088235294118 0.15098039215686274 0.006617647058823529 0.0326797385620915
0 0.6194852941176471 0.1679738562091503 0.005147058823529412 0.027450980392156862
0 0.6040441176470588 0.18366013071895423 0.006617647058823529 0.03006535947712418
0 0.6088235294117647 0.15751633986928104 0.004411764705882353 0.027450980392156862
0 0.5808823529411765 0.14705882352941174 0.0029411764705882353 0.027450980392156862
0 0.5625 0.14444444444444443 0.0058823529411764705 0.027450980392156862
9 0.5889705882352941 0.16470588235294117 0.016176470588235292 0.02091503267973856
9 0.6022058823529411 0.1588235294117647 0.014705882352941176 0.0196078431372549
0 0.6253676470588235 0.17254901960784313 0.005147058823529412 0.02091503267973856
0 0.6136029411764706 0.18888888888888888 0.005147058823529412 0.02222222222222222
1 0.6150735294117647 0.19477124183006533 0.006617647058823529 0.02091503267973856
1 0.618014705882353 0.19673202614379084 0.006617647058823529 0.0196078431372549
1 0.638235294117647 0.2006535947712418 0.007352941176470588 0.02483660130718954
0 0.6338235294117647 0.18235294117647058 0.0058823529411764705 0.02222222222222222
0 0.6272058823529412 0.18692810457516337 0.004411764705882353 0.02091503267973856
1 0.47941176470588237 0.26405228758169935 0.008823529411764706 0.02875816993464052
1 0.4860294117647059 0.2673202614379085 0.007352941176470588 0.0326797385620915
6 0.4827205882352941 0.2751633986928104 0.015441176470588236 0.04836601307189542
6 0.475 0.20326797385620915 0.011764705882352941 0.027450980392156862
3 0.5169117647058823 0.25359477124183005 0.027941176470588233 0.04183006535947712
3 0.506985294117647 0.2065359477124183 0.022794117647058822 0.03398692810457516
1 0.5007352941176471 0.17581699346405227 0.007352941176470588 0.027450980392156862
3 0.5 0.16666666666666666 0.01911764705882353 0.03529411764705882
3 0.45036764705882354 0.15098039215686274 0.04191176470588235 0.0326797385620915
3 0.5058823529411764 0.14836601307189543 0.01764705882352941 0.03006535947712418
3 0.4970588235294118 0.1287581699346405 0.025 0.03006535947712418
3 0.46249999999999997 0.09346405228758169 0.016176470588235292 0.02483660130718954
9 0.525 0.14313725490196078 0.010294117647058823 0.02483660130718954
5 0.5154411764705882 0.11045751633986928 0.01911764705882353 0.050980392156862744
5 0.5125 0.0915032679738562 0.030882352941176472 0.04967320261437908
3 0.4904411764705882 0.058823529411764705 0.020588235294117647 0.023529411764705882
3 0.5091911764705882 0.06928104575163398 0.027205882352941177 0.02091503267973856
3 0.5367647058823529 0.05751633986928104 0.030882352941176472 0.02091503267973856
3 0.04264705882352941 0.9679738562091502 0.08676470588235294 0.06143790849673202
0 0.23529411764705882 0.37712418300653594 0.013235294117647059 0.043137254901960784
