1 0.3790441176470588 0.9418300653594771 0.011029411764705881 0.03529411764705882
1 0.38235294117647056 0.9366013071895424 0.011764705882352941 0.0326797385620915
1 0.3966911764705882 0.9405228758169935 0.01838235294117647 0.03529411764705882
1 0.5253676470588236 0.5588235294117647 0.005147058823529412 0.0196078431372549
1 0.5198529411764706 0.5562091503267973 0.007352941176470588 0.0196078431372549
1 0.5470588235294117 0.4679738562091503 0.0058823529411764705 0.02091503267973856
1 0.3477941176470588 0.44967320261437904 0.0058823529411764705 0.0130718954248366
1 0.35404411764705884 0.45228758169934635 0.005147058823529412 0.0130718954248366
1 0.4602941176470588 0.43202614379084964 0.004411764705882353 0.01437908496732026
1 0.4650735294117647 0.4313725490196078 0.005147058823529412 0.0130718954248366
1 0.4948529411764706 0.3941176470588235 0.0058823529411764705 0.01437908496732026
1 0.5022058823529412 0.3980392156862745 0.004411764705882353 0.011764705882352941
1 0.5981617647058823 0.4352941176470588 0.003676470588235294 0.01045751633986928
1 0.6025735294117647 0.4359477124183006 0.005147058823529412 0.00915032679738562
1 0.6261029411764706 0.4235294117647059 0.005147058823529412 0.0130718954248366
0 0.5988970588235294 0.38954248366013067 0.005147058823529412 0.0261437908496732
0 0.6397058823529411 0.3529411764705882 0.004411764705882353 0.02091503267973856
0 0.6356617647058823 0.34901960784313724 0.005147058823529412 0.02091503267973856
0 0.625 0.3464052287581699 0.004411764705882353 0.01830065359477124
0 0.6216911764705882 0.34509803921568627 0.003676470588235294 0.02091503267973856
0 0.6375 0.33202614379084966 0.0029411764705882353 0.01568627450980392
0 0.6463235294117647 0.3437908496732026 0.0029411764705882353 0.0130718954248366
0 0.6555147058823529 0.3202614379084967 0.003676470588235294 0.0130718954248366
0 0.6305147058823529 0.3156862745098039 0.003676470588235294 0.0196078431372549
0 0.6316176470588235 0.3045751633986928 0.004411764705882353 0.01568627450980392
0 0.6231617647058824 0.30392156862745096 0.003676470588235294 0.0196078431372549
0 0.6095588235294117 0.3137254901960784 0.0029411764705882353 0.01568627450980392
0 0.6040441176470588 0.31176470588235294 0.003676470588235294 0.01699346405228758
0 0.6036764705882353 0.3 0.0029411764705882353 0.01437908496732026
0 0.6011029411764706 0.3006535947712418 0.0022058823529411764 0.01568627450980392
0 0.5915441176470588 0.32418300653594767 0.003676470588235294 0.01830065359477124
0 0.5911764705882353 0.3052287581699346 0.0029411764705882353 0.01699346405228758
0 0.5823529411764706 0.3078431372549019 0.0029411764705882353 0.0196078431372549
0 0.5904411764705882 0.28888888888888886 0.0029411764705882353 0.0130718954248366
0 0.5691176470588235 0.30130718954248364 0.004411764705882353 0.01699346405228758
0 0.5566176470588236 0.3006535947712418 0.004411764705882353 0.01568627450980392
0 0.5172794117647058 0.322875816993464 0.0022058823529411764 0.01830065359477124
0 0.5066176470588235 0.3555555555555555 0.0029411764705882353 0.0261437908496732
0 0.5176470588235293 0.34509803921568627 0.004411764705882353 0.023529411764705882
0 0.525 0.3509803921568627 0.004411764705882353 0.02222222222222222
0 0.5297794117647059 0.3483660130718954 0.005147058823529412 0.02483660130718954
0 0.5330882352941176 0.3457516339869281 0.0029411764705882353 0.02222222222222222
0 0.5845588235294118 0.3405228758169934 0.004411764705882353 0.0196078431372549
0 0.5727941176470588 0.3418300653594771 0.004411764705882353 0.0196078431372549
0 0.5716911764705882 0.3431372549019608 0.005147058823529412 0.02222222222222222
0 0.5680147058823529 0.3457516339869281 0.003676470588235294 0.0196078431372549
0 0.5625 0.3503267973856209 0.0029411764705882353 0.0130718954248366
0 0.5235294117647059 0.2954248366013072 0.0029411764705882353 0.01568627450980392
0 0.5102941176470588 0.2973856209150327 0.0029411764705882353 0.01699346405228758
0 0.5338235294117647 0.3156862745098039 0.004411764705882353 0.0196078431372549
0 0.5404411764705882 0.31437908496732025 0.0029411764705882353 0.01437908496732026
0 0.5452205882352941 0.3150326797385621 0.005147058823529412 0.01568627450980392
0 0.32169117647058826 0.3679738562091503 0.006617647058823529 0.027450980392156862
0 0.3113970588235294 0.3699346405228758 0.003676470588235294 0.0261437908496732
0 0.30477941176470585 0.3686274509803921 0.005147058823529412 0.03398692810457516
0 0.2400735294117647 0.36928104575163395 0.005147058823529412 0.02483660130718954
0 0.20477941176470588 0.37450980392156863 0.0022058823529411764 0.0196078431372549
0 0.2025735294117647 0.36928104575163395 0.005147058823529412 0.02483660130718954
0 0.16911764705882354 0.3398692810457516 0.004411764705882353 0.01568627450980392
0 0.17610294117647057 0.34117647058823525 0.005147058823529412 0.0261437908496732
0 0.2621323529411765 0.34901960784313724 0.005147058823529412 0.02091503267973856
0 0.2727941176470588 0.3464052287581699 0.004411764705882353 0.01830065359477124
0 0.2702205882352941 0.3522875816993464 0.003676470588235294 0.011764705882352941
0 0.24044117647058824 0.30196078431372547 0.0029411764705882353 0.01568627450980392
0 0.24338235294117647 0.2947712418300653 0.0029411764705882353 0.01437908496732026
0 0.23676470588235293 0.3006535947712418 0.004411764705882353 0.01568627450980392
0 0.20220588235294118 0.27320261437908494 0.0029411764705882353 0.01045751633986928
0 0.2 0.2745098039215686 0.0029411764705882353 0.0130718954248366
3 0.9948529411764706 0.32679738562091504 0.008823529411764706 0.0130718954248366
0 0.9727941176470588 0.3359477124183006 0.004411764705882353 0.02091503267973856
0 0.9672794117647059 0.33464052287581697 0.005147058823529412 0.02091503267973856
0 0.9555147058823529 0.3627450980392157 0.005147058823529412 0.0196078431372549
1 0.9419117647058823 0.3555555555555555 0.0058823529411764705 0.02091503267973856
3 0.9727941176470588 0.3281045751633987 0.022058823529411763 0.01568627450980392
3 0.9477941176470588 0.3156862745098039 0.011764705882352941 0.01437908496732026
3 0.9220588235294117 0.27908496732026145 0.01764705882352941 0.01437908496732026
3 0.9279411764705883 0.31437908496732025 0.010294117647058823 0.01437908496732026
3 0.9007352941176471 0.3130718954248366 0.010294117647058823 0.01437908496732026
3 0.9386029411764706 0.32418300653594767 0.022794117647058822 0.01830065359477124
3 0.9147058823529411 0.322875816993464 0.022058823529411763 0.01568627450980392
3 0.8845588235294117 0.31895424836601305 0.01911764705882353 0.01568627450980392
3 0.8650735294117647 0.3183006535947712 0.01838235294117647 0.01699346405228758
3 0.8492647058823529 0.31699346405228757 0.014705882352941176 0.01437908496732026
3 0.8426470588235294 0.3091503267973856 0.014705882352941176 0.01437908496732026
4 0.8286764705882352 0.31045751633986923 0.01764705882352941 0.02222222222222222
3 0.8117647058823529 0.3150326797385621 0.016176470588235292 0.01568627450980392
4 0.8099264705882353 0.3032679738562091 0.0125 0.01568627450980392
3 0.7970588235294117 0.30849673202614375 0.011764705882352941 0.0130718954248366
3 0.7764705882352941 0.30588235294117644 0.01911764705882353 0.01568627450980392
3 0.7573529411764706 0.30392156862745096 0.01764705882352941 0.011764705882352941
3 0.7352941176470588 0.3026143790849673 0.013235294117647059 0.01437908496732026
3 0.7231617647058823 0.29934640522875816 0.015441176470588236 0.0130718954248366
3 0.70625 0.2973856209150327 0.0125 0.011764705882352941
3 0.6941176470588235 0.296078431372549 0.010294117647058823 0.01437908496732026
3 0.6731617647058823 0.2947712418300653 0.0125 0.01437908496732026
3 0.65625 0.3026143790849673 0.011029411764705881 0.01437908496732026
3 0.6419117647058823 0.30196078431372547 0.010294117647058823 0.01568627450980392
4 0.6290441176470588 0.29869281045751633 0.0125 0.0196078431372549
3 0.6154411764705883 0.30196078431372547 0.008823529411764706 0.0130718954248366
3 0.6132352941176471 0.2941176470588235 0.014705882352941176 0.0130718954248366
3 0.6025735294117647 0.292156862745098 0.015441176470588236 0.01437908496732026
3 0.775 0.27777777777777773 0.010294117647058823 0.011764705882352941
3 0.7922794117647058 0.269281045751634 0.015441176470588236 0.0130718954248366
3 0.8088235294117647 0.26862745098039215 0.0058823529411764705 0.01437908496732026
3 0.7584558823529411 0.265359477124183 0.015441176470588236 0.0130718954248366
3 0.65 0.269281045751634 0.013235294117647059 0.0130718954248366
4 0.6279411764705882 0.27320261437908494 0.020588235294117647 0.0130718954248366
3 0.6018382352941176 0.27058823529411763 0.015441176470588236 0.01045751633986928
3 0.5761029411764705 0.296078431372549 0.009558823529411765 0.01437908496732026
3 0.5621323529411765 0.296078431372549 0.009558823529411765 0.01437908496732026
3 0.586764705882353 0.2895424836601307 0.011764705882352941 0.0196078431372549
4 0.5702205882352941 0.28823529411764703 0.015441176470588236 0.011764705882352941
3 0.5536764705882353 0.2856209150326797 0.014705882352941176 0.01437908496732026
4 0.5463235294117647 0.29281045751633983 0.010294117647058823 0.01568627450980392
3 0.5345588235294118 0.2941176470588235 0.007352941176470588 0.0130718954248366
3 0.5408088235294117 0.28366013071895424 0.015441176470588236 0.0130718954248366
3 0.5316176470588235 0.28366013071895424 0.010294117647058823 0.01045751633986928
3 0.5158088235294117 0.2901960784313725 0.009558823529411765 0.0130718954248366
3 0.5080882352941176 0.28627450980392155 0.007352941176470588 0.01045751633986928
3 0.5121323529411764 0.2797385620915033 0.0125 0.00784313725490196
3 0.5672794117647059 0.27124183006535946 0.019852941176470587 0.011764705882352941
3 0.5275735294117647 0.2673202614379085 0.015441176470588236 0.011764705882352941
3 0.5011029411764706 0.26666666666666666 0.015441176470588236 0.01045751633986928
3 0.46875 0.26405228758169935 0.0125 0.0130718954248366
3 0.4974264705882353 0.28169934640522876 0.0125 0.011764705882352941
3 0.4959558823529412 0.28888888888888886 0.008088235294117646 0.0130718954248366
3 0.48419117647058824 0.29084967320261434 0.008088235294117646 0.01699346405228758
3 0.4860294117647059 0.27908496732026145 0.007352941176470588 0.011764705882352941
3 0.47941176470588237 0.27908496732026145 0.010294117647058823 0.011764705882352941
3 0.47610294117647056 0.28431372549019607 0.011029411764705881 0.011764705882352941
3 0.47316176470588234 0.2869281045751634 0.009558823529411765 0.01437908496732026
3 0.46397058823529413 0.292156862745098 0.010294117647058823 0.01437908496732026
3 0.45330882352941176 0.2941176470588235 0.0125 0.01568627450980392
3 0.4588235294117647 0.28888888888888886 0.008823529411764706 0.0130718954248366
4 0.4647058823529412 0.2830065359477124 0.007352941176470588 0.01437908496732026
3 0.46654411764705883 0.2771241830065359 0.008088235294117646 0.0130718954248366
3 0.4404411764705882 0.292156862745098 0.014705882352941176 0.01437908496732026
3 0.42720588235294116 0.2901960784313725 0.013235294117647059 0.01568627450980392
3 0.4139705882352941 0.2915032679738562 0.010294117647058823 0.0130718954248366
3 0.4514705882352941 0.28431372549019607 0.008823529411764706 0.01437908496732026
3 0.44191176470588234 0.28431372549019607 0.011764705882352941 0.01437908496732026
3 0.42830882352941174 0.2823529411764706 0.0125 0.0130718954248366
3 0.41654411764705884 0.27908496732026145 0.0125 0.011764705882352941
3 0.44485294117647056 0.27777777777777773 0.014705882352941176 0.01437908496732026
3 0.43124999999999997 0.2751633986928104 0.0125 0.0196078431372549
3 0.4176470588235294 0.27385620915032677 0.013235294117647059 0.011764705882352941
3 0.40294117647058825 0.27385620915032677 0.011764705882352941 0.00915032679738562
3 0.39080882352941176 0.2764705882352941 0.0125 0.011764705882352941
3 0.38088235294117645 0.27777777777777773 0.01764705882352941 0.01437908496732026
3 0.375 0.28366013071895424 0.007352941176470588 0.01568627450980392
3 0.35441176470588237 0.2797385620915033 0.01911764705882353 0.01045751633986928
3 0.3665441176470588 0.28104575163398693 0.015441176470588236 0.0130718954248366
3 0.3735294117647059 0.2588235294117647 0.014705882352941176 0.0130718954248366
3 0.4522058823529412 0.2503267973856209 0.007352941176470588 0.011764705882352941
3 0.4158088235294118 0.24967320261437906 0.009558823529411765 0.01045751633986928
3 0.4713235294117647 0.24640522875816992 0.010294117647058823 0.00915032679738562
3 0.4775735294117647 0.24313725490196078 0.0125 0.01045751633986928
3 0.48308823529411765 0.2437908496732026 0.010294117647058823 0.0065359477124183
3 0.4930147058823529 0.24248366013071893 0.011029411764705881 0.00915032679738562
3 0.49963235294117647 0.23856209150326796 0.009558823529411765 0.00915032679738562
3 0.5047794117647059 0.23986928104575161 0.009558823529411765 0.00915032679738562
3 0.5066176470588235 0.23986928104575161 0.014705882352941176 0.011764705882352941
3 0.5106617647058823 0.24052287581699344 0.011029411764705881 0.00784313725490196
