0 0.18229166666666666 0.45092592592592595 0.020833333333333332 0.05740740740740741
0 0.14375 0.44537037037037036 0.01875 0.05740740740740741
0 0.08489583333333334 0.32037037037037036 0.019791666666666666 0.05185185185185186
0 0.0921875 0.3175925925925926 0.021875 0.061111111111111116
0 0.5166666666666666 0.7194444444444444 0.016666666666666666 0.061111111111111116
0 0.4921875 0.7046296296296296 0.013541666666666667 0.053703703703703705
0 0.48385416666666664 0.6675925925925926 0.013541666666666667 0.053703703703703705
0 0.634375 0.7555555555555555 0.01875 0.06296296296296297
0 0.7942708333333334 0.8564814814814815 0.028125 0.05740740740740741
0 0.8135416666666666 0.8805555555555555 0.029166666666666667 0.05740740740740741
0 0.9255208333333333 0.6398148148148148 0.026041666666666668 0.061111111111111116
0 0.7104166666666667 0.6055555555555556 0.014583333333333334 0.06666666666666667
0 0.7010416666666667 0.5851851851851853 0.016666666666666666 0.05555555555555556
0 0.6046875 0.5370370370370371 0.015625 0.05555555555555556
0 0.5791666666666666 0.5296296296296297 0.020833333333333332 0.05925925925925926
0 0.6197916666666666 0.4324074074074074 0.014583333333333334 0.05740740740740741
0 0.8072916666666666 0.40555555555555556 0.020833333333333332 0.044444444444444446
0 0.9822916666666667 0.46574074074074073 0.022916666666666665 0.05740740740740741
0 0.9145833333333333 0.26481481481481484 0.016666666666666666 0.05185185185185186
0 0.7515625 0.3666666666666667 0.015625 0.05185185185185186
0 0.7291666666666666 0.34444444444444444 0.014583333333333334 0.05185185185185186
0 0.8223958333333333 0.1851851851851852 0.017708333333333333 0.044444444444444446
0 0.8354166666666667 0.19074074074074074 0.016666666666666666 0.040740740740740744
0 0.7041666666666666 0.19907407407407407 0.010416666666666666 0.0462962962962963
0 0.7260416666666667 0.14351851851851852 0.010416666666666666 0.02777777777777778
0 0.7598958333333333 0.11851851851851852 0.011458333333333333 0.037037037037037035
0 0.5067708333333333 0.3925925925925926 0.011458333333333333 0.05185185185185186
0 0.5697916666666667 0.3666666666666667 0.0125 0.05185185185185186
0 0.5526041666666667 0.337037037037037 0.011458333333333333 0.044444444444444446
0 0.5796875 0.3055555555555556 0.009375 0.04814814814814815
0 0.5901041666666667 0.26481481481481484 0.011458333333333333 0.04814814814814815
0 0.6223958333333334 0.2425925925925926 0.009375 0.040740740740740744
0 0.621875 0.19351851851851853 0.010416666666666666 0.0462962962962963
0 0.6661458333333333 0.10648148148148148 0.011458333333333333 0.04259259259259259
0 0.49166666666666664 0.29074074074074074 0.010416666666666666 0.04814814814814815
0 0.5348958333333333 0.24444444444444446 0.007291666666666667 0.044444444444444446
0 0.5734375 0.20185185185185187 0.009375 0.040740740740740744
0 0.5973958333333333 0.17592592592592593 0.009375 0.044444444444444446
0 0.6223958333333334 0.125 0.009375 0.04259259259259259
0 0.6385416666666667 0.07962962962962963 0.008333333333333333 0.037037037037037035
0 0.8635416666666667 0.09351851851851853 0.0125 0.03518518518518519
0 0.8729166666666667 0.09537037037037037 0.0125 0.03518518518518519
0 0.8682291666666666 0.01388888888888889 0.017708333333333333 0.02777777777777778
0 0.4380208333333333 0.28703703703703703 0.009375 0.044444444444444446
0 0.45989583333333334 0.26203703703703707 0.007291666666666667 0.04259259259259259
0 0.4786458333333333 0.24166666666666667 0.009375 0.03888888888888889
0 0.48541666666666666 0.2175925925925926 0.010416666666666666 0.03888888888888889
0 0.5067708333333333 0.20185185185185187 0.007291666666666667 0.04814814814814815
0 0.5255208333333333 0.17037037037037037 0.009375 0.044444444444444446
0 0.5390625 0.1564814814814815 0.009375 0.03518518518518519
0 0.5572916666666666 0.12962962962962962 0.010416666666666666 0.040740740740740744
0 0.5692708333333333 0.11018518518518519 0.009375 0.04259259259259259
0 0.3984375 0.2518518518518519 0.009375 0.05185185185185186
0 0.42291666666666666 0.22870370370370371 0.008333333333333333 0.04259259259259259
0 0.4453125 0.20277777777777778 0.011458333333333333 0.04259259259259259
0 0.4635416666666667 0.17592592592592593 0.008333333333333333 0.044444444444444446
0 0.4822916666666667 0.15462962962962964 0.008333333333333333 0.03888888888888889
0 0.5015625 0.1398148148148148 0.009375 0.03888888888888889
0 0.5151041666666667 0.1175925925925926 0.007291666666666667 0.03518518518518519
0 0.5385416666666667 0.10555555555555556 0.010416666666666666 0.022222222222222223
0 0.5348958333333333 0.061111111111111116 0.007291666666666667 0.03333333333333333
0 0.5973958333333333 0.06759259259259259 0.011458333333333333 0.031481481481481485
0 0.5854166666666667 0.04814814814814815 0.008333333333333333 0.02962962962962963
0 0.5739583333333333 0.02314814814814815 0.008333333333333333 0.04259259259259259
0 0.5833333333333334 0.018518518518518517 0.010416666666666666 0.037037037037037035
0 0.6203125 0.09074074074074075 0.009375 0.02962962962962963
0 0.6307291666666667 0.04814814814814815 0.007291666666666667 0.02962962962962963
0 0.6390625 0.05092592592592593 0.009375 0.031481481481481485
0 0.6510416666666666 0.053703703703703705 0.010416666666666666 0.037037037037037035
0 0.6598958333333333 0.05092592592592593 0.011458333333333333 0.04259259259259259
0 0.4223958333333333 0.12314814814814816 0.011458333333333333 0.04259259259259259
0 0.34479166666666666 0.12314814814814816 0.008333333333333333 0.04259259259259259
2 0.3921875 0.0925925925925926 0.02395833333333333 0.018518518518518517
0 0.13958333333333334 0.16203703703703703 0.016666666666666666 0.04259259259259259
0 0.10208333333333333 0.1574074074074074 0.010416666666666666 0.04814814814814815
0 0.11302083333333333 0.15 0.015625 0.044444444444444446
0 0.0890625 0.13796296296296298 0.017708333333333333 0.04259259259259259
0 0.09114583333333333 0.11851851851851852 0.017708333333333333 0.037037037037037035
0 0.016666666666666666 0.10462962962962963 0.016666666666666666 0.03888888888888889
0 0.1859375 0.11296296296296297 0.015625 0.044444444444444446
0 0.1296875 0.09351851851851853 0.011458333333333333 0.04259259259259259
2 0.3984375 0.05277777777777778 0.019791666666666666 0.020370370370370372
1 0.39791666666666664 0.04166666666666667 0.008333333333333333 0.024074074074074074
0 0.33177083333333335 0.08055555555555556 0.009375 0.0462962962962963
0 0.31614583333333335 0.07407407407407407 0.007291666666666667 0.044444444444444446
0 0.3223958333333333 0.07962962962962963 0.007291666666666667 0.044444444444444446
0 0.37135416666666665 0.03425925925925926 0.011458333333333333 0.03518518518518519
1 0.3765625 0.024074074074074074 0.011458333333333333 0.018518518518518517
0 0.26979166666666665 0.07962962962962963 0.010416666666666666 0.037037037037037035
0 0.2604166666666667 0.08148148148148149 0.010416666666666666 0.040740740740740744
0 0.005208333333333333 0.1277777777777778 0.010416666666666666 0.040740740740740744
0 0.30572916666666666 0.025 0.011458333333333333 0.031481481481481485
0 0.2505208333333333 0.06851851851851852 0.009375 0.040740740740740744
0 0.24427083333333333 0.06666666666666667 0.009375 0.040740740740740744
0 0.32916666666666666 0.01388888888888889 0.010416666666666666 0.02777777777777778
0 0.2671875 0.012037037037037037 0.009375 0.02777777777777778
0 0.22916666666666666 0.05277777777777778 0.014583333333333334 0.04259259259259259
0 0.2515625 0.011111111111111112 0.009375 0.022222222222222223
0 0.23958333333333334 0.017592592592592594 0.010416666666666666 0.03518518518518519
0 0.22864583333333333 0.028703703703703703 0.011458333333333333 0.03518518518518519
0 0.21614583333333334 0.02314814814814815 0.013541666666666667 0.031481481481481485
0 0.21041666666666667 0.06759259259259259 0.0125 0.03888888888888889
0 0.2109375 0.04259259259259259 0.011458333333333333 0.037037037037037035
1 0.2015625 0.06759259259259259 0.011458333333333333 0.024074074074074074
0 0.20104166666666667 0.018518518518518517 0.008333333333333333 0.037037037037037035
0 0.19375 0.037037037037037035 0.0125 0.044444444444444446
0 0.18072916666666666 0.032407407407407406 0.011458333333333333 0.04259259259259259
0 0.16927083333333334 0.02592592592592593 0.013541666666666667 0.037037037037037035
0 0.15364583333333334 0.017592592592592594 0.013541666666666667 0.03518518518518519
0 0.14114583333333333 0.015740740740740743 0.013541666666666667 0.031481481481481485
0 0.12552083333333333 0.010185185185185186 0.011458333333333333 0.020370370370370372
0 0.18958333333333333 0.07592592592592592 0.010416666666666666 0.037037037037037035
0 0.18385416666666665 0.07037037037037037 0.011458333333333333 0.03333333333333333
0 0.17760416666666667 0.08703703703703704 0.011458333333333333 0.03333333333333333
0 0.17708333333333334 0.07037037037037037 0.014583333333333334 0.03333333333333333
0 0.16302083333333334 0.0787037037037037 0.009375 0.03888888888888889
0 0.16145833333333334 0.06574074074074074 0.010416666666666666 0.03888888888888889
0 0.14166666666666666 0.058333333333333334 0.014583333333333334 0.03888888888888889
0 0.1328125 0.06296296296296297 0.009375 0.037037037037037035
0 0.12239583333333333 0.07037037037037037 0.013541666666666667 0.03333333333333333
0 0.1109375 0.06759259259259259 0.013541666666666667 0.03518518518518519
0 0.10833333333333334 0.02777777777777778 0.010416666666666666 0.02592592592592593
0 0.10052083333333334 0.0638888888888889 0.011458333333333333 0.03518518518518519
0 0.09427083333333333 0.06018518518518519 0.011458333333333333 0.031481481481481485
0 0.09010416666666667 0.02962962962962963 0.013541666666666667 0.02962962962962963
2 0.08229166666666667 0.06851851851851852 0.022916666666666665 0.02592592592592593
0 0.07708333333333334 0.05925925925925926 0.010416666666666666 0.02962962962962963
0 0.07864583333333333 0.04814814814814815 0.011458333333333333 0.02962962962962963
0 0.0640625 0.05740740740740741 0.011458333333333333 0.037037037037037035
0 0.06614583333333333 0.04351851851851852 0.013541666666666667 0.03518518518518519
0 0.06302083333333333 0.08981481481481482 0.011458333333333333 0.024074074074074074
