3 0.63125 0.9712418300653594 0.0375 0.054901960784313725
3 0.7169117647058824 0.8830065359477124 0.033823529411764704 0.09019607843137255
3 0.6301470588235294 0.8464052287581699 0.03529411764705882 0.10326797385620914
3 0.5202205882352942 0.9398692810457515 0.03308823529411765 0.10718954248366012
3 0.7375 0.6980392156862745 0.044117647058823525 0.0522875816993464
4 0.6867647058823529 0.6143790849673202 0.055882352941176466 0.05751633986928104
0 0.14669117647058824 0.8856209150326797 0.011029411764705881 0.04052287581699346
6 0.17095588235294118 0.8803921568627451 0.03308823529411765 0.050980392156862744
0 0.06654411764705882 0.9385620915032679 0.015441176470588236 0.0392156862745098
1 0.031985294117647056 0.9333333333333332 0.015441176470588236 0.0261437908496732
9 0.04595588235294117 0.918954248366013 0.027205882352941177 0.02875816993464052
2 0.04154411764705882 0.8516339869281045 0.021323529411764706 0.04836601307189542
9 0.15330882352941178 0.7810457516339869 0.027205882352941177 0.04052287581699346
3 0.1948529411764706 0.7673202614379084 0.039705882352941174 0.09673202614379084
0 0.11397058823529412 0.7248366013071895 0.013235294117647059 0.03790849673202614
0 0.12683823529411764 0.7398692810457516 0.0125 0.03660130718954248
0 0.12610294117647058 0.7248366013071895 0.0125 0.03529411764705882
0 0.0974264705882353 0.6790849673202614 0.0125 0.03529411764705882
9 0.11801470588235294 0.6895424836601307 0.015441176470588236 0.04052287581699346
0 0.22794117647058823 0.6934640522875817 0.008823529411764706 0.04052287581699346
3 0.2202205882352941 0.6522875816993463 0.03308823529411765 0.08366013071895424
6 0.25220588235294117 0.5620915032679739 0.025 0.047058823529411764
3 0.22941176470588234 0.5398692810457516 0.05 0.0522875816993464
0 0.14779411764705883 0.5784313725490196 0.008823529411764706 0.03529411764705882
1 0.1488970588235294 0.5633986928104575 0.009558823529411765 0.01830065359477124
1 0.1514705882352941 0.5562091503267973 0.008823529411764706 0.01699346405228758
0 0.13713235294117646 0.47058823529411764 0.009558823529411765 0.03398692810457516
3 0.23272058823529412 0.43660130718954243 0.03455882352941177 0.04967320261437908
4 0.28455882352941175 0.3758169934640523 0.022058823529411763 0.04836601307189542
0 0.31029411764705883 0.38627450980392153 0.0058823529411764705 0.02483660130718954
0 0.3514705882352941 0.4562091503267974 0.008823529411764706 0.02875816993464052
0 0.35955882352941176 0.4457516339869281 0.007352941176470588 0.023529411764705882
1 0.38566176470588237 0.3078431372549019 0.005147058823529412 0.02222222222222222
9 0.38676470588235295 0.3156862745098039 0.0058823529411764705 0.02222222222222222
3 0.29448529411764707 0.31633986928104574 0.027205882352941177 0.047058823529411764
4 0.2959558823529412 0.27843137254901956 0.027205882352941177 0.047058823529411764
6 0.30919117647058825 0.2549019607843137 0.016911764705882352 0.03398692810457516
4 0.3165441176470588 0.2222222222222222 0.019852941176470587 0.047058823529411764
9 0.28970588235294115 0.23006535947712417 0.014705882352941176 0.01568627450980392
9 0.29705882352941176 0.2281045751633987 0.014705882352941176 0.01699346405228758
0 0.29375 0.21176470588235294 0.006617647058823529 0.02091503267973856
0 0.24669117647058822 0.26862745098039215 0.005147058823529412 0.0196078431372549
4 0.32573529411764707 0.17058823529411762 0.01764705882352941 0.03529411764705882
3 0.3352941176470588 0.1457516339869281 0.014705882352941176 0.027450980392156862
3 0.34044117647058825 0.11895424836601307 0.016176470588235292 0.02875816993464052
3 0.43713235294117647 0.46013071895424834 0.019852941176470587 0.04967320261437908
8 0.47904411764705884 0.3980392156862745 0.030147058823529412 0.10849673202614378
3 0.36470588235294116 0.3333333333333333 0.022058823529411763 0.04967320261437908
3 0.4128676470588235 0.29281045751633983 0.01838235294117647 0.047058823529411764
3 0.45294117647058824 0.29084967320261434 0.01911764705882353 0.04052287581699346
4 0.606985294117647 0.47777777777777775 0.027205882352941177 0.05620915032679738
0 0.5977941176470588 0.4725490196078431 0.008823529411764706 0.03006535947712418
0 0.6213235294117647 0.47581699346405226 0.007352941176470588 0.02875816993464052
4 0.5834558823529412 0.46535947712418296 0.019852941176470587 0.04967320261437908
3 0.6525735294117647 0.4516339869281045 0.022794117647058822 0.04836601307189542
3 0.5801470588235293 0.41241830065359475 0.022058823529411763 0.0457516339869281
0 0.5408088235294117 0.34967320261437906 0.008088235294117646 0.0326797385620915
3 0.5709558823529411 0.3424836601307189 0.019852941176470587 0.04183006535947712
3 0.5720588235294117 0.30392156862745096 0.03529411764705882 0.03529411764705882
3 0.5610294117647059 0.2673202614379085 0.01764705882352941 0.03790849673202614
0 0.5731617647058823 0.26666666666666666 0.005147058823529412 0.023529411764705882
3 0.5573529411764706 0.21111111111111108 0.01764705882352941 0.03006535947712418
0 0.5389705882352941 0.1522875816993464 0.004411764705882353 0.02222222222222222
3 0.38676470588235295 0.1522875816993464 0.016176470588235292 0.03529411764705882
1 0.4033088235294118 0.14836601307189543 0.005147058823529412 0.01437908496732026
2 0.40441176470588236 0.1568627450980392 0.0058823529411764705 0.01830065359477124
0 0.39705882352941174 0.13137254901960782 0.0058823529411764705 0.0196078431372549
3 0.4301470588235294 0.09477124183006536 0.014705882352941176 0.0326797385620915
3 0.45625 0.11045751633986928 0.0125 0.02483660130718954
3 0.5731617647058823 0.1764705882352941 0.022794117647058822 0.023529411764705882
3 0.5698529411764706 0.12026143790849672 0.032352941176470584 0.02875816993464052
3 0.5422794117647058 0.09869281045751634 0.0125 0.027450980392156862
8 0.5433823529411764 0.06143790849673202 0.01764705882352941 0.054901960784313725
9 0.48713235294117646 0.060784313725490195 0.005147058823529412 0.01437908496732026
1 0.48713235294117646 0.05424836601307189 0.005147058823529412 0.01437908496732026
3 0.46691176470588236 0.03398692810457516 0.013235294117647059 0.02091503267973856
6 0.34816176470588234 0.0738562091503268 0.0125 0.02222222222222222
2 0.3669117647058823 0.0673202614379085 0.0058823529411764705 0.0196078431372549
1 0.3669117647058823 0.06339869281045751 0.004411764705882353 0.01699346405228758
3 0.35073529411764703 0.05424836601307189 0.025 0.027450980392156862
4 0.35698529411764707 0.03464052287581699 0.0125 0.03006535947712418
0 0.4073529411764706 0.02810457516339869 0.0058823529411764705 0.02222222222222222
3 0.5367647058823529 0.023529411764705882 0.014705882352941176 0.02091503267973856
7 0.4143382352941176 0.01045751633986928 0.0125 0.02091503267973856
0 0.4823529411764706 0.00718954248366013 0.004411764705882353 0.01437908496732026
