3 0.42169117647058824 0.5058823529411764 0.04338235294117647 0.1045751633986928
3 0.49926470588235294 0.44313725490196076 0.03823529411764706 0.07320261437908496
3 0.31029411764705883 0.3699346405228758 0.055882352941176466 0.07058823529411765
3 0.38235294117647056 0.3071895424836601 0.029411764705882353 0.06797385620915032
3 0.4051470588235294 0.23660130718954248 0.029411764705882353 0.047058823529411764
3 0.40404411764705883 0.20849673202614377 0.022794117647058822 0.0326797385620915
0 0.4261029411764706 0.22549019607843135 0.008088235294117646 0.03529411764705882
0 0.5294117647058824 0.24117647058823527 0.008823529411764706 0.04052287581699346
0 0.5378676470588235 0.24444444444444444 0.006617647058823529 0.03660130718954248
0 0.54375 0.24117647058823527 0.006617647058823529 0.03529411764705882
0 0.6077205882352941 0.8464052287581699 0.019852941176470587 0.07712418300653594
3 0.0375 0.6169934640522875 0.075 0.08888888888888888
3 0.06838235294117646 0.48823529411764705 0.10735294117647058 0.06928104575163398
3 0.08639705882352941 0.4542483660130719 0.09632352941176471 0.06928104575163398
3 0.11102941176470588 0.418954248366013 0.075 0.07973856209150326
3 0.14154411764705882 0.38431372549019605 0.07573529411764705 0.065359477124183
3 0.15514705882352942 0.357516339869281 0.07205882352941176 0.06928104575163398
3 0.18161764705882352 0.32418300653594767 0.07352941176470588 0.06013071895424836
3 0.18786764705882353 0.30588235294117644 0.06397058823529411 0.04967320261437908
3 0.18713235294117647 0.27777777777777773 0.06544117647058824 0.05620915032679738
3 0.21323529411764705 0.26078431372549016 0.06470588235294117 0.04836601307189542
4 0.042279411764705885 0.24705882352941175 0.05955882352941176 0.04967320261437908
3 0.06911764705882353 0.21895424836601304 0.06323529411764706 0.04052287581699346
3 0.10330882352941176 0.20326797385620915 0.05220588235294118 0.03529411764705882
3 0.11029411764705882 0.19477124183006533 0.03676470588235294 0.03660130718954248
4 0.13014705882352942 0.16405228758169935 0.04852941176470588 0.04052287581699346
3 0.1474264705882353 0.1568627450980392 0.04044117647058824 0.03660130718954248
3 0.15330882352941178 0.13921568627450978 0.04485294117647059 0.0326797385620915
4 0.18676470588235294 0.0718954248366013 0.020588235294117647 0.03398692810457516
3 0.22242647058823528 0.07777777777777778 0.022794117647058822 0.03006535947712418
4 0.24227941176470588 0.12287581699346405 0.019852941176470587 0.0392156862745098
3 0.43529411764705883 0.10196078431372549 0.01764705882352941 0.0261437908496732
5 0.43529411764705883 0.0738562091503268 0.014705882352941176 0.027450980392156862
6 0.5088235294117647 0.14183006535947712 0.010294117647058823 0.027450980392156862
3 0.4900735294117647 0.03333333333333333 0.011029411764705881 0.0196078431372549
3 0.5095588235294117 0.03986928104575163 0.013235294117647059 0.01437908496732026
4 0.48823529411764705 0.0130718954248366 0.010294117647058823 0.02091503267973856
3 0.4511029411764706 0.01503267973856209 0.011029411764705881 0.01699346405228758
3 0.5128676470588235 0.023529411764705882 0.009558823529411765 0.01568627450980392
9 0.8878676470588235 0.5176470588235293 0.02426470588235294 0.0392156862745098
9 0.8727941176470588 0.5045751633986928 0.027941176470588233 0.03398692810457516
9 0.8658088235294118 0.4771241830065359 0.030147058823529412 0.03660130718954248
9 0.875 0.4915032679738562 0.030882352941176472 0.03660130718954248
9 0.8386029411764706 0.43464052287581695 0.011029411764705881 0.04052287581699346
9 0.7838235294117647 0.34117647058823525 0.026470588235294117 0.03398692810457516
9 0.7908088235294117 0.3607843137254902 0.009558823529411765 0.03660130718954248
9 0.8029411764705883 0.36013071895424836 0.010294117647058823 0.03790849673202614
1 0.04632352941176471 0.9065359477124182 0.027941176470588233 0.06928104575163398
0 0.1764705882352941 0.19215686274509802 0.007352941176470588 0.03398692810457516
0 0.18125 0.1915032679738562 0.008088235294117646 0.0326797385620915
1 0.10882352941176471 0.24901960784313723 0.011764705882352941 0.0326797385620915
9 0.10992647058823529 0.2549019607843137 0.022794117647058822 0.0261437908496732
9 0.9705882352941176 0.657516339869281 0.025 0.06797385620915032
9 0.9882352941176471 0.6633986928104575 0.022058823529411763 0.0718954248366013
1 0.5040441176470588 0.22483660130718952 0.008088235294117646 0.02875816993464052
9 0.5044117647058823 0.2333333333333333 0.007352941176470588 0.027450980392156862
9 0.06139705882352941 0.28823529411764703 0.01838235294117647 0.0326797385620915
0 0.40845588235294117 0.11437908496732026 0.005147058823529412 0.02222222222222222
0 0.4158088235294118 0.11437908496732026 0.005147058823529412 0.02483660130718954
0 0.41875 0.10065359477124182 0.003676470588235294 0.02091503267973856
0 0.42463235294117646 0.09934640522875816 0.005147058823529412 0.02091503267973856
0 0.4209558823529412 0.09346405228758169 0.005147058823529412 0.0196078431372549
1 0.47830882352941173 0.1326797385620915 0.005147058823529412 0.01699346405228758
9 0.4786764705882353 0.13986928104575164 0.007352941176470588 0.02091503267973856
1 0.45294117647058824 0.1065359477124183 0.0058823529411764705 0.0196078431372549
9 0.45294117647058824 0.11503267973856209 0.0058823529411764705 0.01830065359477124
1 0.47316176470588234 0.07450980392156863 0.005147058823529412 0.01568627450980392
9 0.4742647058823529 0.08039215686274509 0.007352941176470588 0.01437908496732026
