0 0.9908088235294118 0.134640522875817 0.015441176470588236 0.04967320261437908
9 0.7283088235294117 0.09477124183006536 0.015441176470588236 0.043137254901960784
1 0.7294117647058823 0.0869281045751634 0.010294117647058823 0.043137254901960784
1 0.9625 0.5398692810457516 0.020588235294117647 0.06013071895424836
3 0.7503676470588235 0.9045751633986927 0.09779411764705882 0.18823529411764706
4 0.569485294117647 0.6464052287581699 0.06985294117647059 0.16339869281045752
3 0.47316176470588234 0.7777777777777777 0.06691176470588235 0.24313725490196078
3 0.3084558823529412 0.4771241830065359 0.05808823529411765 0.15424836601307187
4 0.6011029411764706 0.19673202614379084 0.0375 0.08758169934640522
3 0.4658088235294118 0.056862745098039215 0.03161764705882353 0.06928104575163398
3 0.4117647058823529 0.06143790849673202 0.032352941176470584 0.07581699346405228
3 0.04264705882352941 0.7156862745098038 0.08676470588235294 0.20784313725490194
3 0.16470588235294117 0.41699346405228754 0.06323529411764706 0.12287581699346405
3 0.04632352941176471 0.42156862745098034 0.09264705882352942 0.0849673202614379
4 0.05845588235294118 0.34967320261437906 0.10514705882352941 0.09542483660130718
3 0.03602941176470588 0.23660130718954248 0.07205882352941176 0.07058823529411765
5 0.1838235294117647 0.2901960784313725 0.055882352941176466 0.10980392156862745
3 0.2125 0.21045751633986925 0.047058823529411764 0.07320261437908496
3 0.048161764705882355 0.19346405228758168 0.09044117647058823 0.06274509803921569
2 0.009558823529411765 0.02875816993464052 0.01911764705882353 0.03398692810457516
3 0.07095588235294117 0.14640522875816991 0.08308823529411764 0.0522875816993464
9 0.1161764705882353 0.1241830065359477 0.032352941176470584 0.03660130718954248
3 0.10220588235294117 0.08823529411764705 0.07205882352941176 0.05359477124183006
3 0.22941176470588234 0.13137254901960782 0.04264705882352941 0.07450980392156863
9 0.16580882352941176 0.01568627450980392 0.01838235294117647 0.03398692810457516
9 0.2011029411764706 0.04771241830065359 0.019852941176470587 0.027450980392156862
3 0.21580882352941178 0.06274509803921569 0.07720588235294118 0.054901960784313725
9 0.1764705882352941 0.01241830065359477 0.01911764705882353 0.027450980392156862
9 0.19338235294117648 0.00980392156862745 0.025 0.0196078431372549
