4 0.4823529411764706 0.5424836601307189 0.022058823529411763 0.04967320261437908
3 0.5838235294117647 0.4333333333333333 0.014705882352941176 0.027450980392156862
3 0.37426470588235294 0.5725490196078431 0.032352941176470584 0.047058823529411764
3 0.25441176470588234 0.522875816993464 0.027941176470588233 0.0392156862745098
3 0.32169117647058826 0.7254901960784313 0.0375 0.07581699346405228
3 0.13566176470588234 0.6437908496732025 0.0625 0.04052287581699346
3 0.21029411764705883 0.5901960784313726 0.051470588235294115 0.04052287581699346
3 0.18455882352941178 0.5699346405228758 0.057352941176470586 0.05751633986928104
4 0.16691176470588234 0.615032679738562 0.055882352941176466 0.04836601307189542
3 0.24301470588235294 0.8450980392156863 0.05073529411764706 0.10065359477124182
3 0.2227941176470588 0.9398692810457515 0.06323529411764706 0.11764705882352941
3 0.3 0.9359477124183005 0.051470588235294115 0.12549019607843137
3 0.04522058823529412 0.8405228758169934 0.09044117647058823 0.07058823529411765
5 0.4198529411764706 0.7078431372549019 0.054411764705882354 0.23398692810457514
5 0.7731617647058824 0.41045751633986927 0.03602941176470588 0.07581699346405228
5 0.4514705882352941 0.3111111111111111 0.025 0.06797385620915032
5 0.42316176470588235 0.3183006535947712 0.027205882352941177 0.058823529411764705
5 0.39338235294117646 0.3150326797385621 0.032352941176470584 0.06274509803921569
3 0.8889705882352941 0.5516339869281045 0.026470588235294117 0.03660130718954248
3 0.7172794117647059 0.3810457516339869 0.015441176470588236 0.02222222222222222
3 0.6330882352941176 0.3464052287581699 0.010294117647058823 0.02091503267973856
8 0.7290441176470588 0.3549019607843137 0.02426470588235294 0.04836601307189542
0 0.2875 0.6352941176470588 0.007352941176470588 0.03660130718954248
0 0.17794117647058824 0.7392156862745097 0.010294117647058823 0.05359477124183006
0 0.16801470588235293 0.8830065359477124 0.0125 0.06405228758169934
0 0.3426470588235294 0.8901960784313725 0.014705882352941176 0.05751633986928104
0 0.3492647058823529 0.7169934640522875 0.007352941176470588 0.04836601307189542
3 0.5389705882352941 0.3679738562091503 0.014705882352941176 0.02222222222222222
3 0.5121323529411764 0.34117647058823525 0.0125 0.02091503267973856
3 0.48125 0.33921568627450976 0.0125 0.01699346405228758
3 0.513235294117647 0.3300653594771242 0.010294117647058823 0.01437908496732026
3 0.5150735294117647 0.31895424836601305 0.009558823529411765 0.0130718954248366
3 0.5158088235294117 0.3111111111111111 0.009558823529411765 0.01830065359477124
3 0.4838235294117647 0.32941176470588235 0.010294117647058823 0.01568627450980392
3 0.48419117647058824 0.32091503267973853 0.009558823529411765 0.01437908496732026
3 0.48455882352941176 0.3130718954248366 0.010294117647058823 0.01437908496732026
3 0.4904411764705882 0.3052287581699346 0.010294117647058823 0.01699346405228758
3 0.5161764705882352 0.3026143790849673 0.010294117647058823 0.01437908496732026
3 0.5705882352941176 0.226797385620915 0.007352941176470588 0.011764705882352941
3 0.5966911764705882 0.2045751633986928 0.005147058823529412 0.0065359477124183
3 0.6665441176470588 0.30130718954248364 0.011029411764705881 0.01699346405228758
0 0.6827205882352941 0.43006535947712415 0.006617647058823529 0.02091503267973856
3 0.9102941176470588 0.34967320261437906 0.016176470588235292 0.0196078431372549
3 0.8691176470588236 0.3424836601307189 0.026470588235294117 0.01568627450980392
3 0.9628676470588236 0.3424836601307189 0.019852941176470587 0.01830065359477124
3 0.9547794117647058 0.3379084967320261 0.019852941176470587 0.0196078431372549
5 0.8588235294117647 0.3908496732026144 0.029411764705882353 0.023529411764705882
5 0.8595588235294117 0.37973856209150325 0.047058823529411764 0.04052287581699346
5 0.8488970588235294 0.36666666666666664 0.04632352941176471 0.03006535947712418
5 0.8238970588235294 0.35686274509803917 0.03455882352941177 0.023529411764705882
3 0.8268382352941176 0.3627450980392157 0.022794117647058822 0.0196078431372549
3 0.7930147058823529 0.3379084967320261 0.022794117647058822 0.0196078431372549
3 0.7845588235294118 0.330718954248366 0.022058823529411763 0.01568627450980392
3 0.7797794117647059 0.32745098039215687 0.022794117647058822 0.01437908496732026
5 0.9448529411764706 0.32614379084967315 0.045588235294117645 0.027450980392156862
0 0.17794117647058824 0.6555555555555556 0.011764705882352941 0.043137254901960784
0 0.18970588235294117 0.6464052287581699 0.011764705882352941 0.043137254901960784
0 0.18566176470588236 0.6529411764705881 0.009558823529411765 0.043137254901960784
0 0.21286764705882352 0.8999999999999999 0.0125 0.06143790849673202
0 0.21176470588235294 0.8653594771241829 0.010294117647058823 0.054901960784313725
0 0.21801470588235294 0.8633986928104574 0.0125 0.058823529411764705
0 0.23676470588235293 0.8771241830065359 0.010294117647058823 0.0522875816993464
0 0.21875 0.8875816993464052 0.011029411764705881 0.05751633986928104
0 0.1988970588235294 0.8758169934640522 0.013970588235294117 0.07581699346405228
