3 0.28713235294117645 0.9078431372549018 0.0801470588235294 0.18169934640522875
3 0.4275735294117647 0.1477124183006536 0.028676470588235293 0.06274509803921569
3 0.4716911764705882 0.04771241830065359 0.027205882352941177 0.03529411764705882
4 0.5235294117647059 0.13137254901960782 0.022058823529411763 0.058823529411764705
5 0.6654411764705882 0.44509803921568625 0.06911764705882353 0.1477124183006536
5 0.8775735294117647 0.46928104575163393 0.12279411764705882 0.1830065359477124
0 0.8974264705882353 0.6071895424836601 0.022794117647058822 0.07712418300653594
0 0.8371323529411765 0.4915032679738562 0.022794117647058822 0.06797385620915032
0 0.7275735294117647 0.07777777777777778 0.011029411764705881 0.03529411764705882
0 0.7536764705882353 0.02418300653594771 0.010294117647058823 0.03529411764705882
1 0.8069852941176471 0.596078431372549 0.019852941176470587 0.054901960784313725
9 0.8073529411764706 0.6104575163398692 0.01911764705882353 0.06797385620915032
5 0.6908088235294118 0.1764705882352941 0.04485294117647059 0.06013071895424836
3 0.4970588235294118 0.01241830065359477 0.020588235294117647 0.027450980392156862
1 0.6459558823529412 0.1503267973856209 0.009558823529411765 0.0261437908496732
1 0.6459558823529412 0.1588235294117647 0.008088235294117646 0.02222222222222222
9 0.64375 0.15947712418300652 0.013970588235294117 0.03137254901960784
3 0.18161764705882352 0.34509803921568627 0.051470588235294115 0.09411764705882353
4 0.03161764705882353 0.3503267973856209 0.06323529411764706 0.07320261437908496
3 0.04044117647058824 0.3176470588235294 0.08235294117647059 0.04967320261437908
3 0.058823529411764705 0.28104575163398693 0.08823529411764705 0.06013071895424836
3 0.07242647058823529 0.2457516339869281 0.09485294117647058 0.05751633986928104
3 0.08676470588235294 0.2196078431372549 0.08235294117647059 0.04967320261437908
3 0.11286764705882353 0.18562091503267972 0.08308823529411764 0.054901960784313725
9 0.19264705882352942 0.18235294117647058 0.029411764705882353 0.03529411764705882
0 0.0625 0.17450980392156862 0.013235294117647059 0.0457516339869281
0 0.0801470588235294 0.17843137254901958 0.007352941176470588 0.02222222222222222
0 0.07977941176470588 0.165359477124183 0.0125 0.0326797385620915
4 0.047058823529411764 0.10522875816993463 0.057352941176470586 0.050980392156862744
3 0.20330882352941176 0.12091503267973855 0.05220588235294118 0.043137254901960784
3 0.2742647058823529 0.04183006535947712 0.025 0.04444444444444444
3 0.15294117647058825 0.10130718954248365 0.061764705882352944 0.0457516339869281
3 0.16066176470588234 0.08104575163398692 0.0625 0.047058823529411764
3 0.18345588235294116 0.0457516339869281 0.04485294117647059 0.03660130718954248
3 0.12426470588235294 0.01241830065359477 0.054411764705882354 0.027450980392156862
9 0.07169117647058823 0.07320261437908496 0.025735294117647058 0.0261437908496732
3 0.3044117647058823 0.00849673202614379 0.032352941176470584 0.01699346405228758
0 0.9014705882352941 0.937908496732026 0.026470588235294117 0.08758169934640522
