3 0.06654411764705882 0.1830065359477124 0.0375 0.03137254901960784
3 0.10110294117647059 0.11045751633986928 0.025735294117647058 0.07450980392156863
3 0.2400735294117647 0.18235294117647058 0.025735294117647058 0.06928104575163398
3 0.3165441176470588 0.13594771241830064 0.022794117647058822 0.06797385620915032
3 0.14816176470588235 0.5104575163398692 0.04779411764705882 0.03529411764705882
3 0.175 0.6418300653594771 0.025 0.07581699346405228
3 0.10110294117647059 0.5732026143790849 0.04338235294117647 0.03790849673202614
3 0.1161764705882353 0.5366013071895425 0.04264705882352941 0.03790849673202614
3 0.34705882352941175 0.6313725490196078 0.022058823529411763 0.08104575163398692
3 0.3492647058823529 0.41764705882352937 0.020588235294117647 0.06928104575163398
3 0.38786764705882354 0.292156862745098 0.021323529411764706 0.07712418300653594
3 0.3889705882352941 0.3732026143790849 0.01764705882352941 0.06928104575163398
3 0.3900735294117647 0.13790849673202613 0.021323529411764706 0.06928104575163398
3 0.4650735294117647 0.01895424836601307 0.015441176470588236 0.04052287581699346
3 0.4617647058823529 0.13594771241830064 0.016176470588235292 0.06797385620915032
3 0.4948529411764706 0.11568627450980391 0.01764705882352941 0.0718954248366013
3 0.45845588235294116 0.31633986928104574 0.019852941176470587 0.06797385620915032
3 0.4904411764705882 0.28169934640522876 0.01764705882352941 0.06928104575163398
3 0.49227941176470585 0.36928104575163395 0.019852941176470587 0.0718954248366013
3 0.46691176470588236 0.42745098039215684 0.01764705882352941 0.07058823529411765
3 0.4948529411764706 0.5032679738562091 0.01764705882352941 0.07058823529411765
3 0.47058823529411764 0.5359477124183006 0.01764705882352941 0.07058823529411765
3 0.4650735294117647 0.692156862745098 0.016911764705882352 0.07450980392156863
3 0.4930147058823529 0.6993464052287581 0.016911764705882352 0.07581699346405228
3 0.4650735294117647 0.818954248366013 0.01838235294117647 0.0718954248366013
3 0.4915441176470588 0.8287581699346405 0.019852941176470587 0.07058823529411765
3 0.5275735294117647 0.9614379084967319 0.01838235294117647 0.07450980392156863
3 0.4959558823529412 0.9836601307189542 0.016911764705882352 0.03006535947712418
3 0.5683823529411764 0.8973856209150326 0.01764705882352941 0.06928104575163398
3 0.6665441176470588 0.5816993464052287 0.03455882352941177 0.06797385620915032
3 0.6279411764705882 0.3836601307189542 0.023529411764705882 0.0718954248366013
3 0.6341911764705882 0.22549019607843135 0.028676470588235293 0.04836601307189542
4 0.6341911764705882 0.27777777777777773 0.030147058823529412 0.05620915032679738
3 0.7783088235294118 0.6418300653594771 0.0375 0.03660130718954248
3 0.856985294117647 0.7241830065359477 0.0375 0.0392156862745098
3 0.8136029411764706 0.7326797385620915 0.04191176470588235 0.0457516339869281
4 0.944485294117647 0.7241830065359477 0.0375 0.03398692810457516
3 0.8875 0.19673202614379084 0.020588235294117647 0.06928104575163398
4 0.8389705882352941 0.22156862745098038 0.033823529411764704 0.0326797385620915
3 0.8378676470588236 0.2620915032679738 0.03455882352941177 0.03790849673202614
4 0.8345588235294118 0.296078431372549 0.032352941176470584 0.0326797385620915
3 0.8341911764705883 0.32941176470588235 0.03308823529411765 0.02875816993464052
3 0.8363970588235294 0.3660130718954248 0.030147058823529412 0.02875816993464052
3 0.7209558823529412 0.5124183006535947 0.0375 0.03660130718954248
3 0.7827205882352941 0.5261437908496732 0.04044117647058824 0.0326797385620915
4 0.9441176470588235 0.5124183006535947 0.033823529411764704 0.03660130718954248
3 0.9433823529411764 0.4738562091503268 0.039705882352941174 0.03790849673202614
3 0.9452205882352941 0.43464052287581695 0.04044117647058824 0.03529411764705882
4 0.9522058823529411 0.4026143790849673 0.03529411764705882 0.03398692810457516
5 0.16691176470588234 0.06339869281045751 0.01764705882352941 0.0457516339869281
3 0.9529411764705882 0.28888888888888886 0.039705882352941174 0.03398692810457516
3 0.9463235294117647 0.21437908496732025 0.039705882352941174 0.0392156862745098
3 0.9470588235294117 0.17777777777777776 0.039705882352941174 0.03660130718954248
6 0.9033088235294118 0.7300653594771241 0.019852941176470587 0.027450980392156862
