3 0.7308823529411764 0.9673202614379084 0.06764705882352941 0.06274509803921569
4 0.5801470588235293 0.8281045751633986 0.029411764705882353 0.0849673202614379
3 0.5044117647058823 0.9150326797385621 0.03529411764705882 0.12026143790849672
3 0.5595588235294118 0.6418300653594771 0.022058823529411763 0.06274509803921569
3 0.6327205882352941 0.3830065359477124 0.03308823529411765 0.03137254901960784
3 0.6253676470588235 0.31699346405228757 0.03602941176470588 0.027450980392156862
3 0.6058823529411764 0.29281045751633983 0.027941176470588233 0.02091503267973856
4 0.3220588235294118 0.9758169934640523 0.075 0.0457516339869281
3 0.3341911764705882 0.9104575163398693 0.0801470588235294 0.06405228758169934
3 0.3636029411764706 0.7869281045751634 0.0625 0.06274509803921569
3 0.4345588235294118 0.730718954248366 0.032352941176470584 0.09673202614379084
6 0.4455882352941176 0.6464052287581699 0.025 0.058823529411764705
3 0.4834558823529412 0.7496732026143791 0.025735294117647058 0.09019607843137255
3 0.40588235294117647 0.5718954248366013 0.047058823529411764 0.03529411764705882
3 0.4073529411764706 0.5411764705882353 0.044117647058823525 0.03398692810457516
3 0.5183823529411765 0.6692810457516339 0.025 0.08104575163398692
3 0.4878676470588235 0.6313725490196078 0.02426470588235294 0.07320261437908496
3 0.49080882352941174 0.5431372549019607 0.019852941176470587 0.058823529411764705
3 0.5231617647058824 0.5777777777777777 0.022794117647058822 0.07058823529411765
3 0.5136029411764705 0.39673202614379083 0.019852941176470587 0.043137254901960784
3 0.5580882352941177 0.4620915032679738 0.01764705882352941 0.043137254901960784
0 0.45294117647058824 0.21830065359477122 0.0029411764705882353 0.023529411764705882
3 0.4591911764705882 0.2915032679738562 0.03161764705882353 0.023529411764705882
3 0.4636029411764706 0.2679738562091503 0.03455882352941177 0.0261437908496732
3 0.4650735294117647 0.2503267973856209 0.03455882352941177 0.0196078431372549
3 0.4985294117647059 0.3052287581699346 0.022058823529411763 0.04052287581699346
6 0.5577205882352941 0.37124183006535943 0.011029411764705881 0.02875816993464052
1 0.55625 0.36405228758169933 0.006617647058823529 0.02222222222222222
3 0.6481617647058824 0.15816993464052287 0.015441176470588236 0.02091503267973856
3 0.6198529411764706 0.1503267973856209 0.022058823529411763 0.02091503267973856
0 0.5731617647058823 0.05947712418300653 0.0022058823529411764 0.01437908496732026
3 0.5227941176470589 0.08562091503267973 0.008823529411764706 0.0196078431372549
3 0.5841911764705883 0.22352941176470587 0.013970588235294117 0.02091503267973856
3 0.5323529411764706 0.12745098039215685 0.010294117647058823 0.02222222222222222
3 0.5415441176470588 0.1196078431372549 0.006617647058823529 0.0196078431372549
3 0.5389705882352941 0.08627450980392157 0.010294117647058823 0.01568627450980392
0 0.5400735294117647 0.10261437908496732 0.003676470588235294 0.0196078431372549
3 0.5349264705882353 0.1065359477124183 0.009558823529411765 0.02222222222222222
3 0.5988970588235294 0.12679738562091503 0.019852941176470587 0.0130718954248366
3 0.5985294117647059 0.11633986928104574 0.022058823529411763 0.0130718954248366
3 0.5948529411764706 0.11045751633986928 0.020588235294117647 0.01699346405228758
6 0.5834558823529412 0.13398692810457516 0.005147058823529412 0.01437908496732026
3 0.5569852941176471 0.25359477124183005 0.0125 0.023529411764705882
3 0.5595588235294118 0.28104575163398693 0.014705882352941176 0.0261437908496732
9 0.5889705882352941 0.3732026143790849 0.004411764705882353 0.02483660130718954
1 0.5889705882352941 0.3679738562091503 0.0058823529411764705 0.02222222222222222
9 0.5775735294117647 0.33202614379084966 0.005147058823529412 0.01830065359477124
1 0.5775735294117647 0.3281045751633987 0.005147058823529412 0.02091503267973856
