3 0.6677083333333333 0.850462962962963 0.0625 0.11574074074074074
3 0.5072916666666667 0.8726851851851852 0.051041666666666666 0.11944444444444445
3 0.41171874999999997 0.8435185185185186 0.0421875 0.10740740740740741
3 0.22421875 0.8745370370370371 0.0640625 0.1287037037037037
3 0.07916666666666666 0.7810185185185186 0.07708333333333334 0.11018518518518519
3 0.1921875 0.6074074074074074 0.04479166666666667 0.06666666666666667
3 0.23906249999999998 0.6842592592592592 0.05 0.08703703703703704
3 0.29921875 0.6657407407407407 0.0453125 0.08148148148148149
3 0.3216145833333333 0.7731481481481481 0.0515625 0.10740740740740741
3 0.346875 0.6847222222222222 0.046875 0.09351851851851853
3 0.4278645833333333 0.6532407407407408 0.0359375 0.06574074074074074
3 0.5317708333333333 0.6138888888888889 0.03333333333333333 0.05555555555555556
3 0.3697916666666667 0.6037037037037037 0.035416666666666666 0.06666666666666667
3 0.26979166666666665 0.47962962962962963 0.03333333333333333 0.05
3 0.3140625 0.5162037037037037 0.030208333333333334 0.05462962962962963
4 0.3546875 0.5069444444444444 0.030208333333333334 0.062037037037037036
3 0.3765625 0.5546296296296297 0.030208333333333334 0.053703703703703705
3 0.3924479166666667 0.5157407407407407 0.027604166666666666 0.04814814814814815
3 0.44921875 0.5282407407407408 0.025520833333333333 0.049074074074074076
3 0.48671875 0.5305555555555556 0.0265625 0.044444444444444446
3 0.5260416666666666 0.5083333333333333 0.029166666666666667 0.04814814814814815
3 0.5635416666666666 0.5203703703703704 0.028125 0.0462962962962963
3 0.47682291666666665 0.46296296296296297 0.021354166666666667 0.04259259259259259
3 0.5072916666666667 0.44583333333333336 0.022916666666666665 0.03425925925925926
3 0.53046875 0.40601851851851856 0.019270833333333334 0.030555555555555558
3 0.3028645833333333 0.4398148148148148 0.0265625 0.03888888888888889
3 0.33177083333333335 0.4287037037037037 0.02395833333333333 0.037037037037037035
3 0.3765625 0.44907407407407407 0.02395833333333333 0.04259259259259259
3 0.46249999999999997 0.3944444444444445 0.015625 0.02962962962962963
3 0.48671875 0.3851851851851852 0.0171875 0.02777777777777778
3 0.51171875 0.38333333333333336 0.0171875 0.02962962962962963
3 0.4653645833333333 0.3523148148148148 0.0171875 0.030555555555555558
3 0.5083333333333333 0.35324074074074074 0.014583333333333334 0.02314814814814815
1 0.5734375 0.46296296296296297 0.009375 0.031481481481481485
2 0.5736979166666667 0.46805555555555556 0.0067708333333333336 0.026851851851851852
3 0.3559895833333333 0.3791666666666667 0.019270833333333334 0.03425925925925926
4 0.37213541666666666 0.3907407407407408 0.018229166666666668 0.040740740740740744
3 0.3734375 0.34305555555555556 0.014583333333333334 0.028703703703703703
3 0.3880208333333333 0.35879629629629634 0.017708333333333333 0.026851851851851852
3 0.4067708333333333 0.36342592592592593 0.017708333333333333 0.030555555555555558
3 0.3911458333333333 0.40555555555555556 0.019791666666666666 0.044444444444444446
3 0.4015625 0.47361111111111115 0.022916666666666665 0.04351851851851852
3 0.41041666666666665 0.4462962962962963 0.022916666666666665 0.03518518518518519
3 0.4161458333333333 0.41805555555555557 0.020833333333333332 0.030555555555555558
3 0.42161458333333335 0.40092592592592596 0.01614583333333333 0.02962962962962963
3 0.42421875 0.3805555555555556 0.019270833333333334 0.02592592592592593
3 0.4315104166666667 0.3666666666666667 0.015104166666666667 0.02592592592592593
3 0.4341145833333333 0.3541666666666667 0.013020833333333334 0.021296296296296296
3 0.4375 0.34351851851851856 0.0125 0.024074074074074074
0 0.6033854166666667 0.5194444444444445 0.008854166666666666 0.044444444444444446
1 0.57734375 0.4902777777777778 0.0067708333333333336 0.025
2 0.57734375 0.49722222222222223 0.0078125 0.02777777777777778
3 0.9471354166666667 0.9027777777777778 0.1046875 0.0962962962962963
3 0.90859375 0.7990740740740742 0.0984375 0.07222222222222223
3 0.8591145833333333 0.7240740740740741 0.09635416666666667 0.06851851851851852
3 0.8322916666666667 0.6875 0.08333333333333333 0.06574074074074074
3 0.8161458333333333 0.6583333333333333 0.07916666666666666 0.053703703703703705
3 0.80546875 0.6319444444444444 0.0671875 0.05277777777777778
3 0.7234375 0.5171296296296296 0.06041666666666667 0.04351851851851852
3 0.7216145833333333 0.5013888888888889 0.057812499999999996 0.032407407407407406
3 0.7083333333333334 0.48379629629629634 0.053125 0.032407407407407406
3 0.69296875 0.47222222222222227 0.05260416666666667 0.03518518518518519
3 0.6854166666666667 0.46435185185185185 0.051041666666666666 0.028703703703703703
3 0.6848958333333334 0.44351851851851853 0.046875 0.02777777777777778
3 0.671875 0.4337962962962963 0.040625 0.026851851851851852
3 0.6671875 0.4273148148148148 0.04375 0.02314814814814815
3 0.6609375 0.41712962962962963 0.03854166666666667 0.025
4 0.6541666666666667 0.4083333333333333 0.0375 0.02962962962962963
4 0.6341145833333334 0.39305555555555555 0.025520833333333333 0.036111111111111115
3 0.7296875 0.4314814814814815 0.03125 0.037037037037037035
3 0.75546875 0.4564814814814815 0.0390625 0.04259259259259259
3 0.05859375 0.48888888888888893 0.0609375 0.044444444444444446
3 0.23229166666666667 0.4236111111111111 0.029166666666666667 0.04166666666666667
3 0.3140625 0.3541666666666667 0.030208333333333334 0.028703703703703703
3 0.3260416666666667 0.3476851851851852 0.026041666666666668 0.026851851851851852
4 0.32916666666666666 0.33564814814814814 0.029166666666666667 0.030555555555555558
3 0.33541666666666664 0.3375 0.02395833333333333 0.025
3 0.3416666666666667 0.32962962962962966 0.019791666666666666 0.022222222222222223
3 0.35052083333333334 0.3199074074074074 0.019791666666666666 0.021296296296296296
4 0.3515625 0.3106481481481482 0.029166666666666667 0.021296296296296296
3 0.48671875 0.3402777777777778 0.013020833333333334 0.026851851851851852
3 0.5059895833333333 0.33101851851851855 0.0140625 0.02314814814814815
3 0.47031249999999997 0.32453703703703707 0.013541666666666667 0.019444444444444445
3 0.47239583333333335 0.2990740740740741 0.011458333333333333 0.018518518518518517
3 0.48723958333333334 0.3060185185185185 0.0109375 0.019444444444444445
3 0.5122395833333333 0.3143518518518519 0.011979166666666666 0.021296296296296296
3 0.5028645833333333 0.2972222222222222 0.0109375 0.018518518518518517
8 0.5229166666666667 0.26712962962962966 0.016666666666666666 0.03425925925925926
8 0.5171875 0.25601851851851853 0.0125 0.032407407407407406
4 0.5028645833333333 0.2796296296296296 0.009895833333333333 0.020370370370370372
3 0.4747395833333333 0.28055555555555556 0.0109375 0.014814814814814815
3 0.48723958333333334 0.28750000000000003 0.011979166666666666 0.019444444444444445
3 0.4908854166666667 0.26990740740740743 0.009895833333333333 0.01388888888888889
3 0.49114583333333334 0.25462962962962965 0.009375 0.012962962962962964
3 0.4765625 0.2675925925925926 0.009375 0.012962962962962964
3 0.4765625 0.25925925925925924 0.008333333333333333 0.011111111111111112
8 0.4328125 0.2555555555555556 0.017708333333333333 0.03333333333333333
3 0.4028645833333333 0.32453703703703707 0.0140625 0.02314814814814815
4 0.42552083333333335 0.32731481481481484 0.013541666666666667 0.028703703703703703
3 0.4161458333333333 0.2935185185185185 0.010416666666666666 0.020370370370370372
3 0.44609375 0.32222222222222224 0.011979166666666666 0.024074074074074074
4 0.4458333333333333 0.3125 0.011458333333333333 0.019444444444444445
3 0.4309895833333333 0.2967592592592593 0.013020833333333334 0.02314814814814815
3 0.42109375 0.2814814814814815 0.0109375 0.016666666666666666
3 0.42291666666666666 0.31574074074074077 0.011458333333333333 0.020370370370370372
3 0.39739583333333334 0.30694444444444446 0.013541666666666667 0.021296296296296296
3 0.44921875 0.2800925925925926 0.011979166666666666 0.017592592592592594
3 0.43671875 0.28750000000000003 0.0109375 0.017592592592592594
3 0.3854166666666667 0.3023148148148148 0.015625 0.021296296296296296
3 0.45286458333333335 0.26944444444444443 0.0109375 0.014814814814814815
3 0.4479166666666667 0.26481481481481484 0.010416666666666666 0.014814814814814815
3 0.32734375 0.25462962962962965 0.018229166666666668 0.014814814814814815
3 0.34088541666666666 0.2611111111111111 0.015104166666666667 0.018518518518518517
3 0.3533854166666667 0.2537037037037037 0.013020833333333334 0.014814814814814815
0 0.020572916666666666 0.5527777777777778 0.009895833333333333 0.03888888888888889
0 0.035416666666666666 0.5277777777777778 0.011458333333333333 0.037037037037037035
0 0.06484375 0.549537037037037 0.008854166666666666 0.04351851851851852
0 0.06848958333333333 0.5027777777777778 0.009895833333333333 0.03888888888888889
1 0.018489583333333334 0.5069444444444444 0.009895833333333333 0.021296296296296296
0 0.09609375 0.5115740740740741 0.008854166666666666 0.03981481481481482
0 0.10286458333333333 0.5101851851851852 0.0078125 0.04259259259259259
0 0.10052083333333334 0.46574074074074073 0.007291666666666667 0.031481481481481485
1 0.12604166666666666 0.4777777777777778 0.00625 0.024074074074074074
0 0.0796875 0.4569444444444445 0.007291666666666667 0.025
2 0.08229166666666667 0.4652777777777778 0.014583333333333334 0.019444444444444445
0 0.18723958333333332 0.44074074074074077 0.0067708333333333336 0.031481481481481485
0 0.19296875 0.43842592592592594 0.0078125 0.030555555555555558
0 0.19036458333333334 0.4138888888888889 0.005729166666666666 0.02592592592592593
0 0.19661458333333334 0.412962962962963 0.005729166666666666 0.02592592592592593
0 0.21666666666666667 0.3888888888888889 0.005208333333333333 0.02777777777777778
0 0.22734374999999998 0.375462962962963 0.005729166666666666 0.021296296296296296
0 0.24244791666666665 0.3791666666666667 0.0067708333333333336 0.025
0 0.2515625 0.37824074074074077 0.005208333333333333 0.025
0 0.2565104166666667 0.36203703703703705 0.005729166666666666 0.022222222222222223
0 0.24348958333333334 0.32731481481481484 0.005729166666666666 0.021296296296296296
0 0.2739583333333333 0.33425925925925926 0.004166666666666667 0.018518518518518517
0 0.20911458333333333 0.5115740740740741 0.005729166666666666 0.03425925925925926
1 0.16276041666666666 0.5143518518518518 0.009895833333333333 0.028703703703703703
9 0.16302083333333334 0.525 0.011458333333333333 0.02777777777777778
1 0.19713541666666667 0.4652777777777778 0.0067708333333333336 0.025
2 0.19791666666666666 0.4759259259259259 0.00625 0.018518518518518517
0 0.221875 0.3893518518518519 0.00625 0.02314814814814815
0 0.22109375 0.3787037037037037 0.005729166666666666 0.022222222222222223
0 0.24973958333333332 0.32592592592592595 0.0046875 0.020370370370370372
0 0.25234375 0.32685185185185184 0.0046875 0.018518518518518517
0 0.2559895833333333 0.3180555555555556 0.0046875 0.021296296296296296
1 0.8877604166666666 0.9435185185185185 0.019270833333333334 0.04814814814814815
0 0.9317708333333333 0.9800925925925926 0.019791666666666666 0.03796296296296296
0 0.9546875 0.9847222222222223 0.016666666666666666 0.028703703703703703
9 0.8510416666666667 0.8638888888888889 0.020833333333333332 0.061111111111111116
1 0.7955729166666666 0.7712962962962964 0.011979166666666666 0.04259259259259259
2 0.7940104166666666 0.7898148148148149 0.008854166666666666 0.040740740740740744
2 0.72734375 0.6185185185185186 0.013020833333333334 0.03888888888888889
0 0.8341145833333333 0.5310185185185186 0.0078125 0.036111111111111115
0 0.8429687499999999 0.5305555555555556 0.0067708333333333336 0.037037037037037035
0 0.7783854166666666 0.45092592592592595 0.0078125 0.031481481481481485
0 0.78671875 0.45416666666666666 0.0067708333333333336 0.032407407407407406
1 0.6666666666666666 0.5560185185185186 0.008333333333333333 0.021296296296296296
2 0.6666666666666666 0.5680555555555555 0.007291666666666667 0.032407407407407406
2 0.6875 0.5712962962962963 0.009375 0.024074074074074074
1 0.6872395833333333 0.5555555555555556 0.009895833333333333 0.022222222222222223
0 0.6328125 0.4388888888888889 0.007291666666666667 0.02777777777777778
1 0.6330729166666667 0.48703703703703705 0.0067708333333333336 0.031481481481481485
2 0.6317708333333333 0.4953703703703704 0.00625 0.02592592592592593
2 0.64609375 0.5180555555555556 0.0078125 0.021296296296296296
1 0.6471354166666666 0.5083333333333333 0.005729166666666666 0.02777777777777778
1 0.6122395833333333 0.42824074074074076 0.0046875 0.02314814814814815
2 0.6122395833333333 0.4337962962962963 0.0046875 0.017592592592592594
1 0.6171875 0.44537037037037036 0.00625 0.020370370370370372
2 0.6161458333333333 0.45601851851851855 0.004166666666666667 0.019444444444444445
0 0.9572916666666667 0.6518518518518519 0.011458333333333333 0.05
1 0.02395833333333333 0.5935185185185186 0.0125 0.03888888888888889
9 0.022916666666666665 0.6013888888888889 0.011458333333333333 0.032407407407407406
9 0.014322916666666666 0.6398148148148148 0.028645833333333332 0.02962962962962963
0 0.6059895833333333 0.39305555555555555 0.0046875 0.02314814814814815
0 0.6109375 0.3699074074074074 0.004166666666666667 0.021296296296296296
0 0.6010416666666667 0.3699074074074074 0.005208333333333333 0.025
1 0.5908854166666666 0.3995370370370371 0.0046875 0.021296296296296296
2 0.5903645833333333 0.40555555555555556 0.0046875 0.020370370370370372
0 0.60234375 0.3388888888888889 0.0046875 0.018518518518518517
0 0.6041666666666666 0.33333333333333337 0.004166666666666667 0.016666666666666666
1 0.5916666666666667 0.3680555555555556 0.005208333333333333 0.01388888888888889
9 0.5916666666666667 0.3763888888888889 0.004166666666666667 0.01388888888888889
0 0.58984375 0.33333333333333337 0.0036458333333333334 0.022222222222222223
1 0.5953125 0.3300925925925926 0.004166666666666667 0.012037037037037037
9 0.59609375 0.337037037037037 0.0036458333333333334 0.011111111111111112
9 0.5934895833333333 0.34814814814814815 0.0046875 0.011111111111111112
1 0.5921875 0.34120370370370373 0.00625 0.01388888888888889
1 0.5497395833333333 0.3736111111111111 0.0046875 0.017592592592592594
1 0.5403645833333334 0.3712962962962963 0.0046875 0.014814814814814815
2 0.5403645833333334 0.38101851851851853 0.0036458333333333334 0.01388888888888889
2 0.55 0.38101851851851853 0.003125 0.01388888888888889
0 0.55234375 0.34120370370370373 0.0046875 0.021296296296296296
0 0.5635416666666666 0.3375 0.004166666666666667 0.021296296296296296
2 0.55859375 0.33981481481481485 0.009895833333333333 0.014814814814814815
1 0.5515625 0.35462962962962963 0.005208333333333333 0.014814814814814815
9 0.5515625 0.3597222222222222 0.004166666666666667 0.012037037037037037
0 0.5708333333333333 0.33055555555555555 0.003125 0.018518518518518517
0 0.5747395833333333 0.33055555555555555 0.0036458333333333334 0.018518518518518517
0 0.5796875 0.33055555555555555 0.004166666666666667 0.020370370370370372
1 0.57109375 0.34305555555555556 0.0046875 0.015740740740740743
2 0.5716145833333334 0.34953703703703703 0.008854166666666666 0.01388888888888889
9 0.5747395833333333 0.3425925925925926 0.008854166666666666 0.014814814814814815
0 0.5729166666666666 0.31527777777777777 0.003125 0.015740740740740743
0 0.5752604166666666 0.3148148148148148 0.0036458333333333334 0.016666666666666666
9 0.7322916666666667 0.3995370370370371 0.016666666666666666 0.019444444444444445
0 0.7497395833333333 0.41944444444444445 0.0067708333333333336 0.02777777777777778
0 0.7541666666666667 0.4291666666666667 0.005208333333333333 0.025
1 0.6671875 0.3861111111111111 0.007291666666666667 0.018518518518518517
2 0.6666666666666666 0.3944444444444445 0.011458333333333333 0.018518518518518517
0 0.6859375 0.38842592592592595 0.005208333333333333 0.025
0 0.6822916666666666 0.3893518518518519 0.005208333333333333 0.02314814814814815
0 0.6747395833333333 0.40370370370370373 0.0046875 0.020370370370370372
0 0.6778645833333333 0.3995370370370371 0.005729166666666666 0.026851851851851852
0 0.7447916666666666 0.9069444444444444 0.016666666666666666 0.075
0 0.7471354166666666 0.9236111111111112 0.0140625 0.075
0 0.7716145833333333 0.9689814814814816 0.0171875 0.06018518518518519
0 0.7934895833333333 0.9638888888888889 0.019270833333333334 0.06851851851851852
0 0.1265625 0.513888888888889 0.008333333333333333 0.02777777777777778
0 0.08723958333333333 0.40555555555555556 0.0078125 0.02962962962962963
0 0.09973958333333333 0.4041666666666667 0.0078125 0.026851851851851852
0 0.26901041666666664 0.30648148148148147 0.0036458333333333334 0.018518518518518517
0 0.27239583333333334 0.3055555555555556 0.004166666666666667 0.020370370370370372
0 0.2786458333333333 0.3027777777777778 0.004166666666666667 0.020370370370370372
0 0.28489583333333335 0.33101851851851855 0.004166666666666667 0.019444444444444445
0 0.28046875 0.33055555555555555 0.0046875 0.020370370370370372
0 0.29973958333333334 0.2814814814814815 0.0046875 0.016666666666666666
0 0.2828125 0.3037037037037037 0.004166666666666667 0.018518518518518517
0 0.28541666666666665 0.3013888888888889 0.004166666666666667 0.019444444444444445
1 0.28854166666666664 0.2967592592592593 0.004166666666666667 0.012037037037037037
0 0.3140625 0.27685185185185185 0.003125 0.012962962962962964
0 0.3109375 0.2777777777777778 0.004166666666666667 0.012962962962962964
0 0.3046875 0.3106481481481482 0.004166666666666667 0.019444444444444445
0 0.31223958333333335 0.3143518518518519 0.0036458333333333334 0.015740740740740743
0 0.3072916666666667 0.31203703703703706 0.003125 0.018518518518518517
0 0.3229166666666667 0.3111111111111111 0.004166666666666667 0.016666666666666666
0 0.31354166666666666 0.2990740740740741 0.005208333333333333 0.016666666666666666
0 0.3255208333333333 0.28611111111111115 0.003125 0.016666666666666666
0 0.33229166666666665 0.31157407407407406 0.004166666666666667 0.015740740740740743
0 0.32916666666666666 0.31203703703703706 0.004166666666666667 0.014814814814814815
0 0.3536458333333333 0.29305555555555557 0.004166666666666667 0.01388888888888889
0 0.3658854166666667 0.2935185185185185 0.0036458333333333334 0.014814814814814815
0 0.36432291666666666 0.2726851851851852 0.0036458333333333334 0.017592592592592594
0 0.3815104166666667 0.2351851851851852 0.0036458333333333334 0.012962962962962964
0 0.3609375 0.2833333333333333 0.003125 0.012962962962962964
0 0.3578125 0.2939814814814815 0.003125 0.01388888888888889
