3 0.9088235294117647 0.9627450980392156 0.15 0.0718954248366013
3 0.8720588235294118 0.8947712418300653 0.13970588235294118 0.09803921568627451
1 0.5625 0.7464052287581698 0.016176470588235292 0.047058823529411764
9 0.5617647058823529 0.7640522875816993 0.01764705882352941 0.06666666666666667
3 0.35110294117647056 0.7601307189542483 0.07720588235294118 0.14509803921568626
7 0.3363970588235294 0.6660130718954248 0.05955882352941176 0.06143790849673202
7 0.3422794117647059 0.6359477124183006 0.06544117647058824 0.06666666666666667
9 0.16213235294117648 0.7980392156862745 0.05955882352941176 0.05620915032679738
3 0.3588235294117647 0.5849673202614378 0.09705882352941177 0.07450980392156863
9 0.25845588235294115 0.4738562091503268 0.03308823529411765 0.03790849673202614
4 0.3650735294117647 0.496078431372549 0.07426470588235294 0.09542483660130718
0 0.2878676470588235 0.45359477124183 0.013970588235294117 0.0522875816993464
0 0.3154411764705882 0.44313725490196076 0.013235294117647059 0.04967320261437908
9 0.2963235294117647 0.3856209150326797 0.029411764705882353 0.03398692810457516
3 0.3625 0.3522875816993464 0.07058823529411765 0.06405228758169934
3 0.39595588235294116 0.2973856209150327 0.025735294117647058 0.058823529411764705
9 0.7209558823529412 0.49281045751633984 0.0375 0.04183006535947712
9 0.7231617647058823 0.46732026143790845 0.01838235294117647 0.03529411764705882
0 0.6915441176470588 0.43267973856209146 0.006617647058823529 0.04183006535947712
0 0.6900735294117647 0.4156862745098039 0.009558823529411765 0.0392156862745098
9 0.6922794117647059 0.42222222222222217 0.019852941176470587 0.0392156862745098
6 0.6786764705882353 0.44052287581699345 0.027941176470588233 0.07581699346405228
0 0.6290441176470588 0.39215686274509803 0.011029411764705881 0.04967320261437908
0 0.6198529411764706 0.3908496732026144 0.010294117647058823 0.04444444444444444
0 0.5963235294117647 0.3398692810457516 0.008823529411764706 0.04183006535947712
9 0.6702205882352941 0.330718954248366 0.02426470588235294 0.02875816993464052
0 0.6643382352941176 0.3202614379084967 0.009558823529411765 0.03660130718954248
0 0.6566176470588235 0.32156862745098036 0.007352941176470588 0.0392156862745098
9 0.6639705882352941 0.29084967320261434 0.022058823529411763 0.02222222222222222
9 0.6628676470588235 0.28104575163398693 0.019852941176470587 0.023529411764705882
9 0.6209558823529412 0.19934640522875816 0.016911764705882352 0.02222222222222222
9 0.6128676470588236 0.14052287581699346 0.0125 0.02222222222222222
2 0.61875 0.15947712418300652 0.015441176470588236 0.01830065359477124
3 0.5746323529411764 0.22352941176470587 0.027205882352941177 0.04183006535947712
3 0.5661764705882353 0.1477124183006536 0.022058823529411763 0.03660130718954248
3 0.3680147058823529 0.1411764705882353 0.016911764705882352 0.03398692810457516
3 0.3915441176470588 0.1372549019607843 0.01838235294117647 0.03398692810457516
0 0.39705882352941174 0.16601307189542483 0.0058823529411764705 0.03137254901960784
3 0.4158088235294118 0.1477124183006536 0.019852941176470587 0.03398692810457516
3 0.5463235294117647 0.11241830065359476 0.016176470588235292 0.03398692810457516
3 0.5488970588235293 0.0895424836601307 0.016911764705882352 0.0326797385620915
0 0.5305147058823529 0.10718954248366012 0.008088235294117646 0.02875816993464052
0 0.58125 0.07777777777777778 0.006617647058823529 0.02483660130718954
3 0.5669117647058823 0.03986928104575163 0.014705882352941176 0.02222222222222222
3 0.5540441176470589 0.0196078431372549 0.013970588235294117 0.02091503267973856
0 0.5566176470588236 0.0065359477124183 0.0029411764705882353 0.0130718954248366
0 0.5488970588235293 0.00849673202614379 0.003676470588235294 0.01699346405228758
3 0.5408088235294117 0.03202614379084967 0.0125 0.02222222222222222
3 0.5029411764705882 0.01568627450980392 0.013235294117647059 0.02091503267973856
3 0.4349264705882353 0.07973856209150326 0.0375 0.02875816993464052
3 0.3941176470588235 0.08823529411764705 0.03529411764705882 0.03006535947712418
2 0.3790441176470588 0.11045751633986928 0.008088235294117646 0.02222222222222222
7 0.37316176470588236 0.09346405228758169 0.011029411764705881 0.0326797385620915
4 0.4404411764705882 0.043137254901960784 0.025 0.02875816993464052
5 0.4415441176470588 0.01437908496732026 0.028676470588235293 0.0261437908496732
3 0.4496323529411765 0.00849673202614379 0.022794117647058822 0.01699346405228758
0 0.4676470588235294 0.0065359477124183 0.004411764705882353 0.0130718954248366
1 0.4852941176470588 0.00718954248366013 0.004411764705882353 0.01437908496732026
2 0.4852941176470588 0.0130718954248366 0.0029411764705882353 0.0130718954248366
