3 0.07916666666666666 0.8236111111111112 0.121875 0.13425925925925927
4 0.0203125 0.7453703703703703 0.041666666666666664 0.11481481481481481
3 0.06848958333333333 0.6930555555555555 0.07447916666666667 0.08055555555555556
2 0.0484375 0.6712962962962963 0.014583333333333334 0.040740740740740744
0 0.09140625 0.6962962962962963 0.013020833333333334 0.07222222222222223
0 0.005989583333333333 0.6083333333333334 0.011979166666666666 0.05740740740740741
0 0.010416666666666666 0.6060185185185185 0.013541666666666667 0.05462962962962963
0 0.11223958333333334 0.6685185185185185 0.0109375 0.05740740740740741
3 0.12552083333333333 0.6458333333333334 0.0625 0.06944444444444445
9 0.13229166666666667 0.5995370370370371 0.015625 0.04166666666666667
3 0.16927083333333334 0.6148148148148148 0.052083333333333336 0.05555555555555556
0 0.15651041666666665 0.5847222222222223 0.011979166666666666 0.04351851851851852
0 0.16927083333333334 0.5828703703703704 0.013541666666666667 0.049074074074074076
1 0.15989583333333332 0.5648148148148149 0.010416666666666666 0.02592592592592593
1 0.16354166666666667 0.5648148148148149 0.008333333333333333 0.02592592592592593
0 0.18333333333333332 0.563425925925926 0.007291666666666667 0.04166666666666667
3 0.19973958333333333 0.587962962962963 0.0421875 0.0462962962962963
3 0.22994791666666667 0.563425925925926 0.04010416666666666 0.04351851851851852
2 0.1859375 0.5527777777777778 0.007291666666666667 0.020370370370370372
1 0.2265625 0.600925925925926 0.010416666666666666 0.044444444444444446
2 0.228125 0.6111111111111112 0.0125 0.037037037037037035
0 0.23854166666666665 0.5305555555555556 0.00625 0.03518518518518519
2 0.23046875 0.525 0.01614583333333333 0.022222222222222223
9 0.23776041666666667 0.5199074074074074 0.013020833333333334 0.026851851851851852
9 0.24348958333333334 0.5152777777777778 0.0109375 0.02314814814814815
3 0.25026041666666665 0.5486111111111112 0.028645833333333332 0.03796296296296296
1 0.2671875 0.5712962962962963 0.008333333333333333 0.040740740740740744
2 0.26666666666666666 0.5810185185185185 0.010416666666666666 0.030555555555555558
1 0.27838541666666666 0.5569444444444445 0.009895833333333333 0.032407407407407406
2 0.27838541666666666 0.5689814814814815 0.008854166666666666 0.028703703703703703
0 0.253125 0.5078703703703704 0.00625 0.028703703703703703
0 0.25729166666666664 0.5078703703703704 0.007291666666666667 0.028703703703703703
0 0.2635416666666667 0.5069444444444444 0.007291666666666667 0.030555555555555558
3 0.26979166666666665 0.5324074074074074 0.030208333333333334 0.037037037037037035
3 0.28411458333333334 0.5171296296296296 0.0265625 0.03425925925925926
3 0.29609375 0.5101851851851852 0.021354166666666667 0.02962962962962963
3 0.29791666666666666 0.5393518518518519 0.030208333333333334 0.036111111111111115
3 0.3091145833333333 0.5013888888888889 0.022395833333333334 0.026851851851851852
3 0.31927083333333334 0.4930555555555556 0.022916666666666665 0.025
3 0.32526041666666666 0.4851851851851852 0.019270833333333334 0.024074074074074074
3 0.33671875 0.4800925925925926 0.018229166666666668 0.02314814814814815
3 0.34609375 0.47175925925925927 0.01614583333333333 0.021296296296296296
4 0.33229166666666665 0.5027777777777778 0.020833333333333332 0.02962962962962963
4 0.2947916666666667 0.6111111111111112 0.04895833333333333 0.07037037037037037
3 0.3223958333333333 0.5685185185185185 0.0375 0.04259259259259259
3 0.34713541666666664 0.6203703703703703 0.04114583333333333 0.061111111111111116
3 0.3684895833333333 0.5226851851851853 0.025520833333333333 0.032407407407407406
3 0.3528645833333333 0.48194444444444445 0.019270833333333334 0.025
3 0.36614583333333334 0.47685185185185186 0.01875 0.022222222222222223
4 0.38229166666666664 0.49259259259259264 0.017708333333333333 0.02777777777777778
3 0.39791666666666664 0.5060185185185185 0.022916666666666665 0.028703703703703703
3 0.3885416666666667 0.4703703703703704 0.016666666666666666 0.024074074074074074
4 0.4036458333333333 0.47453703703703703 0.017708333333333333 0.026851851851851852
0 0.28671875 0.48333333333333334 0.005729166666666666 0.02777777777777778
4 0.19479166666666667 0.6861111111111111 0.06770833333333333 0.09074074074074075
3 0.2916666666666667 0.7032407407407407 0.06666666666666667 0.08425925925925926
3 0.22916666666666666 0.8986111111111111 0.103125 0.16574074074074074
3 0.50546875 0.8388888888888889 0.0640625 0.11481481481481481
1 0.57109375 0.8398148148148148 0.022395833333333334 0.07592592592592592
9 0.57109375 0.8685185185185186 0.0234375 0.07962962962962963
3 0.6447916666666667 0.8430555555555556 0.08229166666666667 0.1175925925925926
4 0.6296875 0.7199074074074074 0.05520833333333333 0.11388888888888889
1 0.5666666666666667 0.7171296296296297 0.016666666666666666 0.07314814814814816
2 0.5658854166666667 0.7328703703703704 0.01614583333333333 0.05648148148148149
1 0.5848958333333333 0.6800925925925926 0.0125 0.058333333333333334
2 0.5846354166666666 0.6981481481481482 0.013020833333333334 0.0462962962962963
4 0.5403645833333334 0.6791666666666667 0.0484375 0.0712962962962963
3 0.4309895833333333 0.6601851851851852 0.04114583333333333 0.06296296296296297
4 0.47109375 0.6055555555555556 0.033854166666666664 0.05740740740740741
4 0.43671875 0.5671296296296297 0.027604166666666666 0.04166666666666667
3 0.48593749999999997 0.5185185185185185 0.020833333333333332 0.02962962962962963
0 0.5403645833333334 0.5800925925925926 0.0078125 0.04351851851851852
0 0.6036458333333333 0.6305555555555555 0.009375 0.05555555555555556
4 0.6416666666666666 0.6763888888888889 0.057291666666666664 0.06759259259259259
0 0.6278645833333333 0.6685185185185185 0.015104166666666667 0.03333333333333333
0 0.6627604166666666 0.6694444444444445 0.008854166666666666 0.04814814814814815
4 0.7184895833333333 0.8046296296296297 0.07760416666666667 0.10925925925925926
2 0.7140625 0.7050925925925926 0.034375 0.04166666666666667
2 0.7658854166666667 0.6962962962962963 0.034895833333333334 0.03333333333333333
2 0.8104166666666667 0.7523148148148149 0.030208333333333334 0.062037037037037036
3 0.7703125 0.9185185185185185 0.11458333333333333 0.14074074074074075
0 0.7296875 0.6421296296296296 0.009375 0.05277777777777778
0 0.7067708333333333 0.6361111111111112 0.0125 0.05555555555555556
0 0.69296875 0.6305555555555555 0.0109375 0.05740740740740741
0 0.6890625 0.625925925925926 0.008333333333333333 0.05
4 0.6041666666666666 0.6037037037037037 0.035416666666666666 0.05555555555555556
4 0.5916666666666667 0.5810185185185185 0.03229166666666666 0.04351851851851852
4 0.5591145833333333 0.5907407407407408 0.030729166666666665 0.04814814814814815
3 0.5533854166666666 0.5597222222222222 0.0265625 0.03425925925925926
4 0.57421875 0.5435185185185185 0.027604166666666666 0.03888888888888889
1 0.5466145833333333 0.5296296296296297 0.0067708333333333336 0.02777777777777778
2 0.54609375 0.5333333333333333 0.0067708333333333336 0.020370370370370372
4 0.565625 0.5287037037037037 0.021875 0.02777777777777778
4 0.5578125 0.5180555555555556 0.021875 0.026851851851851852
0 0.5059895833333333 0.5078703703703704 0.0067708333333333336 0.02314814814814815
9 0.50546875 0.5162037037037037 0.0078125 0.021296296296296296
0 0.8184895833333333 0.5810185185185185 0.0109375 0.05277777777777778
1 0.7609375 0.5300925925925926 0.0125 0.030555555555555558
1 0.7736979166666667 0.5277777777777778 0.005729166666666666 0.022222222222222223
1 0.7755208333333333 0.5305555555555556 0.007291666666666667 0.02592592592592593
1 0.7828125 0.5398148148148149 0.007291666666666667 0.020370370370370372
0 0.7205729166666667 0.5078703703703704 0.005729166666666666 0.036111111111111115
1 0.7072916666666667 0.5041666666666667 0.00625 0.028703703703703703
2 0.7065104166666667 0.5143518518518518 0.005729166666666666 0.021296296296296296
1 0.68671875 0.5268518518518519 0.0078125 0.018518518518518517
1 0.5666666666666667 0.4740740740740741 0.005208333333333333 0.018518518518518517
2 0.5666666666666667 0.4810185185185185 0.004166666666666667 0.019444444444444445
9 0.6627604166666666 0.5740740740740741 0.0067708333333333336 0.031481481481481485
0 0.6690104166666666 0.5898148148148148 0.0078125 0.044444444444444446
0 0.58984375 0.4537037037037037 0.0046875 0.018518518518518517
3 0.5466145833333333 0.500462962962963 0.0203125 0.025
4 0.5549479166666667 0.5092592592592593 0.019270833333333334 0.02777777777777778
0 0.5841145833333333 0.44351851851851853 0.0036458333333333334 0.014814814814814815
0 0.64296875 0.4532407407407408 0.0036458333333333334 0.019444444444444445
1 0.6260416666666666 0.4537037037037037 0.004166666666666667 0.012962962962962964
1 0.6296875 0.45416666666666666 0.004166666666666667 0.01388888888888889
0 0.6354166666666666 0.4416666666666667 0.0020833333333333333 0.016666666666666666
0 0.6372395833333333 0.4416666666666667 0.0026041666666666665 0.016666666666666666
1 0.5315104166666667 0.49583333333333335 0.005729166666666666 0.02314814814814815
2 0.5317708333333333 0.500925925925926 0.00625 0.018518518518518517
1 0.5122395833333333 0.4949074074074074 0.005729166666666666 0.02314814814814815
2 0.5122395833333333 0.500462962962963 0.005729166666666666 0.019444444444444445
1 0.5153645833333333 0.4814814814814815 0.0046875 0.018518518518518517
2 0.5153645833333333 0.48842592592592593 0.0046875 0.017592592592592594
1 0.5229166666666667 0.4810185185185185 0.005208333333333333 0.021296296296296296
2 0.5221354166666666 0.48564814814814816 0.0036458333333333334 0.017592592592592594
1 0.52734375 0.48564814814814816 0.005729166666666666 0.019444444444444445
2 0.52734375 0.4916666666666667 0.005729166666666666 0.018518518518518517
2 0.5729166666666666 0.5055555555555555 0.014583333333333334 0.018518518518518517
2 0.5747395833333333 0.5060185185185185 0.0140625 0.019444444444444445
3 0.47161458333333334 0.48842592592592593 0.0171875 0.02314814814814815
3 0.4921875 0.45972222222222225 0.0125 0.019444444444444445
3 0.475 0.45833333333333337 0.0125 0.018518518518518517
8 0.45338541666666665 0.4476851851851852 0.019270833333333334 0.04722222222222222
8 0.47161458333333334 0.44074074074074077 0.0171875 0.03888888888888889
1 0.48463541666666665 0.4365740740740741 0.0036458333333333334 0.010185185185185186
2 0.48463541666666665 0.44074074074074077 0.0036458333333333334 0.011111111111111112
1 0.4908854166666667 0.4375 0.0036458333333333334 0.015740740740740743
2 0.490625 0.44027777777777777 0.003125 0.010185185185185186
1 0.49296875 0.43842592592592594 0.0026041666666666665 0.01388888888888889
2 0.49296875 0.4416666666666667 0.0036458333333333334 0.012962962962962964
0 0.4979166666666667 0.4412037037037037 0.0020833333333333333 0.017592592592592594
1 0.4947916666666667 0.4416666666666667 0.003125 0.011111111111111112
2 0.4953125 0.44351851851851853 0.0020833333333333333 0.009259259259259259
3 0.4309895833333333 0.4365740740740741 0.0109375 0.015740740740740743
0 0.40546875 0.4569444444444445 0.0026041666666666665 0.019444444444444445
4 0.47161458333333334 0.4166666666666667 0.0067708333333333336 0.012962962962962964
3 0.4591145833333333 0.4138888888888889 0.005729166666666666 0.007407407407407408
3 0.45989583333333334 0.4078703703703704 0.007291666666666667 0.008333333333333333
3 0.43854166666666666 0.4314814814814815 0.009375 0.012962962962962964
3 0.42473958333333334 0.4305555555555556 0.008854166666666666 0.012962962962962964
3 0.42473958333333334 0.425462962962963 0.0078125 0.012037037037037037
4 0.4270833333333333 0.4199074074074074 0.009375 0.012037037037037037
