5 0.9591911764705883 0.6555555555555556 0.0801470588235294 0.12941176470588234
5 0.8290441176470588 0.6647058823529411 0.09485294117647058 0.1111111111111111
5 0.6389705882352941 0.6379084967320261 0.06323529411764706 0.0915032679738562
5 0.5430147058823529 0.5352941176470588 0.06838235294117646 0.06405228758169934
5 0.49522058823529413 0.48496732026143785 0.04044117647058824 0.04967320261437908
5 0.2650735294117647 0.4947712418300653 0.02426470588235294 0.058823529411764705
5 0.2985294117647059 0.7464052287581698 0.06470588235294117 0.15163398692810456
5 0.2011029411764706 0.611111111111111 0.09779411764705882 0.08235294117647059
6 0.18088235294117647 0.6660130718954248 0.03529411764705882 0.04836601307189542
3 0.01875 0.6359477124183006 0.03897058823529412 0.0457516339869281
0 0.1125 0.6117647058823529 0.013235294117647059 0.047058823529411764
0 0.12941176470588234 0.6104575163398692 0.011764705882352941 0.04967320261437908
0 0.1386029411764706 0.6117647058823529 0.009558823529411765 0.04444444444444444
0 0.05330882352941176 0.7071895424836601 0.015441176470588236 0.06013071895424836
0 0.028308823529411765 0.6973856209150326 0.009558823529411765 0.0457516339869281
0 0.03419117647058823 0.7019607843137254 0.009558823529411765 0.047058823529411764
0 0.3588235294117647 0.6274509803921569 0.010294117647058823 0.047058823529411764
0 0.5018382352941176 0.5849673202614378 0.0125 0.043137254901960784
0 0.64375 0.5888888888888888 0.0125 0.03529411764705882
0 0.8650735294117647 0.6418300653594771 0.011029411764705881 0.0392156862745098
