4 0.11470588235294117 0.14901960784313725 0.022058823529411763 0.07581699346405228
3 0.39852941176470585 0.02091503267973856 0.03529411764705882 0.04183006535947712
3 0.3886029411764706 0.13660130718954247 0.027205882352941177 0.027450980392156862
3 0.37720588235294117 0.26601307189542484 0.03529411764705882 0.03529411764705882
3 0.38823529411764707 0.3078431372549019 0.032352941176470584 0.03006535947712418
4 0.38676470588235295 0.0915032679738562 0.03823529411764706 0.03398692810457516
0 0.36580882352941174 0.04640522875816993 0.005147058823529412 0.01699346405228758
0 0.33455882352941174 0.1326797385620915 0.004411764705882353 0.01437908496732026
3 0.3738970588235294 0.1738562091503268 0.03161764705882353 0.03660130718954248
3 0.37426470588235294 0.33921568627450976 0.03676470588235294 0.027450980392156862
3 0.3698529411764706 0.38169934640522873 0.03529411764705882 0.02875816993464052
3 0.31727941176470587 0.44771241830065356 0.0375 0.03529411764705882
3 0.33786764705882355 0.5176470588235293 0.03455882352941177 0.04967320261437908
3 0.5088235294117647 0.0522875816993464 0.014705882352941176 0.06274509803921569
3 0.49227941176470585 0.5555555555555555 0.030147058823529412 0.06013071895424836
3 0.45588235294117646 0.634640522875817 0.01764705882352941 0.06143790849673202
3 0.43419117647058825 0.7431372549019607 0.016911764705882352 0.0718954248366013
3 0.48933823529411763 0.9065359477124182 0.019852941176470587 0.06928104575163398
3 0.33713235294117644 0.7156862745098038 0.016911764705882352 0.06405228758169934
3 0.34558823529411764 0.5816993464052287 0.014705882352941176 0.06274509803921569
3 0.3029411764705882 0.6464052287581699 0.020588235294117647 0.0718954248366013
3 0.32941176470588235 0.8993464052287581 0.01911764705882353 0.07058823529411765
9 0.29448529411764707 0.8032679738562091 0.0125 0.011764705882352941
9 0.29301470588235295 0.8699346405228757 0.0125 0.011764705882352941
9 0.28051470588235294 0.9483660130718954 0.005147058823529412 0.02483660130718954
9 0.2977941176470588 0.20718954248366012 0.013235294117647059 0.01437908496732026
9 0.2926470588235294 0.2901960784313725 0.007352941176470588 0.023529411764705882
8 0.44816176470588237 0.03790849673202614 0.022794117647058822 0.07581699346405228
9 0.5878676470588236 0.07647058823529411 0.0125 0.0196078431372549
2 0.43823529411764706 0.2797385620915033 0.010294117647058823 0.01568627450980392
1 0.4389705882352941 0.27385620915032677 0.0058823529411764705 0.011764705882352941
0 0.5698529411764706 0.2647058823529412 0.004411764705882353 0.01437908496732026
0 0.5676470588235294 0.26013071895424833 0.004411764705882353 0.01045751633986928
0 0.575735294117647 0.5490196078431372 0.007352941176470588 0.01045751633986928
0 0.5709558823529411 0.39934640522875814 0.005147058823529412 0.01437908496732026
3 0.6930147058823529 0.047058823529411764 0.015441176470588236 0.06797385620915032
3 0.7150735294117647 0.04444444444444444 0.016911764705882352 0.054901960784313725
3 0.7352941176470588 0.056862745098039215 0.016176470588235292 0.050980392156862744
3 0.75625 0.04444444444444444 0.016911764705882352 0.04967320261437908
3 0.7764705882352941 0.04771241830065359 0.016176470588235292 0.05620915032679738
3 0.8275735294117647 0.01111111111111111 0.027205882352941177 0.02483660130718954
3 0.6294117647058823 0.5137254901960784 0.033823529411764704 0.02875816993464052
3 0.9676470588235294 0.5549019607843136 0.03676470588235294 0.027450980392156862
3 0.9474264705882353 0.6431372549019607 0.030147058823529412 0.04967320261437908
4 0.7591911764705882 0.6503267973856208 0.03161764705882353 0.04052287581699346
3 0.5863970588235294 0.6816993464052287 0.015441176470588236 0.06405228758169934
3 0.600735294117647 0.7385620915032679 0.027941176470588233 0.03660130718954248
3 0.5845588235294118 0.8104575163398692 0.01764705882352941 0.06797385620915032
3 0.5900735294117647 0.9065359477124182 0.03455882352941177 0.06928104575163398
9 0.6426470588235293 0.9398692810457515 0.004411764705882353 0.0261437908496732
9 0.6338235294117647 0.9568627450980391 0.004411764705882353 0.023529411764705882
9 0.6327205882352941 0.9313725490196078 0.009558823529411765 0.01699346405228758
3 0.8404411764705882 0.9627450980392156 0.023529411764705882 0.06928104575163398
3 0.8779411764705882 0.9856209150326797 0.020588235294117647 0.0261437908496732
3 0.9025735294117647 0.9849673202614379 0.016911764705882352 0.027450980392156862
3 0.9772058823529411 0.9712418300653594 0.022058823529411763 0.054901960784313725
9 0.6441176470588236 0.7241830065359477 0.011764705882352941 0.00784313725490196
0 0.6257352941176471 0.8928104575163398 0.007352941176470588 0.0130718954248366
9 0.6415441176470588 0.6810457516339868 0.006617647058823529 0.02091503267973856
0 0.6349264705882353 0.9830065359477124 0.005147058823529412 0.00784313725490196
