1 0.4791666666666667 0.6175925925925926 0.008333333333333333 0.02777777777777778
1 0.31927083333333334 0.6796296296296297 0.011458333333333333 0.037037037037037035
1 0.10677083333333333 0.8185185185185185 0.017708333333333333 0.04814814814814815
1 0.22864583333333333 0.6472222222222223 0.007291666666666667 0.031481481481481485
1 0.2296875 0.6435185185185185 0.011458333333333333 0.031481481481481485
1 0.2708333333333333 0.5398148148148149 0.008333333333333333 0.02777777777777778
1 0.4265625 0.5064814814814815 0.009375 0.024074074074074074
1 0.49635416666666665 0.4916666666666667 0.005208333333333333 0.024074074074074074
1 0.29635416666666664 0.48333333333333334 0.007291666666666667 0.03333333333333333
1 0.36041666666666666 0.37222222222222223 0.004166666666666667 0.018518518518518517
1 0.36614583333333334 0.37962962962962965 0.007291666666666667 0.022222222222222223
1 0.3802083333333333 0.36574074074074076 0.004166666666666667 0.020370370370370372
1 0.4036458333333333 0.2935185185185185 0.005208333333333333 0.020370370370370372
1 0.6395833333333333 0.9407407407407408 0.027083333333333334 0.07037037037037037
9 0.6411458333333333 0.9574074074074075 0.028125 0.07407407407407407
9 0.4791666666666667 0.6305555555555555 0.0125 0.03888888888888889
9 0.31979166666666664 0.6990740740740741 0.014583333333333334 0.04259259259259259
9 0.11041666666666666 0.837962962962963 0.027083333333333334 0.05740740740740741
9 0.22916666666666666 0.6583333333333333 0.01875 0.03518518518518519
9 0.20416666666666666 0.5685185185185185 0.025 0.037037037037037035
9 0.27239583333333334 0.5537037037037037 0.013541666666666667 0.03333333333333333
9 0.29583333333333334 0.48888888888888893 0.010416666666666666 0.02962962962962963
9 0.24166666666666667 0.513888888888889 0.020833333333333332 0.024074074074074074
9 0.2557291666666667 0.49444444444444446 0.019791666666666666 0.02962962962962963
9 0.2630208333333333 0.47962962962962963 0.015625 0.02592592592592593
9 0.6104166666666666 0.7305555555555556 0.01875 0.07222222222222223
0 0.8369791666666666 0.9675925925925927 0.017708333333333333 0.061111111111111116
9 0.4276041666666667 0.5194444444444445 0.011458333333333333 0.031481481481481485
9 0.4973958333333333 0.5027777777777778 0.007291666666666667 0.024074074074074074
9 0.36666666666666664 0.3842592592592593 0.008333333333333333 0.020370370370370372
9 0.38177083333333334 0.3703703703703704 0.007291666666666667 0.02592592592592593
9 0.4041666666666667 0.30092592592592593 0.00625 0.020370370370370372
9 0.36041666666666666 0.37962962962962965 0.00625 0.022222222222222223
3 0.3536458333333333 0.4675925925925926 0.03229166666666666 0.053703703703703705
3 0.4223958333333333 0.3564814814814815 0.019791666666666666 0.031481481481481485
0 0.32395833333333335 0.41574074074074074 0.004166666666666667 0.02777777777777778
0 0.440625 0.2833333333333333 0.00625 0.022222222222222223
7 0.5010416666666666 0.34814814814814815 0.0125 0.02962962962962963
3 0.4578125 0.24074074074074076 0.009375 0.018518518518518517
3 0.4609375 0.2240740740740741 0.009375 0.014814814814814815
3 0.49166666666666664 0.20740740740740743 0.008333333333333333 0.014814814814814815
3 0.5005208333333333 0.19351851851851853 0.007291666666666667 0.009259259259259259
3 0.475 0.17962962962962964 0.00625 0.011111111111111112
6 0.5036458333333333 0.28611111111111115 0.017708333333333333 0.020370370370370372
1 0.49895833333333334 0.28055555555555556 0.004166666666666667 0.012962962962962964
