0 0.65625 0.8137254901960784 0.011029411764705881 0.06143790849673202
0 0.6419117647058823 0.6117647058823529 0.010294117647058823 0.04183006535947712
0 0.6352941176470588 0.6065359477124183 0.010294117647058823 0.04183006535947712
0 0.6128676470588236 0.5418300653594771 0.008088235294117646 0.04052287581699346
1 0.6139705882352942 0.534640522875817 0.0029411764705882353 0.02091503267973856
0 0.4566176470588235 0.9026143790849672 0.013235294117647059 0.06143790849673202
0 0.01875 0.8601307189542483 0.01838235294117647 0.06274509803921569
0 0.03860294117647059 0.8464052287581699 0.016911764705882352 0.06143790849673202
0 0.3650735294117647 0.38431372549019605 0.005147058823529412 0.03398692810457516
0 0.37426470588235294 0.3725490196078431 0.0058823529411764705 0.02875816993464052
0 0.3838235294117647 0.3803921568627451 0.007352941176470588 0.03398692810457516
0 0.4117647058823529 0.35359477124183003 0.0058823529411764705 0.0326797385620915
0 0.4150735294117647 0.3483660130718954 0.005147058823529412 0.027450980392156862
0 0.5227941176470589 0.2620915032679738 0.0058823529411764705 0.02222222222222222
0 0.5191176470588236 0.2647058823529412 0.004411764705882353 0.01437908496732026
0 0.5481617647058823 0.21895424836601304 0.005147058823529412 0.02483660130718954
0 0.6779411764705883 0.2241830065359477 0.004411764705882353 0.02222222222222222
0 0.2636029411764706 0.8026143790849672 0.0125 0.054901960784313725
1 0.27095588235294116 0.8124183006535947 0.016911764705882352 0.05620915032679738
1 0.12205882352941176 0.6594771241830065 0.011764705882352941 0.04052287581699346
1 0.1161764705882353 0.6627450980392157 0.010294117647058823 0.0392156862745098
1 0.14779411764705883 0.8797385620915033 0.020588235294117647 0.06013071895424836
1 0.1426470588235294 0.8692810457516339 0.01764705882352941 0.05751633986928104
1 0.1738970588235294 0.6032679738562091 0.013970588235294117 0.04052287581699346
1 0.40404411764705883 0.8457516339869281 0.016911764705882352 0.047058823529411764
0 0.3698529411764706 0.9594771241830065 0.013235294117647059 0.06274509803921569
0 0.3764705882352941 0.9790849673202614 0.010294117647058823 0.0392156862745098
1 0.5235294117647059 0.9784313725490196 0.014705882352941176 0.04052287581699346
9 0.5216911764705883 0.9816993464052287 0.027205882352941177 0.03398692810457516
1 0.5797794117647058 0.6705882352941176 0.0125 0.047058823529411764
1 0.5279411764705882 0.6385620915032679 0.013235294117647059 0.03790849673202614
1 0.6613970588235294 0.5555555555555555 0.009558823529411765 0.03660130718954248
1 0.6375 0.41503267973856206 0.007352941176470588 0.03006535947712418
1 0.6408088235294117 0.3849673202614379 0.006617647058823529 0.027450980392156862
1 0.6676470588235294 0.330718954248366 0.007352941176470588 0.02091503267973856
1 0.7889705882352941 0.20784313725490194 0.0029411764705882353 0.0130718954248366
1 0.8235294117647058 0.26601307189542484 0.007352941176470588 0.01699346405228758
1 0.8371323529411765 0.2673202614379085 0.005147058823529412 0.01699346405228758
1 0.02426470588235294 0.7732026143790849 0.01764705882352941 0.0457516339869281
7 0.030147058823529412 0.9562091503267973 0.061764705882352944 0.0849673202614379
7 0.11360294117647059 0.8372549019607842 0.05661764705882353 0.09542483660130718
6 0.02426470588235294 0.7862745098039216 0.04852941176470588 0.09542483660130718
9 0.125 0.6732026143790849 0.027941176470588233 0.03398692810457516
9 0.17426470588235293 0.6117647058823529 0.032352941176470584 0.03398692810457516
9 0.1463235294117647 0.8869281045751634 0.023529411764705882 0.058823529411764705
9 0.27205882352941174 0.8215686274509804 0.032352941176470584 0.043137254901960784
9 0.4047794117647059 0.8516339869281045 0.04044117647058824 0.04836601307189542
9 0.5797794117647058 0.6797385620915032 0.030147058823529412 0.02875816993464052
9 0.5286764705882353 0.6483660130718953 0.025 0.02875816993464052
2 0.6352941176470588 0.4202614379084967 0.013235294117647059 0.027450980392156862
9 0.6683823529411764 0.3372549019607843 0.010294117647058823 0.02091503267973856
2 0.6400735294117647 0.3915032679738562 0.009558823529411765 0.0196078431372549
9 0.46801470588235294 0.4398692810457516 0.019852941176470587 0.02222222222222222
9 0.4158088235294118 0.40980392156862744 0.008088235294117646 0.027450980392156862
2 0.39963235294117644 0.38627450980392153 0.0125 0.03006535947712418
9 0.8242647058823529 0.27124183006535946 0.007352941176470588 0.0196078431372549
9 0.8363970588235294 0.27320261437908494 0.006617647058823529 0.01830065359477124
9 0.7886029411764706 0.21241830065359477 0.005147058823529412 0.011764705882352941
9 0.16691176470588234 0.3986928104575163 0.008823529411764706 0.0261437908496732
3 0.05036764705882353 0.40457516339869276 0.05367647058823529 0.0326797385620915
0 0.1400735294117647 0.36732026143790847 0.009558823529411765 0.03660130718954248
1 0.1525735294117647 0.3522875816993464 0.008088235294117646 0.0196078431372549
1 0.17463235294117646 0.3686274509803921 0.008088235294117646 0.02091503267973856
1 0.29448529411764707 0.40980392156862744 0.005147058823529412 0.0196078431372549
1 0.28970588235294115 0.41241830065359475 0.010294117647058823 0.0196078431372549
1 0.35919117647058824 0.42810457516339867 0.006617647058823529 0.02483660130718954
1 0.3536764705882353 0.42222222222222217 0.007352941176470588 0.0261437908496732
1 0.3588235294117647 0.41437908496732023 0.007352941176470588 0.02091503267973856
1 0.37316176470588236 0.4183006535947712 0.006617647058823529 0.02091503267973856
3 0.21691176470588236 0.4235294117647059 0.057352941176470586 0.03660130718954248
3 0.4834558823529412 0.388235294117647 0.04485294117647059 0.03398692810457516
4 0.5691176470588235 0.4261437908496732 0.03823529411764706 0.054901960784313725
3 0.6856617647058824 0.4411764705882353 0.04338235294117647 0.043137254901960784
3 0.7470588235294118 0.3660130718954248 0.020588235294117647 0.0392156862745098
3 0.8926470588235293 0.580392156862745 0.047058823529411764 0.0784313725490196
3 0.9841911764705882 0.5764705882352941 0.030147058823529412 0.065359477124183
3 0.9694852941176471 0.3529411764705882 0.03455882352941177 0.03660130718954248
4 0.9746323529411764 0.3222222222222222 0.0375 0.03790849673202614
0 0.9911764705882353 0.3464052287581699 0.007352941176470588 0.03137254901960784
3 0.7419117647058824 0.23137254901960783 0.014705882352941176 0.023529411764705882
3 0.7238970588235294 0.13856209150326795 0.011029411764705881 0.0130718954248366
3 0.725 0.12222222222222222 0.010294117647058823 0.011764705882352941
3 0.7091911764705883 0.11830065359477124 0.009558823529411765 0.01437908496732026
3 0.6897058823529412 0.0869281045751634 0.007352941176470588 0.01437908496732026
3 0.7136029411764706 0.09215686274509803 0.008088235294117646 0.01437908496732026
3 0.7716911764705883 0.14444444444444443 0.011029411764705881 0.01437908496732026
3 0.8176470588235294 0.15098039215686274 0.022058823529411763 0.0196078431372549
3 0.8176470588235294 0.165359477124183 0.022058823529411763 0.0196078431372549
3 0.8966911764705883 0.22483660130718952 0.027205882352941177 0.02091503267973856
3 0.9095588235294118 0.3176470588235294 0.027941176470588233 0.03137254901960784
3 0.8863970588235294 0.20588235294117646 0.02426470588235294 0.0196078431372549
3 0.7650735294117647 0.09019607843137255 0.019852941176470587 0.01568627450980392
0 0.8128676470588235 0.22941176470588234 0.005147058823529412 0.0196078431372549
0 0.8783088235294118 0.1849673202614379 0.005147058823529412 0.01437908496732026
1 0.5779411764705882 0.35424836601307186 0.0058823529411764705 0.02091503267973856
3 0.20404411764705882 0.8830065359477124 0.08161764705882353 0.134640522875817
4 0.2977941176470588 0.9366013071895424 0.08088235294117647 0.1241830065359477
3 0.40845588235294117 0.9679738562091502 0.04779411764705882 0.06143790849673202
2 0.2011029411764706 0.9849673202614379 0.02426470588235294 0.027450980392156862
3 0.5121323529411764 0.37385620915032675 0.04485294117647059 0.03398692810457516
