0 0.45955882352941174 0.9464052287581699 0.025 0.10196078431372549
0 0.5014705882352941 0.9509803921568627 0.01764705882352941 0.07712418300653594
1 0.5025735294117647 0.9287581699346404 0.022794117647058822 0.05359477124183006
3 0.2088235294117647 0.861437908496732 0.12794117647058822 0.15947712418300652
3 0.28308823529411764 0.7810457516339869 0.12205882352941176 0.13202614379084968
3 0.34963235294117645 0.5908496732026144 0.05808823529411765 0.12026143790849672
3 0.6022058823529411 0.618954248366013 0.057352941176470586 0.11895424836601307
3 0.8044117647058824 0.8928104575163398 0.1426470588235294 0.15163398692810456
9 0.9716911764705882 0.9568627450980391 0.05220588235294118 0.05751633986928104
9 0.9375 0.8699346405228757 0.06323529411764706 0.07450980392156863
9 0.9783088235294117 0.9196078431372549 0.04191176470588235 0.05620915032679738
9 0.9852941176470588 0.861437908496732 0.027941176470588233 0.06274509803921569
9 0.9139705882352941 0.8424836601307188 0.052941176470588235 0.06666666666666667
9 0.9176470588235294 0.7980392156862745 0.044117647058823525 0.05359477124183006
2 0.9540441176470588 0.7640522875816993 0.04632352941176471 0.06143790849673202
9 0.8227941176470588 0.6666666666666666 0.04264705882352941 0.06013071895424836
9 0.8602941176470588 0.6522875816993463 0.03823529411764706 0.04444444444444444
0 0.8985294117647059 0.6274509803921569 0.022058823529411763 0.07581699346405228
0 0.7959558823529411 0.6431372549019607 0.016911764705882352 0.07581699346405228
0 0.9466911764705882 0.6183006535947712 0.01838235294117647 0.065359477124183
0 0.9566176470588235 0.6130718954248365 0.01764705882352941 0.06797385620915032
0 0.9378676470588235 0.6163398692810457 0.015441176470588236 0.04052287581699346
0 0.9371323529411765 0.588235294117647 0.019852941176470587 0.065359477124183
0 0.9544117647058823 0.5941176470588235 0.014705882352941176 0.05359477124183006
0 0.9213235294117647 0.5679738562091503 0.01764705882352941 0.06928104575163398
0 0.9136029411764706 0.5562091503267973 0.016911764705882352 0.06405228758169934
0 0.8922794117647058 0.549673202614379 0.015441176470588236 0.06928104575163398
0 0.8040441176470589 0.5777777777777777 0.015441176470588236 0.06797385620915032
1 0.9091911764705882 0.530718954248366 0.019852941176470587 0.054901960784313725
1 0.8867647058823529 0.5320261437908497 0.013235294117647059 0.03398692810457516
2 0.868014705882353 0.580392156862745 0.03161764705882353 0.0522875816993464
9 0.8272058823529411 0.5738562091503268 0.032352941176470584 0.04183006535947712
9 0.7658088235294117 0.5647058823529412 0.03455882352941177 0.04183006535947712
9 0.7867647058823529 0.5490196078431372 0.027941176470588233 0.065359477124183
9 0.8452205882352941 0.5568627450980391 0.028676470588235293 0.04444444444444444
2 0.8338235294117647 0.545751633986928 0.030882352941176472 0.04052287581699346
0 0.8713235294117647 0.5424836601307189 0.01764705882352941 0.06013071895424836
1 0.8183823529411764 0.4888888888888889 0.014705882352941176 0.04967320261437908
3 0.7536764705882353 0.5071895424836601 0.07205882352941176 0.07320261437908496
3 0.7764705882352941 0.7437908496732025 0.1161764705882353 0.12549019607843137
3 0.7113970588235294 0.7032679738562091 0.09926470588235294 0.11764705882352941
5 0.7139705882352941 0.6058823529411764 0.1411764705882353 0.11895424836601307
0 0.7224264705882353 0.5359477124183006 0.0125 0.04967320261437908
0 0.68125 0.5313725490196078 0.013970588235294117 0.05359477124183006
0 0.6886029411764706 0.518954248366013 0.015441176470588236 0.054901960784313725
0 0.6959558823529411 0.5313725490196078 0.009558823529411765 0.04052287581699346
0 0.7003676470588235 0.5084967320261438 0.009558823529411765 0.04183006535947712
9 0.6058823529411764 0.5392156862745098 0.027941176470588233 0.04836601307189542
1 0.6044117647058823 0.5287581699346405 0.014705882352941176 0.058823529411764705
1 0.79375 0.4568627450980392 0.0125 0.03790849673202614
1 0.8073529411764706 0.4509803921568627 0.014705882352941176 0.02875816993464052
1 0.7827205882352941 0.4490196078431372 0.013970588235294117 0.04052287581699346
1 0.7738970588235294 0.43660130718954243 0.0125 0.03398692810457516
0 0.7709558823529412 0.4241830065359477 0.009558823529411765 0.0457516339869281
0 0.8150735294117647 0.4444444444444444 0.009558823529411765 0.054901960784313725
0 0.7261029411764706 0.41503267973856206 0.0125 0.050980392156862744
0 0.7415441176470589 0.3705882352941176 0.011029411764705881 0.05359477124183006
0 0.8091911764705882 0.3431372549019608 0.013970588235294117 0.05359477124183006
0 0.8 0.31241830065359477 0.013235294117647059 0.047058823529411764
7 0.6397058823529411 0.4816993464052287 0.04264705882352941 0.06405228758169934
3 0.6959558823529411 0.45816993464052286 0.08455882352941177 0.06928104575163398
3 0.6672794117647058 0.41437908496732023 0.0875 0.06797385620915032
3 0.6496323529411765 0.38431372549019605 0.08308823529411764 0.06013071895424836
3 0.6514705882352941 0.3509803921568627 0.07941176470588235 0.04836601307189542
9 0.7154411764705882 0.34117647058823525 0.026470588235294117 0.03398692810457516
0 0.7389705882352942 0.3333333333333333 0.010294117647058823 0.04183006535947712
0 0.7415441176470589 0.32679738562091504 0.008088235294117646 0.047058823529411764
9 0.7356617647058823 0.3287581699346405 0.025735294117647058 0.027450980392156862
2 0.7397058823529412 0.3287581699346405 0.025 0.02222222222222222
0 0.7378676470588236 0.30130718954248364 0.008088235294117646 0.0457516339869281
1 0.7761029411764706 0.27320261437908494 0.008088235294117646 0.03398692810457516
1 0.7713235294117647 0.2679738562091503 0.010294117647058823 0.047058823529411764
0 0.6588235294117647 0.28888888888888886 0.010294117647058823 0.04183006535947712
3 0.5823529411764706 0.45751633986928103 0.039705882352941174 0.08104575163398692
0 0.54375 0.4013071895424836 0.009558823529411765 0.0522875816993464
0 0.5511029411764706 0.39477124183006534 0.008088235294117646 0.04967320261437908
0 0.5529411764705883 0.38692810457516336 0.013235294117647059 0.047058823529411764
9 0.5713235294117647 0.38169934640522873 0.010294117647058823 0.03660130718954248
1 0.5720588235294117 0.3758169934640523 0.014705882352941176 0.043137254901960784
3 0.5713235294117647 0.34117647058823525 0.033823529411764704 0.06274509803921569
3 0.5783088235294117 0.2947712418300653 0.030147058823529412 0.050980392156862744
3 0.5669117647058823 0.24967320261437906 0.03823529411764706 0.0522875816993464
5 0.5963235294117647 0.2156862745098039 0.030882352941176472 0.08104575163398692
7 0.6139705882352942 0.3359477124183006 0.023529411764705882 0.02875816993464052
7 0.611764705882353 0.2830065359477124 0.016176470588235292 0.03529411764705882
6 0.5238970588235294 0.2803921568627451 0.016911764705882352 0.04836601307189542
1 0.5202205882352942 0.2718954248366013 0.009558823529411765 0.04183006535947712
1 0.5283088235294118 0.2725490196078431 0.008088235294117646 0.03529411764705882
1 0.5246323529411765 0.27058823529411763 0.005147058823529412 0.02875816993464052
0 0.42683823529411763 0.6581699346405229 0.0125 0.06928104575163398
0 0.4345588235294118 0.6450980392156862 0.011764705882352941 0.0718954248366013
0 0.4430147058823529 0.6411764705882352 0.009558823529411765 0.06928104575163398
3 0.39595588235294116 0.4529411764705882 0.04779411764705882 0.09281045751633986
3 0.3139705882352941 0.47973856209150323 0.09411764705882353 0.0915032679738562
3 0.3408088235294118 0.4163398692810457 0.0625 0.07450980392156863
9 0.28970588235294115 0.4202614379084967 0.011764705882352941 0.04052287581699346
6 0.35110294117647056 0.36928104575163395 0.022794117647058822 0.04052287581699346
3 0.39044117647058824 0.3287581699346405 0.03676470588235294 0.07450980392156863
3 0.3761029411764706 0.30130718954248364 0.04485294117647059 0.05620915032679738
3 0.3871323529411765 0.257516339869281 0.03455882352941177 0.054901960784313725
3 0.3386029411764706 0.23202614379084965 0.05367647058823529 0.043137254901960784
3 0.35110294117647056 0.21045751633986925 0.06544117647058824 0.04183006535947712
3 0.40294117647058825 0.19477124183006533 0.026470588235294117 0.04444444444444444
0 0.41360294117647056 0.14640522875816991 0.006617647058823529 0.03137254901960784
3 0.40661764705882353 0.13398692810457516 0.047058823529411764 0.04052287581699346
9 0.5349264705882353 0.21176470588235294 0.009558823529411765 0.02875816993464052
1 0.5341911764705882 0.20980392156862743 0.008088235294117646 0.027450980392156862
1 0.5349264705882353 0.2045751633986928 0.009558823529411765 0.03006535947712418
6 0.5389705882352941 0.17058823529411762 0.013235294117647059 0.03006535947712418
1 0.5393382352941176 0.16274509803921566 0.005147058823529412 0.02483660130718954
9 0.5058823529411764 0.14509803921568626 0.007352941176470588 0.0261437908496732
9 0.5345588235294118 0.1326797385620915 0.007352941176470588 0.02483660130718954
9 0.4886029411764706 0.05816993464052287 0.005147058823529412 0.0196078431372549
1 0.5058823529411764 0.14052287581699346 0.007352941176470588 0.027450980392156862
1 0.5341911764705882 0.12549019607843137 0.006617647058823529 0.0261437908496732
1 0.4886029411764706 0.054901960784313725 0.005147058823529412 0.02091503267973856
0 0.5452205882352941 0.1111111111111111 0.005147058823529412 0.02875816993464052
1 0.5426470588235294 0.1045751633986928 0.004411764705882353 0.0130718954248366
6 0.5176470588235293 0.11895424836601307 0.016176470588235292 0.03660130718954248
3 0.5183823529411765 0.0895424836601307 0.014705882352941176 0.027450980392156862
3 0.1860294117647059 0.5183006535947712 0.022058823529411763 0.05359477124183006
3 0.42683823529411763 0.12287581699346405 0.019852941176470587 0.03398692810457516
3 0.4514705882352941 0.11045751633986928 0.022058823529411763 0.0326797385620915
3 0.4 0.10326797385620914 0.044117647058823525 0.02875816993464052
3 0.42316176470588235 0.09477124183006536 0.04044117647058824 0.027450980392156862
5 0.5900735294117647 0.1718954248366013 0.04338235294117647 0.06928104575163398
3 0.5871323529411765 0.12287581699346405 0.04485294117647059 0.02875816993464052
3 0.4404411764705882 0.07450980392156863 0.01911764705882353 0.02875816993464052
3 0.5591911764705882 0.09673202614379084 0.027205882352941177 0.03398692810457516
3 0.5731617647058823 0.10784313725490195 0.013970588235294117 0.02222222222222222
0 0.7680147058823529 0.16405228758169935 0.005147058823529412 0.0196078431372549
0 0.7772058823529412 0.14509803921568626 0.007352941176470588 0.03137254901960784
0 0.9014705882352941 0.0392156862745098 0.008823529411764706 0.0261437908496732
0 0.9470588235294117 0.09934640522875816 0.0058823529411764705 0.02875816993464052
0 0.9566176470588235 0.10196078431372549 0.007352941176470588 0.023529411764705882
0 0.9602941176470589 0.02483660130718954 0.0058823529411764705 0.02091503267973856
0 0.8709558823529412 0.09084967320261438 0.005147058823529412 0.027450980392156862
0 0.8713235294117647 0.0869281045751634 0.008823529411764706 0.027450980392156862
0 0.7610294117647058 0.027450980392156862 0.0029411764705882353 0.02091503267973856
0 0.7003676470588235 0.0738562091503268 0.005147058823529412 0.02483660130718954
0 0.6963235294117647 0.058823529411764705 0.007352941176470588 0.023529411764705882
0 0.6801470588235294 0.07450980392156863 0.004411764705882353 0.01568627450980392
0 0.6856617647058824 0.06928104575163398 0.005147058823529412 0.0261437908496732
0 0.6889705882352941 0.07973856209150326 0.0058823529411764705 0.0261437908496732
3 0.4294117647058823 0.06209150326797385 0.03529411764705882 0.02483660130718954
3 0.4389705882352941 0.0522875816993464 0.03529411764705882 0.023529411764705882
3 0.44926470588235295 0.04183006535947712 0.033823529411764704 0.02091503267973856
3 0.4466911764705882 0.0326797385620915 0.03161764705882353 0.01830065359477124
3 0.5591911764705882 0.07777777777777778 0.016911764705882352 0.02483660130718954
3 0.575735294117647 0.06862745098039215 0.03529411764705882 0.027450980392156862
3 0.5632352941176471 0.060784313725490195 0.025 0.02222222222222222
3 0.5529411764705883 0.052941176470588235 0.027941176470588233 0.02222222222222222
0 0.5349264705882353 0.03660130718954248 0.005147058823529412 0.023529411764705882
0 0.6246323529411765 0.10784313725490195 0.005147058823529412 0.027450980392156862
9 0.6158088235294118 0.1326797385620915 0.015441176470588236 0.0196078431372549
0 0.6172794117647059 0.12026143790849672 0.005147058823529412 0.02875816993464052
0 0.5716911764705882 0.0457516339869281 0.028676470588235293 0.023529411764705882
3 0.6231617647058824 0.09934640522875816 0.04338235294117647 0.02875816993464052
9 0.6051470588235294 0.10588235294117647 0.014705882352941176 0.0130718954248366
1 0.6029411764705882 0.10065359477124182 0.0058823529411764705 0.02091503267973856
0 0.5959558823529412 0.09281045751633986 0.005147058823529412 0.02091503267973856
0 0.6349264705882353 0.10915032679738561 0.005147058823529412 0.027450980392156862
0 0.6488970588235294 0.09542483660130718 0.005147058823529412 0.02091503267973856
3 0.15330882352941178 0.9601307189542483 0.09044117647058823 0.06928104575163398
