3 0.73125 0.9437908496732026 0.1948529411764706 0.10980392156862745
3 0.9573529411764706 0.9581699346405228 0.08235294117647059 0.08104575163398692
5 0.36727941176470585 0.9405228758169935 0.20955882352941177 0.11633986928104574
3 0.14375 0.9307189542483659 0.20220588235294118 0.13594771241830064
3 0.9533088235294117 0.741830065359477 0.09191176470588235 0.21830065359477122
4 0.8558823529411764 0.6869281045751634 0.08235294117647059 0.18692810457516337
3 0.74375 0.7464052287581698 0.08602941176470588 0.21699346405228756
3 0.6477941176470589 0.6947712418300653 0.060294117647058824 0.16862745098039214
3 0.5419117647058823 0.7019607843137254 0.075 0.21437908496732025
3 0.4650735294117647 0.6869281045751634 0.06544117647058824 0.19477124183006533
3 0.36617647058823527 0.7470588235294117 0.06764705882352941 0.15816993464052287
3 0.28161764705882353 0.7 0.0838235294117647 0.19999999999999998
3 0.11985294117647059 0.7215686274509804 0.07352941176470588 0.14901960784313725
0 0.28860294117647056 0.5986928104575163 0.01838235294117647 0.06797385620915032
0 0.24411764705882352 0.5130718954248366 0.020588235294117647 0.06928104575163398
1 0.24595588235294116 0.5006535947712418 0.0125 0.03660130718954248
6 0.01875 0.588235294117647 0.03897058823529412 0.07058823529411765
1 0.029044117647058824 0.5915032679738562 0.016911764705882352 0.05620915032679738
0 0.6720588235294117 0.49803921568627446 0.007352941176470588 0.04183006535947712
0 0.6764705882352942 0.4640522875816993 0.022058823529411763 0.06797385620915032
0 0.7154411764705882 0.49281045751633984 0.011764705882352941 0.04967320261437908
0 0.8191176470588235 0.5261437908496732 0.026470588235294117 0.07450980392156863
4 0.8731617647058824 0.3555555555555555 0.06985294117647059 0.09411764705882353
3 0.7970588235294117 0.36209150326797385 0.06470588235294117 0.09411764705882353
3 0.7411764705882353 0.36666666666666664 0.06470588235294117 0.10326797385620914
3 0.6577205882352941 0.34705882352941175 0.09044117647058823 0.0849673202614379
1 0.6073529411764705 0.3111111111111111 0.010294117647058823 0.04183006535947712
9 0.6055147058823529 0.33464052287581697 0.0125 0.03398692810457516
7 0.5893382352941177 0.3803921568627451 0.022794117647058822 0.09673202614379084
3 0.5661764705882353 0.3281045751633987 0.07794117647058824 0.08627450980392157
6 0.5272058823529412 0.3529411764705882 0.03676470588235294 0.13856209150326795
0 0.5930147058823529 0.292156862745098 0.008088235294117646 0.043137254901960784
0 0.5827205882352942 0.2901960784313725 0.009558823529411765 0.0392156862745098
0 0.5698529411764706 0.2764705882352941 0.010294117647058823 0.043137254901960784
0 0.5518382352941177 0.27908496732026145 0.0125 0.043137254901960784
9 0.555514705882353 0.26405228758169935 0.022794117647058822 0.03398692810457516
9 0.5334558823529412 0.2745098039215686 0.022794117647058822 0.03660130718954248
0 0.50625 0.34117647058823525 0.0125 0.06013071895424836
0 0.48713235294117646 0.4163398692810457 0.009558823529411765 0.043137254901960784
0 0.4860294117647059 0.3398692810457516 0.014705882352941176 0.054901960784313725
0 0.4650735294117647 0.34117647058823525 0.011029411764705881 0.047058823529411764
1 0.425 0.3183006535947712 0.010294117647058823 0.02483660130718954
0 0.4775735294117647 0.31633986928104574 0.011029411764705881 0.04183006535947712
0 0.4834558823529412 0.3078431372549019 0.005147058823529412 0.027450980392156862
9 0.9279411764705883 0.5993464052287582 0.04852941176470588 0.05620915032679738
3 0.9378676470588235 0.36209150326797385 0.07279411764705883 0.08627450980392157
3 0.975735294117647 0.36405228758169933 0.03529411764705882 0.08235294117647059
7 0.36875 0.2830065359477124 0.07573529411764705 0.07450980392156863
2 0.40147058823529413 0.25359477124183005 0.022058823529411763 0.04183006535947712
9 0.3827205882352941 0.26405228758169935 0.015441176470588236 0.0261437908496732
3 0.3761029411764706 0.24705882352941175 0.013970588235294117 0.03660130718954248
2 0.34448529411764706 0.23006535947712417 0.022794117647058822 0.03398692810457516
0 0.3238970588235294 0.2633986928104575 0.013970588235294117 0.06143790849673202
3 0.3073529411764706 0.2222222222222222 0.08088235294117647 0.065359477124183
3 0.2639705882352941 0.08235294117647059 0.039705882352941174 0.054901960784313725
3 0.2841911764705882 0.047058823529411764 0.06102941176470588 0.03398692810457516
3 0.28860294117647056 0.02222222222222222 0.05220588235294118 0.03398692810457516
0 0.19669117647058823 0.19084967320261437 0.013970588235294117 0.04967320261437908
3 0.12205882352941176 0.3026143790849673 0.06323529411764706 0.08235294117647059
3 0.061764705882352944 0.29869281045751633 0.07647058823529412 0.08758169934640522
3 0.15808823529411764 0.10522875816993463 0.057352941176470586 0.043137254901960784
3 0.1801470588235294 0.08039215686274509 0.06323529411764706 0.03790849673202614
3 0.18970588235294117 0.06339869281045751 0.06470588235294117 0.04052287581699346
3 0.20698529411764705 0.03398692810457516 0.05514705882352941 0.02875816993464052
3 0.21066176470588235 0.02091503267973856 0.04485294117647059 0.023529411764705882
3 0.02426470588235294 0.06143790849673202 0.04852941176470588 0.047058823529411764
3 0.0375 0.029411764705882353 0.051470588235294115 0.03529411764705882
3 0.052941176470588235 0.01633986928104575 0.057352941176470586 0.0326797385620915
