3 0.9846354166666667 0.8736111111111111 0.0296875 0.08055555555555556
3 0.9841145833333333 0.9680555555555556 0.028645833333333332 0.062037037037037036
3 0.8716145833333333 0.9407407407407408 0.1109375 0.11666666666666667
3 0.7760416666666666 0.9314814814814815 0.11041666666666666 0.13518518518518519
3 0.5502604166666667 0.9638888888888889 0.07552083333333333 0.07037037037037037
4 0.6434895833333333 0.9310185185185186 0.10052083333333334 0.13611111111111113
4 0.4692708333333333 0.9523148148148148 0.08229166666666667 0.09351851851851853
0 0.8997395833333334 0.4967592592592593 0.009895833333333333 0.05092592592592593
2 0.8716145833333333 0.6027777777777777 0.0296875 0.0462962962962963
3 0.8434895833333333 0.6791666666666667 0.0828125 0.08981481481481482
1 0.7947916666666667 0.6861111111111111 0.014583333333333334 0.040740740740740744
9 0.79609375 0.7060185185185186 0.025520833333333333 0.062037037037037036
3 0.7471354166666666 0.6981481481481482 0.0828125 0.10555555555555556
0 0.8260416666666667 0.5648148148148149 0.0125 0.05555555555555556
1 0.8122395833333333 0.5555555555555556 0.0109375 0.03888888888888889
2 0.80859375 0.5745370370370371 0.01614583333333333 0.036111111111111115
2 0.8104166666666667 0.537962962962963 0.025 0.031481481481481485
2 0.7799479166666666 0.5680555555555555 0.021354166666666667 0.026851851851851852
2 0.7809895833333333 0.5513888888888889 0.0203125 0.032407407407407406
3 0.6591145833333333 0.5865740740740741 0.05677083333333333 0.0712962962962963
0 0.7716145833333333 0.37083333333333335 0.0109375 0.04351851851851852
0 0.7791666666666667 0.3712962962962963 0.008333333333333333 0.03888888888888889
0 0.6927083333333334 0.3263888888888889 0.00625 0.036111111111111115
0 0.6989583333333333 0.32962962962962966 0.00625 0.037037037037037035
0 0.72734375 0.4708333333333333 0.009895833333333333 0.04722222222222222
0 0.7171875 0.4671296296296297 0.007291666666666667 0.03981481481481482
0 0.7109375 0.4449074074074074 0.008333333333333333 0.04351851851851852
0 0.7010416666666667 0.4305555555555556 0.010416666666666666 0.044444444444444446
0 0.6684895833333333 0.5055555555555555 0.0109375 0.0462962962962963
0 0.7328125 0.5263888888888889 0.010416666666666666 0.04351851851851852
4 0.7010416666666667 0.5439814814814815 0.06770833333333333 0.075
2 0.7505208333333333 0.5319444444444444 0.02395833333333333 0.02314814814814815
2 0.74296875 0.5226851851851853 0.0203125 0.025
2 0.7416666666666667 0.5185185185185185 0.020833333333333332 0.024074074074074074
2 0.73671875 0.5143518518518518 0.0171875 0.02314814814814815
2 0.7309895833333333 0.5162037037037037 0.0203125 0.028703703703703703
2 0.7278645833333334 0.5074074074074074 0.025520833333333333 0.02777777777777778
2 0.7223958333333333 0.49768518518518523 0.021875 0.025
2 0.7153645833333333 0.49583333333333335 0.0203125 0.030555555555555558
2 0.7135416666666666 0.4930555555555556 0.02395833333333333 0.032407407407407406
2 0.7098958333333333 0.48935185185185187 0.01875 0.028703703703703703
2 0.7096354166666666 0.48750000000000004 0.0203125 0.032407407407407406
2 0.70546875 0.4847222222222222 0.019270833333333334 0.03425925925925926
2 0.7033854166666667 0.48379629629629634 0.021354166666666667 0.03796296296296296
2 0.7010416666666667 0.4777777777777778 0.020833333333333332 0.02777777777777778
2 0.69609375 0.47222222222222227 0.0171875 0.02592592592592593
2 0.6911458333333333 0.46944444444444444 0.021875 0.02592592592592593
2 0.69296875 0.46805555555555556 0.018229166666666668 0.030555555555555558
2 0.68671875 0.46435185185185185 0.019270833333333334 0.02314814814814815
2 0.6841145833333333 0.45972222222222225 0.0203125 0.02314814814814815
2 0.6828125 0.4569444444444445 0.021875 0.025
2 0.6828125 0.45555555555555555 0.020833333333333332 0.022222222222222223
2 0.6817708333333333 0.45555555555555555 0.02395833333333333 0.02592592592592593
2 0.67734375 0.4513888888888889 0.0234375 0.025
2 0.6752604166666667 0.45 0.0234375 0.022222222222222223
2 0.6703125 0.4430555555555556 0.020833333333333332 0.021296296296296296
3 0.6692708333333334 0.475462962962963 0.05 0.05648148148148149
3 0.6205729166666667 0.49953703703703706 0.043229166666666666 0.06018518518518519
1 0.6393229166666666 0.4689814814814815 0.009895833333333333 0.026851851851851852
2 0.6372395833333333 0.4898148148148148 0.015104166666666667 0.02962962962962963
3 0.6591145833333333 0.4050925925925926 0.008854166666666666 0.03425925925925926
9 0.6505208333333333 0.3740740740740741 0.011458333333333333 0.031481481481481485
3 0.6302083333333334 0.4300925925925926 0.040625 0.049074074074074076
1 0.6114583333333333 0.4305555555555556 0.009375 0.02962962962962963
9 0.61171875 0.4449074074074074 0.013020833333333334 0.028703703703703703
1 0.5778645833333333 0.4064814814814815 0.0109375 0.02777777777777778
9 0.5783854166666667 0.4199074074074074 0.01614583333333333 0.026851851851851852
1 0.5684895833333333 0.3819444444444445 0.0078125 0.02314814814814815
2 0.5684895833333333 0.40185185185185185 0.009895833333333333 0.022222222222222223
2 0.6091145833333333 0.3819444444444445 0.008854166666666666 0.019444444444444445
2 0.61171875 0.37083333333333335 0.0109375 0.019444444444444445
2 0.6002604166666666 0.3680555555555556 0.0140625 0.019444444444444445
0 0.59921875 0.3648148148148148 0.0078125 0.03333333333333333
0 0.5854166666666667 0.35370370370370374 0.007291666666666667 0.03518518518518519
1 0.5778645833333333 0.3699074074074074 0.008854166666666666 0.028703703703703703
2 0.5765625 0.3856481481481482 0.008333333333333333 0.019444444444444445
2 0.5255208333333333 0.34953703703703703 0.007291666666666667 0.021296296296296296
2 0.4908854166666667 0.2898148148148148 0.0067708333333333336 0.016666666666666666
9 0.4752604166666667 0.2898148148148148 0.008854166666666666 0.018518518518518517
1 0.47604166666666664 0.2800925925925926 0.007291666666666667 0.019444444444444445
1 0.4908854166666667 0.27592592592592596 0.0067708333333333336 0.016666666666666666
1 0.5260416666666666 0.3375 0.008333333333333333 0.019444444444444445
3 0.5484375 0.3560185185185185 0.03333333333333333 0.03796296296296296
4 0.5703125 0.4537037037037037 0.04479166666666667 0.06481481481481481
0 0.6184895833333334 0.31574074074074077 0.0046875 0.02962962962962963
0 0.6010416666666667 0.3050925925925926 0.005208333333333333 0.030555555555555558
0 0.6098958333333333 0.3041666666666667 0.009375 0.03425925925925926
0 0.5677083333333334 0.3 0.00625 0.03333333333333333
2 0.5736979166666667 0.3351851851851852 0.015104166666666667 0.018518518518518517
9 0.5645833333333333 0.32685185185185184 0.009375 0.018518518518518517
2 0.5591145833333333 0.31712962962962965 0.0140625 0.02314814814814815
2 0.5486979166666667 0.30648148148148147 0.013020833333333334 0.020370370370370372
3 0.5302083333333333 0.3143518518518519 0.028125 0.03425925925925926
3 0.5385416666666667 0.41805555555555557 0.036458333333333336 0.04722222222222222
3 0.5161458333333333 0.37962962962962965 0.03333333333333333 0.04259259259259259
3 0.49921875 0.3472222222222222 0.0296875 0.037037037037037035
3 0.4778645833333333 0.3226851851851852 0.0234375 0.032407407407407406
3 0.5020833333333333 0.27546296296296297 0.021875 0.030555555555555558
3 0.46171875 0.2953703703703704 0.024479166666666666 0.03333333333333333
3 0.4466145833333333 0.27175925925925926 0.0265625 0.03796296296296296
3 0.43723958333333335 0.2523148148148148 0.0203125 0.02314814814814815
3 0.42421875 0.23657407407407408 0.0203125 0.026851851851851852
3 0.4122395833333333 0.22175925925925927 0.0171875 0.02314814814814815
3 0.4010416666666667 0.2064814814814815 0.015625 0.024074074074074074
4 0.3921875 0.1875 0.016666666666666666 0.030555555555555558
3 0.37786458333333334 0.1726851851851852 0.0140625 0.019444444444444445
3 0.4046875 0.25092592592592594 0.020833333333333332 0.02962962962962963
3 0.4747395833333333 0.41620370370370374 0.0359375 0.04722222222222222
3 0.3697916666666667 0.22453703703703703 0.017708333333333333 0.02314814814814815
3 0.3809895833333333 0.20370370370370372 0.0140625 0.024074074074074074
3 0.3716145833333333 0.19074074074074074 0.0140625 0.020370370370370372
3 0.3611979166666667 0.20787037037037037 0.015104166666666667 0.021296296296296296
3 0.35651041666666666 0.19398148148148148 0.015104166666666667 0.021296296296296296
0 0.6096354166666667 0.24444444444444446 0.005729166666666666 0.03333333333333333
0 0.5122395833333333 0.23981481481481481 0.005729166666666666 0.02777777777777778
0 0.5052083333333334 0.24074074074074076 0.004166666666666667 0.022222222222222223
0 0.5078125 0.24305555555555555 0.003125 0.015740740740740743
0 0.5046875 0.19351851851851853 0.005208333333333333 0.024074074074074074
0 0.46979166666666666 0.18472222222222223 0.003125 0.019444444444444445
0 0.5359375 0.16805555555555557 0.004166666666666667 0.019444444444444445
0 0.5268229166666667 0.1675925925925926 0.0036458333333333334 0.018518518518518517
0 0.5322916666666666 0.16018518518518518 0.004166666666666667 0.018518518518518517
0 0.53046875 0.1564814814814815 0.0046875 0.018518518518518517
0 0.5255208333333333 0.15601851851851853 0.004166666666666667 0.017592592592592594
0 0.5208333333333334 0.16805555555555557 0.003125 0.017592592592592594
0 0.51796875 0.16620370370370371 0.0036458333333333334 0.015740740740740743
0 0.5135416666666667 0.17453703703703705 0.003125 0.017592592592592594
0 0.5171875 0.16111111111111112 0.004166666666666667 0.018518518518518517
0 0.5278645833333333 0.14537037037037037 0.0036458333333333334 0.018518518518518517
0 0.5109375 0.16527777777777777 0.003125 0.019444444444444445
0 0.5122395833333333 0.16203703703703703 0.0036458333333333334 0.018518518518518517
0 0.5046875 0.1685185185185185 0.004166666666666667 0.020370370370370372
0 0.49583333333333335 0.17314814814814816 0.003125 0.018518518518518517
0 0.48411458333333335 0.17175925925925928 0.0046875 0.015740740740740743
0 0.4796875 0.16990740740740742 0.005208333333333333 0.021296296296296296
0 0.47291666666666665 0.16944444444444445 0.0020833333333333333 0.016666666666666666
0 0.46848958333333335 0.16620370370370371 0.0046875 0.019444444444444445
0 0.46171875 0.15694444444444444 0.0036458333333333334 0.015740740740740743
0 0.45859374999999997 0.1564814814814815 0.0036458333333333334 0.018518518518518517
0 0.4510416666666667 0.16435185185185186 0.003125 0.021296296296296296
0 0.45234375 0.16203703703703703 0.0046875 0.018518518518518517
0 0.4497395833333333 0.15601851851851853 0.0036458333333333334 0.019444444444444445
1 0.45286458333333335 0.17731481481481481 0.0046875 0.012037037037037037
9 0.45234375 0.18611111111111112 0.0046875 0.012962962962962964
0 0.4427083333333333 0.1726851851851852 0.003125 0.017592592592592594
1 0.4479166666666667 0.2162037037037037 0.004166666666666667 0.012037037037037037
9 0.4479166666666667 0.22685185185185186 0.004166666666666667 0.011111111111111112
1 0.44036458333333334 0.20277777777777778 0.0046875 0.012962962962962964
9 0.44036458333333334 0.21157407407407408 0.005729166666666666 0.010185185185185186
9 0.4317708333333333 0.21481481481481482 0.004166666666666667 0.011111111111111112
1 0.4309895833333333 0.20416666666666666 0.0046875 0.01388888888888889
1 0.43723958333333335 0.19074074074074074 0.0036458333333333334 0.011111111111111112
2 0.43723958333333335 0.19953703703703704 0.0046875 0.010185185185185186
1 0.4296875 0.1912037037037037 0.004166666666666667 0.012037037037037037
2 0.43046875 0.19814814814814816 0.0036458333333333334 0.007407407407407408
1 0.42291666666666666 0.1912037037037037 0.004166666666666667 0.01388888888888889
2 0.42291666666666666 0.19814814814814816 0.004166666666666667 0.011111111111111112
1 0.4166666666666667 0.18981481481481483 0.005208333333333333 0.016666666666666666
2 0.41796875 0.19814814814814816 0.0046875 0.011111111111111112
1 0.42291666666666666 0.1814814814814815 0.004166666666666667 0.011111111111111112
2 0.42213541666666665 0.18796296296296297 0.0036458333333333334 0.005555555555555556
1 0.42083333333333334 0.17500000000000002 0.003125 0.007407407407407408
1 0.42109375 0.1685185185185185 0.0036458333333333334 0.011111111111111112
1 0.41354166666666664 0.1736111111111111 0.004166666666666667 0.008333333333333333
1 0.4161458333333333 0.16944444444444445 0.003125 0.009259259259259259
1 0.4122395833333333 0.1685185185185185 0.0046875 0.011111111111111112
1 0.40911458333333334 0.17916666666666667 0.0046875 0.010185185185185186
1 0.4041666666666667 0.17407407407407408 0.005208333333333333 0.016666666666666666
1 0.40546875 0.1800925925925926 0.0046875 0.010185185185185186
1 0.3997395833333333 0.17592592592592593 0.0046875 0.011111111111111112
2 0.40598958333333335 0.18935185185185185 0.0036458333333333334 0.010185185185185186
9 0.40911458333333334 0.1875 0.0036458333333333334 0.010185185185185186
1 0.40729166666666666 0.15555555555555556 0.004166666666666667 0.009259259259259259
2 0.40729166666666666 0.16435185185185186 0.003125 0.012037037037037037
1 0.4203125 0.14953703703703705 0.003125 0.010185185185185186
2 0.42109375 0.15601851851851853 0.0046875 0.008333333333333333
1 0.40729166666666666 0.14444444444444446 0.004166666666666667 0.011111111111111112
9 0.40729166666666666 0.15231481481481482 0.009375 0.010185185185185186
0 0.3611979166666667 0.16712962962962963 0.0036458333333333334 0.021296296296296296
0 0.34661458333333334 0.17731481481481481 0.0036458333333333334 0.021296296296296296
0 0.3403645833333333 0.17685185185185187 0.0026041666666666665 0.018518518518518517
0 0.3380208333333333 0.17777777777777778 0.004166666666666667 0.022222222222222223
0 0.32916666666666666 0.18055555555555555 0.004166666666666667 0.022222222222222223
0 0.3265625 0.17500000000000002 0.004166666666666667 0.018518518518518517
3 0.4822916666666667 0.12916666666666668 0.017708333333333333 0.01388888888888889
3 0.46796875 0.12268518518518519 0.0171875 0.012037037037037037
3 0.4817708333333333 0.11898148148148148 0.015625 0.012037037037037037
3 0.5127604166666666 0.11574074074074074 0.013020833333333334 0.014814814814814815
3 0.48541666666666666 0.10925925925925926 0.0125 0.012962962962962964
3 0.48932291666666666 0.10601851851851853 0.009895833333333333 0.012037037037037037
3 0.4895833333333333 0.0976851851851852 0.0125 0.010185185185185186
3 0.4747395833333333 0.10231481481481482 0.0171875 0.010185185185185186
3 0.47161458333333334 0.10925925925925926 0.0140625 0.011111111111111112
3 0.4653645833333333 0.11342592592592593 0.01614583333333333 0.012037037037037037
3 0.4458333333333333 0.11805555555555557 0.014583333333333334 0.01388888888888889
3 0.45234375 0.11064814814814815 0.013020833333333334 0.012037037037037037
3 0.44036458333333334 0.13564814814814816 0.018229166666666668 0.01388888888888889
3 0.42994791666666665 0.13055555555555556 0.022395833333333334 0.014814814814814815
3 0.4317708333333333 0.11805555555555557 0.015625 0.010185185185185186
3 0.4278645833333333 0.11527777777777778 0.0171875 0.015740740740740743
3 0.4127604166666667 0.11620370370370371 0.018229166666666668 0.012037037037037037
3 0.39791666666666664 0.11574074074074074 0.020833333333333332 0.012962962962962964
3 0.38229166666666664 0.11388888888888889 0.017708333333333333 0.012962962962962964
3 0.36276041666666664 0.11851851851851852 0.018229166666666668 0.012962962962962964
3 0.37473958333333335 0.12175925925925926 0.018229166666666668 0.012037037037037037
3 0.3703125 0.13425925925925927 0.01875 0.014814814814814815
3 0.38307291666666665 0.1375 0.018229166666666668 0.017592592592592594
3 0.3921875 0.14722222222222223 0.017708333333333333 0.018518518518518517
3 0.35104166666666664 0.14814814814814814 0.02395833333333333 0.018518518518518517
3 0.3109375 0.15462962962962964 0.027083333333333334 0.016666666666666666
3 0.34401041666666665 0.125 0.021354166666666667 0.016666666666666666
3 0.3364583333333333 0.11805555555555557 0.017708333333333333 0.008333333333333333
3 0.3385416666666667 0.13703703703703704 0.017708333333333333 0.014814814814814815
8 0.31145833333333334 0.1375 0.05625 0.032407407407407406
8 0.3052083333333333 0.1175925925925926 0.052083333333333336 0.03333333333333333
3 0.2765625 0.12916666666666668 0.017708333333333333 0.015740740740740743
3 0.26666666666666666 0.1212962962962963 0.010416666666666666 0.012962962962962964
3 0.28411458333333334 0.18425925925925926 0.0234375 0.022222222222222223
3 0.2598958333333333 0.17962962962962964 0.02395833333333333 0.022222222222222223
0 0.27239583333333334 0.18611111111111112 0.004166666666666667 0.020370370370370372
3 0.3091145833333333 0.08703703703703704 0.0078125 0.011111111111111112
3 0.3296875 0.09537037037037037 0.015625 0.012962962962962964
3 0.29661458333333335 0.062037037037037036 0.0067708333333333336 0.009259259259259259
3 0.2872395833333333 0.08287037037037037 0.0078125 0.010185185185185186
3 0.2778645833333333 0.06296296296296297 0.008854166666666666 0.009259259259259259
0 0.2947916666666667 0.17314814814814816 0.004166666666666667 0.012962962962962964
0 0.296875 0.17546296296296296 0.003125 0.015740740740740743
0 0.30026041666666664 0.17824074074074076 0.0036458333333333334 0.019444444444444445
0 0.3028645833333333 0.17962962962962964 0.0046875 0.020370370370370372
0 0.3109375 0.17500000000000002 0.004166666666666667 0.016666666666666666
0 0.3104166666666667 0.17500000000000002 0.004166666666666667 0.020370370370370372
0 0.3078125 0.17546296296296296 0.0020833333333333333 0.015740740740740743
0 0.21979166666666666 0.9412037037037038 0.021875 0.09722222222222222
1 0.3091145833333333 0.8796296296296297 0.0171875 0.05925925925925926
2 0.309375 0.9162037037037037 0.015625 0.0638888888888889
3 0.56484375 0.7819444444444444 0.0703125 0.14166666666666666
3 0.5158854166666667 0.6569444444444444 0.06197916666666667 0.11018518518518519
3 0.4770833333333333 0.774537037037037 0.0625 0.13611111111111113
3 0.4278645833333333 0.8444444444444444 0.06510416666666667 0.15925925925925927
3 0.34661458333333334 0.8439814814814816 0.05677083333333333 0.1527777777777778
3 0.26901041666666664 0.8865740740740741 0.059895833333333336 0.17685185185185187
3 0.4393229166666667 0.6425925925925926 0.050520833333333334 0.10370370370370371
3 0.37786458333333334 0.662962962962963 0.05260416666666667 0.10370370370370371
3 0.26276041666666666 0.7342592592592593 0.0515625 0.13148148148148148
3 0.4765625 0.5560185185185186 0.046875 0.08425925925925926
3 0.44895833333333335 0.4847222222222222 0.040625 0.06944444444444445
3 0.42343749999999997 0.4203703703703704 0.03854166666666667 0.06851851851851852
3 0.42109375 0.5569444444444445 0.0421875 0.08055555555555556
3 0.3997395833333333 0.48379629629629634 0.03802083333333333 0.0638888888888889
3 0.26536458333333335 0.6282407407407408 0.04114583333333333 0.10277777777777779
3 0.2635416666666667 0.5583333333333333 0.03854166666666667 0.07777777777777778
3 0.36354166666666665 0.5453703703703704 0.041666666666666664 0.08148148148148149
3 0.2591145833333333 0.5 0.0359375 0.06666666666666667
3 0.37473958333333335 0.4240740740740741 0.030729166666666665 0.05740740740740741
3 0.3458333333333333 0.45740740740740743 0.034375 0.061111111111111116
3 0.33541666666666664 0.4083333333333333 0.029166666666666667 0.05185185185185186
3 0.4028645833333333 0.3805555555555556 0.0296875 0.05185185185185186
3 0.38776041666666666 0.34490740740740744 0.024479166666666666 0.05092592592592593
3 0.3723958333333333 0.3111111111111111 0.02395833333333333 0.04259259259259259
3 0.3640625 0.28564814814814815 0.019791666666666666 0.03796296296296296
3 0.35859375 0.2657407407407408 0.019270833333333334 0.03333333333333333
3 0.3229166666666667 0.3680555555555556 0.027083333333333334 0.04537037037037037
3 0.31979166666666664 0.34120370370370373 0.026041666666666668 0.03981481481481482
3 0.31484375 0.3101851851851852 0.0234375 0.04259259259259259
3 0.34296875 0.2962962962962963 0.0203125 0.03333333333333333
3 0.34479166666666666 0.31851851851851853 0.025 0.04259259259259259
3 0.3559895833333333 0.3462962962962963 0.0265625 0.0462962962962963
4 0.3671875 0.37592592592592594 0.029166666666666667 0.061111111111111116
1 0.29791666666666666 0.5611111111111111 0.011458333333333333 0.04259259259259259
2 0.2984375 0.5851851851851853 0.010416666666666666 0.03888888888888889
1 0.30052083333333335 0.425462962962963 0.008333333333333333 0.028703703703703703
2 0.30234375 0.4486111111111111 0.008854166666666666 0.030555555555555558
0 0.20729166666666665 0.6601851851851852 0.014583333333333334 0.061111111111111116
9 0.15989583333333332 0.7157407407407408 0.015625 0.05925925925925926
0 0.1828125 0.638425925925926 0.017708333333333333 0.0638888888888889
0 0.20729166666666665 0.5810185185185185 0.014583333333333334 0.06018518518518519
0 0.1921875 0.5819444444444445 0.015625 0.06018518518518519
0 0.2674479166666667 0.45972222222222225 0.009895833333333333 0.036111111111111115
3 0.25729166666666664 0.44907407407407407 0.029166666666666667 0.053703703703703705
3 0.2591145833333333 0.40324074074074073 0.0265625 0.049074074074074076
3 0.2559895833333333 0.3717592592592593 0.024479166666666666 0.04166666666666667
3 0.2559895833333333 0.34305555555555556 0.024479166666666666 0.04351851851851852
3 0.2552083333333333 0.312962962962963 0.02395833333333333 0.031481481481481485
3 0.2520833333333333 0.2986111111111111 0.021875 0.030555555555555558
3 0.25494791666666666 0.2800925925925926 0.022395833333333334 0.032407407407407406
3 0.25364583333333335 0.26481481481481484 0.019791666666666666 0.03518518518518519
3 0.2515625 0.2449074074074074 0.016666666666666666 0.026851851851851852
3 0.25286458333333334 0.23148148148148148 0.0171875 0.02777777777777778
3 0.25416666666666665 0.21851851851851853 0.016666666666666666 0.02962962962962963
3 0.3046875 0.24120370370370373 0.021875 0.036111111111111115
0 0.2747395833333333 0.31851851851851853 0.0067708333333333336 0.031481481481481485
0 0.26979166666666665 0.3194444444444445 0.007291666666666667 0.037037037037037035
0 0.22864583333333333 0.4342592592592593 0.010416666666666666 0.05
9 0.20286458333333332 0.4777777777777778 0.009895833333333333 0.04259259259259259
9 0.20859375 0.4486111111111111 0.0109375 0.032407407407407406
9 0.19661458333333334 0.38657407407407407 0.009895833333333333 0.03425925925925926
2 0.22916666666666666 0.3861111111111111 0.010416666666666666 0.02777777777777778
2 0.23541666666666666 0.3574074074074074 0.010416666666666666 0.024074074074074074
0 0.22291666666666665 0.3703703703703704 0.007291666666666667 0.03518518518518519
0 0.20989583333333334 0.37083333333333335 0.007291666666666667 0.03796296296296296
0 0.22057291666666667 0.3175925925925926 0.005729166666666666 0.02592592592592593
0 0.21354166666666666 0.3189814814814815 0.007291666666666667 0.03796296296296296
1 0.21979166666666666 0.33287037037037037 0.008333333333333333 0.017592592592592594
1 0.2786458333333333 0.26805555555555555 0.008333333333333333 0.01388888888888889
1 0.23333333333333334 0.26851851851851855 0.00625 0.014814814814814815
1 0.21666666666666667 0.25416666666666665 0.00625 0.015740740740740743
2 0.22109375 0.34861111111111115 0.0078125 0.019444444444444445
9 0.2786458333333333 0.28101851851851856 0.00625 0.017592592592592594
2 0.23489583333333333 0.28240740740740744 0.005208333333333333 0.016666666666666666
9 0.2171875 0.26851851851851855 0.008333333333333333 0.018518518518518517
2 0.20807291666666666 0.2916666666666667 0.0067708333333333336 0.016666666666666666
9 0.20598958333333334 0.3101851851851852 0.0067708333333333336 0.018518518518518517
0 0.20807291666666666 0.21712962962962964 0.005729166666666666 0.025
2 0.20598958333333334 0.22175925925925927 0.0046875 0.01388888888888889
0 0.21927083333333333 0.20277777777777778 0.004166666666666667 0.02777777777777778
0 0.21354166666666666 0.1962962962962963 0.004166666666666667 0.024074074074074074
0 0.19973958333333333 0.2 0.0046875 0.022222222222222223
0 0.19296875 0.20324074074074075 0.0067708333333333336 0.025
0 0.1953125 0.19351851851851853 0.004166666666666667 0.020370370370370372
0 0.24296874999999998 0.19212962962962965 0.0046875 0.025
3 0.2552083333333333 0.15555555555555556 0.028125 0.020370370370370372
3 0.25364583333333335 0.14953703703703705 0.027083333333333334 0.019444444444444445
3 0.25286458333333334 0.1398148148148148 0.0234375 0.016666666666666666
3 0.22291666666666665 0.17453703703703705 0.029166666666666667 0.017592592592592594
3 0.21354166666666666 0.16805555555555557 0.029166666666666667 0.015740740740740743
4 0.20104166666666667 0.16111111111111112 0.027083333333333334 0.022222222222222223
8 0.21562499999999998 0.13101851851851853 0.059375 0.04351851851851852
3 0.19973958333333333 0.10555555555555556 0.0203125 0.011111111111111112
3 0.19427083333333334 0.10462962962962963 0.014583333333333334 0.011111111111111112
0 0.25729166666666664 0.11666666666666667 0.004166666666666667 0.018518518518518517
8 0.2622395833333333 0.10555555555555556 0.027604166666666666 0.031481481481481485
3 0.2453125 0.10694444444444445 0.011458333333333333 0.015740740740740743
3 0.2359375 0.10277777777777779 0.010416666666666666 0.011111111111111112
3 0.22552083333333334 0.09583333333333334 0.010416666666666666 0.015740740740740743
3 0.21614583333333334 0.0912037037037037 0.008333333333333333 0.012037037037037037
3 0.24739583333333334 0.10046296296296296 0.007291666666666667 0.012037037037037037
3 0.24973958333333332 0.09305555555555556 0.0078125 0.012037037037037037
3 0.24166666666666667 0.09444444444444444 0.008333333333333333 0.009259259259259259
3 0.2421875 0.08981481481481482 0.010416666666666666 0.011111111111111112
3 0.22552083333333334 0.08750000000000001 0.009375 0.010185185185185186
3 0.23489583333333333 0.08518518518518518 0.010416666666666666 0.012962962962962964
3 0.22604166666666667 0.08101851851851852 0.010416666666666666 0.012037037037037037
3 0.21848958333333332 0.07916666666666666 0.0109375 0.008333333333333333
3 0.19479166666666667 0.08055555555555556 0.008333333333333333 0.011111111111111112
3 0.20364583333333333 0.08055555555555556 0.008333333333333333 0.011111111111111112
3 0.20546875 0.0712962962962963 0.0046875 0.007407407407407408
