3 0.6473958333333333 0.17592592592592593 0.009375 0.011111111111111112
3 0.6166666666666667 0.20555555555555557 0.010416666666666666 0.014814814814814815
3 0.5973958333333333 0.21481481481481482 0.011458333333333333 0.014814814814814815
3 0.5713541666666666 0.26944444444444443 0.013541666666666667 0.016666666666666666
3 0.6026041666666666 0.24166666666666667 0.011458333333333333 0.016666666666666666
0 0.6536458333333334 0.23055555555555557 0.003125 0.016666666666666666
0 0.6890625 0.2953703703703704 0.003125 0.024074074074074074
0 0.7036458333333333 0.3037037037037037 0.003125 0.018518518518518517
3 0.6984375 0.2796296296296296 0.013541666666666667 0.022222222222222223
3 0.6020833333333333 0.29814814814814816 0.014583333333333334 0.018518518518518517
3 0.5942708333333333 0.3388888888888889 0.013541666666666667 0.018518518518518517
3 0.5072916666666667 0.3712962962962963 0.016666666666666666 0.02777777777777778
5 0.6161458333333333 0.25462962962962965 0.015625 0.031481481481481485
9 0.6229166666666667 0.3592592592592593 0.004166666666666667 0.018518518518518517
1 0.6223958333333334 0.35555555555555557 0.005208333333333333 0.022222222222222223
6 0.6359375 0.32962962962962966 0.003125 0.018518518518518517
3 0.6734375 0.36574074074074076 0.015625 0.024074074074074074
0 0.6864583333333333 0.39351851851851855 0.004166666666666667 0.020370370370370372
0 0.6828125 0.3990740740740741 0.003125 0.016666666666666666
6 0.6755208333333333 0.39814814814814814 0.009375 0.018518518518518517
1 0.6755208333333333 0.39351851851851855 0.005208333333333333 0.016666666666666666
9 0.6348958333333333 0.3944444444444445 0.005208333333333333 0.018518518518518517
1 0.6354166666666666 0.3925925925925926 0.004166666666666667 0.014814814814814815
1 0.6354166666666666 0.39351851851851855 0.004166666666666667 0.020370370370370372
0 0.2296875 0.32037037037037036 0.005208333333333333 0.02962962962962963
0 0.37916666666666665 0.2574074074074074 0.004166666666666667 0.022222222222222223
0 0.3848958333333333 0.25833333333333336 0.003125 0.016666666666666666
0 0.38697916666666665 0.2555555555555556 0.005208333333333333 0.022222222222222223
0 0.3875 0.3842592592592593 0.00625 0.024074074074074074
0 0.3921875 0.38796296296296295 0.005208333333333333 0.024074074074074074
0 0.35052083333333334 0.5064814814814815 0.003125 0.020370370370370372
5 0.5526041666666667 0.40092592592592596 0.03229166666666666 0.10185185185185186
5 0.590625 0.4046296296296297 0.022916666666666665 0.053703703703703705
5 0.49583333333333335 0.5 0.052083333333333336 0.14444444444444446
5 0.42552083333333335 0.4935185185185185 0.036458333333333336 0.07962962962962963
5 0.4734375 0.912962962962963 0.07604166666666666 0.17037037037037037
9 0.025 0.9305555555555556 0.03125 0.04259259259259259
1 0.20572916666666666 0.5814814814814815 0.013541666666666667 0.022222222222222223
4 0.26458333333333334 0.5351851851851852 0.041666666666666664 0.044444444444444446
3 0.2703125 0.5814814814814815 0.034375 0.05185185185185186
9 0.25416666666666665 0.6805555555555556 0.022916666666666665 0.02777777777777778
3 0.37083333333333335 0.6509259259259259 0.035416666666666666 0.06851851851851852
9 0.1328125 0.7194444444444444 0.021875 0.02777777777777778
1 0.1328125 0.7083333333333334 0.009375 0.03888888888888889
1 0.1296875 0.712962962962963 0.007291666666666667 0.02962962962962963
1 0.12552083333333333 0.712962962962963 0.009375 0.02962962962962963
1 0.8598958333333333 0.7666666666666667 0.009375 0.022222222222222223
0 0.9270833333333334 0.8046296296296297 0.010416666666666666 0.0462962962962963
4 0.8942708333333333 0.7555555555555555 0.065625 0.10740740740740741
6 0.9041666666666667 0.6925925925925926 0.027083333333333334 0.04814814814814815
9 0.6098958333333333 0.612037037037037 0.009375 0.031481481481481485
1 0.6104166666666666 0.6083333333333334 0.00625 0.024074074074074074
1 0.6104166666666666 0.6055555555555556 0.008333333333333333 0.02962962962962963
2 0.7572916666666667 0.46944444444444444 0.016666666666666666 0.020370370370370372
0 0.7572916666666667 0.4675925925925926 0.00625 0.02777777777777778
9 0.7604166666666666 0.5611111111111111 0.020833333333333332 0.02962962962962963
1 0.7609375 0.5574074074074075 0.009375 0.02962962962962963
1 0.759375 0.5574074074074075 0.00625 0.02592592592592593
6 0.7875 0.7046296296296296 0.0375 0.03888888888888889
1 0.7984375 0.6972222222222223 0.009375 0.024074074074074074
7 0.8671875 0.4777777777777778 0.034375 0.037037037037037035
7 0.8854166666666666 0.5453703703703704 0.029166666666666667 0.03888888888888889
1 0.8786458333333333 0.5527777777777778 0.011458333333333333 0.02777777777777778
1 0.8901041666666667 0.5518518518518519 0.007291666666666667 0.014814814814814815
1 0.8947916666666667 0.47962962962962963 0.00625 0.02592592592592593
1 0.9041666666666667 0.4851851851851852 0.00625 0.018518518518518517
9 0.9161458333333333 0.5296296296296297 0.021875 0.022222222222222223
1 0.9166666666666666 0.5259259259259259 0.008333333333333333 0.02592592592592593
9 0.9354166666666667 0.5166666666666667 0.016666666666666666 0.018518518518518517
1 0.9354166666666667 0.5064814814814815 0.010416666666666666 0.024074074074074074
9 0.9770833333333333 0.5324074074074074 0.020833333333333332 0.024074074074074074
1 0.9786458333333333 0.5287037037037037 0.011458333333333333 0.02777777777777778
9 0.9911458333333333 0.549074074074074 0.015625 0.020370370370370372
1 0.9942708333333333 0.5435185185185185 0.009375 0.024074074074074074
