0 0.11354166666666667 0.07777777777777778 0.00625 0.037037037037037035
0 0.10781249999999999 0.09351851851851853 0.009375 0.0462962962962963
0 0.07864583333333333 0.09537037037037037 0.011458333333333333 0.061111111111111116
0 0.05677083333333333 0.10277777777777779 0.007291666666666667 0.03888888888888889
0 0.041666666666666664 0.09351851851851853 0.008333333333333333 0.03518518518518519
0 0.0328125 0.10277777777777779 0.007291666666666667 0.03518518518518519
0 0.14479166666666665 0.07314814814814816 0.00625 0.031481481481481485
0 0.15052083333333333 0.0787037037037037 0.007291666666666667 0.03888888888888889
0 0.16041666666666665 0.07592592592592592 0.010416666666666666 0.02962962962962963
0 0.18072916666666666 0.07407407407407407 0.007291666666666667 0.02962962962962963
0 0.190625 0.07314814814814816 0.00625 0.031481481481481485
0 0.196875 0.08055555555555556 0.00625 0.03518518518518519
0 0.19739583333333333 0.07685185185185185 0.005208333333333333 0.03888888888888889
0 0.2015625 0.0962962962962963 0.009375 0.040740740740740744
0 0.20364583333333333 0.11944444444444445 0.007291666666666667 0.03888888888888889
0 0.1984375 0.1175925925925926 0.005208333333333333 0.031481481481481485
0 0.19322916666666667 0.11574074074074074 0.007291666666666667 0.031481481481481485
0 0.22135416666666666 0.0787037037037037 0.007291666666666667 0.02777777777777778
0 0.22864583333333333 0.06759259259259259 0.005208333333333333 0.031481481481481485
0 0.23177083333333334 0.08611111111111111 0.007291666666666667 0.031481481481481485
0 0.22552083333333334 0.09722222222222222 0.007291666666666667 0.031481481481481485
0 0.21927083333333333 0.10462962962962963 0.005208333333333333 0.012962962962962964
0 0.17604166666666665 0.13055555555555556 0.008333333333333333 0.03888888888888889
0 0.2526041666666667 0.07962962962962963 0.007291666666666667 0.037037037037037035
0 0.2630208333333333 0.04351851851851852 0.005208333333333333 0.024074074074074074
0 0.2916666666666667 0.03888888888888889 0.004166666666666667 0.022222222222222223
1 0.28541666666666665 0.07407407407407407 0.00625 0.014814814814814815
0 0.2677083333333333 0.09351851851851853 0.008333333333333333 0.02777777777777778
0 0.2947916666666667 0.08796296296296297 0.00625 0.031481481481481485
0 0.2875 0.12222222222222223 0.00625 0.02592592592592593
0 0.2546875 0.11666666666666667 0.005208333333333333 0.022222222222222223
0 0.24791666666666667 0.12222222222222223 0.008333333333333333 0.044444444444444446
1 0.1546875 0.11574074074074074 0.011458333333333333 0.020370370370370372
1 0.1390625 0.12314814814814816 0.011458333333333333 0.020370370370370372
0 0.051041666666666666 0.17777777777777778 0.010416666666666666 0.05555555555555556
0 0.15833333333333333 0.21574074074074076 0.010416666666666666 0.061111111111111116
0 0.010416666666666666 0.1953703703703704 0.01875 0.06481481481481481
1 0.009375 0.25092592592592594 0.01875 0.03888888888888889
0 0.004166666666666667 0.20555555555555557 0.010416666666666666 0.07777777777777778
1 0.23333333333333334 0.325 0.029166666666666667 0.04259259259259259
0 0.20364583333333333 0.35555555555555557 0.021875 0.08888888888888889
0 0.18020833333333333 0.33425925925925926 0.016666666666666666 0.07962962962962963
0 0.10677083333333333 0.33055555555555555 0.019791666666666666 0.08333333333333334
0 0.09375 0.40555555555555556 0.025 0.1
0 0.07604166666666666 0.32037037037037036 0.01875 0.0925925925925926
0 0.06510416666666667 0.35462962962962963 0.03229166666666666 0.08333333333333334
0 0.044270833333333336 0.3574074074074074 0.028125 0.08518518518518518
0 0.03229166666666666 0.3453703703703704 0.035416666666666666 0.07962962962962963
0 0.20416666666666666 0.48703703703703705 0.020833333333333332 0.10740740740740741
0 0.22239583333333332 0.48055555555555557 0.017708333333333333 0.08703703703703704
0 0.21302083333333333 0.49259259259259264 0.019791666666666666 0.10370370370370371
1 0.27760416666666665 0.46296296296296297 0.036458333333333336 0.05555555555555556
1 0.28854166666666664 0.4425925925925926 0.035416666666666666 0.04814814814814815
0 0.7088541666666667 0.8907407407407407 0.03854166666666667 0.14074074074074075
1 0.8989583333333333 0.5055555555555555 0.03333333333333333 0.05555555555555556
0 0.5916666666666667 0.5694444444444444 0.029166666666666667 0.12407407407407407
0 0.6083333333333333 0.5157407407407407 0.022916666666666665 0.11296296296296297
0 0.6135416666666667 0.46111111111111114 0.01875 0.10370370370370371
0 0.590625 0.42129629629629634 0.022916666666666665 0.08703703703703704
0 0.5817708333333333 0.45462962962962966 0.042708333333333334 0.09444444444444444
0 0.5322916666666666 0.412962962962963 0.020833333333333332 0.0925925925925926
0 0.7354166666666666 0.48240740740740745 0.03125 0.10555555555555556
0 0.6916666666666667 0.46944444444444444 0.03333333333333333 0.10185185185185186
0 0.3984375 0.40370370370370373 0.015625 0.1
0 0.396875 0.3675925925925926 0.0125 0.09444444444444444
0 0.38697916666666665 0.362962962962963 0.013541666666666667 0.0925925925925926
2 0.35520833333333335 0.32037037037037036 0.020833333333333332 0.06296296296296297
1 0.3729166666666667 0.3564814814814815 0.022916666666666665 0.0462962962962963
1 0.34270833333333334 0.3925925925925926 0.022916666666666665 0.04814814814814815
1 0.33229166666666665 0.40555555555555556 0.035416666666666666 0.044444444444444446
0 0.25416666666666665 0.24074074074074076 0.0125 0.06666666666666667
0 0.2661458333333333 0.24166666666666667 0.013541666666666667 0.06851851851851852
0 0.27760416666666665 0.2425925925925926 0.017708333333333333 0.07037037037037037
0 0.2760416666666667 0.2064814814814815 0.0125 0.05740740740740741
0 0.36041666666666666 0.23796296296296296 0.014583333333333334 0.06851851851851852
0 0.3307291666666667 0.2388888888888889 0.013541666666666667 0.07407407407407407
0 0.3380208333333333 0.22962962962962963 0.009375 0.05925925925925926
0 0.328125 0.22962962962962963 0.0125 0.06666666666666667
1 0.3260416666666667 0.2990740740740741 0.020833333333333332 0.05740740740740741
0 0.39739583333333334 0.04814814814814815 0.007291666666666667 0.02962962962962963
0 0.3770833333333333 0.05277777777777778 0.008333333333333333 0.02777777777777778
0 0.36302083333333335 0.04537037037037037 0.005208333333333333 0.024074074074074074
0 0.3098958333333333 0.06851851851851852 0.007291666666666667 0.03333333333333333
0 0.3223958333333333 0.0787037037037037 0.005208333333333333 0.020370370370370372
1 0.3359375 0.08333333333333334 0.007291666666666667 0.02592592592592593
1 0.3416666666666667 0.08240740740740742 0.010416666666666666 0.024074074074074074
0 0.34479166666666666 0.07407407407407407 0.00625 0.02962962962962963
0 0.38958333333333334 0.09537037037037037 0.008333333333333333 0.03888888888888889
0 0.3854166666666667 0.11203703703703705 0.00625 0.04259259259259259
0 0.3848958333333333 0.11296296296296297 0.007291666666666667 0.037037037037037035
0 0.44166666666666665 0.14722222222222223 0.008333333333333333 0.04259259259259259
1 0.3598958333333333 0.11851851851851852 0.009375 0.03333333333333333
1 0.3645833333333333 0.11944444444444445 0.008333333333333333 0.031481481481481485
0 0.4791666666666667 0.06481481481481481 0.004166666666666667 0.03333333333333333
1 0.4119791666666667 0.3101851851851852 0.017708333333333333 0.031481481481481485
1 0.4359375 0.3055555555555556 0.015625 0.037037037037037035
1 0.4354166666666667 0.2916666666666667 0.020833333333333332 0.03518518518518519
1 0.44895833333333335 0.27685185185185185 0.016666666666666666 0.03888888888888889
0 0.45989583333333334 0.26666666666666666 0.009375 0.07407407407407407
0 0.45416666666666666 0.24351851851851852 0.010416666666666666 0.07592592592592592
0 0.47604166666666664 0.10185185185185186 0.00625 0.02592592592592593
0 0.4791666666666667 0.1277777777777778 0.010416666666666666 0.044444444444444446
0 0.4869791666666667 0.21481481481481482 0.007291666666666667 0.05925925925925926
0 0.5041666666666667 0.12037037037037038 0.008333333333333333 0.037037037037037035
1 0.5375 0.31666666666666665 0.03333333333333333 0.037037037037037035
0 0.5354166666666667 0.2925925925925926 0.010416666666666666 0.05185185185185186
0 0.5505208333333333 0.22314814814814815 0.007291666666666667 0.0462962962962963
0 0.5255208333333333 0.15462962962962964 0.009375 0.05
0 0.540625 0.1175925925925926 0.00625 0.03888888888888889
0 0.5677083333333334 0.11018518518518519 0.008333333333333333 0.031481481481481485
0 0.5770833333333333 0.06759259259259259 0.004166666666666667 0.031481481481481485
1 0.5666666666666667 0.15462962962962964 0.0125 0.024074074074074074
0 0.6354166666666666 0.06666666666666667 0.00625 0.02592592592592593
0 0.6614583333333334 0.11944444444444445 0.008333333333333333 0.03888888888888889
0 0.6916666666666667 0.06759259259259259 0.00625 0.02777777777777778
0 0.6901041666666666 0.16111111111111112 0.007291666666666667 0.044444444444444446
0 0.7291666666666666 0.1398148148148148 0.00625 0.03518518518518519
1 0.7411458333333333 0.11944444444444445 0.009375 0.020370370370370372
0 0.746875 0.13796296296296298 0.00625 0.031481481481481485
0 0.7666666666666666 0.13518518518518519 0.00625 0.037037037037037035
0 0.7276041666666666 0.25462962962962965 0.011458333333333333 0.03888888888888889
0 0.6421875 0.30092592592592593 0.011458333333333333 0.06851851851851852
0 0.8197916666666667 0.2675925925925926 0.01875 0.06481481481481481
0 0.8208333333333333 0.1824074074074074 0.008333333333333333 0.03888888888888889
0 0.8223958333333333 0.13055555555555556 0.009375 0.03888888888888889
0 0.8052083333333333 0.1425925925925926 0.010416666666666666 0.040740740740740744
0 0.8942708333333333 0.12685185185185185 0.009375 0.0462962962962963
0 0.9072916666666666 0.13425925925925927 0.008333333333333333 0.03518518518518519
0 0.8817708333333333 0.12222222222222223 0.011458333333333333 0.044444444444444446
0 0.8671875 0.12592592592592594 0.007291666666666667 0.044444444444444446
0 0.8739583333333333 0.13055555555555556 0.008333333333333333 0.04259259259259259
0 0.7921875 0.13055555555555556 0.007291666666666667 0.03518518518518519
1 0.7776041666666667 0.10462962962962963 0.011458333333333333 0.024074074074074074
0 0.7807291666666667 0.10092592592592593 0.005208333333333333 0.031481481481481485
1 0.7791666666666667 0.09537037037037037 0.010416666666666666 0.024074074074074074
1 0.7619791666666667 0.37777777777777777 0.019791666666666666 0.06666666666666667
1 0.784375 0.38703703703703707 0.01875 0.07037037037037037
1 0.8005208333333333 0.3824074074074074 0.015625 0.07222222222222223
0 0.6760416666666667 0.3138888888888889 0.010416666666666666 0.03888888888888889
0 0.6848958333333334 0.31851851851851853 0.011458333333333333 0.05555555555555556
1 0.6916666666666667 0.30833333333333335 0.0125 0.05
0 0.7026041666666667 0.3175925925925926 0.007291666666666667 0.04259259259259259
1 0.7036458333333333 0.31851851851851853 0.013541666666666667 0.040740740740740744
1 0.7041666666666666 0.30462962962962964 0.014583333333333334 0.03518518518518519
9 0.9505208333333334 0.2972222222222222 0.028125 0.061111111111111116
1 0.975 0.3148148148148148 0.016666666666666666 0.04814814814814815
