1 0.5067708333333333 0.7694444444444445 0.011458333333333333 0.0462962962962963
1 0.4536458333333333 0.6833333333333333 0.009375 0.037037037037037035
1 0.41510416666666666 0.6546296296296297 0.011458333333333333 0.03518518518518519
1 0.40729166666666666 0.7231481481481482 0.008333333333333333 0.031481481481481485
1 0.40729166666666666 0.7175925925925927 0.008333333333333333 0.031481481481481485
1 0.3802083333333333 0.8027777777777778 0.014583333333333334 0.03518518518518519
1 0.3848958333333333 0.5685185185185185 0.007291666666666667 0.02592592592592593
1 0.4786458333333333 0.4638888888888889 0.005208333333333333 0.020370370370370372
1 0.33229166666666665 0.5592592592592592 0.004166666666666667 0.02962962962962963
1 0.3286458333333333 0.5601851851851852 0.005208333333333333 0.020370370370370372
1 0.33489583333333334 0.5564814814814815 0.005208333333333333 0.016666666666666666
9 0.3333333333333333 0.5694444444444444 0.020833333333333332 0.016666666666666666
6 0.38958333333333334 0.5787037037037037 0.027083333333333334 0.020370370370370372
1 0.4010416666666667 0.47962962962962963 0.00625 0.018518518518518517
0 0.3848958333333333 0.5027777777777778 0.007291666666666667 0.024074074074074074
0 0.5229166666666667 0.5074074074074074 0.004166666666666667 0.02592592592592593
0 0.51875 0.5046296296296297 0.00625 0.024074074074074074
0 0.515625 0.5018518518518519 0.00625 0.022222222222222223
1 0.33958333333333335 0.549074074074074 0.008333333333333333 0.020370370370370372
9 0.3411458333333333 0.5574074074074075 0.017708333333333333 0.018518518518518517
0 0.33541666666666664 0.8518518518518519 0.010416666666666666 0.07037037037037037
0 0.3229166666666667 0.8546296296296296 0.0125 0.061111111111111116
0 0.3015625 0.9407407407407408 0.017708333333333333 0.07407407407407407
0 0.27239583333333334 0.9481481481481482 0.017708333333333333 0.06666666666666667
6 0.28541666666666665 0.8611111111111112 0.06666666666666667 0.05555555555555556
6 0.30052083333333335 0.825925925925926 0.06145833333333333 0.06296296296296297
6 0.2604166666666667 0.8305555555555556 0.04791666666666666 0.07222222222222223
0 0.3416666666666667 0.7555555555555555 0.010416666666666666 0.05925925925925926
0 0.33541666666666664 0.7518518518518519 0.010416666666666666 0.06296296296296297
3 0.315625 0.7388888888888889 0.0625 0.05555555555555556
9 0.5770833333333333 0.8305555555555556 0.016666666666666666 0.05740740740740741
1 0.5791666666666666 0.8074074074074075 0.0125 0.044444444444444446
9 0.190625 0.7787037037037038 0.0125 0.0462962962962963
9 0.19166666666666665 0.8277777777777778 0.025 0.040740740740740744
3 0.47552083333333334 0.5851851851851853 0.026041666666666668 0.044444444444444446
4 0.4708333333333333 0.5046296296296297 0.020833333333333332 0.03888888888888889
3 0.4630208333333333 0.31666666666666665 0.007291666666666667 0.014814814814814815
1 0.5109375 0.45555555555555555 0.005208333333333333 0.018518518518518517
9 0.5109375 0.45925925925925926 0.007291666666666667 0.014814814814814815
6 0.503125 0.4666666666666667 0.00625 0.018518518518518517
1 0.5072916666666667 0.46851851851851856 0.004166666666666667 0.014814814814814815
6 0.678125 0.5166666666666667 0.03125 0.02962962962962963
1 0.6729166666666666 0.5092592592592593 0.008333333333333333 0.02592592592592593
3 0.5572916666666666 0.45555555555555555 0.016666666666666666 0.022222222222222223
0 0.48385416666666664 0.4185185185185185 0.005208333333333333 0.011111111111111112
9 0.4848958333333333 0.4203703703703704 0.007291666666666667 0.014814814814814815
6 0.3567708333333333 0.5120370370370371 0.019791666666666666 0.020370370370370372
9 0.34479166666666666 0.49074074074074076 0.00625 0.018518518518518517
0 0.37864583333333335 0.4777777777777778 0.005208333333333333 0.02592592592592593
0 0.37083333333333335 0.4777777777777778 0.004166666666666667 0.022222222222222223
0 0.3541666666666667 0.48333333333333334 0.00625 0.022222222222222223
3 0.5052083333333334 0.41111111111111115 0.014583333333333334 0.022222222222222223
3 0.490625 0.40370370370370373 0.0125 0.018518518518518517
1 0.3911458333333333 0.6537037037037037 0.013541666666666667 0.02962962962962963
1 0.3796875 0.6546296296296297 0.009375 0.02777777777777778
0 0.36302083333333335 0.6333333333333333 0.009375 0.040740740740740744
0 0.3723958333333333 0.6490740740740741 0.011458333333333333 0.04259259259259259
0 0.34479166666666666 0.6296296296296297 0.008333333333333333 0.040740740740740744
1 0.37135416666666665 0.6777777777777778 0.007291666666666667 0.02962962962962963
2 0.3723958333333333 0.6907407407407408 0.02395833333333333 0.02592592592592593
6 0.45208333333333334 0.34444444444444444 0.008333333333333333 0.014814814814814815
6 0.42864583333333334 0.3888888888888889 0.007291666666666667 0.014814814814814815
3 0.4380208333333333 0.33425925925925926 0.013541666666666667 0.024074074074074074
