3 0.6408088235294117 0.8366013071895424 0.06544117647058824 0.1437908496732026
3 0.61875 0.6718954248366013 0.04779411764705882 0.08888888888888888
5 0.5897058823529412 0.5045751633986928 0.045588235294117645 0.10196078431372549
3 0.7863970588235294 0.861437908496732 0.0875 0.11764705882352941
5 0.8551470588235294 0.7104575163398692 0.08529411764705883 0.1372549019607843
3 0.7665441176470588 0.565359477124183 0.05220588235294118 0.07712418300653594
9 0.16875 0.7686274509803921 0.019852941176470587 0.06013071895424836
1 0.16838235294117646 0.7503267973856209 0.01764705882352941 0.04967320261437908
3 0.15735294117647058 0.6294117647058823 0.057352941176470586 0.0849673202614379
3 0.23786764705882352 0.4816993464052287 0.04338235294117647 0.06143790849673202
3 0.1838235294117647 0.44967320261437904 0.06911764705882353 0.04444444444444444
3 0.1536764705882353 0.4013071895424836 0.039705882352941174 0.047058823529411764
3 0.30919117647058825 0.36209150326797385 0.027205882352941177 0.03660130718954248
5 0.20220588235294118 0.3464052287581699 0.029411764705882353 0.04444444444444444
4 0.2691176470588235 0.3196078431372549 0.045588235294117645 0.04052287581699346
0 0.28455882352941175 0.4137254901960784 0.007352941176470588 0.04052287581699346
1 0.2852941176470588 0.40392156862745093 0.004411764705882353 0.01830065359477124
0 0.006617647058823529 0.4084967320261438 0.011764705882352941 0.04052287581699346
9 0.0625 0.365359477124183 0.01764705882352941 0.027450980392156862
0 0.15955882352941175 0.3477124183006536 0.007352941176470588 0.03398692810457516
0 0.1676470588235294 0.3477124183006536 0.008823529411764706 0.03398692810457516
0 0.12610294117647058 0.3052287581699346 0.008088235294117646 0.03006535947712418
1 0.15441176470588236 0.31045751633986923 0.007352941176470588 0.02222222222222222
0 0.16286764705882353 0.30588235294117644 0.008088235294117646 0.02875816993464052
9 0.18455882352941178 0.2856209150326797 0.007352941176470588 0.0196078431372549
0 0.3095588235294118 0.33464052287581697 0.007352941176470588 0.0261437908496732
0 0.31691176470588234 0.3333333333333333 0.0058823529411764705 0.02875816993464052
0 0.32095588235294115 0.3281045751633987 0.005147058823529412 0.0261437908496732
0 0.31727941176470587 0.3248366013071895 0.005147058823529412 0.02483660130718954
4 0.33455882352941174 0.30196078431372547 0.020588235294117647 0.0392156862745098
3 0.2613970588235294 0.26078431372549016 0.021323529411764706 0.027450980392156862
9 0.22536764705882353 0.24771241830065358 0.009558823529411765 0.01437908496732026
4 0.2426470588235294 0.23202614379084965 0.01911764705882353 0.03006535947712418
9 0.2636029411764706 0.21633986928104573 0.008088235294117646 0.01437908496732026
3 0.5709558823529411 0.4026143790849673 0.02426470588235294 0.04183006535947712
6 0.5621323529411765 0.3509803921568627 0.0125 0.027450980392156862
1 0.5632352941176471 0.34444444444444444 0.007352941176470588 0.01437908496732026
0 0.6816176470588236 0.42810457516339867 0.007352941176470588 0.0326797385620915
3 0.7492647058823529 0.43660130718954243 0.052941176470588235 0.0522875816993464
2 0.6988970588235294 0.43202614379084964 0.01838235294117647 0.02483660130718954
0 0.7 0.4261437908496732 0.010294117647058823 0.02875816993464052
5 0.7022058823529411 0.38954248366013067 0.03529411764705882 0.07058823529411765
3 0.6658088235294117 0.3980392156862745 0.02426470588235294 0.043137254901960784
4 0.7279411764705882 0.3202614379084967 0.023529411764705882 0.03398692810457516
4 0.6452205882352942 0.34444444444444444 0.022794117647058822 0.04052287581699346
0 0.6242647058823529 0.33660130718954245 0.007352941176470588 0.027450980392156862
0 0.6301470588235294 0.33921568627450976 0.0058823529411764705 0.027450980392156862
0 0.6301470588235294 0.3326797385620915 0.0058823529411764705 0.02483660130718954
4 0.6301470588235294 0.31176470588235294 0.01764705882352941 0.03529411764705882
3 0.6286764705882353 0.2895424836601307 0.022058823529411763 0.027450980392156862
3 0.6102941176470588 0.2673202614379085 0.01911764705882353 0.03006535947712418
3 0.5522058823529412 0.2901960784313725 0.01764705882352941 0.0261437908496732
7 0.5327205882352941 0.28823529411764703 0.011029411764705881 0.0326797385620915
1 0.5319852941176471 0.2797385620915033 0.005147058823529412 0.01830065359477124
9 0.43529411764705883 0.2875816993464052 0.0058823529411764705 0.01830065359477124
9 0.4591911764705882 0.23660130718954248 0.005147058823529412 0.01568627450980392
1 0.43566176470588236 0.2803921568627451 0.005147058823529412 0.0196078431372549
1 0.45845588235294116 0.23137254901960783 0.005147058823529412 0.01568627450980392
3 0.4779411764705882 0.1941176470588235 0.010294117647058823 0.0196078431372549
3 0.4305147058823529 0.20392156862745098 0.02426470588235294 0.01830065359477124
3 0.4801470588235294 0.1568627450980392 0.008823529411764706 0.01568627450980392
3 0.3400735294117647 0.18366013071895423 0.022794117647058822 0.0196078431372549
3 0.34411764705882353 0.18169934640522875 0.022058823529411763 0.01568627450980392
3 0.3448529411764706 0.17712418300653593 0.022058823529411763 0.01437908496732026
3 0.34963235294117645 0.1738562091503268 0.022794117647058822 0.0130718954248366
4 0.3518382352941176 0.16732026143790849 0.022794117647058822 0.01830065359477124
3 0.35404411764705884 0.16601307189542483 0.021323529411764706 0.01830065359477124
4 0.34301470588235294 0.14967320261437908 0.01838235294117647 0.01699346405228758
3 0.4606617647058823 0.1372549019607843 0.008088235294117646 0.0130718954248366
4 0.49926470588235294 0.13660130718954247 0.007352941176470588 0.01699346405228758
4 0.48455882352941176 0.12549019607843137 0.007352941176470588 0.01568627450980392
0 0.6066176470588235 0.20130718954248364 0.0029411764705882353 0.01568627450980392
4 0.6084558823529411 0.13398692810457516 0.019852941176470587 0.0196078431372549
4 0.5996323529411764 0.11895424836601307 0.009558823529411765 0.01568627450980392
4 0.6110294117647058 0.11830065359477124 0.010294117647058823 0.01699346405228758
4 0.5915441176470588 0.11437908496732026 0.015441176470588236 0.01437908496732026
3 0.38345588235294115 0.13660130718954247 0.015441176470588236 0.011764705882352941
3 0.42683823529411763 0.1372549019607843 0.009558823529411765 0.0130718954248366
3 0.38676470588235295 0.13333333333333333 0.01764705882352941 0.0130718954248366
3 0.43529411764705883 0.12026143790849672 0.0058823529411764705 0.00784313725490196
3 0.3889705882352941 0.12287581699346405 0.007352941176470588 0.0130718954248366
3 0.39338235294117646 0.12679738562091503 0.007352941176470588 0.0130718954248366
9 0.5327205882352941 0.18692810457516337 0.003676470588235294 0.0130718954248366
1 0.5327205882352941 0.18366013071895423 0.003676470588235294 0.011764705882352941
3 0.5150735294117647 0.13006535947712417 0.006617647058823529 0.011764705882352941
5 0.44191176470588234 0.10718954248366012 0.007352941176470588 0.01568627450980392
