3 0.009191176470588236 0.03333333333333333 0.013970588235294117 0.0196078431372549
3 0.051470588235294115 0.16078431372549018 0.023529411764705882 0.02875816993464052
3 0.09080882352941176 0.14705882352941174 0.022794117647058822 0.027450980392156862
3 0.12941176470588234 0.28627450980392155 0.033823529411764704 0.04967320261437908
3 0.11360294117647059 0.2588235294117647 0.030147058823529412 0.04444444444444444
3 0.0801470588235294 0.31241830065359477 0.03529411764705882 0.04967320261437908
4 0.05551470588235294 0.26013071895424833 0.030147058823529412 0.05751633986928104
7 0.04742647058823529 0.3679738562091503 0.022794117647058822 0.06928104575163398
1 0.05036764705882353 0.37189542483660126 0.011029411764705881 0.027450980392156862
7 0.10404411764705883 0.37189542483660126 0.03602941176470588 0.06405228758169934
1 0.10514705882352941 0.3699346405228758 0.013235294117647059 0.03137254901960784
3 0.17536764705882352 0.21241830065359477 0.028676470588235293 0.0326797385620915
5 0.19301470588235295 0.06143790849673202 0.03897058823529412 0.04183006535947712
3 0.25441176470588234 0.1803921568627451 0.023529411764705882 0.03137254901960784
7 0.27352941176470585 0.19346405228758168 0.014705882352941176 0.0261437908496732
3 0.2841911764705882 0.20849673202614377 0.022794117647058822 0.0326797385620915
3 0.30919117647058825 0.22091503267973855 0.027205882352941177 0.03398692810457516
3 0.46691176470588236 0.6941176470588235 0.08235294117647059 0.10718954248366012
3 0.4650735294117647 0.5797385620915032 0.06102941176470588 0.08758169934640522
9 0.5073529411764706 0.4071895424836601 0.01764705882352941 0.03790849673202614
1 0.5128676470588235 0.4006535947712418 0.005147058823529412 0.02222222222222222
1 0.5066176470588235 0.39673202614379083 0.010294117647058823 0.03006535947712418
5 0.275 0.06339869281045751 0.03823529411764706 0.0326797385620915
3 0.2926470588235294 0.09019607843137255 0.033823529411764704 0.023529411764705882
3 0.31176470588235294 0.11045751633986928 0.033823529411764704 0.02222222222222222
9 0.31985294117647056 0.09215686274509803 0.0058823529411764705 0.01437908496732026
3 0.31985294117647056 0.1287581699346405 0.022058823529411763 0.027450980392156862
0 0.2823529411764706 0.1261437908496732 0.007352941176470588 0.02483660130718954
3 0.35919117647058824 0.22483660130718952 0.04485294117647059 0.03660130718954248
3 0.40147058823529413 0.23986928104575161 0.029411764705882353 0.04052287581699346
2 0.42977941176470585 0.22941176470588234 0.015441176470588236 0.02222222222222222
7 0.44485294117647056 0.24444444444444444 0.01764705882352941 0.03398692810457516
3 0.4801470588235294 0.2522875816993464 0.052941176470588235 0.03660130718954248
3 0.26286764705882354 0.14248366013071895 0.030147058823529412 0.0261437908496732
0 0.7360294117647058 0.4738562091503268 0.010294117647058823 0.050980392156862744
0 0.7415441176470589 0.4738562091503268 0.0125 0.0457516339869281
0 0.5235294117647059 0.18104575163398692 0.0029411764705882353 0.027450980392156862
9 0.5198529411764706 0.24313725490196078 0.0058823529411764705 0.02875816993464052
9 0.5375 0.22941176470588234 0.007352941176470588 0.027450980392156862
0 0.5433823529411764 0.22026143790849673 0.007352941176470588 0.0326797385620915
9 0.5481617647058823 0.22745098039215686 0.005147058823529412 0.0261437908496732
9 0.5558823529411765 0.22745098039215686 0.007352941176470588 0.02091503267973856
9 0.5536764705882353 0.20522875816993463 0.007352941176470588 0.023529411764705882
0 0.5356617647058823 0.18431372549019606 0.005147058823529412 0.0261437908496732
9 0.5481617647058823 0.1895424836601307 0.013970588235294117 0.02091503267973856
9 0.5463235294117647 0.17712418300653593 0.007352941176470588 0.0196078431372549
9 0.5628676470588235 0.23529411764705882 0.005147058823529412 0.03137254901960784
9 0.5680147058823529 0.23137254901960783 0.016911764705882352 0.01830065359477124
9 0.586764705882353 0.2457516339869281 0.01764705882352941 0.02875816993464052
9 0.5511029411764706 0.2673202614379085 0.01838235294117647 0.02483660130718954
9 0.5941176470588235 0.22941176470588234 0.014705882352941176 0.02222222222222222
9 0.58125 0.20392156862745098 0.013970588235294117 0.01568627450980392
0 0.5636029411764706 0.1503267973856209 0.005147058823529412 0.0261437908496732
0 0.5595588235294118 0.15555555555555556 0.0029411764705882353 0.0130718954248366
0 0.4716911764705882 0.2980392156862745 0.006617647058823529 0.03660130718954248
0 0.47610294117647056 0.2941176470588235 0.006617647058823529 0.03660130718954248
0 0.5044117647058823 0.3130718954248366 0.007352941176470588 0.04052287581699346
0 0.5297794117647059 0.3352941176470588 0.009558823529411765 0.03790849673202614
0 0.5323529411764706 0.29934640522875816 0.0058823529411764705 0.03398692810457516
0 0.538235294117647 0.2973856209150327 0.007352941176470588 0.03790849673202614
2 0.5580882352941177 0.2941176470588235 0.01764705882352941 0.02875816993464052
2 0.555514705882353 0.2875816993464052 0.016911764705882352 0.0261437908496732
1 0.5599264705882353 0.28627450980392155 0.009558823529411765 0.03137254901960784
1 0.55625 0.2764705882352941 0.009558823529411765 0.0326797385620915
0 0.5996323529411764 0.21437908496732025 0.005147058823529412 0.0261437908496732
9 0.6154411764705883 0.3359477124183006 0.014705882352941176 0.02875816993464052
1 0.6150735294117647 0.3254901960784313 0.011029411764705881 0.03137254901960784
1 0.6209558823529412 0.32614379084967315 0.005147058823529412 0.03006535947712418
3 0.6547794117647059 0.3326797385620915 0.05514705882352941 0.05359477124183006
7 0.6305147058823529 0.23986928104575161 0.04338235294117647 0.0326797385620915
7 0.6213235294117647 0.2130718954248366 0.011764705882352941 0.03398692810457516
3 0.7025735294117647 0.2797385620915033 0.05073529411764706 0.04183006535947712
2 0.7191176470588235 0.27124183006535946 0.016176470588235292 0.02222222222222222
1 0.7202205882352941 0.26013071895424833 0.009558823529411765 0.023529411764705882
7 0.6779411764705883 0.2006535947712418 0.025 0.03790849673202614
4 0.6908088235294118 0.23464052287581696 0.04191176470588235 0.043137254901960784
0 0.6988970588235294 0.19346405228758168 0.006617647058823529 0.02875816993464052
0 0.7066176470588236 0.1941176470588235 0.0058823529411764705 0.02222222222222222
0 0.7102941176470589 0.1915032679738562 0.0058823529411764705 0.027450980392156862
9 0.7272058823529411 0.19673202614379084 0.010294117647058823 0.02222222222222222
3 0.7386029411764706 0.22091503267973855 0.04191176470588235 0.03398692810457516
3 0.7661764705882352 0.2941176470588235 0.047058823529411764 0.047058823529411764
3 0.8014705882352942 0.3202614379084967 0.051470588235294115 0.04967320261437908
3 0.8216911764705882 0.3581699346405228 0.05661764705882353 0.047058823529411764
9 0.7349264705882352 0.18104575163398692 0.0125 0.02222222222222222
9 0.7253676470588235 0.18169934640522875 0.011029411764705881 0.02091503267973856
3 0.9077205882352941 0.2549019607843137 0.04044117647058824 0.03398692810457516
4 0.975735294117647 0.4117647058823529 0.047058823529411764 0.06274509803921569
0 0.99375 0.46078431372549017 0.011029411764705881 0.043137254901960784
0 0.9845588235294117 0.46013071895424834 0.010294117647058823 0.04444444444444444
0 0.9797794117647058 0.4549019607843137 0.0125 0.04183006535947712
0 0.9555147058823529 0.6281045751633987 0.015441176470588236 0.05620915032679738
0 0.9404411764705882 0.6169934640522875 0.014705882352941176 0.04967320261437908
1 0.9386029411764706 0.6045751633986928 0.008088235294117646 0.027450980392156862
3 0.8158088235294118 0.5640522875816993 0.04926470588235294 0.07973856209150326
1 0.9290441176470589 0.4464052287581699 0.013970588235294117 0.0326797385620915
9 0.9297794117647059 0.4588235294117647 0.015441176470588236 0.03660130718954248
6 0.8775735294117647 0.4660130718954248 0.022794117647058822 0.04836601307189542
1 0.8746323529411765 0.45751633986928103 0.0125 0.047058823529411764
9 0.8411764705882353 0.49542483660130715 0.027941176470588233 0.0392156862745098
1 0.84375 0.48496732026143785 0.015441176470588236 0.04183006535947712
1 0.8408088235294118 0.4875816993464052 0.009558823529411765 0.03398692810457516
9 0.8772058823529412 0.5483660130718954 0.027941176470588233 0.03529411764705882
1 0.8808823529411764 0.5444444444444444 0.014705882352941176 0.05359477124183006
1 0.8900735294117647 0.5470588235294117 0.011029411764705881 0.043137254901960784
9 0.9698529411764706 0.5026143790849673 0.014705882352941176 0.04052287581699346
