4 0.4617647058823529 0.2764705882352941 0.032352941176470584 0.07450980392156863
4 0.5264705882352941 0.22483660130718952 0.026470588235294117 0.06013071895424836
4 0.44816176470588237 0.1522875816993464 0.022794117647058822 0.050980392156862744
3 0.2908088235294118 0.9588235294117646 0.07426470588235294 0.07450980392156863
3 0.47573529411764703 0.1803921568627451 0.025 0.047058823529411764
3 0.5459558823529411 0.16274509803921566 0.03455882352941177 0.03529411764705882
3 0.5477941176470588 0.12745098039215685 0.020588235294117647 0.03529411764705882
3 0.5205882352941177 0.10261437908496732 0.01764705882352941 0.0326797385620915
3 0.4878676470588235 0.05555555555555555 0.01838235294117647 0.0326797385620915
3 0.4915441176470588 0.02810457516339869 0.015441176470588236 0.02483660130718954
4 0.43713235294117647 0.07516339869281045 0.016911764705882352 0.04052287581699346
3 0.6672794117647058 0.29869281045751633 0.06544117647058824 0.06405228758169934
3 0.6503676470588236 0.26013071895424833 0.06102941176470588 0.047058823529411764
3 0.3272058823529412 0.3183006535947712 0.075 0.04836601307189542
3 0.38786764705882354 0.1261437908496732 0.05073529411764706 0.03529411764705882
4 0.39558823529411763 0.10261437908496732 0.039705882352941174 0.0326797385620915
3 0.41360294117647056 0.054901960784313725 0.03897058823529412 0.0261437908496732
4 0.45294117647058824 0.01111111111111111 0.013235294117647059 0.02483660130718954
9 0.37720588235294117 0.058823529411764705 0.014705882352941176 0.01568627450980392
3 0.22426470588235295 0.3503267973856209 0.07941176470588235 0.06274509803921569
3 0.0125 0.3581699346405228 0.025 0.06274509803921569
1 0.16654411764705881 0.42745098039215684 0.013970588235294117 0.0392156862745098
1 0.34595588235294117 0.3810457516339869 0.0125 0.0457516339869281
0 0.38235294117647056 0.4490196078431372 0.025 0.05359477124183006
4 0.3669117647058823 0.21895424836601304 0.05 0.0457516339869281
6 0.4301470588235294 0.12287581699346405 0.020588235294117647 0.04183006535947712
1 0.4536764705882353 0.10196078431372549 0.007352941176470588 0.0261437908496732
1 0.44926470588235295 0.11176470588235293 0.0058823529411764705 0.0196078431372549
9 0.4488970588235294 0.12287581699346405 0.006617647058823529 0.01568627450980392
9 0.4536764705882353 0.11045751633986928 0.007352941176470588 0.0196078431372549
1 0.5547794117647059 0.07647058823529411 0.009558823529411765 0.02483660130718954
2 0.555514705882353 0.08562091503267973 0.005147058823529412 0.01437908496732026
1 0.6106617647058823 0.28104575163398693 0.011029411764705881 0.03398692810457516
2 0.6106617647058823 0.29084967320261434 0.009558823529411765 0.03006535947712418
9 0.1698529411764706 0.44248366013071894 0.030882352941176472 0.03790849673202614
9 0.34816176470588234 0.38692810457516336 0.022794117647058822 0.04183006535947712
9 0.3871323529411765 0.4620915032679738 0.03455882352941177 0.04052287581699346
9 0.24227941176470588 0.6745098039215686 0.04485294117647059 0.03660130718954248
9 0.24485294117647058 0.6398692810457516 0.039705882352941174 0.043137254901960784
9 0.3382352941176471 0.6928104575163399 0.014705882352941176 0.04183006535947712
6 0.38566176470588237 0.5856209150326797 0.015441176470588236 0.054901960784313725
1 0.24080882352941177 0.6647058823529411 0.01838235294117647 0.06143790849673202
1 0.23933823529411766 0.6287581699346405 0.019852941176470587 0.04967320261437908
1 0.3352941176470588 0.6758169934640522 0.016176470588235292 0.06274509803921569
1 0.38566176470588237 0.5627450980392157 0.013970588235294117 0.05359477124183006
1 0.7169117647058824 0.8091503267973855 0.023529411764705882 0.06797385620915032
1 0.7363970588235293 0.5215686274509803 0.01838235294117647 0.06013071895424836
1 0.7783088235294118 0.4869281045751634 0.01838235294117647 0.05620915032679738
1 0.7639705882352941 0.4666666666666666 0.014705882352941176 0.047058823529411764
2 0.7150735294117647 0.8313725490196078 0.022794117647058822 0.06274509803921569
9 0.731985294117647 0.5261437908496732 0.030147058823529412 0.04052287581699346
9 0.7764705882352941 0.4947712418300653 0.041176470588235294 0.03790849673202614
9 0.7591911764705882 0.47516339869281043 0.03897058823529412 0.043137254901960784
9 0.8073529411764706 0.4666666666666666 0.03676470588235294 0.0392156862745098
9 0.7966911764705882 0.39673202614379083 0.03455882352941177 0.04052287581699346
1 0.8128676470588235 0.4562091503267974 0.013970588235294117 0.04183006535947712
6 0.7911764705882353 0.36732026143790847 0.057352941176470586 0.06013071895424836
6 0.9150735294117647 0.37712418300653594 0.05808823529411765 0.06405228758169934
0 0.9268382352941177 0.3908496732026144 0.015441176470588236 0.047058823529411764
