3 0.5856617647058824 0.6281045751633987 0.04044117647058824 0.08758169934640522
3 0.5198529411764706 0.634640522875817 0.03529411764705882 0.08758169934640522
3 0.5154411764705882 0.5372549019607843 0.032352941176470584 0.07581699346405228
3 0.5658088235294118 0.4718954248366013 0.03161764705882353 0.06274509803921569
3 0.5106617647058823 0.3705882352941176 0.030147058823529412 0.04836601307189542
4 0.17022058823529412 0.7797385620915032 0.11691176470588235 0.13202614379084968
0 0.6783088235294118 0.5444444444444444 0.0125 0.05359477124183006
0 0.6856617647058824 0.5254901960784313 0.009558823529411765 0.054901960784313725
0 0.12022058823529412 0.7934640522875817 0.015441176470588236 0.06797385620915032
0 0.10404411764705883 0.7986928104575163 0.013970588235294117 0.05751633986928104
0 0.09044117647058823 0.8424836601307188 0.013235294117647059 0.058823529411764705
3 0.20294117647058824 0.6777777777777777 0.10294117647058823 0.08758169934640522
3 0.2452205882352941 0.6071895424836601 0.10808823529411765 0.0849673202614379
3 0.2363970588235294 0.5052287581699346 0.10367647058823529 0.050980392156862744
3 0.1514705882352941 0.5111111111111111 0.060294117647058824 0.12026143790849672
3 0.26801470588235293 0.3431372549019608 0.06838235294117646 0.04836601307189542
3 0.5136029411764705 0.43660130718954243 0.025735294117647058 0.047058823529411764
1 0.5161764705882352 0.4666666666666666 0.007352941176470588 0.03398692810457516
1 0.6272058823529412 0.5869281045751633 0.010294117647058823 0.047058823529411764
9 0.5169117647058823 0.4816993464052287 0.007352941176470588 0.027450980392156862
2 0.6279411764705882 0.6071895424836601 0.010294117647058823 0.03790849673202614
3 0.5569852941176471 0.42156862745098034 0.027205882352941177 0.0457516339869281
3 0.5533088235294118 0.37385620915032675 0.027205882352941177 0.04183006535947712
3 0.44595588235294115 0.32091503267973853 0.030147058823529412 0.04836601307189542
3 0.4036764705882353 0.29869281045751633 0.04264705882352941 0.0326797385620915
3 0.42720588235294116 0.2875816993464052 0.04264705882352941 0.02875816993464052
3 0.4488970588235294 0.2679738562091503 0.04485294117647059 0.03398692810457516
4 0.39044117647058824 0.25816993464052285 0.03676470588235294 0.03529411764705882
3 0.47610294117647056 0.23594771241830065 0.013970588235294117 0.027450980392156862
3 0.47610294117647056 0.22352941176470587 0.013970588235294117 0.02875816993464052
3 0.4797794117647059 0.2045751633986928 0.015441176470588236 0.027450980392156862
3 0.48198529411764707 0.1915032679738562 0.0125 0.02222222222222222
3 0.48198529411764707 0.1803921568627451 0.0125 0.0261437908496732
3 0.4823529411764706 0.17058823529411762 0.013235294117647059 0.02222222222222222
3 0.5125 0.17843137254901958 0.013235294117647059 0.02222222222222222
3 0.4573529411764706 0.19607843137254902 0.011764705882352941 0.02091503267973856
3 0.45294117647058824 0.22026143790849673 0.013235294117647059 0.02222222222222222
6 0.5275735294117647 0.2973856209150327 0.025735294117647058 0.0326797385620915
1 0.4463235294117647 0.1895424836601307 0.004411764705882353 0.0130718954248366
2 0.4463235294117647 0.1980392156862745 0.004411764705882353 0.01437908496732026
3 0.4386029411764706 0.14640522875816991 0.030147058823529412 0.01568627450980392
0 0.6628676470588235 0.2647058823529412 0.006617647058823529 0.027450980392156862
9 0.6599264705882353 0.26862745098039215 0.015441176470588236 0.01437908496732026
0 0.6286764705882353 0.24771241830065358 0.0029411764705882353 0.027450980392156862
0 0.6327205882352941 0.24967320261437906 0.003676470588235294 0.02091503267973856
0 0.5974264705882353 0.37777777777777777 0.0125 0.04444444444444444
3 0.5838235294117647 0.22549019607843135 0.029411764705882353 0.027450980392156862
3 0.5702205882352941 0.2065359477124183 0.028676470588235293 0.02091503267973856
3 0.5610294117647059 0.1803921568627451 0.027941176470588233 0.01830065359477124
3 0.4863970588235294 0.11437908496732026 0.008088235294117646 0.01437908496732026
3 0.4650735294117647 0.12026143790849672 0.008088235294117646 0.0130718954248366
3 0.47058823529411764 0.11503267973856209 0.01764705882352941 0.01568627450980392
1 0.5136029411764705 0.12352941176470587 0.005147058823529412 0.011764705882352941
1 0.5209558823529412 0.11568627450980391 0.005147058823529412 0.011764705882352941
9 0.5136029411764705 0.1287581699346405 0.005147058823529412 0.00915032679738562
9 0.5202205882352942 0.12352941176470587 0.003676470588235294 0.0065359477124183
4 0.2139705882352941 0.24901960784313723 0.04264705882352941 0.0326797385620915
3 0.9330882352941177 0.26666666666666666 0.032352941176470584 0.02875816993464052
3 0.9772058823529411 0.27320261437908494 0.03529411764705882 0.023529411764705882
0 0.7761029411764706 0.27058823529411763 0.006617647058823529 0.0261437908496732
0 0.7738970588235294 0.2699346405228758 0.006617647058823529 0.027450980392156862
0 0.7863970588235294 0.25163398692810457 0.006617647058823529 0.027450980392156862
1 0.88125 0.2771241830065359 0.008088235294117646 0.02091503267973856
9 0.8823529411764706 0.28627450980392155 0.01764705882352941 0.0130718954248366
0 0.8591911764705882 0.25816993464052285 0.008088235294117646 0.027450980392156862
3 0.8408088235294118 0.25098039215686274 0.009558823529411765 0.02091503267973856
3 0.8481617647058823 0.2503267973856209 0.009558823529411765 0.02222222222222222
3 0.8915441176470588 0.26405228758169935 0.009558823529411765 0.01568627450980392
3 0.8790441176470588 0.265359477124183 0.009558823529411765 0.01568627450980392
2 0.8334558823529412 0.25163398692810457 0.008088235294117646 0.0196078431372549
3 0.8136029411764706 0.26601307189542484 0.005147058823529412 0.02222222222222222
0 0.9433823529411764 0.23986928104575161 0.007352941176470588 0.02483660130718954
0 0.981985294117647 0.24640522875816992 0.005147058823529412 0.0196078431372549
0 0.9709558823529412 0.24444444444444444 0.005147058823529412 0.02091503267973856
9 0.9680147058823529 0.25098039215686274 0.008088235294117646 0.0130718954248366
9 0.29044117647058826 0.230718954248366 0.03676470588235294 0.0326797385620915
1 0.6430147058823529 0.8712418300653594 0.013970588235294117 0.04836601307189542
9 0.6411764705882352 0.8464052287581699 0.014705882352941176 0.04836601307189542
9 0.6397058823529411 0.8673202614379084 0.020588235294117647 0.06405228758169934
1 0.5452205882352941 0.922875816993464 0.019852941176470587 0.05751633986928104
9 0.54375 0.9398692810457515 0.021323529411764706 0.07058823529411765
