3 0.6022058823529411 0.75359477124183 0.075 0.12679738562091503
3 0.5253676470588236 0.90718954248366 0.09338235294117647 0.17777777777777776
4 0.675 0.5620915032679739 0.041176470588235294 0.09411764705882353
3 0.32169117647058826 0.7542483660130719 0.09044117647058823 0.1045751633986928
3 0.43272058823529413 0.5405228758169934 0.06691176470588235 0.06143790849673202
3 0.1547794117647059 0.6352941176470588 0.0875 0.0784313725490196
3 0.1386029411764706 0.7294117647058823 0.0875 0.09673202614379084
3 0.2959558823529412 0.9640522875816993 0.06985294117647059 0.06928104575163398
3 0.34301470588235294 0.43006535947712415 0.04926470588235294 0.04183006535947712
3 0.3698529411764706 0.41699346405228754 0.044117647058823525 0.04183006535947712
4 0.38566176470588237 0.36666666666666664 0.03602941176470588 0.0457516339869281
4 0.2 0.49738562091503263 0.06470588235294117 0.06405228758169934
3 0.7919117647058823 0.5339869281045752 0.039705882352941174 0.06928104575163398
3 0.950735294117647 0.534640522875817 0.04264705882352941 0.05751633986928104
3 0.7588235294117647 0.3849673202614379 0.025 0.03529411764705882
3 0.73125 0.36013071895424836 0.02426470588235294 0.0326797385620915
3 0.7555147058823529 0.3222222222222222 0.01838235294117647 0.0326797385620915
3 0.8198529411764706 0.3588235294117647 0.020588235294117647 0.0326797385620915
3 0.8397058823529412 0.3424836601307189 0.020588235294117647 0.03137254901960784
4 0.8345588235294118 0.3098039215686274 0.01764705882352941 0.03398692810457516
3 0.8264705882352941 0.2941176470588235 0.014705882352941176 0.02091503267973856
3 0.8294117647058823 0.27385620915032677 0.013235294117647059 0.0196078431372549
4 0.8624999999999999 0.2620915032679738 0.020588235294117647 0.02483660130718954
4 0.8323529411764706 0.2483660130718954 0.011764705882352941 0.02091503267973856
3 0.8202205882352941 0.2281045751633987 0.009558823529411765 0.01437908496732026
3 0.84375 0.226797385620915 0.009558823529411765 0.01437908496732026
3 0.8246323529411764 0.20392156862745098 0.009558823529411765 0.0130718954248366
3 0.8672794117647059 0.21503267973856208 0.009558823529411765 0.01437908496732026
3 0.8400735294117647 0.21830065359477122 0.008088235294117646 0.0130718954248366
3 0.8444852941176471 0.21045751633986925 0.009558823529411765 0.0130718954248366
3 0.8624999999999999 0.20718954248366012 0.008823529411764706 0.011764705882352941
0 0.8580882352941176 0.22614379084967318 0.0029411764705882353 0.0130718954248366
3 0.8713235294117647 0.322875816993464 0.01764705882352941 0.0261437908496732
1 0.8551470588235294 0.30196078431372547 0.007352941176470588 0.01830065359477124
9 0.8558823529411764 0.3052287581699346 0.007352941176470588 0.01699346405228758
0 0.8014705882352942 0.21830065359477122 0.0029411764705882353 0.0130718954248366
1 0.805514705882353 0.2156862745098039 0.0022058823529411764 0.00784313725490196
1 0.8095588235294118 0.2156862745098039 0.0029411764705882353 0.01045751633986928
1 0.04889705882352941 0.8490196078431372 0.027205882352941177 0.0849673202614379
2 0.05367647058823529 0.8562091503267973 0.04264705882352941 0.054901960784313725
0 0.1775735294117647 0.42810457516339867 0.009558823529411765 0.04052287581699346
0 0.18455882352941178 0.4058823529411764 0.007352941176470588 0.04052287581699346
0 0.1764705882352941 0.39999999999999997 0.010294117647058823 0.03398692810457516
9 0.20147058823529412 0.42483660130718953 0.008823529411764706 0.03398692810457516
9 0.2731617647058823 0.44313725490196076 0.009558823529411765 0.03398692810457516
9 0.26691176470588235 0.4202614379084967 0.013235294117647059 0.027450980392156862
1 0.2375 0.4869281045751634 0.010294117647058823 0.043137254901960784
9 0.23933823529411766 0.4915032679738562 0.027205882352941177 0.02875816993464052
0 0.3264705882352941 0.3803921568627451 0.004411764705882353 0.01830065359477124
1 0.30183823529411763 0.37777777777777777 0.009558823529411765 0.02091503267973856
9 0.19375 0.44967320261437904 0.011029411764705881 0.03398692810457516
0 0.10477941176470588 0.43660130718954243 0.005147058823529412 0.02875816993464052
0 0.08345588235294117 0.43202614379084964 0.009558823529411765 0.03790849673202614
0 0.08639705882352941 0.4352941176470588 0.011029411764705881 0.0392156862745098
1 0.12720588235294117 0.4411764705882353 0.007352941176470588 0.02222222222222222
1 0.11580882352941177 0.45359477124183 0.009558823529411765 0.03660130718954248
0 0.7397058823529412 0.5620915032679739 0.011764705882352941 0.047058823529411764
1 0.5661764705882353 0.5111111111111111 0.010294117647058823 0.0392156862745098
9 0.5661764705882353 0.5235294117647058 0.014705882352941176 0.03529411764705882
1 0.5066176470588235 0.44705882352941173 0.010294117647058823 0.03660130718954248
1 0.5113970588235294 0.4464052287581699 0.005147058823529412 0.03006535947712418
9 0.5077205882352941 0.4529411764705882 0.015441176470588236 0.03006535947712418
1 0.4 0.46928104575163393 0.011764705882352941 0.0392156862745098
9 0.4 0.4738562091503268 0.025 0.0326797385620915
1 0.6257352941176471 0.34705882352941175 0.007352941176470588 0.027450980392156862
2 0.6257352941176471 0.3522875816993464 0.007352941176470588 0.0196078431372549
0 0.6 0.28823529411764703 0.004411764705882353 0.02222222222222222
0 0.5897058823529412 0.27124183006535946 0.004411764705882353 0.02222222222222222
3 0.6095588235294117 0.3032679738562091 0.027941176470588233 0.02091503267973856
0 0.5985294117647059 0.24771241830065358 0.0029411764705882353 0.0196078431372549
0 0.9669117647058824 0.38431372549019605 0.007352941176470588 0.02875816993464052
3 0.9897058823529412 0.3431372549019608 0.01911764705882353 0.0326797385620915
4 0.9849264705882352 0.32614379084967315 0.019852941176470587 0.03006535947712418
3 0.9823529411764705 0.3091503267973856 0.01764705882352941 0.027450980392156862
4 0.9386029411764706 0.25620915032679736 0.01838235294117647 0.02091503267973856
4 0.9375 0.2156862745098039 0.010294117647058823 0.01568627450980392
