3 0.6878676470588235 0.7830065359477124 0.08602941176470588 0.16470588235294117
3 0.13345588235294117 0.8915032679738562 0.1125 0.13594771241830064
3 0.06139705882352941 0.9614379084967319 0.12426470588235294 0.07450980392156863
3 0.0400735294117647 0.9176470588235294 0.0801470588235294 0.15163398692810456
4 0.21029411764705883 0.42483660130718953 0.09558823529411764 0.065359477124183
3 0.31691176470588234 0.37124183006535943 0.06323529411764706 0.06274509803921569
4 0.05845588235294118 0.32941176470588235 0.07426470588235294 0.06797385620915032
3 0.07095588235294117 0.2830065359477124 0.07279411764705883 0.043137254901960784
1 0.1411764705882353 0.32352941176470584 0.010294117647058823 0.027450980392156862
0 0.19779411764705881 0.322875816993464 0.010294117647058823 0.047058823529411764
0 0.2783088235294118 0.3424836601307189 0.008088235294117646 0.047058823529411764
0 0.28602941176470587 0.3457516339869281 0.007352941176470588 0.043137254901960784
4 0.3220588235294118 0.27908496732026145 0.032352941176470584 0.06405228758169934
0 0.3599264705882353 0.2954248366013072 0.005147058823529412 0.03660130718954248
0 0.36066176470588235 0.292156862745098 0.005147058823529412 0.043137254901960784
3 0.5121323529411764 0.4392156862745098 0.04044117647058824 0.07320261437908496
3 0.5113970588235294 0.3202614379084967 0.030147058823529412 0.06013071895424836
5 0.3363970588235294 0.20196078431372547 0.027205882352941177 0.07450980392156863
3 0.3422794117647059 0.1261437908496732 0.015441176470588236 0.027450980392156862
4 0.3386029411764706 0.09411764705882353 0.015441176470588236 0.03137254901960784
0 0.22536764705882353 0.6418300653594771 0.0125 0.065359477124183
0 0.24779411764705883 0.6352941176470588 0.016176470588235292 0.065359477124183
9 0.3452205882352941 0.5973856209150327 0.03897058823529412 0.04444444444444444
1 0.3448529411764706 0.588235294117647 0.01764705882352941 0.04967320261437908
9 0.25036764705882353 0.6071895424836601 0.04191176470588235 0.04052287581699346
1 0.24485294117647058 0.5947712418300654 0.014705882352941176 0.04967320261437908
1 0.24669117647058822 0.5738562091503268 0.015441176470588236 0.04183006535947712
1 0.25477941176470587 0.561437908496732 0.015441176470588236 0.04836601307189542
1 0.2647058823529412 0.5627450980392157 0.014705882352941176 0.058823529411764705
0 0.2202205882352941 0.5607843137254902 0.013970588235294117 0.06274509803921569
9 0.25183823529411764 0.5895424836601306 0.0375 0.03660130718954248
9 0.26875 0.5699346405228758 0.0375 0.0392156862745098
3 0.7720588235294118 0.42222222222222217 0.08529411764705883 0.065359477124183
3 0.9683823529411765 0.44248366013071894 0.061764705882352944 0.06405228758169934
2 0.9242647058823529 0.418954248366013 0.011764705882352941 0.03790849673202614
0 0.930514705882353 0.40980392156862744 0.0125 0.04836601307189542
9 0.9404411764705882 0.4052287581699346 0.026470588235294117 0.03137254901960784
1 0.9448529411764706 0.3980392156862745 0.014705882352941176 0.04052287581699346
1 0.9650735294117647 0.35686274509803917 0.011029411764705881 0.04183006535947712
1 0.9268382352941177 0.2915032679738562 0.0125 0.03398692810457516
1 0.7761029411764706 0.3287581699346405 0.0125 0.03790849673202614
1 0.7933823529411764 0.3032679738562091 0.010294117647058823 0.0392156862745098
1 0.7996323529411764 0.30196078431372547 0.005147058823529412 0.02875816993464052
2 0.9621323529411765 0.3699346405228758 0.022794117647058822 0.02875816993464052
2 0.7727941176470589 0.33856209150326794 0.026470588235294117 0.023529411764705882
9 0.7915441176470588 0.31045751633986923 0.02426470588235294 0.02222222222222222
0 0.9055147058823529 0.3483660130718954 0.011029411764705881 0.043137254901960784
0 0.9117647058823529 0.3509803921568627 0.008823529411764706 0.04052287581699346
0 0.7345588235294117 0.2568627450980392 0.010294117647058823 0.03790849673202614
3 0.8511029411764706 0.27843137254901956 0.0625 0.04183006535947712
6 0.8091911764705882 0.2620915032679738 0.021323529411764706 0.03529411764705882
3 0.7602941176470588 0.2503267973856209 0.032352941176470584 0.03529411764705882
3 0.7183823529411765 0.22875816993464052 0.047058823529411764 0.03660130718954248
3 0.6691176470588235 0.21633986928104573 0.025 0.0326797385620915
3 0.6463235294117647 0.20196078431372547 0.022058823529411763 0.0326797385620915
6 0.6341911764705882 0.18562091503267972 0.015441176470588236 0.02875816993464052
3 0.6202205882352941 0.17124183006535945 0.022794117647058822 0.02875816993464052
0 0.6636029411764706 0.19934640522875816 0.009558823529411765 0.027450980392156862
3 0.6889705882352941 0.13137254901960782 0.022058823529411763 0.027450980392156862
3 0.711764705882353 0.13137254901960782 0.023529411764705882 0.0326797385620915
3 0.68125 0.10915032679738561 0.03455882352941177 0.02222222222222222
3 0.6658088235294117 0.09019607843137255 0.03308823529411765 0.023529411764705882
5 0.6503676470588236 0.065359477124183 0.03897058823529412 0.03660130718954248
3 0.5378676470588235 0.21503267973856208 0.02426470588235294 0.0326797385620915
3 0.46213235294117644 0.16013071895424835 0.016911764705882352 0.0326797385620915
3 0.5279411764705882 0.1522875816993464 0.023529411764705882 0.03006535947712418
3 0.4294117647058823 0.07581699346405228 0.013235294117647059 0.0261437908496732
3 0.4404411764705882 0.04967320261437908 0.010294117647058823 0.0130718954248366
3 0.41470588235294115 0.0457516339869281 0.013235294117647059 0.02091503267973856
3 0.40588235294117647 0.03464052287581699 0.010294117647058823 0.01699346405228758
3 0.40625 0.0196078431372549 0.009558823529411765 0.01568627450980392
3 0.4261029411764706 0.01503267973856209 0.009558823529411765 0.01437908496732026
3 0.48161764705882354 0.0673202614379085 0.013235294117647059 0.02222222222222222
1 0.8915441176470588 0.2830065359477124 0.009558823529411765 0.04052287581699346
9 0.8919117647058823 0.28627450980392155 0.011764705882352941 0.03398692810457516
9 0.9511029411764705 0.27843137254901956 0.009558823529411765 0.03398692810457516
9 0.9838235294117647 0.29281045751633983 0.023529411764705882 0.02875816993464052
9 0.9073529411764706 0.26274509803921564 0.011764705882352941 0.0261437908496732
9 0.9209558823529411 0.2647058823529412 0.0125 0.027450980392156862
9 0.9341911764705882 0.26601307189542484 0.009558823529411765 0.03006535947712418
9 0.9463235294117647 0.26405228758169935 0.010294117647058823 0.023529411764705882
9 0.9613970588235294 0.2673202614379085 0.019852941176470587 0.027450980392156862
9 0.9150735294117647 0.23660130718954248 0.009558823529411765 0.023529411764705882
9 0.9386029411764706 0.2222222222222222 0.01838235294117647 0.023529411764705882
2 0.9283088235294118 0.24705882352941175 0.009558823529411765 0.02875816993464052
0 0.9106617647058823 0.21111111111111108 0.009558823529411765 0.03006535947712418
9 0.8937499999999999 0.18823529411764706 0.008088235294117646 0.02091503267973856
0 0.9904411764705883 0.2529411764705882 0.008823529411764706 0.03529411764705882
9 0.9441176470588235 0.2418300653594771 0.007352941176470588 0.02875816993464052
0 0.9731617647058823 0.1830065359477124 0.006617647058823529 0.023529411764705882
9 0.9246323529411764 0.21895424836601304 0.008088235294117646 0.02222222222222222
1 0.9246323529411764 0.2156862745098039 0.008088235294117646 0.02875816993464052
9 0.9272058823529412 0.2980392156862745 0.011764705882352941 0.02875816993464052
9 0.9588235294117647 0.25098039215686274 0.010294117647058823 0.0261437908496732
0 0.9816176470588235 0.1830065359477124 0.008823529411764706 0.02875816993464052
0 0.9863970588235293 0.1830065359477124 0.008088235294117646 0.03398692810457516
0 0.9794117647058823 0.2156862745098039 0.007352941176470588 0.02875816993464052
