3 0.2604166666666667 0.8194444444444445 0.053125 0.11296296296296297
4 0.3265625 0.799537037037037 0.052083333333333336 0.13425925925925927
3 0.39427083333333335 0.7953703703703704 0.04479166666666667 0.11481481481481481
3 0.5609375 0.8310185185185186 0.051041666666666666 0.11944444444444445
3 0.6354166666666666 0.8814814814814815 0.06041666666666667 0.12592592592592594
8 0.6864583333333333 0.7476851851851852 0.11875 0.275
3 0.5989583333333334 0.7023148148148148 0.04375 0.0787037037037037
3 0.48723958333333334 0.6615740740740741 0.0328125 0.06574074074074074
3 0.53671875 0.6560185185185186 0.0359375 0.06944444444444445
3 0.6190104166666667 0.5962962962962963 0.03697916666666667 0.061111111111111116
3 0.5697916666666667 0.5930555555555556 0.03333333333333333 0.058333333333333334
3 0.39036458333333335 0.6055555555555556 0.030729166666666665 0.06481481481481481
4 0.34479166666666666 0.5222222222222223 0.03854166666666667 0.08888888888888889
3 0.35546875 0.44583333333333336 0.025520833333333333 0.04537037037037037
3 0.39401041666666664 0.45 0.022395833333333334 0.040740740740740744
3 0.4309895833333333 0.43842592592592594 0.0203125 0.04166666666666667
3 0.409375 0.38703703703703707 0.01875 0.031481481481481485
3 0.43984375 0.3768518518518519 0.0171875 0.031481481481481485
3 0.39557291666666666 0.350462962962963 0.01614583333333333 0.028703703703703703
3 0.38229166666666664 0.33564814814814814 0.016666666666666666 0.030555555555555558
3 0.43854166666666666 0.32453703703703707 0.014583333333333334 0.02314814814814815
3 0.4184895833333333 0.32037037037037036 0.015104166666666667 0.024074074074074074
3 0.4296875 0.2967592592592593 0.013541666666666667 0.021296296296296296
3 0.4466145833333333 0.2796296296296296 0.0109375 0.020370370370370372
3 0.7372395833333333 0.6527777777777778 0.07135416666666666 0.06666666666666667
3 0.7122395833333334 0.5939814814814816 0.0640625 0.058333333333333334
3 0.7010416666666667 0.5569444444444445 0.06770833333333333 0.04537037037037037
4 0.6934895833333333 0.525462962962963 0.0703125 0.05462962962962963
3 0.6778645833333333 0.5055555555555555 0.057812499999999996 0.040740740740740744
3 0.6747395833333333 0.4851851851851852 0.05260416666666667 0.031481481481481485
8 0.5997395833333333 0.5041666666666667 0.059895833333333336 0.125
3 0.5505208333333333 0.49074074074074076 0.025 0.044444444444444446
3 0.5166666666666666 0.4810185185185185 0.02395833333333333 0.03981481481481482
3 0.4791666666666667 0.5050925925925926 0.025 0.04537037037037037
3 0.4786458333333333 0.46296296296296297 0.021875 0.037037037037037035
3 0.4770833333333333 0.4310185185185185 0.020833333333333332 0.028703703703703703
3 0.51171875 0.42824074074074076 0.021354166666666667 0.03425925925925926
3 0.58359375 0.40555555555555556 0.021354166666666667 0.03518518518518519
3 0.5059895833333333 0.39351851851851855 0.01614583333333333 0.02962962962962963
8 0.47604166666666664 0.3800925925925926 0.026041666666666668 0.0787037037037037
8 0.5223958333333333 0.3287037037037037 0.026041666666666668 0.05740740740740741
3 0.5317708333333333 0.3805555555555556 0.01875 0.02962962962962963
3 0.5015625 0.3560185185185185 0.015625 0.030555555555555558
3 0.475 0.3425925925925926 0.015625 0.020370370370370372
3 0.4752604166666667 0.33055555555555555 0.013020833333333334 0.018518518518518517
3 0.4979166666666667 0.3300925925925926 0.014583333333333334 0.021296296296296296
3 0.49609375 0.3078703703703704 0.0140625 0.02314814814814815
3 0.5109375 0.2972222222222222 0.013541666666666667 0.018518518518518517
3 0.5265625 0.2935185185185185 0.013541666666666667 0.022222222222222223
8 0.4752604166666667 0.30185185185185187 0.019270833333333334 0.053703703703703705
3 0.48411458333333335 0.2574074074074074 0.009895833333333333 0.016666666666666666
3 0.49114583333333334 0.28101851851851856 0.011458333333333333 0.017592592592592594
3 0.5072916666666667 0.2800925925925926 0.010416666666666666 0.017592592592592594
3 0.50234375 0.2652777777777778 0.0109375 0.015740740740740743
3 0.5184895833333333 0.2662037037037037 0.0109375 0.019444444444444445
3 0.2630208333333333 0.34675925925925927 0.0375 0.02314814814814815
3 0.2661458333333333 0.33842592592592596 0.0375 0.02314814814814815
3 0.26666666666666666 0.3287037037037037 0.034375 0.024074074074074074
3 0.2747395833333333 0.32175925925925924 0.0359375 0.02314814814814815
3 0.28854166666666664 0.2976851851851852 0.03333333333333333 0.019444444444444445
3 0.29791666666666666 0.2916666666666667 0.03125 0.016666666666666666
3 0.30234375 0.28425925925925927 0.028645833333333332 0.016666666666666666
3 0.3059895833333333 0.27731481481481485 0.025520833333333333 0.015740740740740743
3 0.3140625 0.27361111111111114 0.025 0.015740740740740743
3 0.3190104166666667 0.2611111111111111 0.025520833333333333 0.016666666666666666
3 0.3223958333333333 0.2569444444444445 0.028125 0.015740740740740743
3 0.3265625 0.2513888888888889 0.02395833333333333 0.01388888888888889
3 0.31796875 0.24166666666666667 0.021354166666666667 0.014814814814814815
3 0.3260416666666667 0.24583333333333335 0.019791666666666666 0.01388888888888889
3 0.35182291666666665 0.25601851851851853 0.013020833333333334 0.019444444444444445
3 0.3729166666666667 0.2569444444444445 0.014583333333333334 0.017592592592592594
3 0.37786458333333334 0.25 0.01614583333333333 0.018518518518518517
3 0.38177083333333334 0.26805555555555555 0.011458333333333333 0.017592592592592594
3 0.39348958333333334 0.2587962962962963 0.0109375 0.017592592592592594
8 0.4005208333333333 0.27222222222222225 0.020833333333333332 0.044444444444444446
3 0.4278645833333333 0.2689814814814815 0.0109375 0.017592592592592594
3 0.4421875 0.2601851851851852 0.010416666666666666 0.018518518518518517
3 0.5729166666666666 0.3787037037037037 0.017708333333333333 0.02962962962962963
3 0.5658854166666667 0.35324074074074074 0.018229166666666668 0.025
3 0.5598958333333334 0.33101851851851855 0.015625 0.025
3 0.5559895833333334 0.3180555555555556 0.0140625 0.021296296296296296
3 0.5515625 0.30648148148148147 0.0125 0.020370370370370372
3 0.5473958333333333 0.2953703703703704 0.013541666666666667 0.020370370370370372
3 0.5434895833333333 0.28703703703703703 0.015104166666666667 0.018518518518518517
3 0.54609375 0.2777777777777778 0.0109375 0.016666666666666666
3 0.5466145833333333 0.26851851851851855 0.018229166666666668 0.016666666666666666
3 0.5716145833333334 0.26851851851851855 0.021354166666666667 0.018518518518518517
3 0.40911458333333334 0.2601851851851852 0.0109375 0.018518518518518517
3 0.42109375 0.2564814814814815 0.0109375 0.016666666666666666
3 0.42161458333333335 0.2449074074074074 0.009895833333333333 0.01388888888888889
3 0.40729166666666666 0.2388888888888889 0.008333333333333333 0.014814814814814815
3 0.4328125 0.23750000000000002 0.008333333333333333 0.015740740740740743
3 0.4166666666666667 0.22916666666666669 0.009375 0.01388888888888889
3 0.42552083333333335 0.22314814814814815 0.007291666666666667 0.012962962962962964
3 0.43671875 0.21805555555555556 0.0078125 0.012037037037037037
3 0.4497395833333333 0.21805555555555556 0.0078125 0.012037037037037037
8 0.41171874999999997 0.20787037037037037 0.015104166666666667 0.036111111111111115
3 0.4809895833333333 0.2449074074074074 0.008854166666666666 0.01388888888888889
3 0.4947916666666667 0.24629629629629632 0.010416666666666666 0.014814814814814815
3 0.50859375 0.24814814814814815 0.009895833333333333 0.012962962962962964
3 0.5046875 0.24074074074074076 0.007291666666666667 0.014814814814814815
3 0.5015625 0.23287037037037037 0.010416666666666666 0.017592592592592594
3 0.4895833333333333 0.2388888888888889 0.009375 0.012962962962962964
3 0.4734375 0.2337962962962963 0.008333333333333333 0.012037037037037037
3 0.48020833333333335 0.23055555555555557 0.009375 0.012962962962962964
3 0.48671875 0.2263888888888889 0.0078125 0.012037037037037037
3 0.47161458333333334 0.22222222222222224 0.0078125 0.011111111111111112
3 0.48802083333333335 0.21712962962962964 0.007291666666666667 0.012037037037037037
3 0.4747395833333333 0.21712962962962964 0.0078125 0.012037037037037037
3 0.4809895833333333 0.2101851851851852 0.0078125 0.011111111111111112
3 0.4705729166666667 0.2087962962962963 0.0067708333333333336 0.010185185185185186
3 0.45598958333333334 0.20277777777777778 0.0078125 0.011111111111111112
3 0.6473958333333333 0.38472222222222224 0.02395833333333333 0.030555555555555558
3 0.69296875 0.3375 0.021354166666666667 0.025
3 0.5747395833333333 0.24722222222222223 0.018229166666666668 0.014814814814814815
3 0.4223958333333333 0.21064814814814817 0.007291666666666667 0.012037037037037037
3 0.42161458333333335 0.20462962962962963 0.0067708333333333336 0.011111111111111112
3 0.4341145833333333 0.21064814814814817 0.0078125 0.012037037037037037
3 0.4328125 0.20787037037037037 0.007291666666666667 0.012037037037037037
3 0.4479166666666667 0.21435185185185185 0.00625 0.010185185185185186
3 0.4296875 0.20324074074074075 0.00625 0.010185185185185186
3 0.4466145833333333 0.2101851851851852 0.0067708333333333336 0.011111111111111112
3 0.4440104166666667 0.20601851851851852 0.0067708333333333336 0.012037037037037037
3 0.44166666666666665 0.20324074074074075 0.007291666666666667 0.012037037037037037
3 0.43854166666666666 0.2013888888888889 0.00625 0.010185185185185186
3 0.4359375 0.1962962962962963 0.00625 0.009259259259259259
3 0.4341145833333333 0.19444444444444445 0.0067708333333333336 0.011111111111111112
3 0.4484375 0.19490740740740742 0.007291666666666667 0.010185185185185186
3 0.459375 0.1962962962962963 0.00625 0.011111111111111112
3 0.4734375 0.20277777777777778 0.007291666666666667 0.009259259259259259
3 0.46848958333333335 0.19768518518518519 0.0067708333333333336 0.010185185185185186
4 0.4953125 0.20416666666666666 0.007291666666666667 0.012037037037037037
3 0.4890625 0.19861111111111113 0.007291666666666667 0.008333333333333333
3 0.48359375 0.19444444444444445 0.0067708333333333336 0.009259259259259259
0 0.8161458333333333 0.6962962962962963 0.009375 0.053703703703703705
0 0.89921875 0.6847222222222222 0.013020833333333334 0.06018518518518519
1 0.9674479166666666 0.6805555555555556 0.011979166666666666 0.044444444444444446
1 0.9229166666666666 0.6810185185185186 0.014583333333333334 0.03981481481481482
0 0.89296875 0.5666666666666667 0.0109375 0.04259259259259259
0 0.9015624999999999 0.5685185185185185 0.007291666666666667 0.044444444444444446
0 0.9109375 0.5666666666666667 0.010416666666666666 0.04259259259259259
0 0.8609375 0.5375 0.010416666666666666 0.04166666666666667
0 0.83046875 0.5023148148148149 0.0078125 0.03796296296296296
0 0.8385416666666666 0.5060185185185185 0.010416666666666666 0.03425925925925926
0 0.8453125 0.5037037037037038 0.007291666666666667 0.03888888888888889
0 0.74921875 0.41064814814814815 0.0078125 0.030555555555555558
0 0.7630208333333334 0.4305555555555556 0.007291666666666667 0.031481481481481485
0 0.76796875 0.4305555555555556 0.005729166666666666 0.031481481481481485
0 0.7473958333333334 0.4564814814814815 0.007291666666666667 0.03333333333333333
0 0.7390625 0.46296296296296297 0.007291666666666667 0.03333333333333333
0 0.7234375 0.4810185185185185 0.010416666666666666 0.03796296296296296
0 0.7098958333333333 0.46805555555555556 0.007291666666666667 0.028703703703703703
1 0.7072916666666667 0.4791666666666667 0.009375 0.026851851851851852
2 0.7067708333333333 0.4912037037037037 0.009375 0.02314814814814815
0 0.63984375 0.47314814814814815 0.0078125 0.031481481481481485
0 0.6778645833333333 0.35370370370370374 0.005729166666666666 0.02592592592592593
0 0.6559895833333333 0.34351851851851856 0.005729166666666666 0.024074074074074074
0 0.66171875 0.3439814814814815 0.0046875 0.02314814814814815
1 0.6786458333333333 0.3861111111111111 0.007291666666666667 0.022222222222222223
9 0.6783854166666666 0.3912037037037037 0.0067708333333333336 0.021296296296296296
0 0.66484375 0.38333333333333336 0.0067708333333333336 0.02962962962962963
1 0.6453125 0.39583333333333337 0.007291666666666667 0.019444444444444445
1 0.65859375 0.41203703703703703 0.0067708333333333336 0.018518518518518517
2 0.6447916666666667 0.4050925925925926 0.00625 0.019444444444444445
9 0.6578125 0.4226851851851852 0.00625 0.019444444444444445
1 0.6591145833333333 0.4 0.0067708333333333336 0.018518518518518517
0 0.6109375 0.34953703703703703 0.005208333333333333 0.019444444444444445
2 0.6096354166666667 0.40694444444444444 0.005729166666666666 0.021296296296296296
0 0.23906249999999998 0.5550925925925926 0.011458333333333333 0.04722222222222222
0 0.23984375 0.5208333333333334 0.011979166666666666 0.03981481481481482
0 0.25729166666666664 0.45601851851851855 0.007291666666666667 0.03425925925925926
1 0.23723958333333334 0.46111111111111114 0.0078125 0.031481481481481485
2 0.23671875 0.46851851851851856 0.0067708333333333336 0.02777777777777778
2 0.23906249999999998 0.5291666666666667 0.009375 0.030555555555555558
2 0.21536458333333333 0.5699074074074074 0.0203125 0.03425925925925926
0 0.21276041666666667 0.5555555555555556 0.009895833333333333 0.037037037037037035
3 0.30182291666666666 0.21805555555555556 0.01614583333333333 0.01388888888888889
0 0.3184895833333333 0.39305555555555555 0.005729166666666666 0.028703703703703703
0 0.2890625 0.3462962962962963 0.005208333333333333 0.024074074074074074
1 0.26901041666666664 0.40925925925925927 0.0067708333333333336 0.02777777777777778
9 0.26901041666666664 0.41712962962962963 0.0067708333333333336 0.021296296296296296
1 0.3390625 0.3662037037037037 0.004166666666666667 0.015740740740740743
1 0.31875 0.4115740740740741 0.00625 0.017592592592592594
1 0.3184895833333333 0.42638888888888893 0.0078125 0.019444444444444445
1 0.303125 0.4449074074074074 0.00625 0.028703703703703703
2 0.3020833333333333 0.45416666666666666 0.00625 0.02314814814814815
2 0.31927083333333334 0.4388888888888889 0.00625 0.022222222222222223
9 0.3385416666666667 0.37453703703703706 0.004166666666666667 0.017592592592592594
1 0.3072916666666667 0.32546296296296295 0.004166666666666667 0.017592592592592594
1 0.31223958333333335 0.33333333333333337 0.0036458333333333334 0.016666666666666666
1 0.31979166666666664 0.33287037037037037 0.004166666666666667 0.01388888888888889
0 0.31979166666666664 0.312962962962963 0.004166666666666667 0.018518518518518517
0 0.3328125 0.3162037037037037 0.004166666666666667 0.019444444444444445
0 0.3286458333333333 0.31666666666666665 0.004166666666666667 0.020370370370370372
0 0.3692708333333333 0.2740740740740741 0.003125 0.016666666666666666
0 0.3729166666666667 0.27222222222222225 0.003125 0.014814814814814815
2 0.3140625 0.30694444444444446 0.004166666666666667 0.015740740740740743
2 0.3221354166666667 0.2939814814814815 0.0036458333333333334 0.012037037037037037
2 0.31979166666666664 0.34120370370370373 0.004166666666666667 0.01388888888888889
2 0.31223958333333335 0.34120370370370373 0.0026041666666666665 0.015740740740740743
0 0.32838541666666665 0.2939814814814815 0.0036458333333333334 0.015740740740740743
0 0.32786458333333335 0.30648148148148147 0.0046875 0.018518518518518517
2 0.27708333333333335 0.36712962962962964 0.007291666666666667 0.015740740740740743
2 0.13411458333333334 0.7282407407407407 0.0328125 0.03425925925925926
2 0.11796875 0.7444444444444445 0.0328125 0.04259259259259259
2 0.11796875 0.762962962962963 0.0328125 0.040740740740740744
0 0.09114583333333333 0.8060185185185186 0.020833333333333332 0.05462962962962963
2 0.07916666666666666 0.8671296296296297 0.042708333333333334 0.04537037037037037
2 0.10651041666666666 0.8041666666666667 0.033854166666666664 0.03796296296296296
2 0.057291666666666664 0.8791666666666667 0.04583333333333333 0.04537037037037037
2 0.041666666666666664 0.8930555555555556 0.03333333333333333 0.04166666666666667
2 0.0265625 0.9555555555555556 0.040625 0.053703703703703705
2 0.03854166666666667 0.9199074074074074 0.04479166666666667 0.03981481481481482
0 0.15963541666666667 0.5819444444444445 0.009895833333333333 0.04351851851851852
