3 0.40729166666666666 0.8212962962962963 0.04479166666666667 0.12222222222222223
0 0.9604166666666667 0.9847222222222223 0.014583333333333334 0.028703703703703703
0 0.9416666666666667 0.9712962962962963 0.019791666666666666 0.05555555555555556
0 0.93046875 0.962037037037037 0.0171875 0.06481481481481481
0 0.9249999999999999 0.938425925925926 0.015625 0.06944444444444445
0 0.9078125 0.9310185185185186 0.017708333333333333 0.06574074074074074
0 0.8528645833333334 0.8199074074074074 0.01614583333333333 0.06759259259259259
3 0.02109375 0.6449074074074075 0.0421875 0.06018518518518519
3 0.02786458333333333 0.6171296296296297 0.05677083333333333 0.05092592592592593
3 0.0390625 0.5935185185185186 0.07708333333333334 0.05185185185185186
3 0.057291666666666664 0.5675925925925926 0.071875 0.05185185185185186
3 0.07786458333333333 0.5504629629629629 0.0671875 0.04537037037037037
3 0.09713541666666667 0.5328703703703704 0.04739583333333333 0.03796296296296296
3 0.11796875 0.5041666666666667 0.0671875 0.04166666666666667
3 0.12786458333333334 0.4916666666666667 0.06302083333333333 0.040740740740740744
0 0.035416666666666666 0.3712962962962963 0.007291666666666667 0.02777777777777778
2 0.24921875 0.5671296296296297 0.009895833333333333 0.030555555555555558
0 0.20859375 0.6898148148148149 0.009895833333333333 0.05185185185185186
3 0.5229166666666667 0.5347222222222222 0.029166666666666667 0.04722222222222222
0 0.4497395833333333 0.46851851851851856 0.0067708333333333336 0.03333333333333333
3 0.40729166666666666 0.49074074074074076 0.02395833333333333 0.04259259259259259
3 0.35911458333333335 0.48240740740740745 0.0234375 0.040740740740740744
3 0.39166666666666666 0.4393518518518519 0.021875 0.04351851851851852
3 0.3260416666666667 0.4527777777777778 0.022916666666666665 0.037037037037037035
9 0.37864583333333335 0.3902777777777778 0.007291666666666667 0.021296296296296296
1 0.378125 0.3824074074074074 0.00625 0.018518518518518517
3 0.37786458333333334 0.33425925925925926 0.0140625 0.022222222222222223
3 0.4036458333333333 0.33564814814814814 0.013541666666666667 0.021296296296296296
3 0.4166666666666667 0.3180555555555556 0.0125 0.021296296296296296
1 0.5661458333333333 0.38657407407407407 0.005208333333333333 0.019444444444444445
9 0.5653645833333333 0.39351851851851855 0.0067708333333333336 0.018518518518518517
3 0.4984375 0.40694444444444444 0.017708333333333333 0.028703703703703703
3 0.4661458333333333 0.38703703703703707 0.015625 0.02777777777777778
3 0.4947916666666667 0.3893518518518519 0.017708333333333333 0.02314814814814815
3 0.49166666666666664 0.3712962962962963 0.019791666666666666 0.024074074074074074
3 0.51171875 0.3675925925925926 0.018229166666666668 0.02592592592592593
3 0.50546875 0.350462962962963 0.01614583333333333 0.025
3 0.48541666666666666 0.3560185185185185 0.015625 0.02314814814814815
3 0.4630208333333333 0.3615740740740741 0.014583333333333334 0.02314814814814815
3 0.45859374999999997 0.34675925925925927 0.0140625 0.021296296296296296
3 0.5015625 0.3375 0.014583333333333334 0.019444444444444445
3 0.4979166666666667 0.31851851851851853 0.014583333333333334 0.020370370370370372
3 0.5234375 0.32546296296296295 0.015625 0.019444444444444445
4 0.4796875 0.33425925925925926 0.013541666666666667 0.024074074074074074
3 0.4591145833333333 0.33240740740740743 0.015104166666666667 0.020370370370370372
3 0.4765625 0.31666666666666665 0.0125 0.018518518518518517
4 0.45729166666666665 0.3194444444444445 0.010416666666666666 0.024074074074074074
4 0.45546875 0.30648148148148147 0.0109375 0.018518518518518517
3 0.43854166666666666 0.30092592592592593 0.016666666666666666 0.018518518518518517
3 0.47369791666666666 0.3037037037037037 0.011979166666666666 0.018518518518518517
3 0.4927083333333333 0.2986111111111111 0.013541666666666667 0.019444444444444445
3 0.5145833333333333 0.3106481481481482 0.014583333333333334 0.019444444444444445
3 0.5291666666666667 0.2990740740740741 0.014583333333333334 0.018518518518518517
1 0.5341145833333333 0.3125 0.0046875 0.008333333333333333
9 0.5333333333333333 0.3162037037037037 0.00625 0.012037037037037037
3 0.5104166666666666 0.2972222222222222 0.013541666666666667 0.018518518518518517
3 0.50234375 0.2884259259259259 0.0109375 0.017592592592592594
3 0.5153645833333333 0.2851851851851852 0.022395833333333334 0.018518518518518517
3 0.48802083333333335 0.28750000000000003 0.0125 0.019444444444444445
3 0.46979166666666666 0.2898148148148148 0.011458333333333333 0.016666666666666666
3 0.5536458333333333 0.28425925925925927 0.025 0.016666666666666666
3 0.49244791666666665 0.26296296296296295 0.015104166666666667 0.016666666666666666
3 0.43359375 0.27592592592592596 0.0109375 0.016666666666666666
3 0.3833333333333333 0.2925925925925926 0.0125 0.020370370370370372
4 0.3684895833333333 0.28101851851851856 0.015104166666666667 0.021296296296296296
9 0.4184895833333333 0.3013888888888889 0.009895833333333333 0.012037037037037037
1 0.4192708333333333 0.29583333333333334 0.00625 0.015740740740740743
3 0.4197916666666667 0.27222222222222225 0.010416666666666666 0.018518518518518517
3 0.4041666666666667 0.26851851851851855 0.009375 0.016666666666666666
3 0.4239583333333333 0.2638888888888889 0.009375 0.014814814814814815
3 0.43854166666666666 0.26342592592592595 0.010416666666666666 0.017592592592592594
3 0.4484375 0.2550925925925926 0.009375 0.015740740740740743
3 0.4192708333333333 0.21064814814814817 0.007291666666666667 0.012037037037037037
3 0.4348958333333333 0.2263888888888889 0.007291666666666667 0.012037037037037037
3 0.409375 0.1925925925925926 0.00625 0.009259259259259259
3 0.42421875 0.16712962962962963 0.0046875 0.008333333333333333
3 0.4341145833333333 0.17731481481481481 0.0046875 0.008333333333333333
3 0.44036458333333334 0.17777777777777778 0.0046875 0.009259259259259259
3 0.4591145833333333 0.22361111111111112 0.0078125 0.012037037037037037
3 0.47421874999999997 0.2189814814814815 0.0078125 0.010185185185185186
3 0.4622395833333333 0.21157407407407408 0.005729166666666666 0.010185185185185186
3 0.4640625 0.20324074074074075 0.007291666666666667 0.010185185185185186
3 0.4296875 0.1638888888888889 0.004166666666666667 0.007407407407407408
3 0.8903645833333333 0.33425925925925926 0.0328125 0.022222222222222223
3 0.8190104166666666 0.2949074074074074 0.025520833333333333 0.017592592592592594
3 0.8591145833333333 0.29074074074074074 0.0234375 0.018518518518518517
8 0.9390625 0.2916666666666667 0.06041666666666667 0.044444444444444446
