3 0.4583333333333333 0.225 0.008333333333333333 0.016666666666666666
3 0.4473958333333333 0.20555555555555557 0.007291666666666667 0.011111111111111112
3 0.4848958333333333 0.2490740740740741 0.009375 0.016666666666666666
5 0.48333333333333334 0.2212962962962963 0.010416666666666666 0.020370370370370372
5 0.49583333333333335 0.23333333333333334 0.010416666666666666 0.022222222222222223
3 0.4942708333333333 0.22222222222222224 0.009375 0.018518518518518517
3 0.5260416666666666 0.24351851851851852 0.010416666666666666 0.016666666666666666
1 0.5192708333333333 0.3388888888888889 0.007291666666666667 0.018518518518518517
9 0.5192708333333333 0.3453703703703704 0.007291666666666667 0.024074074074074074
1 0.5328125 0.3592592592592593 0.007291666666666667 0.018518518518518517
1 0.5322916666666666 0.35462962962962963 0.00625 0.024074074074074074
9 0.5328125 0.36203703703703705 0.007291666666666667 0.020370370370370372
3 0.6427083333333333 0.5 0.041666666666666664 0.05555555555555556
6 0.4197916666666667 0.34444444444444444 0.020833333333333332 0.037037037037037035
1 0.45677083333333335 0.33796296296296297 0.007291666666666667 0.020370370370370372
1 0.4317708333333333 0.2888888888888889 0.007291666666666667 0.014814814814814815
9 0.42604166666666665 0.2925925925925926 0.00625 0.018518518518518517
9 0.4322916666666667 0.2925925925925926 0.004166666666666667 0.014814814814814815
9 0.45729166666666665 0.3462962962962963 0.00625 0.022222222222222223
9 0.41302083333333334 0.2925925925925926 0.009375 0.014814814814814815
0 0.3619791666666667 0.3888888888888889 0.007291666666666667 0.037037037037037035
0 0.37447916666666664 0.3416666666666667 0.007291666666666667 0.031481481481481485
0 0.40208333333333335 0.2972222222222222 0.004166666666666667 0.024074074074074074
0 0.39479166666666665 0.3037037037037037 0.00625 0.022222222222222223
0 0.35104166666666664 0.4175925925925926 0.008333333333333333 0.03888888888888889
0 0.3567708333333333 0.412962962962963 0.007291666666666667 0.02962962962962963
0 0.34479166666666666 0.4305555555555556 0.008333333333333333 0.03888888888888889
0 0.3359375 0.4305555555555556 0.009375 0.03888888888888889
1 0.3885416666666667 0.4138888888888889 0.008333333333333333 0.02777777777777778
1 0.3854166666666667 0.4842592592592593 0.0125 0.03518518518518519
1 0.3229166666666667 0.5055555555555555 0.014583333333333334 0.044444444444444446
1 0.42291666666666666 0.3138888888888889 0.00625 0.020370370370370372
1 0.43124999999999997 0.325 0.00625 0.016666666666666666
9 0.42291666666666666 0.31851851851851853 0.00625 0.014814814814814815
9 0.43072916666666666 0.33425925925925926 0.007291666666666667 0.020370370370370372
9 0.3880208333333333 0.425 0.009375 0.031481481481481485
9 0.3848958333333333 0.5027777777777778 0.011458333333333333 0.03518518518518519
9 0.3223958333333333 0.5148148148148148 0.015625 0.037037037037037035
9 0.2609375 0.4027777777777778 0.015625 0.024074074074074074
9 0.2734375 0.36574074074074076 0.013541666666666667 0.03888888888888889
0 0.22760416666666666 0.4138888888888889 0.007291666666666667 0.04259259259259259
4 0.23385416666666667 0.4851851851851852 0.057291666666666664 0.07037037037037037
3 0.19479166666666667 0.5407407407407407 0.052083333333333336 0.06296296296296297
3 0.19010416666666666 0.7546296296296297 0.08645833333333333 0.1462962962962963
3 0.8411458333333334 0.7046296296296296 0.08645833333333333 0.09814814814814815
7 0.5640625 0.3287037037037037 0.009375 0.020370370370370372
0 0.5666666666666667 0.3175925925925926 0.00625 0.020370370370370372
0 0.42604166666666665 0.2351851851851852 0.004166666666666667 0.018518518518518517
0 0.4197916666666667 0.24814814814814815 0.004166666666666667 0.018518518518518517
1 0.5432291666666667 0.2712962962962963 0.005208333333333333 0.012962962962962964
1 0.5369791666666667 0.2675925925925926 0.005208333333333333 0.012962962962962964
9 0.5328125 0.26944444444444443 0.009375 0.016666666666666666
9 0.5432291666666667 0.2777777777777778 0.011458333333333333 0.014814814814814815
6 0.5171875 0.2490740740740741 0.005208333333333333 0.016666666666666666
