8 0.2125 0.8826142131979695 0.09071428571428572 0.2296954314720812
3 0.0375 0.7271573604060914 0.06785714285714285 0.04314720812182741
3 0.1692857142857143 0.7220812182741116 0.06428571428571428 0.04060913705583756
3 0.2825 0.682741116751269 0.05785714285714286 0.04314720812182741
0 0.12035714285714286 0.6763959390862944 0.005 0.032994923857868015
0 0.33214285714285713 0.5336294416243654 0.007142857142857143 0.026649746192893398
0 0.37214285714285716 0.4022842639593908 0.002857142857142857 0.012690355329949238
0 0.37714285714285717 0.4048223350253807 0.002857142857142857 0.01015228426395939
0 0.3717857142857143 0.4416243654822335 0.0035714285714285713 0.015228426395939085
0 0.38142857142857145 0.43337563451776645 0.002857142857142857 0.016497461928934008
0 0.37392857142857144 0.4479695431472081 0.0035714285714285713 0.02030456852791878
8 0.38 0.5310913705583756 0.03428571428571429 0.07741116751269035
0 0.39964285714285713 0.3826142131979695 0.002142857142857143 0.013959390862944161
0 0.4092857142857143 0.35850253807106597 0.002857142857142857 0.011421319796954314
3 0.405 0.41370558375634514 0.01 0.015228426395939085
3 0.42642857142857143 0.350253807106599 0.005714285714285714 0.01015228426395939
3 0.44392857142857145 0.6719543147208121 0.02214285714285714 0.04187817258883248
3 0.5892857142857143 0.6859137055837563 0.027142857142857142 0.052030456852791875
3 0.5096428571428572 0.5019035532994923 0.015 0.029187817258883246
4 0.5592857142857143 0.5450507614213198 0.018571428571428572 0.04187817258883248
3 0.485 0.4689086294416243 0.012857142857142857 0.024111675126903553
3 0.49785714285714283 0.3965736040609137 0.011428571428571429 0.019035532994923856
3 0.47964285714285715 0.37182741116751267 0.009285714285714286 0.017766497461928932
3 0.4928571428571429 0.3692893401015228 0.01 0.015228426395939085
8 0.53 0.3623096446700507 0.017142857142857144 0.03934010152284264
0 0.49964285714285717 0.32170050761421315 0.002142857142857143 0.006345177664974619
3 0.5096428571428572 0.3166243654822335 0.012142857142857143 0.008883248730964466
3 0.48642857142857143 0.3166243654822335 0.007142857142857143 0.011421319796954314
5 0.4525 0.2531725888324873 0.005 0.008883248730964466
3 0.45714285714285713 0.266497461928934 0.002857142857142857 0.005076142131979695
3 0.4525 0.3096446700507614 0.0064285714285714285 0.01015228426395939
3 0.4514285714285714 0.30076142131979694 0.005714285714285714 0.0076142131979695426
4 0.4617857142857143 0.299492385786802 0.0064285714285714285 0.01015228426395939
3 0.47928571428571426 0.2785532994923858 0.004285714285714286 0.006345177664974619
3 0.45285714285714285 0.28870558375634514 0.005714285714285714 0.008883248730964466
3 0.4617857142857143 0.2918781725888325 0.005 0.0076142131979695426
4 0.4614285714285714 0.2772842639593908 0.004285714285714286 0.008883248730964466
3 0.46214285714285713 0.2836294416243655 0.004285714285714286 0.006345177664974619
3 0.4617857142857143 0.2703045685279188 0.0035714285714285713 0.0076142131979695426
5 0.45 0.2449238578680203 0.004285714285714286 0.0076142131979695426
3 0.4392857142857143 0.2715736040609137 0.002857142857142857 0.005076142131979695
