3 0.47464285714285714 0.38642131979695427 0.02214285714285714 0.052030456852791875
3 0.62 0.6954314720812182 0.027142857142857142 0.09137055837563451
3 0.59 0.43908629441624364 0.02142857142857143 0.053299492385786795
3 0.5671428571428572 0.39911167512690354 0.015714285714285715 0.052030456852791875
3 0.6364285714285715 0.28870558375634514 0.02 0.031725888324873094
3 0.6725 0.12563451776649745 0.013571428571428571 0.03045685279187817
8 0.6621428571428571 0.08883248730964466 0.03 0.07106598984771573
3 0.6442857142857142 0.09137055837563451 0.011428571428571429 0.02284263959390863
3 0.6596428571428572 0.06789340101522842 0.012142857142857143 0.016497461928934008
3 0.7525 0.046319796954314714 0.013571428571428571 0.011421319796954314
4 0.91 0.13769035532994922 0.02 0.019035532994923856
3 0.9521428571428572 0.17195431472081216 0.017142857142857144 0.021573604060913704
3 0.9739285714285715 0.1351522842639594 0.02214285714285714 0.024111675126903553
