0 0.26535714285714285 0.08629441624365482 0.009285714285714286 0.027918781725888322
0 0.6175 0.3362944162436548 0.009285714285714286 0.03045685279187817
0 0.6778571428571428 0.5691624365482233 0.008571428571428572 0.031725888324873094
0 0.7046428571428571 0.6700507614213197 0.007857142857142858 0.02284263959390863
0 0.7125 0.6681472081218274 0.0064285714285714285 0.026649746192893398
0 0.7203571428571428 0.6719543147208121 0.009285714285714286 0.029187817258883246
3 0.33285714285714285 0.06725888324873096 0.018571428571428572 0.04060913705583756
3 0.41964285714285715 0.21890862944162434 0.02214285714285714 0.05710659898477157
4 0.49785714285714283 0.44670050761421315 0.03142857142857143 0.08883248730964466
3 0.5167857142857143 0.7950507614213197 0.03785714285714286 0.11294416243654821
5 0.59 0.9397208121827411 0.05 0.11802030456852791
3 0.6342857142857142 0.3775380710659898 0.03142857142857143 0.06472081218274112
3 0.9828571428571429 0.42068527918781723 0.032857142857142856 0.10025380710659898
3 0.8846428571428572 0.024746192893401013 0.025 0.04695431472081218
3 0.9075 0.08502538071065989 0.04071428571428572 0.09390862944162436
3 0.7 0.05456852791878172 0.045714285714285714 0.04314720812182741
3 0.7067857142857142 0.021573604060913704 0.03357142857142857 0.03807106598984771
0 0.49714285714285716 0.049492385786802026 0.007142857142857143 0.02030456852791878
0 0.24714285714285714 0.23223350253807104 0.007142857142857143 0.032994923857868015
4 0.8042857142857143 0.17385786802030456 0.024285714285714285 0.06852791878172589
0 0.245 0.3109137055837563 0.01 0.035532994923857864
