4 0.012526096033402922 0.18506493506493507 0.025052192066805843 0.02319109461966605
3 0.07854906054279749 0.025510204081632654 0.008872651356993735 0.013914656771799629
0 0.007828810020876827 0.5269016697588126 0.0041753653444676405 0.012987012987012988
5 0.9637265135699373 0.6938775510204082 0.07150313152400835 0.11688311688311688
3 0.9303235908141961 0.3849721706864564 0.019311064718162838 0.0352504638218924
3 0.9647703549060542 0.3608534322820037 0.023486430062630476 0.025974025974025976
9 0.9193632567849686 0.30009276437847865 0.0057411273486430055 0.015769944341372914
9 0.9251043841336116 0.300556586270872 0.006784968684759916 0.016697588126159554
9 0.9308455114822546 0.29684601113172543 0.007828810020876827 0.020408163265306124
9 0.9431106471816283 0.2880333951762523 0.009394572025052192 0.015769944341372914
9 0.9501565762004175 0.287569573283859 0.010960334029227557 0.016697588126159554
9 0.957724425887265 0.28339517625231914 0.011482254697286011 0.013914656771799629
3 0.5929018789144049 0.0663265306122449 0.016701461377870562 0.013914656771799629
4 0.6077766179540709 0.08441558441558442 0.015135699373695197 0.020408163265306124
5 0.6229123173277661 0.050556586270871985 0.028705636743215027 0.030612244897959183
6 0.7165970772442588 0.26669758812615957 0.014613778705636741 0.013914656771799629
9 0.6954592901878913 0.2634508348794063 0.008872651356993735 0.012987012987012988
9 0.7325156576200417 0.2847866419294991 0.007828810020876827 0.012987012987012988
9 0.7484342379958245 0.31957328385899814 0.012526096033402922 0.0176252319109462
9 0.7499999999999999 0.30009276437847865 0.009394572025052192 0.012059369202226345
0 0.7528705636743215 0.30287569573283857 0.0057411273486430055 0.015769944341372914
3 0.7197286012526095 0.30565862708719854 0.026096033402922752 0.026901669758812616
3 0.7416492693110647 0.3515769944341373 0.026096033402922752 0.02411873840445269
7 0.7943632567849686 0.3339517625231911 0.016701461377870562 0.022263450834879406
9 0.7849686847599164 0.32884972170686455 0.014613778705636741 0.021335807050092765
6 0.7708768267223381 0.3079777365491651 0.019832985386221292 0.02411873840445269
6 0.7922755741127347 0.28710575139146566 0.016701461377870562 0.0176252319109462
4 0.690501043841336 0.2532467532467533 0.015657620041753653 0.022263450834879406
9 0.8027139874739039 0.37569573283859 0.009394572025052192 0.014842300556586271
9 0.7995824634655532 0.36966604823747684 0.009394572025052192 0.0176252319109462
9 0.7849686847599164 0.36038961038961037 0.009394572025052192 0.015769944341372914
9 0.7909707724425886 0.36410018552875695 0.012004175365344467 0.013914656771799629
9 0.9877348643006262 0.3423005565862709 0.0057411273486430055 0.01855287569573284
9 0.9825156576200417 0.3469387755102041 0.007828810020876827 0.01855287569573284
9 0.974947807933194 0.34833024118738404 0.0073068893528183704 0.01948051948051948
9 0.9592901878914404 0.33534322820037105 0.006263048016701461 0.021335807050092765
9 0.964509394572025 0.3320964749536178 0.006263048016701461 0.020408163265306124
9 0.9684237995824634 0.3269944341372913 0.007828810020876827 0.015769944341372914
7 0.9746868475991648 0.32142857142857145 0.019311064718162838 0.0287569573283859
0 0.9963465553235907 0.28710575139146566 0.006263048016701461 0.015769944341372914
3 0.6941544885177452 0.4322820037105751 0.028183716075156573 0.03710575139146568
3 0.6777139874739039 0.39935064935064934 0.015135699373695197 0.03432282003710575
0 0.6894572025052191 0.32838589981447125 0.006263048016701461 0.020408163265306124
