3 0.3997912317327766 0.8761595547309833 0.033402922755741124 0.06586270871985157
3 0.37865344467640916 0.7193877551020408 0.03392484342379958 0.06771799628942486
3 0.3799582463465553 0.6391465677179963 0.04279749478079332 0.04081632653061225
7 0.31419624217118997 0.6298701298701299 0.014613778705636741 0.04267161410018553
3 0.470250521920668 0.5686456400742115 0.026096033402922752 0.05009276437847866
3 0.5106993736951982 0.45918367346938777 0.023486430062630476 0.04823747680890538
0 0.5020876826722338 0.43042671614100186 0.005219206680584551 0.022263450834879406
3 0.5352296450939457 0.3840445269016698 0.019311064718162838 0.04081632653061225
4 0.5686325678496867 0.2847866419294991 0.015135699373695197 0.03339517625231911
3 0.5039144050104384 0.2690166975881262 0.02661795407098121 0.020408163265306124
3 0.5130480167014613 0.25974025974025977 0.025052192066805843 0.022263450834879406
3 0.5292275574112735 0.2193877551020408 0.026096033402922752 0.02319109461966605
4 0.5430584551148225 0.18274582560296845 0.020354906054279746 0.022263450834879406
3 0.5490605427974947 0.1790352504638219 0.016701461377870562 0.020408163265306124
4 0.6041231732776617 0.1349721706864564 0.023486430062630476 0.01948051948051948
9 0.5691544885177452 0.14239332096474955 0.007828810020876827 0.008348794063079777
1 0.5686325678496867 0.13868274582560297 0.0036534446764091852 0.010204081632653062
3 0.5527139874739039 0.14888682745825604 0.021920668058455113 0.0176252319109462
3 0.5328810020876826 0.1437847866419295 0.016701461377870562 0.01855287569573284
4 0.502348643006263 0.13636363636363635 0.023486430062630476 0.020408163265306124
9 0.45537578288100206 0.1150278293135436 0.007828810020876827 0.0074211502782931356
1 0.4545929018789144 0.11317254174397032 0.0031315240083507304 0.0074211502782931356
0 0.4501565762004175 0.09925788497217068 0.0026096033402922755 0.012987012987012988
3 0.4577244258872651 0.10807050092764378 0.018789144050104383 0.015769944341372914
3 0.08585594989561586 0.21753246753246755 0.02453027139874739 0.02319109461966605
3 0.168580375782881 0.1549165120593692 0.019832985386221292 0.020408163265306124
4 0.18658663883089768 0.1391465677179963 0.01826722338204593 0.025974025974025976
4 0.20433194154488515 0.1261595547309833 0.017223382045929016 0.02411873840445269
5 0.21920668058455112 0.11038961038961038 0.022964509394572022 0.03339517625231911
7 0.3201983298538622 0.09972170686456401 0.012004175365344467 0.0176252319109462
9 0.24765135699373692 0.055658627087198514 0.0057411273486430055 0.00927643784786642
1 0.24712943632567846 0.05009276437847866 0.0026096033402922755 0.011131725417439703
3 0.180062630480167 0.03246753246753247 0.014613778705636741 0.012987012987012988
9 0.18449895615866385 0.015769944341372914 0.009916492693110646 0.012987012987012988
3 0.19128392484342377 0.013450834879406308 0.016179540709812108 0.012059369202226345
3 0.17484342379958245 0.011131725417439703 0.010438413361169102 0.012987012987012988
3 0.191544885177453 0.0074211502782931356 0.013569937369519832 0.014842300556586271
3 0.2171189979123173 0.011595547309833025 0.010438413361169102 0.012059369202226345
3 0.22233820459290185 0.013914656771799629 0.010438413361169102 0.011131725417439703
3 0.4131002087682672 0.07884972170686456 0.016179540709812108 0.014842300556586271
3 0.35882045929018785 0.00974025974025974 0.012004175365344467 0.0176252319109462
3 0.36978079331941544 0.00463821892393321 0.010960334029227557 0.00927643784786642
4 0.3810020876826722 0.03432282003710575 0.010438413361169102 0.014842300556586271
4 0.38622129436325675 0.02736549165120594 0.014613778705636741 0.0176252319109462
9 0.41936325678496866 0.06818181818181818 0.008872651356993735 0.008348794063079777
1 0.420929018789144 0.06586270871985157 0.0036534446764091852 0.011131725417439703
0 0.5315762004175365 0.07653061224489796 0.0036534446764091852 0.013914656771799629
3 0.6868475991649269 0.021799628942486087 0.009394572025052192 0.012059369202226345
3 0.6878914405010438 0.011595547309833025 0.008350730688935281 0.012059369202226345
