3 0.2027661795407098 0.1261595547309833 0.03392484342379958 0.03153988868274583
3 0.16179540709812107 0.27319109461966606 0.04175365344467641 0.03432282003710575
3 0.1677974947807933 0.25092764378478666 0.04540709812108559 0.03246753246753247
3 0.2009394572025052 0.14656771799628943 0.03653444676409186 0.03153988868274583
0 0.29645093945720247 0.45918367346938777 0.0073068893528183704 0.025974025974025976
3 0.44598121085594983 0.027829313543599257 0.02974947807933194 0.027829313543599257
3 0.4634655532359081 0.2912801484230056 0.020876826722338204 0.055658627087198514
3 0.4491127348643006 0.07931354359925788 0.03496868475991649 0.026901669758812616
3 0.44859081419624214 0.06354359925788497 0.032881002087682666 0.02319109461966605
3 0.44754697286012524 0.16001855287569575 0.0360125260960334 0.02504638218923933
3 0.447286012526096 0.18042671614100186 0.03549060542797494 0.03432282003710575
3 0.45172233820459284 0.20269016697588127 0.03705636743215031 0.03803339517625232
3 0.8170668058455114 0.14192949907235622 0.02661795407098121 0.04452690166975881
3 0.9697286012526095 0.03200371057513915 0.029227557411273482 0.039888682745825604
3 0.9321503131524007 0.4202226345083488 0.050104384133611686 0.04452690166975881
4 0.9569415448851774 0.34137291280148424 0.04227557411273486 0.05194805194805195
4 0.8572546972860124 0.3469387755102041 0.04018789144050104 0.04452690166975881
3 0.8053235908141961 0.36688311688311687 0.044885177453027135 0.039888682745825604
3 0.693893528183716 0.3979591836734694 0.04436325678496868 0.04267161410018553
0 0.7192066805845511 0.34415584415584416 0.008350730688935281 0.025974025974025976
3 0.5832463465553235 0.42764378478664195 0.0464509394572025 0.04267161410018553
3 0.6359603340292275 0.41419294990723565 0.04853862212943632 0.041743970315398886
3 0.5245302713987473 0.44341372912801486 0.039665970772442584 0.0463821892393321
3 0.46685803757828803 0.4619666048237477 0.04958246346555323 0.0463821892393321
3 0.36169102296450933 0.4953617810760668 0.04906054279749478 0.0463821892393321
4 0.4097077244258872 0.47217068645640076 0.039665970772442584 0.05194805194805195
3 0.2849686847599165 0.5194805194805195 0.051148225469728595 0.0463821892393321
3 0.22025052192066805 0.5384972170686456 0.051148225469728595 0.04730983302411874
3 0.15814196242171188 0.5561224489795918 0.04279749478079332 0.049165120593692026
3 0.08611691022964509 0.575139146567718 0.058455114822546964 0.04823747680890538
4 0.015396659707724424 0.5858070500927643 0.03079331941544885 0.04730983302411874
3 0.03366388308977035 0.813543599257885 0.0673277661795407 0.055658627087198514
3 0.1051670146137787 0.7954545454545454 0.07045929018789143 0.0640074211502783
9 0.07437369519832984 0.8840445269016698 0.012004175365344467 0.04081632653061225
9 0.15631524008350728 0.8339517625231911 0.009916492693110646 0.03710575139146568
9 0.1403966597077244 0.8501855287569573 0.010438413361169102 0.03432282003710575
3 0.18058455114822544 0.7741187384044527 0.06576200417536533 0.05844155844155844
3 0.26226513569937365 0.74860853432282 0.062108559498956155 0.0575139146567718
3 0.23590814196242169 0.7073283858998145 0.056367432150313146 0.05473098330241188
3 0.3345511482254697 0.7226345083487941 0.06263048016701461 0.0575139146567718
3 0.4504175365344467 0.6781076066790352 0.056367432150313146 0.055658627087198514
9 0.37291231732776614 0.7717996289424861 0.010960334029227557 0.03710575139146568
9 0.5696764091858038 0.7012987012987013 0.009916492693110646 0.04452690166975881
9 0.6842379958246346 0.6674397031539889 0.008350730688935281 0.03432282003710575
9 0.6038622129436325 0.7012987012987013 0.016701461377870562 0.03339517625231911
9 0.6424843423799582 0.6808905380333952 0.015657620041753653 0.03153988868274583
9 0.6534446764091857 0.6739332096474954 0.012526096033402922 0.03246753246753247
9 0.6670146137787055 0.6739332096474954 0.013569937369519832 0.03803339517625232
3 0.574634655532359 0.6280148423005566 0.056367432150313146 0.05009276437847866
6 0.6189979123173277 0.6730055658627088 0.020876826722338204 0.05287569573283859
6 0.6296972860125261 0.6233766233766234 0.03079331941544885 0.03153988868274583
6 0.6607515657620041 0.6150278293135436 0.032359081419624215 0.03153988868274583
9 0.61143006263048 0.74860853432282 0.007828810020876827 0.029684601113172542
9 0.6482254697286012 0.6470315398886828 0.010438413361169102 0.03432282003710575
9 0.6223903966597076 0.6567717996289425 0.012004175365344467 0.027829313543599257
9 0.8267223382045928 0.5867346938775511 0.014613778705636741 0.03803339517625232
9 0.9044885177453026 0.5783858998144713 0.019832985386221292 0.0287569573283859
9 0.8768267223382045 0.564935064935065 0.011482254697286011 0.03339517625231911
3 0.8256784968684759 0.5524118738404453 0.051148225469728595 0.04730983302411874
3 0.8708246346555323 0.5310760667903525 0.04749478079331941 0.05102040816326531
3 0.9277139874739039 0.5180890538033395 0.04123173277661795 0.039888682745825604
9 0.9522442588726513 0.5426716141001855 0.01826722338204593 0.03153988868274583
9 0.333768267223382 0.7954545454545454 0.02453027139874739 0.0287569573283859
