5 0.4664285714285714 0.59 0.024285714285714285 0.04857142857142857
5 0.5746428571428571 0.8866666666666667 0.052142857142857144 0.12
5 0.5125 0.7947619047619048 0.035 0.06761904761904762
5 0.49714285714285716 0.6247619047619047 0.022857142857142857 0.05714285714285714
5 0.4714285714285714 0.5371428571428571 0.02 0.04
5 0.44642857142857145 0.5171428571428571 0.011428571428571429 0.024761904761904763
5 0.43714285714285717 0.4719047619047619 0.017142857142857144 0.037142857142857144
5 0.4442857142857143 0.43952380952380954 0.012857142857142857 0.03333333333333333
5 0.39964285714285713 0.4066666666666667 0.025 0.030476190476190476
5 0.4425 0.3871428571428571 0.015 0.014285714285714285
5 0.5028571428571429 0.37142857142857144 0.054285714285714284 0.02095238095238095
5 0.5146428571428572 0.3638095238095238 0.03785714285714286 0.013333333333333332
5 0.4592857142857143 0.37714285714285717 0.027142857142857142 0.015238095238095238
5 0.23 0.40714285714285714 0.04285714285714286 0.018095238095238095
5 0.23535714285714285 0.42 0.035 0.02095238095238095
5 0.2775 0.4066666666666667 0.04071428571428572 0.01904761904761905
5 0.285 0.41 0.041428571428571426 0.02
0 0.4775 0.39714285714285713 0.002142857142857143 0.007619047619047619
3 0.4542857142857143 0.43714285714285717 0.007142857142857143 0.009523809523809525
3 0.4521428571428571 0.4638095238095238 0.007142857142857143 0.011428571428571429
3 0.5167857142857143 0.49476190476190474 0.012142857142857143 0.01619047619047619
3 0.4617857142857143 0.5042857142857143 0.009285714285714286 0.014285714285714285
3 0.45535714285714285 0.48904761904761906 0.009285714285714286 0.014285714285714285
3 0.4514285714285714 0.539047619047619 0.011428571428571429 0.015238095238095238
3 0.5153571428571428 0.5642857142857143 0.013571428571428571 0.021904761904761906
3 0.455 0.559047619047619 0.011428571428571429 0.017142857142857144
3 0.4475 0.4990476190476191 0.007857142857142858 0.015238095238095238
3 0.4425 0.6214285714285714 0.013571428571428571 0.029523809523809525
4 0.48678571428571427 0.6819047619047619 0.017857142857142856 0.03238095238095238
4 0.5646428571428571 0.679047619047619 0.015 0.03238095238095238
3 0.4725 0.6342857142857142 0.015 0.024761904761904763
3 0.515 0.7047619047619048 0.017142857142857144 0.03238095238095238
3 0.5239285714285714 0.7495238095238095 0.019285714285714285 0.03428571428571429
3 0.49392857142857144 0.7271428571428571 0.017857142857142856 0.035238095238095235
3 0.5403571428571429 0.8042857142857143 0.020714285714285713 0.04476190476190476
3 0.5264285714285715 0.8723809523809524 0.024285714285714285 0.05333333333333333
3 0.49714285714285716 0.9342857142857143 0.022857142857142857 0.06285714285714286
3 0.46285714285714286 0.9666666666666667 0.024285714285714285 0.06476190476190476
8 0.5571428571428572 0.9619047619047619 0.055714285714285716 0.07428571428571429
9 0.6975 0.9142857142857143 0.020714285714285713 0.017142857142857144
6 0.5892857142857143 0.7838095238095238 0.015714285714285715 0.03428571428571429
6 0.5975 0.8152380952380952 0.015 0.02857142857142857
6 0.6346428571428572 0.7795238095238095 0.015 0.029523809523809525
6 0.6071428571428571 0.8147619047619048 0.014285714285714285 0.029523809523809525
6 0.6 0.7847619047619048 0.01 0.024761904761904763
6 0.6617857142857143 0.8195238095238095 0.03214285714285714 0.02
6 0.6575 0.8066666666666666 0.035 0.024761904761904763
6 0.6521428571428571 0.7942857142857143 0.032857142857142856 0.022857142857142857
0 0.5696428571428571 0.6366666666666667 0.005 0.012380952380952381
0 0.5671428571428572 0.6271428571428571 0.002857142857142857 0.010476190476190476
0 0.5692857142857143 0.6123809523809524 0.004285714285714286 0.011428571428571429
3 0.5117857142857143 0.5438095238095239 0.013571428571428571 0.01904761904761905
9 0.49214285714285716 0.5123809523809524 0.005714285714285714 0.007619047619047619
4 0.45535714285714285 0.4747619047619048 0.007857142857142858 0.012380952380952381
8 0.4825 0.5723809523809524 0.017857142857142856 0.03619047619047619
9 0.46035714285714285 0.8714285714285714 0.007857142857142858 0.02857142857142857
9 0.4425 0.8495238095238096 0.005 0.026666666666666665
9 0.4392857142857143 0.7714285714285715 0.004285714285714286 0.024761904761904763
9 0.43214285714285716 0.7042857142857143 0.004285714285714286 0.02
6 0.41892857142857143 0.719047619047619 0.013571428571428571 0.03238095238095238
1 0.43142857142857144 0.7019047619047619 0.005714285714285714 0.009523809523809525
1 0.4392857142857143 0.7671428571428571 0.005714285714285714 0.012380952380952381
1 0.4425 0.8438095238095238 0.005 0.015238095238095238
1 0.46035714285714285 0.8671428571428571 0.007857142857142858 0.014285714285714285
4 0.3942857142857143 0.36666666666666664 0.007142857142857143 0.015238095238095238
3 0.41 0.36 0.004285714285714286 0.007619047619047619
8 0.40464285714285714 0.36428571428571427 0.007857142857142858 0.02
0 0.31892857142857145 0.43952380952380954 0.002142857142857143 0.006666666666666666
0 0.29464285714285715 0.38761904761904764 0.002142857142857143 0.005714285714285714
5 0.17 0.31666666666666665 0.02 0.008571428571428572
3 0.47 0.35523809523809524 0.007142857142857143 0.005714285714285714
