3 0.78525 0.844 0.0575 0.08399999999999999
5 0.9865 0.4076666666666667 0.018000000000000002 0.02733333333333333
3 0.99475 0.39966666666666667 0.0095 0.012666666666666666
3 0.66725 0.42566666666666664 0.0185 0.012666666666666666
3 0.68225 0.43566666666666665 0.029500000000000002 0.016666666666666666
3 0.733 0.46266666666666667 0.032 0.014666666666666666
3 0.7225 0.4696666666666667 0.031 0.019333333333333334
3 0.714 0.479 0.037 0.022
3 0.70475 0.48366666666666663 0.0375 0.022
3 0.6915 0.489 0.041 0.022
3 0.67275 0.504 0.0385 0.024
3 0.664 0.5106666666666666 0.037 0.024
3 0.64325 0.5196666666666666 0.0405 0.022
3 0.63775 0.5266666666666666 0.0415 0.025333333333333333
3 0.62775 0.5306666666666666 0.0385 0.025333333333333333
3 0.61025 0.5406666666666666 0.0395 0.021333333333333333
3 0.59575 0.5506666666666666 0.0455 0.028
3 0.5740000000000001 0.5556666666666666 0.046 0.03
3 0.529 0.5896666666666667 0.048 0.028666666666666667
3 0.47450000000000003 0.6166666666666667 0.045 0.03733333333333333
3 0.4515 0.6316666666666666 0.05 0.035333333333333335
3 0.429 0.6466666666666666 0.051000000000000004 0.03866666666666667
3 0.403 0.6616666666666666 0.051000000000000004 0.051333333333333335
3 0.2335 0.7676666666666666 0.048 0.051333333333333335
3 0.1935 0.7986666666666666 0.073 0.07066666666666667
3 0.12725 0.8336666666666667 0.0535 0.06333333333333332
2 0.1355 0.7076666666666667 0.018000000000000002 0.02333333333333333
2 0.12925 0.707 0.0175 0.026
9 0.2405 0.6516666666666666 0.017 0.024666666666666667
9 0.2895 0.6316666666666666 0.019 0.019333333333333334
3 0.312 0.632 0.054 0.044
0 0.32775 0.6336666666666666 0.0075 0.03
1 0.39375 0.6236666666666666 0.0095 0.022
0 0.40925 0.6316666666666666 0.0075 0.024666666666666667
9 0.3645 0.5753333333333334 0.012 0.02
9 0.383 0.5696666666666667 0.017 0.020666666666666667
9 0.36275 0.5566666666666666 0.0075 0.013333333333333332
9 0.3695 0.5406666666666666 0.013000000000000001 0.017333333333333333
2 0.396 0.5376666666666666 0.009000000000000001 0.016666666666666666
3 0.42525 0.5406666666666666 0.0415 0.025333333333333333
4 0.39375 0.5776666666666667 0.043500000000000004 0.041999999999999996
9 0.42575 0.5246666666666666 0.0125 0.014666666666666666
2 0.48075 0.5156666666666666 0.0115 0.016666666666666666
2 0.46025 0.5166666666666666 0.0105 0.014666666666666666
3 0.506 0.5156666666666666 0.022 0.02333333333333333
9 0.39325 0.6306666666666666 0.0165 0.017333333333333333
3 0.16575 0.44866666666666666 0.021500000000000002 0.018666666666666665
3 0.1845 0.44466666666666665 0.024 0.017333333333333333
1 0.7000000000000001 0.419 0.004 0.014
1 0.712 0.4116666666666666 0.004 0.01
1 0.72775 0.4106666666666667 0.0045000000000000005 0.012
2 0.72675 0.4126666666666666 0.0095 0.009333333333333332
2 0.71125 0.414 0.0095 0.008
2 0.7000000000000001 0.42166666666666663 0.007 0.008666666666666666
