8 0.06642857142857143 0.04505076142131979 0.004285714285714286 0.011421319796954314
8 0.07678571428571429 0.05964467005076142 0.0064285714285714285 0.015228426395939085
8 0.06964285714285715 0.07170050761421319 0.005 0.013959390862944161
8 0.07535714285714286 0.048223350253807105 0.005 0.012690355329949238
3 0.08535714285714285 0.12119289340101522 0.007857142857142858 0.006345177664974619
3 0.014285714285714285 0.7430203045685279 0.011428571428571429 0.021573604060913704
4 0.005 0.7208121827411167 0.01 0.02284263959390863
4 0.08892857142857143 0.8464467005076142 0.023571428571428573 0.032994923857868015
0 0.007857142857142858 0.9689086294416243 0.004285714285714286 0.011421319796954314
0 0.008928571428571428 0.9670050761421319 0.002142857142857143 0.0076142131979695426
0 0.010357142857142856 0.9752538071065989 0.0035714285714285713 0.008883248730964466
0 0.005 0.982233502538071 0.005714285714285714 0.012690355329949238
4 0.25214285714285717 0.9860406091370557 0.012857142857142857 0.025380710659898477
0 0.20035714285714284 0.9714467005076142 0.0035714285714285713 0.011421319796954314
0 0.2 0.9651015228426395 0.002857142857142857 0.011421319796954314
0 0.2621428571428571 0.8585025380710659 0.002857142857142857 0.008883248730964466
0 0.27035714285714285 0.8388324873096447 0.0035714285714285713 0.0076142131979695426
8 0.2792857142857143 0.8464467005076142 0.022857142857142857 0.04568527918781726
8 0.44892857142857145 0.9758883248730964 0.013571428571428571 0.04314720812182741
0 0.34 0.8375634517766497 0.002857142857142857 0.01015228426395939
0 0.3289285714285714 0.9365482233502538 0.002142857142857143 0.01015228426395939
0 0.33214285714285713 0.9397208121827411 0.002857142857142857 0.006345177664974619
0 0.33285714285714285 0.949238578680203 0.002857142857142857 0.0076142131979695426
8 0.3467857142857143 0.9187817258883249 0.04071428571428572 0.07106598984771573
8 0.35214285714285715 0.8953045685279187 0.04 0.06725888324873096
8 0.36 0.8762690355329948 0.04 0.06979695431472081
8 0.3167857142857143 0.83248730964467 0.030714285714285715 0.05837563451776649
8 0.32535714285714284 0.8477157360406091 0.02642857142857143 0.053299492385786795
8 0.35428571428571426 0.7798223350253807 0.03 0.07233502538071065
8 0.3692857142857143 0.8623096446700507 0.03142857142857143 0.05456852791878172
8 0.38 0.848984771573604 0.027142857142857142 0.04314720812182741
8 0.38035714285714284 0.8217005076142131 0.04071428571428572 0.06979695431472081
8 0.38642857142857145 0.8007614213197969 0.04 0.06852791878172589
8 0.3792857142857143 0.7233502538071065 0.02142857142857143 0.048223350253807105
8 0.39 0.7791878172588832 0.03857142857142857 0.06345177664974619
8 0.3939285714285714 0.7607868020304568 0.04071428571428572 0.06218274111675126
8 0.405 0.7506345177664974 0.03142857142857143 0.052030456852791875
8 0.4117857142857143 0.732233502538071 0.039285714285714285 0.06091370558375634
8 0.3964285714285714 0.6453045685279187 0.03142857142857143 0.06472081218274112
3 0.46464285714285714 0.8648477157360406 0.009285714285714286 0.03426395939086294
0 0.4375 0.7233502538071065 0.002142857142857143 0.01015228426395939
0 0.44035714285714284 0.7233502538071065 0.002142857142857143 0.01015228426395939
0 0.44392857142857145 0.697969543147208 0.002142857142857143 0.0076142131979695426
8 0.4546428571428571 0.7036802030456852 0.015 0.06725888324873096
0 0.28 0.5615482233502538 0.002857142857142857 0.008883248730964466
0 0.28464285714285714 0.5590101522842639 0.002142857142857143 0.006345177664974619
3 0.28964285714285715 0.6046954314720812 0.017857142857142856 0.016497461928934008
3 0.34964285714285714 0.5704314720812182 0.015 0.011421319796954314
4 0.35964285714285715 0.549492385786802 0.017857142857142856 0.015228426395939085
4 0.26535714285714285 0.43337563451776645 0.013571428571428571 0.011421319796954314
4 0.2953571428571429 0.4625634517766497 0.015 0.011421319796954314
3 0.2975 0.45368020304568524 0.013571428571428571 0.011421319796954314
4 0.3217857142857143 0.4562182741116751 0.016428571428571428 0.013959390862944161
3 0.3267857142857143 0.4378172588832487 0.016428571428571428 0.015228426395939085
3 0.3692857142857143 0.4378172588832487 0.012857142857142857 0.012690355329949238
3 0.36678571428571427 0.44670050761421315 0.015 0.01015228426395939
3 0.36464285714285716 0.45368020304568524 0.012142857142857143 0.011421319796954314
4 0.355 0.48350253807106597 0.02 0.015228426395939085
3 0.325 0.5298223350253807 0.01 0.016497461928934008
3 0.46464285714285714 0.6154822335025381 0.007857142857142858 0.02030456852791878
4 0.4714285714285714 0.5704314720812182 0.008571428571428572 0.021573604060913704
3 0.47964285714285715 0.5139593908629442 0.007857142857142858 0.015228426395939085
0 0.4496428571428571 0.4625634517766497 0.002142857142857143 0.006345177664974619
0 0.4539285714285714 0.4625634517766497 0.002142857142857143 0.006345177664974619
3 0.48964285714285716 0.5241116751269035 0.007857142857142858 0.012690355329949238
3 0.48714285714285716 0.48477157360406087 0.007142857142857143 0.012690355329949238
3 0.5 0.44035532994923854 0.007142857142857143 0.01015228426395939
3 0.5042857142857143 0.4612944162436548 0.007142857142857143 0.011421319796954314
3 0.48464285714285715 0.36865482233502533 0.012142857142857143 0.011421319796954314
8 0.4639285714285714 0.3439086294416243 0.04071428571428572 0.025380710659898477
4 0.5121428571428571 0.43210659898477155 0.007142857142857143 0.011421319796954314
4 0.5078571428571429 0.41243654822335024 0.007142857142857143 0.012690355329949238
4 0.5267857142857143 0.3769035532994924 0.0064285714285714285 0.01015228426395939
3 0.5114285714285715 0.3889593908629441 0.005714285714285714 0.011421319796954314
3 0.5289285714285714 0.35215736040609136 0.005 0.011421319796954314
3 0.5364285714285715 0.30710659898477155 0.005714285714285714 0.01015228426395939
3 0.5453571428571429 0.30901015228426393 0.0064285714285714285 0.011421319796954314
3 0.5375 0.27347715736040606 0.005 0.008883248730964466
0 0.5096428571428572 0.3172588832487309 0.002142857142857143 0.005076142131979695
8 0.5425 0.21890862944162434 0.0064285714285714285 0.016497461928934008
8 0.5346428571428572 0.16624365482233502 0.02214285714285714 0.015228426395939085
8 0.5528571428571428 0.2347715736040609 0.008571428571428572 0.017766497461928932
3 0.5196428571428572 0.16941624365482233 0.012142857142857143 0.008883248730964466
3 0.5271428571428571 0.16243654822335024 0.01 0.0076142131979695426
5 0.5471428571428572 0.15355329949238578 0.014285714285714285 0.012690355329949238
0 0.57 0.7601522842639593 0.002857142857142857 0.012690355329949238
