0 0.6721428571428572 0.8847619047619047 0.017142857142857144 0.04
0 0.6471428571428571 0.8695238095238095 0.017142857142857144 0.045714285714285714
0 0.6267857142857143 0.8695238095238095 0.017857142857142856 0.0380952380952381
0 0.5878571428571429 0.5619047619047619 0.011428571428571429 0.030476190476190476
0 0.5771428571428572 0.5547619047619048 0.01 0.03333333333333333
0 0.5671428571428572 0.5576190476190476 0.01 0.03333333333333333
0 0.5196428571428572 0.48714285714285716 0.007857142857142858 0.025714285714285714
0 0.5242857142857142 0.48714285714285716 0.005714285714285714 0.025714285714285714
0 0.5071428571428571 0.4023809523809524 0.007142857142857143 0.021904761904761906
0 0.5189285714285714 0.40714285714285714 0.005 0.02
0 0.5242857142857142 0.4066666666666667 0.008571428571428572 0.024761904761904763
0 0.46535714285714286 0.30142857142857143 0.005 0.018095238095238095
0 0.4764285714285714 0.29714285714285715 0.005714285714285714 0.01904761904761905
0 0.48214285714285715 0.3 0.007142857142857143 0.01904761904761905
0 0.49964285714285717 0.2742857142857143 0.005 0.017142857142857144
0 0.5025 0.2742857142857143 0.005 0.01904761904761905
0 0.5042857142857143 0.26904761904761904 0.004285714285714286 0.01619047619047619
0 0.5071428571428571 0.26761904761904765 0.004285714285714286 0.017142857142857144
9 0.45964285714285713 0.26476190476190475 0.007857142857142858 0.011428571428571429
1 0.4589285714285714 0.259047619047619 0.005 0.015238095238095238
9 0.4664285714285714 0.2571428571428571 0.008571428571428572 0.015238095238095238
1 0.46714285714285714 0.2523809523809524 0.004285714285714286 0.015238095238095238
1 0.46464285714285714 0.2519047619047619 0.005 0.014285714285714285
0 0.43214285714285716 0.2423809523809524 0.005714285714285714 0.018095238095238095
0 0.425 0.2423809523809524 0.005714285714285714 0.018095238095238095
0 0.41928571428571426 0.2419047619047619 0.002857142857142857 0.017142857142857144
0 0.4164285714285714 0.24476190476190476 0.005714285714285714 0.017142857142857144
0 0.4117857142857143 0.23952380952380953 0.005 0.014285714285714285
0 0.3992857142857143 0.2276190476190476 0.004285714285714286 0.015238095238095238
0 0.4117857142857143 0.18 0.005 0.011428571428571429
9 0.3942857142857143 0.16666666666666666 0.007142857142857143 0.009523809523809525
6 0.42214285714285715 0.16428571428571428 0.012857142857142857 0.014285714285714285
4 0.36178571428571427 0.1523809523809524 0.012142857142857143 0.01904761904761905
9 0.37285714285714283 0.15142857142857144 0.004285714285714286 0.007619047619047619
1 0.37214285714285716 0.14714285714285713 0.004285714285714286 0.008571428571428572
0 0.37714285714285717 0.1442857142857143 0.004285714285714286 0.012380952380952381
0 0.35 0.11714285714285715 0.002857142857142857 0.009523809523809525
0 0.35428571428571426 0.12238095238095238 0.004285714285714286 0.012380952380952381
0 0.3517857142857143 0.11238095238095239 0.005 0.013333333333333332
0 0.33285714285714285 0.14 0.004285714285714286 0.013333333333333332
0 0.33035714285714285 0.1419047619047619 0.0035714285714285713 0.013333333333333332
0 0.3275 0.14 0.0035714285714285713 0.013333333333333332
0 0.325 0.13952380952380952 0.004285714285714286 0.012380952380952381
0 0.3225 0.13952380952380952 0.005 0.012380952380952381
0 0.3275 0.12476190476190477 0.0035714285714285713 0.011428571428571429
0 0.5571428571428572 0.23952380952380953 0.002857142857142857 0.012380952380952381
0 0.5596428571428571 0.24 0.005 0.013333333333333332
0 0.6864285714285714 0.20476190476190476 0.004285714285714286 0.015238095238095238
0 0.8546428571428571 0.09666666666666666 0.005 0.012380952380952381
0 0.8489285714285715 0.09523809523809523 0.005 0.011428571428571429
3 0.855 0.08714285714285715 0.018571428571428572 0.010476190476190476
4 0.8714285714285714 0.08952380952380952 0.017142857142857144 0.013333333333333332
0 0.8278571428571428 0.08 0.004285714285714286 0.007619047619047619
3 0.8046428571428571 0.07428571428571429 0.015 0.007619047619047619
3 0.7996428571428571 0.0719047619047619 0.015 0.010476190476190476
3 0.7946428571428571 0.06952380952380953 0.012142857142857143 0.009523809523809525
3 0.7367857142857143 0.05476190476190476 0.017857142857142856 0.010476190476190476
3 0.725 0.05238095238095238 0.014285714285714285 0.007619047619047619
3 0.7092857142857143 0.0419047619047619 0.014285714285714285 0.007619047619047619
