3 0.05964285714285714 0.2531725888324873 0.015 0.013959390862944161
8 0.027142857142857142 0.2703045685279188 0.054285714285714284 0.04060913705583756
8 0.14285714285714285 0.2576142131979695 0.02857142857142857 0.053299492385786795
0 0.275 0.09010152284263959 0.004285714285714286 0.01015228426395939
4 0.2 0.12182741116751268 0.012857142857142857 0.015228426395939085
8 0.3167857142857143 0.05964467005076142 0.027857142857142858 0.03807106598984771
3 0.43642857142857144 0.0031725888324873096 0.007142857142857143 0.006345177664974619
3 0.4425 0.025380710659898477 0.0064285714285714285 0.01015228426395939
8 0.4875 0.025380710659898477 0.007857142857142858 0.03807106598984771
8 0.48392857142857143 0.05520304568527919 0.009285714285714286 0.03934010152284264
8 0.42428571428571427 0.061548223350253804 0.012857142857142857 0.03426395939086294
4 0.4075 0.0666243654822335 0.007857142857142858 0.013959390862944161
3 0.38 0.09390862944162436 0.008571428571428572 0.012690355329949238
3 0.375 0.13197969543147206 0.008571428571428572 0.015228426395939085
3 0.3492857142857143 0.14530456852791876 0.01 0.013959390862944161
3 0.33285714285714285 0.2214467005076142 0.01 0.016497461928934008
4 0.36214285714285716 0.1681472081218274 0.01 0.021573604060913704
3 0.4521428571428571 0.22715736040609136 0.022857142857142857 0.017766497461928932
9 0.37 0.08312182741116751 0.002857142857142857 0.006345177664974619
9 0.35928571428571426 0.09454314720812182 0.002857142857142857 0.008883248730964466
1 0.36964285714285716 0.08058375634517766 0.002142857142857143 0.006345177664974619
1 0.35964285714285715 0.09137055837563451 0.002142857142857143 0.005076142131979695
1 0.63 0.09263959390862943 0.002857142857142857 0.01015228426395939
9 0.63 0.09390862944162436 0.002857142857142857 0.012690355329949238
3 0.6 0.015228426395939085 0.01 0.012690355329949238
4 0.6575 0.010786802030456852 0.015 0.013959390862944161
4 0.6603571428571429 0.016497461928934008 0.013571428571428571 0.015228426395939085
3 0.6542857142857142 0.0069796954314720805 0.012857142857142857 0.011421319796954314
4 0.6871428571428572 0.052030456852791875 0.02 0.015228426395939085
4 0.6964285714285714 0.06345177664974619 0.02 0.015228426395939085
4 0.6975 0.06916243654822335 0.017857142857142856 0.016497461928934008
4 0.7021428571428572 0.07423857868020305 0.02 0.016497461928934008
5 0.5821428571428572 0.2899746192893401 0.017142857142857144 0.05456852791878172
0 0.6017857142857143 0.3838832487309644 0.0035714285714285713 0.016497461928934008
0 0.625 0.49682741116751267 0.002857142857142857 0.016497461928934008
0 0.6317857142857143 0.5006345177664975 0.005 0.013959390862944161
4 0.9592857142857143 0.048223350253807105 0.02142857142857143 0.017766497461928932
0 0.9721428571428572 0.13895939086294415 0.004285714285714286 0.016497461928934008
0 0.9671428571428572 0.14022842639593908 0.002857142857142857 0.013959390862944161
0 0.9621428571428572 0.14530456852791876 0.002857142857142857 0.008883248730964466
3 0.9603571428571429 0.17576142131979694 0.023571428571428573 0.016497461928934008
8 0.9021428571428571 0.22271573604060912 0.06714285714285714 0.03934010152284264
8 0.985 0.28236040609137053 0.02 0.05456852791878172
8 0.8746428571428572 0.25571065989847713 0.045 0.04187817258883248
8 0.8521428571428571 0.25253807106598986 0.04 0.04060913705583756
8 0.8442857142857143 0.2614213197969543 0.04285714285714286 0.04314720812182741
8 0.8171428571428572 0.258248730964467 0.047142857142857146 0.049492385786802026
8 0.8664285714285714 0.30076142131979694 0.07285714285714286 0.04568527918781726
8 0.7875 0.3280456852791878 0.04642857142857143 0.07741116751269035
8 0.8071428571428572 0.32550761421319796 0.047142857142857146 0.07994923857868019
3 0.77 0.4181472081218274 0.02 0.026649746192893398
4 0.7846428571428572 0.45050761421319796 0.017857142857142856 0.032994923857868015
4 0.8 0.4841370558375634 0.02 0.031725888324873094
3 0.9814285714285714 0.3578680203045685 0.025714285714285714 0.032994923857868015
3 0.9628571428571429 0.36040609137055835 0.022857142857142857 0.03045685279187817
4 0.9317857142857143 0.36675126903553296 0.025 0.035532994923857864
5 0.6525 0.9765228426395939 0.03357142857142857 0.04441624365482233
3 0.6121428571428571 0.8483502538071065 0.02 0.052030456852791875
4 0.5842857142857143 0.8426395939086294 0.022857142857142857 0.055837563451776644
4 0.5621428571428572 0.8413705583756345 0.02 0.06345177664974619
3 0.5178571428571429 0.6269035532994923 0.012857142857142857 0.04060913705583756
5 0.5478571428571428 0.6243654822335025 0.022857142857142857 0.06091370558375634
3 0.4589285714285714 0.9194162436548222 0.019285714285714285 0.06979695431472081
4 0.33714285714285713 0.8857868020304568 0.02 0.05837563451776649
3 0.4467857142857143 0.772208121827411 0.016428571428571428 0.06218274111675126
3 0.39 0.7468274111675126 0.015714285714285715 0.05710659898477157
3 0.4175 0.6782994923857868 0.013571428571428571 0.04695431472081218
3 0.11642857142857142 0.8718274111675126 0.02142857142857143 0.050761421319796954
4 0.29428571428571426 0.6021573604060914 0.017142857142857144 0.052030456852791875
3 0.3825 0.43845177664974616 0.012142857142857143 0.029187817258883246
9 0.22678571428571428 0.5780456852791878 0.005 0.021573604060913704
1 0.22678571428571428 0.5767766497461928 0.0064285714285714285 0.016497461928934008
8 0.3578571428571429 0.357233502538071 0.012857142857142857 0.05710659898477157
3 0.3375 0.3229695431472081 0.012142857142857143 0.024111675126903553
3 0.315 0.32170050761421315 0.01 0.029187817258883246
3 0.1525 0.36738578680203043 0.015 0.026649746192893398
3 0.2567857142857143 0.4365482233502538 0.012142857142857143 0.027918781725888322
4 0.28285714285714286 0.4346446700507614 0.012857142857142857 0.03680203045685279
4 0.2342857142857143 0.4314720812182741 0.014285714285714285 0.032994923857868015
8 0.19785714285714287 0.5983502538071066 0.018571428571428572 0.06472081218274112
5 0.11535714285714285 0.575507614213198 0.02214285714285714 0.05710659898477157
4 0.07964285714285714 0.581218274111675 0.015 0.03807106598984771
