9 0.6428571428571429 0.9861904761904762 0.05 0.025714285714285714
9 0.7067857142857142 0.7623809523809524 0.04357142857142857 0.02761904761904762
1 0.7071428571428572 0.7642857142857142 0.012857142857142857 0.037142857142857144
9 0.025 0.35428571428571426 0.018571428571428572 0.024761904761904763
9 0.017142857142857144 0.4119047619047619 0.017142857142857144 0.03142857142857143
9 0.06392857142857143 0.4014285714285714 0.017857142857142856 0.03333333333333333
9 0.07642857142857143 0.3995238095238095 0.014285714285714285 0.035238095238095235
9 0.08678571428571429 0.3995238095238095 0.019285714285714285 0.035238095238095235
9 0.09785714285714285 0.3995238095238095 0.015714285714285715 0.035238095238095235
9 0.16214285714285714 0.3819047619047619 0.017142857142857144 0.0419047619047619
9 0.17464285714285716 0.29428571428571426 0.012142857142857143 0.04
9 0.2571428571428571 0.37952380952380954 0.01 0.035238095238095235
9 0.2692857142857143 0.37952380952380954 0.011428571428571429 0.035238095238095235
9 0.28 0.37714285714285717 0.01 0.03428571428571429
9 0.28964285714285715 0.37666666666666665 0.007857142857142858 0.03333333333333333
9 0.30464285714285716 0.26476190476190475 0.027857142857142858 0.022857142857142857
9 0.29964285714285716 0.37714285714285717 0.007857142857142858 0.03238095238095238
9 0.3092857142857143 0.3742857142857143 0.008571428571428572 0.03619047619047619
9 0.31892857142857145 0.3719047619047619 0.007857142857142858 0.035238095238095235
9 0.33 0.3738095238095238 0.01 0.03333333333333333
9 0.33964285714285714 0.3742857142857143 0.007857142857142858 0.03238095238095238
9 0.34785714285714286 0.37238095238095237 0.007142857142857143 0.03238095238095238
9 0.35714285714285715 0.3719047619047619 0.01 0.029523809523809525
9 0.405 0.3595238095238095 0.01 0.037142857142857144
9 0.35928571428571426 0.3019047619047619 0.01 0.0419047619047619
9 0.34964285714285714 0.30428571428571427 0.012142857142857143 0.04666666666666667
9 0.3375 0.30428571428571427 0.010714285714285714 0.04666666666666667
9 0.32535714285714284 0.30523809523809525 0.012142857142857143 0.04476190476190476
9 0.315 0.30714285714285716 0.011428571428571429 0.04285714285714286
9 0.30464285714285716 0.30952380952380953 0.012142857142857143 0.045714285714285714
9 0.29464285714285715 0.31 0.012142857142857143 0.04476190476190476
9 0.28214285714285714 0.31238095238095237 0.012857142857142857 0.047619047619047616
9 0.2714285714285714 0.3119047619047619 0.012857142857142857 0.04476190476190476
9 0.2889285714285714 0.4166666666666667 0.012142857142857143 0.04476190476190476
9 0.30142857142857143 0.4114285714285714 0.01 0.0419047619047619
9 0.31535714285714284 0.4147619047619048 0.010714285714285714 0.04476190476190476
9 0.3267857142857143 0.40523809523809523 0.010714285714285714 0.040952380952380955
9 0.3392857142857143 0.4095238095238095 0.01 0.045714285714285714
9 0.35642857142857143 0.4066666666666667 0.015714285714285715 0.0419047619047619
9 0.42392857142857143 0.3976190476190476 0.012142857142857143 0.037142857142857144
9 0.44 0.3519047619047619 0.01 0.037142857142857144
9 0.4525 0.35 0.007857142857142858 0.039047619047619046
9 0.41 0.2947619047619048 0.01 0.039047619047619046
9 0.41964285714285715 0.2919047619047619 0.009285714285714286 0.035238095238095235
9 0.42964285714285716 0.2923809523809524 0.007857142857142858 0.03238095238095238
9 0.4367857142857143 0.29 0.009285714285714286 0.035238095238095235
9 0.47214285714285714 0.34476190476190477 0.01 0.0380952380952381
9 0.4828571428571429 0.34714285714285714 0.01 0.037142857142857144
9 0.49464285714285716 0.33904761904761904 0.012142857142857143 0.047619047619047616
9 0.5075 0.3466666666666667 0.012142857142857143 0.03238095238095238
9 0.5221428571428571 0.3395238095238095 0.01 0.05047619047619047
9 0.5446428571428571 0.33714285714285713 0.010714285714285714 0.04
4 0.48214285714285715 0.3852380952380952 0.06714285714285714 0.05238095238095238
9 0.6646428571428571 0.31238095238095237 0.015 0.047619047619047616
9 0.6996428571428571 0.31523809523809526 0.02214285714285714 0.03619047619047619
9 0.6875 0.23238095238095238 0.013571428571428571 0.03619047619047619
9 0.735 0.30666666666666664 0.017142857142857144 0.045714285714285714
9 0.7521428571428571 0.30666666666666664 0.017142857142857144 0.04
3 0.6753571428571429 0.3638095238095238 0.08214285714285714 0.047619047619047616
5 0.7953571428571429 0.34476190476190477 0.08928571428571429 0.047619047619047616
3 0.7567857142857143 0.42 0.08785714285714286 0.05904761904761905
9 0.8296428571428571 0.21 0.017857142857142856 0.02761904761904762
9 0.8403571428571428 0.20714285714285716 0.016428571428571428 0.029523809523809525
9 0.8525 0.2042857142857143 0.015 0.02761904761904762
9 0.8378571428571429 0.24428571428571427 0.015714285714285715 0.04285714285714286
9 0.8503571428571428 0.24476190476190476 0.016428571428571428 0.04
9 0.9353571428571429 0.23523809523809525 0.013571428571428571 0.03238095238095238
9 0.9275 0.23476190476190475 0.015 0.037142857142857144
9 0.8567857142857143 0.2919047619047619 0.015 0.04285714285714286
9 0.8696428571428572 0.2919047619047619 0.015 0.04476190476190476
9 0.88 0.2914285714285714 0.014285714285714285 0.0419047619047619
9 0.8925 0.2919047619047619 0.015 0.04285714285714286
9 0.9053571428571429 0.2895238095238095 0.013571428571428571 0.04
9 0.9421428571428572 0.2819047619047619 0.014285714285714285 0.04
0 0.9325 0.27 0.016428571428571428 0.02761904761904762
9 0.9821428571428571 0.2723809523809524 0.02 0.0380952380952381
9 0.9578571428571429 0.3219047619047619 0.017142857142857144 0.04
9 0.9696428571428571 0.3242857142857143 0.017857142857142856 0.039047619047619046
9 0.8625 0.3323809523809524 0.025 0.045714285714285714
3 0.12678571428571428 0.4342857142857143 0.09785714285714285 0.05523809523809524
3 0.0425 0.4519047619047619 0.07214285714285715 0.054285714285714284
