8 0.7821428571428571 0.8376190476190476 0.1357142857142857 0.14
8 0.7478571428571429 0.7695238095238095 0.12714285714285714 0.12761904761904763
8 0.7242857142857143 0.7142857142857143 0.10428571428571429 0.09904761904761905
8 0.7121428571428572 0.6747619047619048 0.09714285714285714 0.09047619047619047
8 0.71 0.6423809523809524 0.09142857142857143 0.07523809523809524
8 0.7146428571428571 0.62 0.08785714285714286 0.07238095238095238
8 0.7171428571428572 0.6 0.08285714285714285 0.07238095238095238
8 0.71 0.5014285714285714 0.07142857142857142 0.054285714285714284
8 0.7021428571428572 0.4847619047619048 0.06714285714285714 0.049523809523809526
8 0.7003571428571429 0.46714285714285714 0.065 0.04476190476190476
8 0.6889285714285714 0.44666666666666666 0.056428571428571425 0.04
3 0.5471428571428572 0.3819047619047619 0.01 0.013333333333333332
3 0.6967857142857142 0.29428571428571426 0.0064285714285714285 0.007619047619047619
3 0.725 0.2966666666666667 0.005714285714285714 0.004761904761904762
3 0.7367857142857143 0.29523809523809524 0.005 0.007619047619047619
3 0.3939285714285714 0.6471428571428571 0.023571428571428573 0.037142857142857144
4 0.044642857142857144 0.8138095238095238 0.047857142857142855 0.054285714285714284
0 0.8192857142857143 0.5771428571428572 0.005714285714285714 0.017142857142857144
0 0.8014285714285714 0.6295238095238095 0.004285714285714286 0.013333333333333332
0 0.8046428571428571 0.6252380952380953 0.005 0.010476190476190476
0 0.8964285714285715 0.8342857142857143 0.012857142857142857 0.024761904761904763
0 0.8725 0.8538095238095238 0.005 0.018095238095238095
0 0.875 0.849047619047619 0.007142857142857143 0.012380952380952381
0 0.9539285714285715 0.8966666666666666 0.010714285714285714 0.023809523809523808
0 0.8839285714285714 0.6876190476190476 0.007857142857142858 0.017142857142857144
0 0.8671428571428571 0.6752380952380952 0.007142857142857143 0.015238095238095238
0 0.8696428571428572 0.6819047619047619 0.005 0.015238095238095238
0 0.8728571428571429 0.6847619047619048 0.005714285714285714 0.017142857142857144
0 0.9042857142857142 0.6923809523809524 0.008571428571428572 0.017142857142857144
3 0.1367857142857143 0.8690476190476191 0.055 0.04285714285714286
