3 0.3225 0.5342639593908629 0.023571428571428573 0.03807106598984771
3 0.3975 0.6059644670050761 0.025 0.03680203045685279
3 0.24892857142857142 0.43210659898477155 0.016428571428571428 0.031725888324873094
3 0.11428571428571428 0.6129441624365481 0.022857142857142857 0.02284263959390863
3 0.12 0.40736040609137053 0.022857142857142857 0.032994923857868015
3 0.15214285714285714 0.3623096446700507 0.02 0.029187817258883246
3 0.0825 0.42068527918781723 0.02214285714285714 0.026649746192893398
3 0.015 0.3496192893401015 0.02 0.026649746192893398
3 0.12035714285714286 0.30203045685279184 0.017857142857142856 0.02030456852791878
3 0.17714285714285713 0.3876903553299492 0.01 0.026649746192893398
3 0.1767857142857143 0.42703045685279184 0.007857142857142858 0.029187817258883246
3 0.9839285714285714 0.2785532994923858 0.010714285714285714 0.026649746192893398
3 0.8721428571428571 0.3743654822335025 0.012857142857142857 0.027918781725888322
3 0.8317857142857142 0.47144670050761417 0.015 0.031725888324873094
3 0.8039285714285714 0.48477157360406087 0.015 0.03045685279187817
3 0.6203571428571428 0.6275380710659898 0.019285714285714285 0.03680203045685279
3 0.7728571428571429 0.31345177664974616 0.011428571428571429 0.025380710659898477
3 0.8139285714285714 0.15228426395939085 0.012142857142857143 0.02030456852791878
3 0.8492857142857143 0.09010152284263959 0.01 0.02284263959390863
3 0.8646428571428572 0.012690355329949238 0.012142857142857143 0.02030456852791878
3 0.85 0.048223350253807105 0.01 0.02030456852791878
3 0.93 0.07043147208121826 0.01 0.024111675126903553
3 0.9346428571428571 0.09010152284263959 0.010714285714285714 0.02284263959390863
3 0.9903571428571428 0.22335025380710657 0.007857142857142858 0.027918781725888322
3 0.9646428571428571 0.45812182741116747 0.025 0.03045685279187817
3 0.7103571428571429 0.6573604060913705 0.019285714285714285 0.04060913705583756
3 0.8171428571428572 0.18401015228426396 0.01 0.025380710659898477
3 0.9396428571428571 0.016497461928934008 0.007857142857142858 0.025380710659898477
3 0.8667857142857143 0.44670050761421315 0.017857142857142856 0.025380710659898477
3 0.8671428571428571 0.5805837563451777 0.02 0.026649746192893398
3 0.245 0.266497461928934 0.011428571428571429 0.032994923857868015
3 0.21035714285714285 0.025380710659898477 0.007857142857142858 0.02030456852791878
3 0.22 0.026015228426395937 0.01 0.024111675126903553
3 0.22535714285714287 0.03236040609137056 0.012142857142857143 0.016497461928934008
8 0.7725 0.700507614213198 0.027857142857142858 0.07614213197969542
8 0.7214285714285714 0.6967005076142131 0.04428571428571428 0.09898477157360405
8 0.785 0.5951776649746192 0.04 0.09898477157360405
8 0.77 0.2785532994923858 0.02 0.04441624365482233
4 0.5289285714285714 0.8889593908629441 0.02214285714285714 0.06725888324873096
4 0.8128571428571428 0.5272842639593909 0.018571428571428572 0.04187817258883248
4 0.8203571428571429 0.5558375634517766 0.016428571428571428 0.04314720812182741
4 0.8067857142857143 0.43401015228426393 0.02214285714285714 0.032994923857868015
4 0.765 0.23984771573604058 0.011428571428571429 0.025380710659898477
8 0.7875 0.14784263959390861 0.025 0.06218274111675126
4 0.8767857142857143 0.5653553299492385 0.027857142857142858 0.03426395939086294
4 0.8825 0.5482233502538071 0.025 0.025380710659898477
0 0.06964285714285715 0.3610406091370558 0.005 0.011421319796954314
0 0.035 0.3293147208121827 0.002857142857142857 0.011421319796954314
0 0.0375 0.32868020304568524 0.005 0.012690355329949238
0 0.027857142857142858 0.5114213197969543 0.004285714285714286 0.012690355329949238
4 0.9817857142857143 0.7442893401015228 0.035 0.03934010152284264
4 0.9871428571428571 0.7271573604060914 0.024285714285714285 0.027918781725888322
9 0.8746428571428572 0.5266497461928934 0.015 0.012690355329949238
9 0.8796428571428572 0.5057106598984771 0.015 0.011421319796954314
9 0.8839285714285714 0.5006345177664975 0.015 0.011421319796954314
9 0.8767857142857143 0.516497461928934 0.013571428571428571 0.012690355329949238
3 0.7417857142857143 0.4041878172588832 0.015 0.026649746192893398
3 0.14285714285714285 0.27538071065989844 0.02 0.02284263959390863
