3 0.8846428571428572 0.6819047619047619 0.06928571428571428 0.08571428571428572
1 0.9639285714285715 0.6342857142857142 0.013571428571428571 0.02095238095238095
5 0.8767857142857143 0.8785714285714286 0.245 0.24095238095238095
4 0.6828571428571428 0.7723809523809524 0.10857142857142857 0.12761904761904763
3 0.5367857142857143 0.6542857142857142 0.08214285714285714 0.08571428571428572
3 0.7871428571428571 0.611904761904762 0.05714285714285714 0.06380952380952382
3 0.37464285714285717 0.5019047619047619 0.055 0.049523809523809526
0 0.3892857142857143 0.48714285714285716 0.008571428571428572 0.02761904761904762
0 0.40464285714285714 0.49238095238095236 0.009285714285714286 0.02857142857142857
0 0.41714285714285715 0.49714285714285716 0.012857142857142857 0.030476190476190476
3 0.29464285714285715 0.43476190476190474 0.04214285714285714 0.035238095238095235
3 0.26285714285714284 0.40714285714285714 0.032857142857142856 0.03142857142857143
3 0.29214285714285715 0.3819047619047619 0.037142857142857144 0.026666666666666665
4 0.235 0.3819047619047619 0.032857142857142856 0.0380952380952381
3 0.2092857142857143 0.36238095238095236 0.03 0.02761904761904762
3 0.19214285714285714 0.3423809523809524 0.027142857142857142 0.02761904761904762
0 0.20785714285714285 0.30428571428571427 0.005714285714285714 0.02
0 0.1975 0.31666666666666665 0.0064285714285714285 0.018095238095238095
0 0.17464285714285716 0.30142857142857143 0.005 0.006666666666666666
0 0.0975 0.2842857142857143 0.005 0.010476190476190476
0 0.09428571428571429 0.2823809523809524 0.002857142857142857 0.012380952380952381
0 0.09035714285714286 0.2823809523809524 0.0035714285714285713 0.012380952380952381
5 0.275 0.2219047619047619 0.015714285714285715 0.01904761904761905
4 0.0075 0.22952380952380952 0.015 0.015238095238095238
