8 0.05714285714285714 0.12563451776649745 0.05285714285714286 0.06345177664974619
0 0.0475 0.07994923857868019 0.005 0.015228426395939085
0 0.0275 0.09137055837563451 0.0035714285714285713 0.015228426395939085
0 0.03428571428571429 0.06091370558375634 0.002857142857142857 0.012690355329949238
0 0.08535714285714285 0.10977157360406091 0.005 0.016497461928934008
0 0.0625 0.10088832487309644 0.0035714285714285713 0.013959390862944161
0 0.09642857142857143 0.12182741116751268 0.007142857142857143 0.02030456852791878
0 0.11928571428571429 0.11928934010152284 0.004285714285714286 0.015228426395939085
0 0.12214285714285714 0.15101522842639592 0.002857142857142857 0.015228426395939085
0 0.11714285714285715 0.13895939086294415 0.002857142857142857 0.011421319796954314
0 0.11464285714285714 0.1465736040609137 0.002142857142857143 0.011421319796954314
0 0.03 0.08502538071065989 0.002857142857142857 0.012690355329949238
0 0.05928571428571429 0.06789340101522842 0.002857142857142857 0.013959390862944161
0 0.04428571428571428 0.07677664974619289 0.002857142857142857 0.011421319796954314
0 0.03464285714285714 0.08756345177664974 0.005 0.01015228426395939
0 0.12892857142857142 0.15038071065989847 0.0035714285714285713 0.016497461928934008
0 0.15785714285714286 0.16751269035532992 0.002857142857142857 0.015228426395939085
0 0.16285714285714287 0.16751269035532992 0.002857142857142857 0.015228426395939085
1 0.1375 0.1516497461928934 0.005 0.013959390862944161
3 0.285 0.17195431472081216 0.02 0.024111675126903553
3 0.047142857142857146 0.4625634517766497 0.032857142857142856 0.06218274111675126
0 0.2825 0.22208121827411165 0.0035714285714285713 0.015228426395939085
0 0.19178571428571428 0.6046954314720812 0.0064285714285714285 0.026649746192893398
0 0.21678571428571428 0.6440355329949238 0.007857142857142858 0.026649746192893398
0 0.19714285714285715 0.6338832487309645 0.005714285714285714 0.016497461928934008
0 0.20892857142857144 0.6453045685279187 0.0064285714285714285 0.021573604060913704
0 0.20892857142857144 0.6535532994923857 0.005 0.02284263959390863
0 0.21392857142857144 0.6624365482233502 0.005 0.02030456852791878
0 0.32392857142857145 0.6941624365482233 0.0035714285714285713 0.017766497461928932
0 0.13714285714285715 0.8128172588832486 0.01 0.024111675126903553
0 0.1075 0.766497461928934 0.007857142857142858 0.025380710659898477
0 0.06714285714285714 0.706218274111675 0.007142857142857143 0.021573604060913704
0 0.08178571428571428 0.6967005076142131 0.012142857142857143 0.027918781725888322
0 0.07285714285714286 0.6878172588832486 0.008571428571428572 0.025380710659898477
0 0.0775 0.6846446700507614 0.005 0.029187817258883246
0 0.08214285714285714 0.6833756345177664 0.007142857142857143 0.024111675126903553
0 0.3221428571428571 0.708756345177665 0.01 0.024111675126903553
0 0.06678571428571428 0.708756345177665 0.007857142857142858 0.026649746192893398
0 0.11678571428571428 0.7836294416243654 0.010714285714285714 0.026649746192893398
0 0.125 0.8166243654822335 0.01 0.031725888324873094
0 0.3539285714285714 0.1649746192893401 0.0035714285714285713 0.02030456852791878
0 0.4642857142857143 0.1516497461928934 0.004285714285714286 0.019035532994923856
0 0.4775 0.14784263959390861 0.0035714285714285713 0.013959390862944161
0 0.4903571428571429 0.1364213197969543 0.0035714285714285713 0.016497461928934008
0 0.49892857142857144 0.13388324873096447 0.0035714285714285713 0.019035532994923856
0 0.49392857142857144 0.1351522842639594 0.0035714285714285713 0.013959390862944161
0 0.55 0.09010152284263959 0.002857142857142857 0.02030456852791878
0 0.5671428571428572 0.11230964467005075 0.002857142857142857 0.016497461928934008
0 0.5478571428571428 0.1281725888324873 0.0014285714285714286 0.015228426395939085
0 0.5546428571428571 0.14022842639593908 0.002142857142857143 0.016497461928934008
0 0.5314285714285715 0.14911167512690354 0.004285714285714286 0.019035532994923856
0 0.47464285714285714 0.18718274111675126 0.002142857142857143 0.016497461928934008
0 0.4475 0.1979695431472081 0.0035714285714285713 0.02030456852791878
0 0.4642857142857143 0.21637055837563451 0.004285714285714286 0.021573604060913704
0 0.4675 0.19035532994923857 0.005 0.015228426395939085
0 0.49642857142857144 0.26015228426395937 0.004285714285714286 0.015228426395939085
0 0.36964285714285716 0.3813451776649746 0.007857142857142858 0.021573604060913704
0 0.45964285714285713 0.4181472081218274 0.005 0.019035532994923856
0 0.45285714285714285 0.42068527918781723 0.004285714285714286 0.021573604060913704
0 0.5421428571428571 0.41243654822335024 0.002857142857142857 0.017766497461928932
0 0.44142857142857145 0.45685279187817257 0.005714285714285714 0.02284263959390863
0 0.425 0.5019035532994923 0.007142857142857143 0.026649746192893398
0 0.4425 0.5063451776649746 0.0064285714285714285 0.02284263959390863
0 0.40535714285714286 0.5532994923857868 0.0064285714285714285 0.025380710659898477
0 0.42214285714285715 0.5507614213197969 0.007142857142857143 0.027918781725888322
0 0.41464285714285715 0.5361675126903553 0.002142857142857143 0.013959390862944161
0 0.43964285714285717 0.5279187817258882 0.005 0.02284263959390863
0 0.44892857142857145 0.5272842639593909 0.0064285714285714285 0.024111675126903553
0 0.46 0.5425126903553299 0.007142857142857143 0.024111675126903553
0 0.4725 0.4860406091370558 0.005 0.025380710659898477
0 0.48178571428571426 0.5107868020304568 0.005 0.021573604060913704
0 0.4975 0.508248730964467 0.005 0.021573604060913704
0 0.49214285714285716 0.5063451776649746 0.002857142857142857 0.02284263959390863
0 0.43642857142857144 0.6637055837563451 0.005714285714285714 0.02030456852791878
0 0.5521428571428572 0.13451776649746192 0.002857142857142857 0.015228426395939085
0 0.47214285714285714 0.19289340101522842 0.002857142857142857 0.01015228426395939
0 0.4789285714285714 0.2480964467005076 0.005 0.019035532994923856
0 0.5071428571428571 0.21383248730964466 0.002857142857142857 0.016497461928934008
0 0.5503571428571429 0.16941624365482233 0.002142857142857143 0.011421319796954314
0 0.555 0.17005076142131978 0.002857142857142857 0.015228426395939085
0 0.5142857142857142 0.21763959390862941 0.004285714285714286 0.011421319796954314
0 0.47714285714285715 0.35850253807106597 0.005714285714285714 0.026649746192893398
0 0.47035714285714286 0.3610406091370558 0.005 0.024111675126903553
0 0.455 0.39911167512690354 0.004285714285714286 0.016497461928934008
0 0.44785714285714284 0.3978426395939086 0.007142857142857143 0.021573604060913704
0 0.4475 0.4149746192893401 0.0064285714285714285 0.02284263959390863
0 0.43285714285714283 0.5228426395939086 0.007142857142857143 0.02284263959390863
0 0.49892857142857144 0.49302030456852786 0.007857142857142858 0.016497461928934008
0 0.41928571428571426 0.5285532994923857 0.005714285714285714 0.019035532994923856
0 0.43642857142857144 0.7690355329949238 0.005714285714285714 0.015228426395939085
1 0.5292857142857142 0.2480964467005076 0.002857142857142857 0.011421319796954314
1 0.5053571428571428 0.29251269035532995 0.005 0.013959390862944161
1 0.5121428571428571 0.32677664974619286 0.007142857142857143 0.008883248730964466
1 0.5278571428571428 0.3299492385786802 0.005714285714285714 0.015228426395939085
1 0.5242857142857142 0.32677664974619286 0.005714285714285714 0.011421319796954314
1 0.5525 0.3769035532994924 0.005 0.01015228426395939
1 0.5621428571428572 0.3927664974619289 0.005714285714285714 0.011421319796954314
1 0.5764285714285714 0.42068527918781723 0.007142857142857143 0.019035532994923856
0 0.545 0.3705583756345177 0.004285714285714286 0.02030456852791878
1 0.49642857142857144 0.27538071065989844 0.005714285714285714 0.0076142131979695426
1 0.4992857142857143 0.28109137055837563 0.007142857142857143 0.013959390862944161
1 0.5039285714285714 0.28870558375634514 0.005 0.013959390862944161
1 0.5121428571428571 0.3102791878172589 0.007142857142857143 0.008883248730964466
1 0.5196428571428572 0.3115482233502538 0.005 0.011421319796954314
1 0.5142857142857142 0.3178934010152284 0.01 0.008883248730964466
1 0.5225 0.3229695431472081 0.005 0.011421319796954314
1 0.5375 0.3477157360406091 0.0064285714285714285 0.012690355329949238
0 0.5378571428571428 0.35342639593908626 0.002857142857142857 0.024111675126903553
1 0.5442857142857143 0.3623096446700507 0.007142857142857143 0.013959390862944161
1 0.5525 0.37182741116751267 0.005 0.015228426395939085
1 0.5575 0.38642131979695427 0.005 0.013959390862944161
1 0.5603571428571429 0.3876903553299492 0.0035714285714285713 0.011421319796954314
1 0.5728571428571428 0.4098984771573604 0.004285714285714286 0.012690355329949238
1 0.5846428571428571 0.4346446700507614 0.007857142857142858 0.013959390862944161
1 0.6046428571428571 0.46510152284263956 0.005 0.016497461928934008
1 0.6021428571428571 0.4689086294416243 0.007142857142857143 0.016497461928934008
1 0.6092857142857143 0.4746192893401015 0.005714285714285714 0.017766497461928932
1 0.5842857142857143 0.3312182741116751 0.002857142857142857 0.015228426395939085
1 0.5878571428571429 0.3312182741116751 0.002857142857142857 0.015228426395939085
1 0.5921428571428572 0.33248730964467005 0.002857142857142857 0.012690355329949238
1 0.6178571428571429 0.2379441624365482 0.005714285714285714 0.011421319796954314
1 0.5771428571428572 0.1383248730964467 0.002857142857142857 0.0076142131979695426
1 0.5817857142857142 0.13578680203045684 0.002142857142857143 0.01015228426395939
1 0.5892857142857143 0.12563451776649745 0.004285714285714286 0.01015228426395939
1 0.5939285714285715 0.12182741116751268 0.005 0.012690355329949238
1 0.5846428571428571 0.141497461928934 0.005 0.011421319796954314
0 0.5846428571428571 0.08629441624365482 0.002142857142857143 0.02030456852791878
0 0.625 0.048223350253807105 0.002857142857142857 0.015228426395939085
0 0.6321428571428571 0.04505076142131979 0.002857142857142857 0.013959390862944161
0 0.6375 0.049492385786802026 0.005 0.015228426395939085
0 0.6189285714285714 0.08121827411167512 0.0035714285714285713 0.015228426395939085
0 0.5853571428571429 0.10977157360406091 0.005 0.019035532994923856
0 0.5975 0.08883248730964466 0.0035714285714285713 0.015228426395939085
0 0.6021428571428571 0.09517766497461928 0.002857142857142857 0.02030456852791878
0 0.6428571428571429 0.0666243654822335 0.002857142857142857 0.013959390862944161
0 0.6246428571428572 0.08185279187817258 0.002142857142857143 0.013959390862944161
0 0.6221428571428571 0.07994923857868019 0.004285714285714286 0.017766497461928932
0 0.6825 0.06535532994923858 0.0035714285714285713 0.013959390862944161
0 0.6753571428571429 0.04505076142131979 0.002142857142857143 0.011421319796954314
0 0.6796428571428571 0.04505076142131979 0.002142857142857143 0.013959390862944161
0 0.675 0.06345177664974619 0.002857142857142857 0.012690355329949238
0 0.6721428571428572 0.061548223350253804 0.002857142857142857 0.016497461928934008
0 0.5821428571428572 0.10850253807106598 0.002857142857142857 0.019035532994923856
0 0.6221428571428571 0.039974619289340096 0.002857142857142857 0.013959390862944161
0 0.6396428571428572 0.02982233502538071 0.002142857142857143 0.011421319796954314
0 0.8171428571428572 0.07170050761421319 0.004285714285714286 0.013959390862944161
0 0.825 0.07677664974619289 0.002857142857142857 0.016497461928934008
1 0.7725 0.6573604060913705 0.005 0.012690355329949238
0 0.96 0.3305837563451776 0.004285714285714286 0.016497461928934008
