3 0.225 0.9785714285714285 0.06 0.040952380952380955
9 0.26535714285714285 0.9052380952380953 0.023571428571428573 0.054285714285714284
9 0.2717857142857143 0.8419047619047619 0.02214285714285714 0.049523809523809526
0 0.2596428571428571 0.8519047619047619 0.015 0.01619047619047619
9 0.23964285714285713 0.8752380952380953 0.027857142857142858 0.04380952380952381
3 0.40964285714285714 0.82 0.035 0.10666666666666666
3 0.16392857142857142 0.9166666666666666 0.08071428571428571 0.11904761904761904
7 0.28535714285714286 0.7095238095238096 0.04642857142857143 0.07428571428571429
9 0.3367857142857143 0.6614285714285715 0.012142857142857143 0.04666666666666667
9 0.42964285714285716 0.7019047619047619 0.035 0.030476190476190476
1 0.4317857142857143 0.6995238095238095 0.016428571428571428 0.02
1 0.3364285714285714 0.6566666666666666 0.015714285714285715 0.02
9 0.2367857142857143 0.7042857142857143 0.035 0.029523809523809525
9 0.20035714285714284 0.6952380952380952 0.02642857142857143 0.03619047619047619
9 0.21964285714285714 0.69 0.027857142857142858 0.040952380952380955
1 0.19892857142857143 0.6919047619047619 0.015 0.018095238095238095
1 0.23035714285714284 0.7038095238095238 0.015 0.017142857142857144
3 0.2546428571428571 0.6571428571428571 0.062142857142857146 0.08
3 0.20464285714285715 0.59 0.05785714285714286 0.07523809523809524
3 0.15642857142857142 0.5242857142857142 0.054285714285714284 0.07142857142857142
5 0.10535714285714286 0.45904761904761904 0.06357142857142857 0.07238095238095238
3 0.031785714285714285 0.3595238095238095 0.05071428571428571 0.06
3 0.0125 0.31761904761904763 0.025 0.05238095238095238
2 0.01 0.2866666666666667 0.02 0.026666666666666665
1 0.004642857142857143 0.27714285714285714 0.009285714285714286 0.01904761904761905
3 0.1025 0.34714285714285714 0.055 0.06761904761904762
3 0.17464285714285716 0.3395238095238095 0.055 0.06
9 0.18785714285714286 0.39714285714285713 0.022857142857142857 0.0380952380952381
9 0.2517857142857143 0.27666666666666667 0.020714285714285713 0.021904761904761906
1 0.18535714285714286 0.3919047619047619 0.015 0.02
1 0.24964285714285714 0.2719047619047619 0.012142857142857143 0.018095238095238095
3 0.19285714285714287 0.24666666666666667 0.04857142857142857 0.049523809523809526
3 0.23392857142857143 0.22238095238095237 0.04642857142857143 0.04857142857142857
0 0.25892857142857145 0.22142857142857142 0.015 0.029523809523809525
5 0.2664285714285714 0.18714285714285714 0.04857142857142857 0.05238095238095238
5 0.3867857142857143 0.2923809523809524 0.07642857142857143 0.08
0 0.1325 0.19666666666666666 0.017857142857142856 0.02761904761904762
0 0.1467857142857143 0.18714285714285714 0.016428571428571428 0.025714285714285714
9 0.06964285714285715 0.08476190476190476 0.015 0.024761904761904763
9 0.1075 0.08666666666666667 0.025 0.02095238095238095
9 0.039285714285714285 0.03666666666666667 0.017142857142857144 0.02
1 0.0375 0.03 0.012142857142857143 0.02
1 0.06678571428571428 0.07952380952380952 0.012142857142857143 0.018095238095238095
1 0.10464285714285715 0.08428571428571428 0.015 0.02
3 0.08714285714285715 0.02238095238095238 0.037142857142857144 0.035238095238095235
3 0.11714285714285715 0.05142857142857143 0.037142857142857144 0.03619047619047619
9 0.14035714285714285 0.06952380952380953 0.02214285714285714 0.02095238095238095
9 0.16964285714285715 0.10142857142857142 0.017857142857142856 0.023809523809523808
5 0.19428571428571428 0.12142857142857143 0.04285714285714286 0.04476190476190476
3 0.23035714285714284 0.1519047619047619 0.04357142857142857 0.04285714285714286
9 0.39035714285714285 0.5176190476190476 0.027857142857142858 0.03142857142857143
1 0.3875 0.5123809523809524 0.015 0.022857142857142857
2 0.3917857142857143 0.49142857142857144 0.025 0.026666666666666665
1 0.39 0.48714285714285716 0.014285714285714285 0.02
3 0.40214285714285714 0.46714285714285714 0.06714285714285714 0.06952380952380953
3 0.45964285714285713 0.42952380952380953 0.062142857142857146 0.05523809523809524
3 0.46964285714285714 0.37238095238095237 0.052142857142857144 0.05523809523809524
3 0.5467857142857143 0.6871428571428572 0.07642857142857143 0.05238095238095238
9 0.6221428571428571 0.9047619047619048 0.032857142857142856 0.03619047619047619
1 0.6221428571428571 0.9047619047619048 0.017142857142857144 0.022857142857142857
3 0.7117857142857142 0.829047619047619 0.062142857142857146 0.10761904761904761
3 0.7703571428571429 0.6495238095238095 0.056428571428571425 0.08571428571428572
3 0.5953571428571428 0.4876190476190476 0.06928571428571428 0.045714285714285714
3 0.6403571428571428 0.38 0.05071428571428571 0.06285714285714286
3 0.6853571428571429 0.3223809523809524 0.04642857142857143 0.058095238095238096
3 0.7396428571428572 0.33666666666666667 0.047857142857142855 0.06761904761904762
9 0.7171428571428572 0.3923809523809524 0.03 0.024761904761904763
1 0.7178571428571429 0.3919047619047619 0.015714285714285715 0.021904761904761906
0 0.7546428571428572 0.44 0.012142857142857143 0.02095238095238095
0 0.7142857142857143 0.4042857142857143 0.01 0.021904761904761906
3 0.8589285714285714 0.5 0.05071428571428571 0.07809523809523809
9 0.9321428571428572 0.37142857142857144 0.02 0.03619047619047619
1 0.9346428571428571 0.36523809523809525 0.015 0.021904761904761906
9 0.9346428571428571 0.5095238095238095 0.02214285714285714 0.03238095238095238
9 0.9553571428571429 0.5395238095238095 0.013571428571428571 0.03333333333333333
1 0.9346428571428571 0.5071428571428571 0.02214285714285714 0.021904761904761906
1 0.9614285714285714 0.5347619047619048 0.015714285714285715 0.02
0 0.9317857142857143 0.7576190476190476 0.020714285714285713 0.01619047619047619
4 0.8421428571428572 0.08714285714285715 0.027142857142857142 0.04285714285714286
3 0.795 0.1595238095238095 0.047142857142857146 0.06
4 0.8717857142857143 0.04476190476190476 0.035 0.05523809523809524
3 0.9021428571428571 0.014761904761904763 0.032857142857142856 0.029523809523809525
