0 0.6525 0.8851522842639593 0.012142857142857143 0.013959390862944161
0 0.6725 0.8546954314720812 0.007857142857142858 0.021573604060913704
0 0.6196428571428572 0.8648477157360406 0.012142857142857143 0.016497461928934008
0 0.6871428571428572 0.890228426395939 0.01 0.016497461928934008
3 0.5746428571428571 0.8470812182741116 0.03785714285714286 0.04441624365482233
3 0.5621428571428572 0.8032994923857867 0.032857142857142856 0.03807106598984771
3 0.5096428571428572 0.8362944162436547 0.03785714285714286 0.048223350253807105
5 0.5121428571428571 0.8889593908629441 0.04285714285714286 0.049492385786802026
4 0.4517857142857143 0.9282994923857867 0.04357142857142857 0.049492385786802026
5 0.42892857142857144 0.8838832487309644 0.095 0.09010152284263959
3 0.39285714285714285 0.958756345177665 0.04285714285714286 0.04695431472081218
3 0.32535714285714284 0.949238578680203 0.045 0.050761421319796954
3 0.2725 0.9835025380710659 0.045 0.03045685279187817
8 0.7478571428571429 0.2772842639593908 0.047142857142857146 0.09263959390862943
