9 0.05785714285714286 0.12142857142857143 0.024285714285714285 0.02
9 0.08285714285714285 0.13476190476190475 0.02857142857142857 0.010476190476190476
9 0.2075 0.40523809523809523 0.015 0.02761904761904762
0 0.29178571428571426 0.06476190476190476 0.012142857142857143 0.024761904761904763
3 0.195 0.10523809523809524 0.05714285714285714 0.06380952380952382
3 0.10535714285714286 0.09428571428571429 0.06785714285714285 0.07809523809523809
3 0.015 0.19428571428571428 0.03 0.0838095238095238
1 0.055 0.11952380952380952 0.015714285714285715 0.012380952380952381
1 0.08035714285714286 0.13714285714285715 0.017857142857142856 0.022857142857142857
1 0.20892857142857144 0.40714285714285714 0.015 0.02
0 0.2639285714285714 0.24761904761904763 0.007857142857142858 0.015238095238095238
0 0.3028571428571429 0.24 0.01 0.01904761904761905
0 0.31392857142857145 0.2423809523809524 0.010714285714285714 0.02
0 0.3 0.4338095238095238 0.012857142857142857 0.010476190476190476
0 0.3517857142857143 0.9423809523809524 0.0064285714285714285 0.012380952380952381
9 0.49464285714285716 0.9071428571428571 0.015 0.03333333333333333
0 0.4517857142857143 0.8095238095238095 0.0064285714285714285 0.013333333333333332
0 0.4025 0.8338095238095238 0.010714285714285714 0.01619047619047619
0 0.3875 0.9266666666666666 0.012142857142857143 0.017142857142857144
0 0.4942857142857143 0.7971428571428572 0.007142857142857143 0.011428571428571429
0 0.4992857142857143 0.7847619047619048 0.008571428571428572 0.015238095238095238
0 0.4467857142857143 0.7547619047619047 0.007857142857142858 0.014285714285714285
9 0.44535714285714284 0.7866666666666666 0.013571428571428571 0.03238095238095238
0 0.4278571428571429 0.7314285714285714 0.01 0.01904761904761905
0 0.42142857142857143 0.719047619047619 0.007142857142857143 0.015238095238095238
0 0.41035714285714286 0.7247619047619047 0.009285714285714286 0.015238095238095238
9 0.3875 0.7423809523809524 0.025 0.02
9 0.37464285714285717 0.6895238095238095 0.017857142857142856 0.03238095238095238
9 0.3575 0.6614285714285715 0.012142857142857143 0.03333333333333333
9 0.3296428571428571 0.7047619047619048 0.03214285714285714 0.022857142857142857
0 0.32142857142857145 0.73 0.01 0.01619047619047619
0 0.415 0.669047619047619 0.008571428571428572 0.014285714285714285
0 0.41964285714285715 0.6914285714285714 0.007857142857142858 0.013333333333333332
0 0.40035714285714286 0.6847619047619048 0.013571428571428571 0.007619047619047619
1 0.3867857142857143 0.6652380952380952 0.009285714285714286 0.012380952380952381
1 0.3578571428571429 0.66 0.008571428571428572 0.013333333333333332
1 0.3314285714285714 0.7042857142857143 0.015714285714285715 0.018095238095238095
1 0.37214285714285716 0.6942857142857143 0.01 0.013333333333333332
0 0.3467857142857143 0.6390476190476191 0.007857142857142858 0.017142857142857144
0 0.3439285714285714 0.6623809523809524 0.0064285714285714285 0.004761904761904762
0 0.34285714285714286 0.6714285714285714 0.01 0.011428571428571429
3 0.5467857142857143 0.9776190476190476 0.027857142857142858 0.04285714285714286
0 0.5425 0.9542857142857143 0.0064285714285714285 0.013333333333333332
0 0.5367857142857143 0.959047619047619 0.0064285714285714285 0.007619047619047619
0 0.5796428571428571 0.9366666666666666 0.007857142857142858 0.012380952380952381
0 0.5642857142857143 0.8942857142857142 0.01 0.015238095238095238
9 0.5789285714285715 0.8447619047619047 0.02214285714285714 0.024761904761904763
0 0.5596428571428571 0.8423809523809523 0.015 0.014285714285714285
9 0.5475 0.8114285714285714 0.020714285714285713 0.03238095238095238
1 0.5489285714285714 0.8123809523809524 0.010714285714285714 0.015238095238095238
3 0.505 0.5038095238095238 0.06714285714285714 0.07809523809523809
4 0.6075 0.63 0.065 0.08095238095238096
3 0.6767857142857143 0.7771428571428571 0.060714285714285714 0.07047619047619047
3 0.7103571428571429 0.699047619047619 0.060714285714285714 0.07238095238095238
0 0.6603571428571429 0.7871428571428571 0.010714285714285714 0.006666666666666666
4 0.9714285714285714 0.9647619047619047 0.055714285714285716 0.06095238095238095
3 0.9096428571428572 0.9709523809523809 0.062142857142857146 0.05619047619047619
3 0.8339285714285715 0.8342857142857143 0.07357142857142857 0.08
