3 0.4014285714285714 0.12238095238095238 0.017142857142857144 0.018095238095238095
3 0.3992857142857143 0.1376190476190476 0.014285714285714285 0.018095238095238095
3 0.26964285714285713 0.1595238095238095 0.035 0.021904761904761906
3 0.05964285714285714 0.17523809523809525 0.035 0.022857142857142857
3 0.08392857142857142 0.16904761904761906 0.03357142857142857 0.02
3 0.10285714285714286 0.16142857142857142 0.02857142857142857 0.02
3 0.08928571428571429 0.22666666666666666 0.047142857142857146 0.04
4 0.7339285714285714 0.009047619047619047 0.007857142857142858 0.014285714285714285
3 0.7428571428571429 0.027142857142857142 0.011428571428571429 0.012380952380952381
5 0.745 0.01 0.012857142857142857 0.021904761904761906
3 0.7153571428571428 0.08476190476190476 0.010714285714285714 0.015238095238095238
3 0.8446428571428571 0.029523809523809525 0.012142857142857143 0.013333333333333332
4 0.8646428571428572 0.07952380952380952 0.015 0.02
9 0.8953571428571429 0.0919047619047619 0.0064285714285714285 0.018095238095238095
1 0.8967857142857143 0.09 0.002142857142857143 0.012380952380952381
3 0.05964285714285714 0.2895238095238095 0.04214285714285714 0.030476190476190476
3 0.1742857142857143 0.31142857142857144 0.04285714285714286 0.0380952380952381
3 0.22714285714285715 0.32666666666666666 0.05 0.05333333333333333
3 0.06678571428571428 0.4576190476190476 0.04214285714285714 0.03142857142857143
7 0.3367857142857143 0.5014285714285714 0.027857142857142858 0.025714285714285714
1 0.32392857142857145 0.48714285714285716 0.010714285714285714 0.014285714285714285
3 0.37214285714285716 0.5695238095238095 0.09 0.05523809523809524
7 0.4025 0.7142857142857143 0.025 0.04
8 0.3896428571428571 0.8785714285714286 0.16785714285714284 0.24095238095238095
0 0.2575 0.9719047619047619 0.02214285714285714 0.03333333333333333
0 0.16178571428571428 0.9676190476190476 0.029285714285714286 0.0380952380952381
4 0.5878571428571429 0.6823809523809524 0.06142857142857143 0.15523809523809523
4 0.6596428571428572 0.3519047619047619 0.029285714285714286 0.06380952380952382
9 0.4175 0.17476190476190476 0.013571428571428571 0.018095238095238095
9 0.42178571428571426 0.1719047619047619 0.012142857142857143 0.018095238095238095
9 0.43 0.1676190476190476 0.014285714285714285 0.015238095238095238
9 0.4325 0.16523809523809524 0.012142857142857143 0.014285714285714285
9 0.43714285714285717 0.16238095238095238 0.01 0.01619047619047619
9 0.4425 0.18761904761904763 0.015 0.015238095238095238
9 0.4475 0.18523809523809523 0.015 0.018095238095238095
9 0.4667857142857143 0.18904761904761905 0.013571428571428571 0.01619047619047619
7 0.9571428571428572 0.20714285714285716 0.017142857142857144 0.021904761904761906
1 0.9575 0.19714285714285715 0.005 0.011428571428571429
9 0.9746428571428571 0.20666666666666667 0.02214285714285714 0.015238095238095238
9 0.9892857142857143 0.21666666666666667 0.02 0.014285714285714285
9 0.99 0.23666666666666666 0.018571428571428572 0.02
1 0.9778571428571429 0.20523809523809525 0.007142857142857143 0.02
1 0.9946428571428572 0.2119047619047619 0.005 0.02
