3 0.9628571428571429 0.8138095238095238 0.07285714285714286 0.05047619047619047
3 0.9610714285714286 0.7766666666666666 0.07642857142857143 0.03333333333333333
3 0.9528571428571428 0.7519047619047619 0.09285714285714286 0.039047619047619046
3 0.8746428571428572 0.7166666666666667 0.07785714285714286 0.039047619047619046
0 0.78 0.5876190476190476 0.005714285714285714 0.015238095238095238
3 0.6621428571428571 0.5919047619047619 0.017142857142857144 0.018095238095238095
3 0.6421428571428571 0.5914285714285714 0.017142857142857144 0.017142857142857144
3 0.6253571428571428 0.6 0.019285714285714285 0.017142857142857144
3 0.615 0.5876190476190476 0.02 0.015238095238095238
3 0.3842857142857143 0.5652380952380952 0.022857142857142857 0.010476190476190476
3 0.3989285714285714 0.5638095238095238 0.020714285714285713 0.011428571428571429
4 0.055 0.5319047619047619 0.01 0.008571428571428572
3 0.06642857142857143 0.5171428571428571 0.018571428571428572 0.007619047619047619
8 0.017857142857142856 0.5171428571428571 0.025714285714285714 0.009523809523809525
3 0.019642857142857142 0.5195238095238095 0.010714285714285714 0.006666666666666666
4 0.011428571428571429 0.5214285714285715 0.011428571428571429 0.006666666666666666
3 0.007142857142857143 0.5247619047619048 0.007142857142857143 0.007619047619047619
3 0.035 0.5138095238095238 0.01 0.006666666666666666
