0 0.27 0.6347619047619047 0.03 0.06761904761904762
0 0.3489285714285714 0.6819047619047619 0.02642857142857143 0.07428571428571429
0 0.3692857142857143 0.6923809523809524 0.02142857142857143 0.07238095238095238
0 0.3125 0.7 0.029285714285714286 0.0838095238095238
0 0.29714285714285715 0.7119047619047619 0.022857142857142857 0.06
0 0.9742857142857143 0.5323809523809524 0.022857142857142857 0.05142857142857143
0 0.15642857142857142 0.4095238095238095 0.02142857142857143 0.049523809523809526
0 0.1725 0.4066666666666667 0.02214285714285714 0.047619047619047616
0 0.23035714285714284 0.20476190476190476 0.009285714285714286 0.024761904761904763
0 0.23214285714285715 0.19714285714285715 0.002857142857142857 0.015238095238095238
0 0.23535714285714285 0.2019047619047619 0.0064285714285714285 0.015238095238095238
0 0.21428571428571427 0.2842857142857143 0.012857142857142857 0.035238095238095235
1 0.21535714285714286 0.21666666666666667 0.0064285714285714285 0.02
2 0.21642857142857141 0.2219047619047619 0.02 0.017142857142857144
9 0.2375 0.3047619047619048 0.025 0.015238095238095238
3 0.245 0.13666666666666666 0.01 0.02
3 0.24285714285714285 0.14714285714285713 0.012857142857142857 0.018095238095238095
3 0.2417857142857143 0.16380952380952382 0.015 0.017142857142857144
3 0.23785714285714285 0.1823809523809524 0.015714285714285715 0.02
3 0.22 0.19904761904761906 0.02 0.022857142857142857
3 0.25785714285714284 0.17952380952380953 0.014285714285714285 0.02
3 0.2567857142857143 0.16238095238095238 0.012142857142857143 0.018095238095238095
3 0.24892857142857142 0.13428571428571429 0.009285714285714286 0.015238095238095238
3 0.19714285714285715 0.19428571428571428 0.02 0.022857142857142857
3 0.20464285714285715 0.2542857142857143 0.03214285714285714 0.04
3 0.2417857142857143 0.24142857142857144 0.017857142857142856 0.025714285714285714
3 0.24 0.26666666666666666 0.022857142857142857 0.03238095238095238
0 0.1975 0.2919047619047619 0.015 0.037142857142857144
3 0.22714285714285715 0.3438095238095238 0.04 0.045714285714285714
3 0.11714285714285715 0.32476190476190475 0.045714285714285714 0.05142857142857143
3 0.08714285714285715 0.36238095238095236 0.05714285714285714 0.06380952380952382
3 0.055357142857142855 0.4166666666666667 0.07214285714285715 0.07523809523809524
0 0.014642857142857143 0.4219047619047619 0.02214285714285714 0.049523809523809526
0 0.029642857142857144 0.5247619047619048 0.02214285714285714 0.05523809523809524
3 0.029642857142857144 0.4895238095238095 0.05928571428571429 0.08
3 0.205 0.4442857142857143 0.06285714285714286 0.08285714285714285
3 0.285 0.5666666666666667 0.13714285714285715 0.07238095238095238
0 0.4992857142857143 0.45 0.025714285714285714 0.06
0 0.495 0.44952380952380955 0.014285714285714285 0.0380952380952381
3 0.11178571428571428 0.7947619047619048 0.18785714285714286 0.1361904761904762
1 0.37214285714285716 0.8019047619047619 0.03 0.07809523809523809
3 0.3742857142857143 0.8176190476190476 0.07285714285714286 0.06380952380952382
3 0.4775 0.5395238095238095 0.11928571428571429 0.07714285714285714
0 0.5317857142857143 0.5719047619047619 0.025 0.06
3 0.5946428571428571 0.5295238095238095 0.08214285714285714 0.07428571428571429
3 0.7042857142857143 0.5090476190476191 0.12 0.06952380952380953
1 0.7775 0.5347619047619048 0.02214285714285714 0.05047619047619047
2 0.7717857142857143 0.5495238095238095 0.04071428571428572 0.0380952380952381
3 0.87 0.4795238095238095 0.10285714285714286 0.06190476190476191
8 0.8425 0.6752380952380952 0.31357142857142856 0.2419047619047619
