3 0.49214285714285716 0.9695238095238096 0.022857142857142857 0.05333333333333333
3 0.6125 0.9795238095238096 0.025 0.039047619047619046
3 0.6021428571428571 0.8023809523809524 0.02 0.05238095238095238
3 0.5721428571428572 0.3219047619047619 0.012857142857142857 0.015238095238095238
3 0.5767857142857142 0.2895238095238095 0.010714285714285714 0.009523809523809525
3 0.5792857142857143 0.2652380952380952 0.01 0.012380952380952381
3 0.5914285714285714 0.21714285714285714 0.008571428571428572 0.009523809523809525
3 0.59 0.18476190476190477 0.01 0.011428571428571429
8 0.59 0.1519047619047619 0.01 0.02
4 0.6028571428571429 0.7438095238095238 0.017142857142857144 0.04380952380952381
4 0.6017857142857143 0.6895238095238095 0.015 0.04
3 0.5989285714285715 0.5438095238095239 0.012142857142857143 0.026666666666666665
3 0.5439285714285714 0.4747619047619048 0.012142857142857143 0.02
5 0.5996428571428571 0.4942857142857143 0.017857142857142856 0.07047619047619047
3 0.7003571428571429 0.4095238095238095 0.020714285714285713 0.015238095238095238
0 0.5289285714285714 0.5514285714285714 0.007857142857142858 0.015238095238095238
9 0.5575 0.6776190476190476 0.007857142857142858 0.021904761904761906
9 0.545 0.6623809523809524 0.007142857142857143 0.02
9 0.5489285714285714 0.6014285714285714 0.0064285714285714285 0.01619047619047619
9 0.5721428571428572 0.5971428571428572 0.007142857142857143 0.017142857142857144
9 0.5596428571428571 0.5842857142857143 0.007857142857142858 0.014285714285714285
9 0.545 0.5547619047619048 0.007142857142857143 0.01619047619047619
9 0.5642857142857143 0.5319047619047619 0.007142857142857143 0.014285714285714285
9 0.5717857142857142 0.43714285714285717 0.007857142857142858 0.017142857142857144
9 0.46 0.849047619047619 0.02 0.01619047619047619
9 0.4253571428571429 0.8519047619047619 0.017857142857142856 0.012380952380952381
5 0.42464285714285716 0.8995238095238095 0.06785714285714285 0.05047619047619047
5 0.6075 0.8847619047619047 0.023571428571428573 0.08
5 0.5092857142857142 0.7795238095238095 0.017142857142857144 0.037142857142857144
0 0.49178571428571427 0.7871428571428571 0.007857142857142858 0.018095238095238095
9 0.5142857142857142 0.7347619047619047 0.012857142857142857 0.012380952380952381
9 0.5175 0.72 0.015 0.015238095238095238
9 0.5392857142857143 0.7666666666666667 0.007142857142857143 0.022857142857142857
6 0.5975 0.6066666666666667 0.016428571428571428 0.03238095238095238
6 0.5989285714285715 0.5771428571428572 0.015 0.024761904761904763
3 0.8875 0.4219047619047619 0.029285714285714286 0.01904761904761905
3 0.9203571428571429 0.4238095238095238 0.029285714285714286 0.015238095238095238
3 0.9571428571428572 0.4247619047619048 0.03 0.013333333333333332
3 0.8078571428571428 0.4195238095238095 0.03 0.014285714285714285
3 0.9878571428571429 0.42666666666666664 0.022857142857142857 0.015238095238095238
3 0.7296428571428571 0.4123809523809524 0.025 0.015238095238095238
3 0.7653571428571428 0.4166666666666667 0.025 0.012380952380952381
