3 0.4064285714285714 0.8071065989847716 0.07 0.08883248730964466
3 0.49892857142857144 0.697969543147208 0.05928571428571429 0.07614213197969542
3 0.5742857142857143 0.758248730964467 0.05714285714285714 0.07741116751269035
3 0.5603571428571429 0.6262690355329948 0.055 0.06725888324873096
3 0.5846428571428571 0.6700507614213197 0.05785714285714286 0.07106598984771573
3 0.6325 0.6706852791878172 0.055 0.07233502538071065
0 0.8717857142857143 0.7994923857868019 0.012142857142857143 0.032994923857868015
0 0.9064285714285715 0.8007614213197969 0.011428571428571429 0.035532994923857864
0 0.9421428571428572 0.7271573604060914 0.012857142857142857 0.03807106598984771
0 0.5864285714285714 0.5184010152284264 0.012857142857142857 0.03680203045685279
0 0.5946428571428571 0.5190355329949238 0.007857142857142858 0.03045685279187817
0 0.5892857142857143 0.5063451776649746 0.008571428571428572 0.03045685279187817
3 0.5789285714285715 0.32043147208121825 0.04071428571428572 0.05964467005076142
0 0.6664285714285715 0.3375634517766497 0.005714285714285714 0.015228426395939085
0 0.66 0.3293147208121827 0.007142857142857143 0.026649746192893398
0 0.645 0.30583756345177665 0.007142857142857143 0.027918781725888322
0 0.655 0.30583756345177665 0.007142857142857143 0.027918781725888322
0 0.6221428571428571 0.22715736040609136 0.007142857142857143 0.027918781725888322
0 0.6325 0.23350253807106597 0.005 0.027918781725888322
