3 0.3578571428571429 0.10469543147208121 0.007142857142857143 0.024111675126903553
3 0.35642857142857143 0.18337563451776648 0.005714285714285714 0.024111675126903553
3 0.4025 0.1611675126903553 0.0064285714285714285 0.025380710659898477
3 0.42214285714285715 0.1782994923857868 0.007142857142857143 0.026649746192893398
4 0.485 0.14720812182741116 0.007142857142857143 0.032994923857868015
3 0.5067857142857143 0.16243654822335024 0.0064285714285714285 0.032994923857868015
3 0.48392857142857143 0.2861675126903553 0.0064285714285714285 0.03426395939086294
4 0.42214285714285715 0.2963197969543147 0.007142857142857143 0.024111675126903553
3 0.40964285714285714 0.2963197969543147 0.007857142857142858 0.026649746192893398
4 0.3525 0.2836294416243655 0.0064285714285714285 0.024111675126903553
4 0.35214285714285715 0.3375634517766497 0.007142857142857143 0.027918781725888322
4 0.35214285714285715 0.3756345177664974 0.007142857142857143 0.027918781725888322
3 0.35035714285714287 0.4022842639593908 0.0064285714285714285 0.015228426395939085
3 0.35035714285714287 0.43718274111675126 0.0064285714285714285 0.026649746192893398
3 0.3492857142857143 0.482233502538071 0.007142857142857143 0.025380710659898477
3 0.34964285714285714 0.5139593908629442 0.007857142857142858 0.025380710659898477
8 0.36678571428571427 0.5805837563451777 0.020714285714285713 0.07741116751269035
3 0.42142857142857143 0.41878172588832485 0.007142857142857143 0.027918781725888322
3 0.4114285714285714 0.45875634517766495 0.007142857142857143 0.031725888324873094
3 0.39785714285714285 0.4295685279187817 0.007142857142857143 0.026649746192893398
3 0.3989285714285714 0.5412436548223349 0.0064285714285714285 0.031725888324873094
3 0.3967857142857143 0.6928934010152283 0.007857142857142858 0.03045685279187817
3 0.3603571428571429 0.6846446700507614 0.007857142857142858 0.031725888324873094
5 0.4067857142857143 0.7982233502538071 0.012142857142857143 0.07106598984771573
3 0.39285714285714285 0.825507614213198 0.007142857142857143 0.03426395939086294
3 0.345 0.8724619289340101 0.007142857142857143 0.03426395939086294
3 0.35678571428571426 0.8730964467005076 0.007857142857142858 0.03807106598984771
3 0.39464285714285713 0.9422588832487309 0.007857142857142858 0.03426395939086294
4 0.47535714285714287 0.9003807106598984 0.0064285714285714285 0.03426395939086294
3 0.7192857142857143 0.7887055837563451 0.017142857142857144 0.016497461928934008
3 0.75 0.7861675126903552 0.017142857142857144 0.011421319796954314
5 0.7875 0.7214467005076142 0.017857142857142856 0.026649746192893398
3 0.9367857142857143 0.0666243654822335 0.012142857142857143 0.029187817258883246
3 0.48214285714285715 0.4225888324873096 0.007142857142857143 0.032994923857868015
3 0.4542857142857143 0.6586294416243654 0.007142857142857143 0.03807106598984771
3 0.49214285714285716 0.6104060913705583 0.007142857142857143 0.035532994923857864
3 0.47714285714285715 0.7290609137055837 0.007142857142857143 0.03934010152284264
3 0.48928571428571427 0.748730964467005 0.007142857142857143 0.035532994923857864
4 0.5003571428571428 0.7335025380710659 0.005 0.032994923857868015
4 0.16535714285714287 0.6611675126903552 0.009285714285714286 0.032994923857868015
3 0.29392857142857143 0.7506345177664974 0.016428571428571428 0.013959390862944161
3 0.3075 0.7049492385786802 0.017857142857142856 0.011421319796954314
