3 0.1025 0.10088832487309644 0.04071428571428572 0.133248730964467
3 0.47714285714285715 0.6046954314720812 0.08571428571428572 0.06218274111675126
5 0.8164285714285714 0.6967005076142131 0.20142857142857143 0.11675126903553298
8 0.5428571428571428 0.09581218274111675 0.08714285714285715 0.1916243654822335
0 0.2667857142857143 0.27411167512690354 0.012142857142857143 0.017766497461928932
0 0.5253571428571429 0.30710659898477155 0.010714285714285714 0.025380710659898477
0 0.5092857142857142 0.3147208121827411 0.011428571428571429 0.027918781725888322
0 0.565 0.38515228426395937 0.008571428571428572 0.024111675126903553
8 0.3821428571428571 0.24936548223350252 0.11285714285714285 0.3312182741116751
0 0.8875 0.8965736040609137 0.020714285714285713 0.019035532994923856
0 0.9442857142857143 0.9295685279187816 0.02 0.021573604060913704
0 0.9885714285714285 0.9206852791878172 0.02142857142857143 0.021573604060913704
