3 0.285 0.062380952380952384 0.015714285714285715 0.037142857142857144
3 0.385 0.16 0.014285714285714285 0.0380952380952381
3 0.3914285714285714 0.21714285714285714 0.014285714285714285 0.03428571428571429
3 0.39464285714285713 0.2623809523809524 0.012142857142857143 0.035238095238095235
5 0.41 0.39714285714285713 0.02 0.05333333333333333
0 0.46 0.68 0.004285714285714286 0.007619047619047619
0 0.4642857142857143 0.6795238095238095 0.002857142857142857 0.004761904761904762
0 0.5196428571428572 0.7523809523809524 0.005 0.005714285714285714
0 0.5292857142857142 0.7738095238095238 0.004285714285714286 0.008571428571428572
3 0.595 0.18761904761904763 0.015714285714285715 0.0380952380952381
4 0.6067857142857143 0.27714285714285714 0.013571428571428571 0.03238095238095238
3 0.6092857142857143 0.4095238095238095 0.012857142857142857 0.03428571428571429
3 0.6067857142857143 0.8423809523809523 0.016428571428571428 0.035238095238095235
3 0.63 0.8495238095238096 0.012857142857142857 0.0380952380952381
3 0.6492857142857142 0.8571428571428571 0.014285714285714285 0.03428571428571429
3 0.5725 0.6919047619047619 0.013571428571428571 0.037142857142857144
4 0.5989285714285715 0.7019047619047619 0.012142857142857143 0.03428571428571429
3 0.6596428571428572 0.7347619047619047 0.012142857142857143 0.037142857142857144
3 0.6814285714285714 0.7642857142857142 0.014285714285714285 0.037142857142857144
3 0.7278571428571429 0.8014285714285714 0.025714285714285714 0.01619047619047619
3 0.7221428571428572 0.839047619047619 0.025714285714285714 0.01904761904761905
9 0.5278571428571428 0.7614285714285715 0.012857142857142857 0.006666666666666666
9 0.6296428571428572 0.7047619047619048 0.005 0.015238095238095238
9 0.6396428571428572 0.71 0.005 0.014285714285714285
9 0.6342857142857142 0.6066666666666667 0.005714285714285714 0.015238095238095238
9 0.4625 0.83 0.005 0.010476190476190476
9 0.46785714285714286 0.8376190476190476 0.004285714285714286 0.010476190476190476
9 0.26964285714285713 0.02142857142857143 0.015 0.010476190476190476
9 0.2571428571428571 0.06428571428571428 0.01 0.012380952380952381
9 0.2592857142857143 0.047142857142857146 0.012857142857142857 0.012380952380952381
9 0.26035714285714284 0.0419047619047619 0.010714285714285714 0.009523809523809525
