1 0.4240605427974947 0.27087198515769945 0.004697286012526096 0.012987012987012988
1 0.4418058455114822 0.13358070500927643 0.0036534446764091852 0.00927643784786642
1 0.548277661795407 0.23515769944341372 0.0036534446764091852 0.013914656771799629
1 0.55401878914405 0.2036178107606679 0.004697286012526096 0.010204081632653062
1 0.5621085594989561 0.20593692022263452 0.0041753653444676405 0.012987012987012988
1 0.5414926931106472 0.09461966604823747 0.0036534446764091852 0.0074211502782931356
9 0.5477557411273486 0.2430426716141002 0.0036534446764091852 0.012987012987012988
9 0.5534968684759916 0.20918367346938777 0.0036534446764091852 0.010204081632653062
9 0.5623695198329853 0.21196660482374768 0.0036534446764091852 0.010204081632653062
9 0.5414926931106472 0.10018552875695733 0.0036534446764091852 0.0074211502782931356
9 0.6020354906054279 0.4893320964749536 0.0057411273486430055 0.0176252319109462
2 0.5999478079331941 0.41883116883116883 0.0036534446764091852 0.013914656771799629
2 0.5991649269311065 0.4044526901669759 0.0031315240083507304 0.011131725417439703
1 0.5996868475991649 0.39285714285714285 0.0031315240083507304 0.008348794063079777
1 0.5996868475991649 0.4095547309833024 0.0031315240083507304 0.012059369202226345
1 0.6041231732776617 0.47866419294990725 0.0057411273486430055 0.014842300556586271
1 0.5788100208768266 0.35992578849721707 0.0031315240083507304 0.012987012987012988
9 0.5777661795407097 0.36595547309833026 0.0041753653444676405 0.021335807050092765
5 0.6529227557411272 0.06586270871985157 0.025052192066805843 0.016697588126159554
3 0.521920668058455 0.07421150278293136 0.009394572025052192 0.012987012987012988
4 0.5106993736951982 0.05797773654916512 0.006784968684759916 0.013914656771799629
3 0.5075678496868475 0.03432282003710575 0.006784968684759916 0.011131725417439703
3 0.5161795407098121 0.02411873840445269 0.006263048016701461 0.00927643784786642
3 0.4786012526096033 0.05519480519480519 0.0073068893528183704 0.012059369202226345
9 0.4418058455114822 0.13821892393320964 0.0036534446764091852 0.0074211502782931356
9 0.4237995824634655 0.27782931354359924 0.0041753653444676405 0.012059369202226345
9 0.40344467640918574 0.4327458256029685 0.005219206680584551 0.015769944341372914
1 0.4039665970772442 0.4225417439703154 0.0073068893528183704 0.01948051948051948
1 0.3515135699373695 0.651669758812616 0.007828810020876827 0.01948051948051948
9 0.3515135699373695 0.6600185528756958 0.010960334029227557 0.039888682745825604
1 0.7267745302713987 0.8710575139146568 0.007828810020876827 0.02411873840445269
9 0.722599164926931 0.8780148423005566 0.016179540709812108 0.043599257884972174
