3 0.7592857142857142 0.44666666666666666 0.01 0.007619047619047619
3 0.7592857142857142 0.4438095238095238 0.017142857142857144 0.009523809523809525
3 0.47964285714285715 0.5423809523809524 0.007857142857142858 0.014285714285714285
3 0.48214285714285715 0.49238095238095236 0.007142857142857143 0.007619047619047619
4 0.545 0.68 0.012857142857142857 0.024761904761904763
5 0.49714285714285716 0.5395238095238095 0.017142857142857144 0.04666666666666667
4 0.41714285714285715 0.5123809523809524 0.017142857142857144 0.04
4 0.5025 0.42428571428571427 0.007857142857142858 0.02
4 0.4928571428571429 0.41 0.007142857142857143 0.02
4 0.5021428571428571 0.40476190476190477 0.007142857142857143 0.013333333333333332
4 0.43714285714285717 0.41714285714285715 0.007142857142857143 0.017142857142857144
4 0.46214285714285713 0.4066666666666667 0.01 0.017142857142857144
4 0.4471428571428571 0.4176190476190476 0.01 0.02
4 0.4542857142857143 0.42714285714285716 0.01 0.02
4 0.45035714285714284 0.38952380952380955 0.0064285714285714285 0.009523809523809525
4 0.47535714285714287 0.37 0.005 0.008571428571428572
4 0.4878571428571429 0.3595238095238095 0.004285714285714286 0.006666666666666666
4 0.5053571428571428 0.36428571428571427 0.0064285714285714285 0.010476190476190476
3 0.4739285714285714 0.39714285714285713 0.0035714285714285713 0.005714285714285714
3 0.4789285714285714 0.38 0.0035714285714285713 0.0038095238095238095
4 0.48178571428571426 0.3619047619047619 0.005 0.007619047619047619
4 0.47285714285714286 0.3647619047619048 0.004285714285714286 0.009523809523809525
4 0.5175 0.3414285714285714 0.002142857142857143 0.006666666666666666
3 0.5025 0.3538095238095238 0.002142857142857143 0.002857142857142857
4 0.5003571428571428 0.3395238095238095 0.0035714285714285713 0.006666666666666666
4 0.5071428571428571 0.33476190476190476 0.002857142857142857 0.004761904761904762
