5 0.2325 0.9319047619047619 0.052142857142857144 0.0980952380952381
8 0.41785714285714287 0.37952380952380954 0.018571428571428572 0.04476190476190476
4 0.5514285714285714 0.2623809523809524 0.007142857142857143 0.012380952380952381
3 0.6325 0.16904761904761906 0.005 0.006666666666666666
3 0.6396428571428572 0.15904761904761905 0.007857142857142858 0.005714285714285714
3 0.6646428571428571 0.2119047619047619 0.010714285714285714 0.006666666666666666
3 0.6721428571428572 0.2195238095238095 0.01 0.006666666666666666
3 0.67 0.21666666666666667 0.011428571428571429 0.006666666666666666
3 0.645 0.23238095238095238 0.012857142857142857 0.007619047619047619
3 0.6425 0.24714285714285714 0.015 0.008571428571428572
3 0.6428571428571429 0.2419047619047619 0.015714285714285715 0.007619047619047619
3 0.6475 0.24 0.015 0.007619047619047619
3 0.65 0.22952380952380952 0.012857142857142857 0.007619047619047619
3 0.6496428571428572 0.22666666666666666 0.012142857142857143 0.007619047619047619
3 0.5578571428571428 0.19238095238095237 0.004285714285714286 0.007619047619047619
3 0.5614285714285714 0.1895238095238095 0.004285714285714286 0.005714285714285714
5 0.5717857142857142 0.21666666666666667 0.007857142857142858 0.02761904761904762
5 0.5671428571428572 0.19142857142857142 0.007142857142857143 0.015238095238095238
5 0.57 0.15523809523809523 0.005714285714285714 0.017142857142857144
5 0.5625 0.15476190476190477 0.005 0.01619047619047619
5 0.48 0.17238095238095238 0.022857142857142857 0.01904761904761905
1 0.18714285714285714 0.73 0.01 0.014285714285714285
1 0.2792857142857143 0.7247619047619047 0.01 0.015238095238095238
9 0.18964285714285714 0.731904761904762 0.017857142857142856 0.012380952380952381
9 0.28 0.7271428571428571 0.007142857142857143 0.03142857142857143
9 0.5642857142857143 0.3547619047619048 0.002857142857142857 0.010476190476190476
9 0.5578571428571428 0.3952380952380952 0.002857142857142857 0.011428571428571429
1 0.5578571428571428 0.3919047619047619 0.004285714285714286 0.008571428571428572
1 0.5642857142857143 0.3519047619047619 0.002857142857142857 0.004761904761904762
3 0.11928571428571429 0.52 0.027142857142857142 0.01904761904761905
3 0.13642857142857143 0.5023809523809524 0.032857142857142856 0.02
3 0.14785714285714285 0.49142857142857144 0.024285714285714285 0.015238095238095238
9 0.16 0.4719047619047619 0.01 0.012380952380952381
5 0.15035714285714286 0.33476190476190476 0.02214285714285714 0.02
3 0.9 0.2419047619047619 0.017142857142857144 0.007619047619047619
3 0.8478571428571429 0.22380952380952382 0.015714285714285715 0.007619047619047619
5 0.9271428571428572 0.23666666666666666 0.014285714285714285 0.010476190476190476
5 0.5789285714285715 0.13714285714285715 0.0064285714285714285 0.015238095238095238
