3 0.4496428571428571 0.36548223350253806 0.020714285714285713 0.06852791878172589
3 0.48035714285714287 0.28743654822335024 0.023571428571428573 0.06979695431472081
3 0.43964285714285717 0.20939086294416243 0.02214285714285714 0.06345177664974619
3 0.36678571428571427 0.16878172588832485 0.016428571428571428 0.05837563451776649
3 0.3925 0.06091370558375634 0.015 0.053299492385786795
3 0.5217857142857143 0.27538071065989844 0.02214285714285714 0.07360406091370558
3 0.5053571428571428 0.10723350253807105 0.015 0.05456852791878172
3 0.6942857142857143 0.7823604060913705 0.04285714285714286 0.09517766497461928
3 0.5203571428571429 0.766497461928934 0.035 0.09644670050761421
3 0.45535714285714285 0.9346446700507614 0.03785714285714286 0.11040609137055837
3 0.395 0.5336294416243654 0.027142857142857142 0.07994923857868019
4 0.9353571428571429 0.9124365482233502 0.05928571428571429 0.08375634517766496
3 0.040357142857142855 0.9689086294416243 0.06357142857142857 0.05964467005076142
0 0.9075 0.43274111675126903 0.012142857142857143 0.027918781725888322
0 0.24964285714285714 0.6465736040609137 0.009285714285714286 0.019035532994923856
0 0.1742857142857143 0.6034263959390862 0.012857142857142857 0.026649746192893398
0 0.24785714285714286 0.08629441624365482 0.007142857142857143 0.017766497461928932
0 0.22178571428571428 0.03616751269035533 0.0064285714285714285 0.024111675126903553
0 0.21928571428571428 0.016497461928934008 0.007142857142857143 0.025380710659898477
0 0.22678571428571428 0.011421319796954314 0.007857142857142858 0.025380710659898477
0 0.2575 0.07741116751269035 0.007857142857142858 0.02284263959390863
0 0.7946428571428571 0.28045685279187815 0.007857142857142858 0.027918781725888322
