8 0.19428571428571428 0.7354060913705583 0.03571428571428571 0.03680203045685279
3 0.2075 0.6681472081218274 0.03785714285714286 0.03426395939086294
3 0.45964285714285713 0.6072335025380711 0.02214285714285714 0.06979695431472081
3 0.5146428571428572 0.5609137055837563 0.015 0.048223350253807105
3 0.47714285714285715 0.4143401015228426 0.014285714285714285 0.04441624365482233
3 0.49392857142857144 0.2519035532994924 0.015 0.052030456852791875
3 0.5096428571428572 0.10215736040609136 0.017857142857142856 0.052030456852791875
0 0.35892857142857143 0.26903553299492383 0.005 0.017766497461928932
0 0.37464285714285717 0.2760152284263959 0.005 0.026649746192893398
0 0.37464285714285717 0.26903553299492383 0.005 0.025380710659898477
0 0.34214285714285714 0.24555837563451774 0.01 0.026649746192893398
