3 0.49921711899791227 0.8562152133580705 0.06419624217118998 0.08719851576994435
3 0.4950417536534446 0.7731910946196661 0.0464509394572025 0.08441558441558442
3 0.5600208768267223 0.7249536178107607 0.056367432150313146 0.07142857142857142
4 0.4303235908141962 0.8293135435992579 0.0662839248434238 0.09090909090909091
9 0.5292275574112735 0.7040816326530612 0.013569937369519832 0.03153988868274583
0 0.441544885177453 0.7221706864564007 0.009394572025052192 0.036178107606679034
0 0.4522442588726513 0.7156771799628943 0.0057411273486430055 0.03803339517625232
0 0.6487473903966596 0.5760667903525046 0.006263048016701461 0.02411873840445269
0 0.6534446764091857 0.5816326530612245 0.0073068893528183704 0.014842300556586271
0 0.6497912317327765 0.5691094619666048 0.006263048016701461 0.021335807050092765
9 0.6740605427974947 0.5709647495361782 0.017223382045929016 0.01948051948051948
2 0.3885699373695198 0.8000927643784786 0.009916492693110646 0.036178107606679034
3 0.7085073068893527 0.5927643784786643 0.05167014613778705 0.06307977736549165
3 0.7990605427974947 0.5037105751391465 0.027139874739039664 0.05009276437847866
4 0.7531315240083507 0.5500927643784786 0.038622129436325675 0.05009276437847866
0 0.7502609603340291 0.5134508348794063 0.009916492693110646 0.02319109461966605
8 0.888830897703549 0.6150278293135436 0.09498956158663882 0.1410018552875696
8 0.9731210855949894 0.5343228200371057 0.050626304801670144 0.13172541743970315
9 0.4144050104384133 0.7833951762523191 0.022964509394572022 0.03432282003710575
9 0.7158141962421711 0.550556586270872 0.01826722338204593 0.02319109461966605
9 0.7301670146137786 0.5347866419294991 0.011482254697286011 0.030612244897959183
9 0.818893528183716 0.4670686456400742 0.018789144050104383 0.02319109461966605
9 0.8076722338204592 0.4536178107606679 0.009916492693110646 0.025974025974025976
9 0.5464509394572025 0.6910946196660482 0.016701461377870562 0.029684601113172542
9 0.4042275574112734 0.7898886827458256 0.013048016701461376 0.03246753246753247
9 0.7069415448851774 0.5166975881261595 0.014091858037578286 0.014842300556586271
9 0.7165970772442588 0.5120593692022264 0.008350730688935281 0.012987012987012988
1 0.707724425887265 0.5069573283858998 0.006263048016701461 0.013914656771799629
1 0.7155532359081419 0.5009276437847866 0.006263048016701461 0.016697588126159554
9 0.18815240083507306 0.9387755102040817 0.04123173277661795 0.0463821892393321
9 0.18449895615866385 0.9243970315398887 0.03705636743215031 0.04730983302411874
