0 0.44925 0.7496666666666666 0.0235 0.04466666666666667
0 0.45075 0.7376666666666667 0.021500000000000002 0.049999999999999996
5 0.41425 0.7546666666666666 0.0835 0.2373333333333333
5 0.40275 0.5539999999999999 0.059500000000000004 0.13999999999999999
4 0.4915 0.5356666666666666 0.06 0.13
9 0.368 0.42066666666666663 0.022 0.03866666666666667
0 0.36875 0.37966666666666665 0.0115 0.03933333333333333
0 0.4025 0.37266666666666665 0.014 0.04133333333333333
0 0.40900000000000003 0.35466666666666663 0.014 0.03866666666666667
4 0.3215 0.31066666666666665 0.08600000000000001 0.064
3 0.368 0.25266666666666665 0.03 0.05466666666666666
1 0.3405 0.21666666666666665 0.008 0.022666666666666665
0 0.353 0.21166666666666667 0.008 0.033999999999999996
3 0.332 0.20666666666666667 0.065 0.04133333333333333
3 0.30075 0.16966666666666666 0.0285 0.041999999999999996
9 0.28925 0.15366666666666667 0.0165 0.020666666666666667
0 0.364 0.14466666666666667 0.008 0.026666666666666665
0 0.368 0.12766666666666665 0.008 0.026
0 0.30125 0.10666666666666666 0.0095 0.026666666666666665
0 0.29325 0.11966666666666666 0.0075 0.020666666666666667
0 0.289 0.11166666666666666 0.009000000000000001 0.026
0 0.28975 0.10966666666666666 0.0075 0.026
3 0.34675 0.119 0.0225 0.03
0 0.38275000000000003 0.06566666666666666 0.006500000000000001 0.022
4 0.301 0.024666666666666667 0.014 0.025333333333333333
4 0.30225 0.04466666666666667 0.0135 0.026666666666666665
0 0.34675 0.048666666666666664 0.0055 0.02
9 0.3415 0.03266666666666666 0.005 0.013333333333333332
1 0.34225 0.028666666666666667 0.006500000000000001 0.016
4 0.55275 0.46266666666666667 0.0535 0.09733333333333333
1 0.4955 0.31 0.015 0.028
5 0.47675 0.27466666666666667 0.043500000000000004 0.07066666666666667
3 0.61175 0.9276666666666666 0.0955 0.14066666666666666
1 0.6002500000000001 0.6956666666666667 0.0095 0.02333333333333333
0 0.59775 0.6696666666666666 0.0155 0.024666666666666667
0 0.627 0.6256666666666666 0.026000000000000002 0.05933333333333333
0 0.5985 0.6436666666666666 0.017 0.048666666666666664
5 0.62675 0.5336666666666666 0.0985 0.126
0 0.4385 0.18466666666666667 0.007 0.026666666666666665
0 0.44 0.17866666666666667 0.007 0.029333333333333333
1 0.4555 0.09866666666666667 0.01 0.018666666666666665
1 0.4545 0.09566666666666666 0.008 0.019333333333333334
5 0.43675 0.14133333333333334 0.025500000000000002 0.044
3 0.40850000000000003 0.12166666666666666 0.024 0.03266666666666666
3 0.4045 0.08366666666666667 0.02 0.024666666666666667
0 0.37525000000000003 0.008 0.006500000000000001 0.016
1 0.392 0.023666666666666666 0.007 0.01
