3 0.3925 0.5295238095238095 0.075 0.08190476190476191
3 0.48464285714285715 0.6142857142857143 0.08785714285714286 0.09714285714285714
3 0.14464285714285716 0.7919047619047619 0.13785714285714284 0.14761904761904762
3 0.24928571428571428 0.91 0.07285714285714286 0.17809523809523808
3 0.12285714285714286 0.9485714285714286 0.11285714285714285 0.10095238095238095
3 0.11928571428571429 0.7238095238095238 0.12285714285714286 0.1180952380952381
3 0.08714285714285715 0.6771428571428572 0.13 0.1295238095238095
3 0.06928571428571428 0.6290476190476191 0.11857142857142858 0.0980952380952381
3 0.08785714285714286 0.34476190476190477 0.09 0.049523809523809526
0 0.09964285714285714 0.3647619047619048 0.017857142857142856 0.03238095238095238
3 0.135 0.42904761904761907 0.07 0.07333333333333333
3 0.19178571428571428 0.44666666666666666 0.04214285714285714 0.07428571428571429
3 0.26 0.5290476190476191 0.08571428571428572 0.09428571428571429
3 0.46035714285714285 0.7495238095238095 0.10214285714285715 0.1295238095238095
3 0.8817857142857143 0.9414285714285714 0.14357142857142857 0.11523809523809524
3 0.7428571428571429 0.8223809523809524 0.11428571428571428 0.1361904761904762
3 0.6075 0.7095238095238096 0.10214285714285715 0.10476190476190476
3 0.7275 0.46190476190476193 0.08357142857142857 0.06666666666666667
3 0.9546428571428571 0.439047619047619 0.075 0.05904761904761905
3 0.6853571428571429 0.3547619047619048 0.062142857142857146 0.054285714285714284
3 0.5596428571428571 0.35714285714285715 0.062142857142857146 0.049523809523809526
3 0.5796428571428571 0.33476190476190476 0.062142857142857146 0.04476190476190476
3 0.6021428571428571 0.3142857142857143 0.06 0.047619047619047616
3 0.48392857142857143 0.31476190476190474 0.056428571428571425 0.04666666666666667
3 0.49964285714285717 0.28476190476190477 0.052142857142857144 0.04
3 0.53 0.27380952380952384 0.05 0.04285714285714286
3 0.5946428571428571 0.2695238095238095 0.05785714285714286 0.04
3 0.4025 0.11666666666666667 0.045 0.02761904761904762
3 0.41464285714285715 0.09666666666666666 0.04928571428571429 0.025714285714285714
3 0.49464285714285716 0.08238095238095237 0.03785714285714286 0.025714285714285714
3 0.49 0.056666666666666664 0.03 0.023809523809523808
3 0.47964285714285715 0.047619047619047616 0.030714285714285715 0.02095238095238095
3 0.5125 0.037142857142857144 0.030714285714285715 0.02095238095238095
3 0.5575 0.034761904761904765 0.027857142857142858 0.02
3 0.2892857142857143 0.04238095238095238 0.04 0.025714285714285714
9 0.0225 0.12428571428571429 0.016428571428571428 0.035238095238095235
0 0.23714285714285716 0.04476190476190476 0.007142857142857143 0.015238095238095238
0 0.3196428571428571 0.04238095238095238 0.005 0.02
0 0.3264285714285714 0.04666666666666667 0.007142857142857143 0.013333333333333332
0 0.35214285714285715 0.07 0.01 0.023809523809523808
0 0.46964285714285714 0.15666666666666668 0.007857142857142858 0.025714285714285714
0 0.5092857142857142 0.17714285714285713 0.007142857142857143 0.017142857142857144
0 0.525 0.16523809523809524 0.008571428571428572 0.02761904761904762
0 0.49214285714285716 0.1519047619047619 0.01 0.021904761904761906
0 0.5046428571428572 0.15666666666666668 0.005 0.02
3 0.2575 0.009523809523809525 0.025 0.017142857142857144
3 0.28214285714285714 0.02238095238095238 0.017142857142857144 0.02
3 0.3075 0.016666666666666666 0.015 0.023809523809523808
3 0.3292857142857143 0.01380952380952381 0.022857142857142857 0.02
3 0.3517857142857143 0.011904761904761904 0.020714285714285713 0.021904761904761906
3 0.37 0.01 0.022857142857142857 0.02
3 0.4675 0.014761904761904763 0.025 0.02
4 0.0625 0.5719047619047619 0.10214285714285715 0.08285714285714285
4 0.6821428571428572 0.9371428571428572 0.14 0.12380952380952381
4 0.3825 0.9695238095238096 0.08071428571428571 0.05904761904761905
4 0.048928571428571425 0.42238095238095236 0.08357142857142857 0.06571428571428571
9 0.010357142857142856 0.4123809523809524 0.019285714285714285 0.022857142857142857
0 0.005 0.40714285714285714 0.008571428571428572 0.029523809523809525
5 0.28785714285714287 0.43952380952380954 0.08857142857142856 0.09047619047619047
5 0.19535714285714287 0.029523809523809525 0.04214285714285714 0.0380952380952381
0 0.14892857142857144 0.06190476190476191 0.0064285714285714285 0.022857142857142857
9 0.2425 0.07523809523809524 0.015 0.013333333333333332
9 0.2517857142857143 0.20238095238095238 0.03214285714285714 0.02
0 0.41 0.1319047619047619 0.005714285714285714 0.018095238095238095
0 0.5064285714285715 0.13666666666666666 0.005714285714285714 0.02
0 0.5103571428571428 0.13380952380952382 0.0064285714285714285 0.02
3 0.5725 0.04476190476190476 0.025 0.017142857142857144
3 0.5571428571428572 0.06476190476190476 0.022857142857142857 0.013333333333333332
4 0.6 0.18428571428571427 0.04857142857142857 0.04285714285714286
3 0.6789285714285714 0.22714285714285715 0.04642857142857143 0.029523809523809525
4 0.6621428571428571 0.3852380952380952 0.07714285714285714 0.06
0 0.025357142857142856 0.07523809523809524 0.009285714285714286 0.02857142857142857
1 0.2517857142857143 0.20238095238095238 0.012142857142857143 0.02
1 0.2764285714285714 0.22904761904761906 0.011428571428571429 0.025714285714285714
2 0.2767857142857143 0.2338095238095238 0.02214285714285714 0.02
1 0.02214285714285714 0.11904761904761904 0.01 0.024761904761904763
1 0.24214285714285713 0.0719047619047619 0.007142857142857143 0.018095238095238095
0 0.20892857142857144 0.4066666666666667 0.013571428571428571 0.03238095238095238
2 0.215 0.40714285714285714 0.017142857142857144 0.029523809523809525
