3 0.5214285714285715 0.79 0.08142857142857143 0.06761904761904762
3 0.3925 0.7895238095238095 0.05357142857142857 0.07238095238095238
3 0.42142857142857143 0.719047619047619 0.04285714285714286 0.06285714285714286
3 0.45 0.6323809523809524 0.027142857142857142 0.04380952380952381
3 0.46785714285714286 0.5647619047619048 0.02 0.02857142857142857
3 0.2 0.6676190476190477 0.04857142857142857 0.049523809523809526
3 0.056428571428571425 0.81 0.08857142857142856 0.09619047619047619
3 0.027142857142857142 0.6695238095238095 0.03571428571428571 0.047619047619047616
3 0.48964285714285716 0.5014285714285714 0.017857142857142856 0.01619047619047619
4 0.5239285714285714 0.74 0.06928571428571428 0.047619047619047616
3 0.5314285714285715 0.7071428571428572 0.06285714285714286 0.035238095238095235
3 0.5417857142857143 0.6652380952380952 0.07071428571428572 0.03333333333333333
3 0.56 0.6366666666666667 0.06 0.02761904761904762
3 0.56 0.6123809523809524 0.05714285714285714 0.026666666666666665
3 0.5621428571428572 0.599047619047619 0.04285714285714286 0.024761904761904763
3 0.5667857142857143 0.5847619047619048 0.045 0.030476190476190476
3 0.5464285714285714 0.5671428571428572 0.05 0.025714285714285714
4 0.5471428571428572 0.5471428571428572 0.04285714285714286 0.029523809523809525
3 0.43464285714285716 0.6776190476190476 0.03785714285714286 0.04476190476190476
3 0.1175 0.6014285714285714 0.045 0.035238095238095235
3 0.17214285714285715 0.5738095238095238 0.025714285714285714 0.040952380952380955
3 0.49214285714285716 0.4895238095238095 0.022857142857142857 0.015238095238095238
3 0.49464285714285716 0.48142857142857143 0.02214285714285714 0.014285714285714285
3 0.49785714285714283 0.4723809523809524 0.022857142857142857 0.015238095238095238
3 0.49785714285714283 0.46523809523809523 0.022857142857142857 0.014285714285714285
3 0.5 0.4595238095238095 0.022857142857142857 0.014285714285714285
3 0.5071428571428571 0.4552380952380952 0.017142857142857144 0.013333333333333332
3 0.5089285714285714 0.44952380952380955 0.017857142857142856 0.013333333333333332
3 0.5092857142857142 0.4438095238095238 0.017142857142857144 0.013333333333333332
3 0.46214285714285713 0.49476190476190474 0.017142857142857144 0.02
3 0.4714285714285714 0.4847619047619048 0.012857142857142857 0.015238095238095238
3 0.47714285714285715 0.4714285714285714 0.012857142857142857 0.015238095238095238
3 0.4764285714285714 0.5438095238095239 0.022857142857142857 0.030476190476190476
3 0.48428571428571426 0.5290476190476191 0.022857142857142857 0.023809523809523808
3 0.5567857142857143 0.539047619047619 0.03785714285714286 0.01904761904761905
3 0.5625 0.5295238095238095 0.03785714285714286 0.01904761904761905
3 0.5496428571428571 0.5219047619047619 0.03785714285714286 0.01904761904761905
3 0.5496428571428571 0.5123809523809524 0.03785714285714286 0.01904761904761905
3 0.43214285714285716 0.5619047619047619 0.022857142857142857 0.024761904761904763
3 0.4025 0.5819047619047619 0.02642857142857143 0.030476190476190476
3 0.37 0.6147619047619047 0.027142857142857142 0.037142857142857144
3 0.4 0.6195238095238095 0.03 0.037142857142857144
3 0.4446428571428571 0.5419047619047619 0.019285714285714285 0.022857142857142857
3 0.4525 0.5271428571428571 0.017857142857142856 0.02
3 0.4 0.4542857142857143 0.017142857142857144 0.01904761904761905
3 0.4717857142857143 0.42 0.010714285714285714 0.009523809523809525
3 0.4642857142857143 0.4076190476190476 0.01 0.009523809523809525
3 0.4521428571428571 0.40523809523809523 0.01 0.010476190476190476
3 0.4325 0.40476190476190477 0.010714285714285714 0.009523809523809525
3 0.40285714285714286 0.42952380952380953 0.012857142857142857 0.013333333333333332
3 0.3896428571428571 0.4423809523809524 0.012142857142857143 0.012380952380952381
3 0.33464285714285713 0.48238095238095235 0.017857142857142856 0.021904761904761906
3 0.30214285714285716 0.5095238095238095 0.022857142857142857 0.026666666666666665
3 0.18642857142857142 0.5519047619047619 0.03857142857142857 0.035238095238095235
3 0.21285714285714286 0.5319047619047619 0.03857142857142857 0.035238095238095235
3 0.24214285714285713 0.5190476190476191 0.03 0.02857142857142857
3 0.2814285714285714 0.4942857142857143 0.02 0.024761904761904763
3 0.3 0.4866666666666667 0.02 0.024761904761904763
3 0.34035714285714286 0.4595238095238095 0.023571428571428573 0.014285714285714285
3 0.3467857142857143 0.4523809523809524 0.023571428571428573 0.015238095238095238
3 0.35678571428571426 0.44666666666666666 0.023571428571428573 0.015238095238095238
4 0.4025 0.4166666666666667 0.019285714285714285 0.014285714285714285
0 0.017142857142857144 0.6447619047619048 0.012857142857142857 0.030476190476190476
3 0.14214285714285715 0.6747619047619048 0.05714285714285714 0.05619047619047619
3 0.14285714285714285 0.719047619047619 0.06285714285714286 0.06666666666666667
3 0.03678571428571428 0.7666666666666667 0.07357142857142857 0.0838095238095238
1 0.3246428571428571 0.5090476190476191 0.005 0.010476190476190476
3 0.465 0.39 0.005714285714285714 0.008571428571428572
3 0.4725 0.38666666666666666 0.0064285714285714285 0.007619047619047619
3 0.46964285714285714 0.36952380952380953 0.005 0.005714285714285714
3 0.4742857142857143 0.379047619047619 0.004285714285714286 0.005714285714285714
3 0.465 0.379047619047619 0.002857142857142857 0.005714285714285714
3 0.4675 0.3823809523809524 0.005 0.004761904761904762
0 0.5864285714285714 0.49714285714285716 0.005714285714285714 0.017142857142857144
0 0.6014285714285714 0.5019047619047619 0.005714285714285714 0.017142857142857144
0 0.5871428571428572 0.5538095238095239 0.005714285714285714 0.02
0 0.5978571428571429 0.5495238095238095 0.007142857142857143 0.022857142857142857
2 0.595 0.5547619047619048 0.007142857142857143 0.02
0 0.5896428571428571 0.46476190476190476 0.005 0.015238095238095238
0 0.5792857142857143 0.4319047619047619 0.002857142857142857 0.010476190476190476
9 0.5853571428571429 0.45666666666666667 0.005 0.010476190476190476
0 0.5696428571428571 0.42714285714285716 0.002142857142857143 0.010476190476190476
0 0.5817857142857142 0.7919047619047619 0.012142857142857143 0.04476190476190476
2 0.6267857142857143 0.7052380952380952 0.027857142857142858 0.023809523809523808
2 0.6171428571428571 0.7423809523809524 0.02 0.03142857142857143
0 0.505 0.9138095238095238 0.017142857142857144 0.054285714285714284
0 0.36714285714285716 0.8766666666666667 0.015714285714285715 0.05238095238095238
1 0.3692857142857143 0.8671428571428571 0.01 0.021904761904761906
0 0.6621428571428571 0.9452380952380952 0.02 0.05047619047619047
0 0.6896428571428571 0.9042857142857142 0.017857142857142856 0.05238095238095238
0 0.7125 0.8671428571428571 0.016428571428571428 0.054285714285714284
0 0.7046428571428571 0.9723809523809523 0.015 0.05333333333333333
0 0.74 0.9547619047619048 0.017142857142857144 0.054285714285714284
0 0.625 0.9838095238095238 0.014285714285714285 0.030476190476190476
0 0.7353571428571428 0.979047619047619 0.016428571428571428 0.04
2 0.33714285714285713 0.95 0.03428571428571429 0.03142857142857143
0 0.44642857142857145 0.9885714285714285 0.018571428571428572 0.02095238095238095
9 0.5114285714285715 0.9314285714285714 0.04857142857142857 0.045714285714285714
