3 0.48178571428571426 0.9295685279187816 0.02214285714285714 0.06472081218274112
3 0.535 0.7151015228426395 0.018571428571428572 0.04695431472081218
3 0.5642857142857143 0.631979695431472 0.017142857142857144 0.04314720812182741
3 0.5214285714285715 0.5507614213197969 0.012857142857142857 0.027918781725888322
3 0.3475 0.45875634517766495 0.025 0.021573604060913704
3 0.5396428571428571 0.4689086294416243 0.012142857142857143 0.029187817258883246
3 0.5196428571428572 0.47144670050761417 0.010714285714285714 0.031725888324873094
3 0.515 0.4175126903553299 0.01 0.02030456852791878
3 0.5271428571428571 0.3902284263959391 0.01 0.021573604060913704
3 0.5114285714285715 0.3781725888324873 0.008571428571428572 0.02030456852791878
3 0.49964285714285717 0.4175126903553299 0.010714285714285714 0.02030456852791878
3 0.5046428571428572 0.32550761421319796 0.007857142857142858 0.016497461928934008
3 0.47285714285714286 0.3439086294416243 0.008571428571428572 0.017766497461928932
3 0.5025 0.29251269035532995 0.0064285714285714285 0.016497461928934008
3 0.5014285714285714 0.27411167512690354 0.007142857142857143 0.015228426395939085
3 0.47214285714285714 0.2798223350253807 0.007142857142857143 0.011421319796954314
3 0.49535714285714283 0.3965736040609137 0.007857142857142858 0.016497461928934008
3 0.49464285714285716 0.4428934010152284 0.015 0.027918781725888322
8 0.4967857142857143 0.3699238578680203 0.010714285714285714 0.03680203045685279
4 0.49 0.2798223350253807 0.007142857142857143 0.021573604060913704
4 0.47 0.23223350253807104 0.005714285714285714 0.015228426395939085
4 0.5496428571428571 0.5279187817258882 0.012142857142857143 0.03807106598984771
4 0.5871428571428572 0.8007614213197969 0.022857142857142857 0.06091370558375634
4 0.5264285714285715 0.8585025380710659 0.02142857142857143 0.06725888324873096
4 0.44642857142857145 0.8889593908629441 0.02 0.06725888324873096
4 0.6171428571428571 0.9790609137055837 0.027142857142857142 0.03934010152284264
4 0.9767857142857143 0.631979695431472 0.045 0.03807106598984771
