3 0.7794885177453026 0.775974025974026 0.04018789144050104 0.08812615955473098
4 0.8068893528183715 0.87569573283859 0.038622129436325675 0.0816326530612245
3 0.7246868475991649 0.5658627087198516 0.025574112734864297 0.0463821892393321
3 0.7134655532359081 0.5162337662337663 0.03653444676409186 0.049165120593692026
4 0.7025052192066805 0.47170686456400746 0.022964509394572022 0.041743970315398886
9 0.8295929018789143 0.7949907235621522 0.020354906054279746 0.025974025974025976
9 0.8656054279749478 0.9355287569573284 0.03079331941544885 0.0287569573283859
2 0.8413361169102296 0.7277365491651206 0.016701461377870562 0.015769944341372914
0 0.7651356993736951 0.5273654916512059 0.005219206680584551 0.030612244897959183
1 0.36090814196242166 0.602504638218924 0.004697286012526096 0.02319109461966605
9 0.35882045929018785 0.6117810760667903 0.0057411273486430055 0.021335807050092765
9 0.39274530271398744 0.4777365491651206 0.006784968684759916 0.014842300556586271
9 0.40892484342379953 0.4935064935064935 0.0057411273486430055 0.020408163265306124
9 0.40240083507306884 0.4230055658627087 0.0031315240083507304 0.014842300556586271
9 0.41179540709812107 0.42393320964749537 0.0041753653444676405 0.016697588126159554
9 0.41362212943632565 0.3812615955473098 0.0036534446764091852 0.016697588126159554
9 0.4342379958246346 0.36038961038961037 0.0031315240083507304 0.013914656771799629
9 0.4598121085594989 0.25185528756957326 0.0041753653444676405 0.008348794063079777
9 0.5054801670146137 0.25834879406307976 0.0036534446764091852 0.012059369202226345
9 0.5553235908141961 0.29545454545454547 0.009394572025052192 0.012059369202226345
9 0.5683716075156575 0.29267161410018555 0.005219206680584551 0.006493506493506494
9 0.447286012526096 0.2588126159554731 0.0041753653444676405 0.00927643784786642
9 0.4391962421711899 0.300556586270872 0.004697286012526096 0.011131725417439703
3 0.6779749478079331 0.4953617810760668 0.021920668058455113 0.04267161410018553
9 0.5929018789144049 0.2012987012987013 0.0031315240083507304 0.011131725417439703
9 0.6283924843423799 0.2792207792207792 0.0041753653444676405 0.011131725417439703
9 0.6171711899791231 0.25 0.0036534446764091852 0.008348794063079777
9 0.6127348643006263 0.20500927643784786 0.0031315240083507304 0.00927643784786642
9 0.4556367432150313 0.2142857142857143 0.0031315240083507304 0.0074211502782931356
9 0.5944676409185803 0.1280148423005566 0.0031315240083507304 0.0055658627087198514
9 0.5858559498956158 0.1062152133580705 0.0036534446764091852 0.006493506493506494
3 0.5589770354906054 0.08116883116883117 0.008350730688935281 0.010204081632653062
3 0.5519311064718162 0.11781076066790352 0.008872651356993735 0.014842300556586271
3 0.5521920668058454 0.14703153988868276 0.008350730688935281 0.015769944341372914
3 0.5649791231732776 0.17207792207792208 0.009916492693110646 0.015769944341372914
1 0.4558977035490605 0.20593692022263452 0.0026096033402922755 0.0074211502782931356
1 0.44754697286012524 0.25185528756957326 0.0036534446764091852 0.012059369202226345
1 0.4600730688935281 0.24582560296846012 0.0036534446764091852 0.00927643784786642
1 0.5044363256784968 0.2504638218923933 0.0026096033402922755 0.011131725417439703
1 0.5548016701461377 0.287569573283859 0.0031315240083507304 0.011131725417439703
1 0.5670668058455114 0.28664192949907236 0.0036534446764091852 0.012987012987012988
1 0.5929018789144049 0.19434137291280149 0.0031315240083507304 0.008348794063079777
1 0.5868997912317327 0.10204081632653061 0.0026096033402922755 0.0074211502782931356
1 0.5939457202505218 0.1215213358070501 0.0020876826722338203 0.0074211502782931356
1 0.6129958246346555 0.19851576994434136 0.0036534446764091852 0.0074211502782931356
1 0.6169102296450939 0.24257884972170687 0.0031315240083507304 0.010204081632653062
1 0.6289144050104384 0.2690166975881262 0.0031315240083507304 0.00927643784786642
1 0.4378914405010438 0.29267161410018555 0.0041753653444676405 0.008348794063079777
1 0.43449895615866385 0.3525046382189239 0.0036534446764091852 0.011131725417439703
1 0.4144050104384133 0.37291280148423006 0.0031315240083507304 0.012987012987012988
1 0.4240605427974947 0.4049165120593692 0.004697286012526096 0.010204081632653062
1 0.4120563674321503 0.413265306122449 0.0036534446764091852 0.008348794063079777
1 0.40344467640918574 0.41233766233766234 0.0041753653444676405 0.010204081632653062
9 0.4237995824634655 0.41512059369202226 0.005219206680584551 0.008348794063079777
1 0.3924843423799582 0.46382189239332094 0.0041753653444676405 0.012987012987012988
1 0.40918580375782876 0.48144712430426717 0.005219206680584551 0.014842300556586271
2 0.8483820459290187 0.8849721706864564 0.023486430062630476 0.022263450834879406
9 0.9157098121085594 0.9656771799628943 0.02453027139874739 0.02411873840445269
9 0.9013569937369519 0.9443413729128015 0.022964509394572022 0.020408163265306124
1 0.9039665970772441 0.9332096474953618 0.008350730688935281 0.02411873840445269
1 0.9157098121085594 0.9564007421150278 0.008872651356993735 0.025974025974025976
0 0.9172755741127347 0.9253246753246753 0.008872651356993735 0.02504638218923933
