3 0.38642857142857145 0.08756345177664974 0.011428571428571429 0.03807106598984771
3 0.4164285714285714 0.3648477157360406 0.02 0.05456852791878172
3 0.5153571428571428 0.35342639593908626 0.016428571428571428 0.05710659898477157
3 0.48714285714285716 0.2614213197969543 0.012857142857142857 0.050761421319796954
3 0.48642857142857143 0.048223350253807105 0.014285714285714285 0.03807106598984771
3 0.5017857142857143 0.19035532994923857 0.015 0.04568527918781726
4 0.5321428571428571 0.08756345177664974 0.014285714285714285 0.05837563451776649
4 0.5689285714285715 0.09581218274111675 0.015 0.04695431472081218
4 0.5989285714285715 0.4029187817258883 0.020714285714285713 0.07994923857868019
3 0.5721428571428572 0.43972081218274106 0.014285714285714285 0.06725888324873096
8 0.5642857142857143 0.6148477157360406 0.08857142857142856 0.15862944162436546
8 0.4975 0.5945431472081217 0.017857142857142856 0.05964467005076142
3 0.4592857142857143 0.7576142131979695 0.015714285714285715 0.07360406091370558
3 0.515 0.8851522842639593 0.015714285714285715 0.07994923857868019
3 0.7167857142857142 0.765228426395939 0.05071428571428571 0.05837563451776649
4 0.6925 0.07614213197969542 0.017857142857142856 0.04060913705583756
4 0.7071428571428572 0.08629441624365482 0.022857142857142857 0.04060913705583756
4 0.72 0.09898477157360405 0.02 0.03807106598984771
4 0.7314285714285714 0.11104060913705582 0.02142857142857143 0.03680203045685279
