7 0.43214285714285716 0.819047619047619 0.03 0.07809523809523809
2 0.49 0.6323809523809524 0.011428571428571429 0.0380952380952381
1 0.49 0.6319047619047619 0.01 0.018095238095238095
9 0.5153571428571428 0.6566666666666666 0.02642857142857143 0.021904761904761906
3 0.5192857142857142 0.5795238095238096 0.032857142857142856 0.1
0 0.4542857142857143 0.6171428571428571 0.01 0.022857142857142857
3 0.43535714285714283 0.5071428571428571 0.04071428571428572 0.1019047619047619
9 0.5221428571428571 0.49714285714285716 0.024285714285714285 0.017142857142857144
3 0.5267857142857143 0.43666666666666665 0.03214285714285714 0.09238095238095238
6 0.5292857142857142 0.37666666666666665 0.032857142857142856 0.025714285714285714
2 0.45285714285714285 0.31476190476190474 0.024285714285714285 0.02
0 0.5196428571428572 0.29904761904761906 0.015 0.024761904761904763
9 0.5342857142857143 0.3438095238095238 0.02 0.01904761904761905
2 0.46964285714285714 0.17 0.025 0.012380952380952381
9 0.5203571428571429 0.0919047619047619 0.012142857142857143 0.037142857142857144
