3 0.2889285714285714 0.09428571428571429 0.056428571428571425 0.06285714285714286
0 0.3271428571428571 0.11238095238095239 0.01 0.017142857142857144
0 0.3325 0.11476190476190476 0.010714285714285714 0.02
0 0.315 0.3838095238095238 0.01 0.015238095238095238
0 0.3314285714285714 0.3742857142857143 0.014285714285714285 0.017142857142857144
0 0.3325 0.3519047619047619 0.010714285714285714 0.012380952380952381
4 0.26785714285714285 0.5147619047619048 0.054285714285714284 0.07333333333333333
6 0.3028571428571429 0.7866666666666666 0.03857142857142857 0.06285714285714286
1 0.31642857142857145 0.7966666666666666 0.007142857142857143 0.012380952380952381
0 0.35285714285714287 0.86 0.008571428571428572 0.01904761904761905
0 0.23464285714285715 0.8547619047619047 0.015 0.014285714285714285
3 0.2592857142857143 0.9023809523809524 0.07428571428571429 0.06761904761904762
0 0.09464285714285714 0.8442857142857143 0.015 0.02
9 0.18892857142857142 0.6747619047619048 0.015 0.02761904761904762
3 0.5839285714285715 0.9695238095238096 0.07642857142857143 0.05904761904761905
3 0.7014285714285714 0.979047619047619 0.07428571428571429 0.04
4 0.8525 0.8990476190476191 0.075 0.047619047619047616
4 0.9675 0.9123809523809524 0.06357142857142857 0.047619047619047616
7 0.56 0.8219047619047619 0.03 0.08190476190476191
1 0.5625 0.8071428571428572 0.010714285714285714 0.021904761904761906
0 0.6146428571428572 0.849047619047619 0.015 0.01619047619047619
0 0.6046428571428571 0.6871428571428572 0.007857142857142858 0.018095238095238095
0 0.6117857142857143 0.5019047619047619 0.007857142857142858 0.017142857142857144
3 0.5325 0.43952380952380954 0.03214285714285714 0.1019047619047619
3 0.5389285714285714 0.3019047619047619 0.02642857142857143 0.08190476190476191
4 0.5292857142857142 0.024761904761904763 0.022857142857142857 0.049523809523809526
0 0.10428571428571429 0.8890476190476191 0.011428571428571429 0.010476190476190476
