3 0.36464285714285716 0.940989847715736 0.035 0.11294416243654821
4 0.33714285714285713 0.7772842639593908 0.03428571428571429 0.10025380710659898
1 0.39535714285714285 0.5545685279187816 0.007857142857142858 0.017766497461928932
9 0.395 0.5609137055837563 0.01 0.035532994923857864
3 0.42178571428571426 0.3477157360406091 0.015 0.048223350253807105
1 0.39464285714285713 0.26015228426395937 0.005 0.012690355329949238
9 0.39464285714285713 0.2639593908629441 0.007857142857142858 0.027918781725888322
3 0.46714285714285714 0.1846446700507614 0.012857142857142857 0.03680203045685279
3 0.4253571428571429 0.16941624365482233 0.012142857142857143 0.031725888324873094
5 0.40714285714285714 0.06281725888324872 0.015714285714285715 0.04187817258883248
3 0.42964285714285716 0.046319796954314714 0.009285714285714286 0.021573604060913704
3 0.3675 0.07170050761421319 0.012142857142857143 0.013959390862944161
3 0.3392857142857143 0.024746192893401013 0.007142857142857143 0.021573604060913704
3 0.6489285714285714 0.5361675126903553 0.017857142857142856 0.05710659898477157
3 0.7167857142857142 0.43401015228426393 0.03214285714285714 0.04060913705583756
3 0.6678571428571428 0.3889593908629441 0.02 0.04187817258883248
4 0.7092857142857143 0.348984771573604 0.022857142857142857 0.04314720812182741
3 0.7117857142857142 0.28743654822335024 0.025 0.03934010152284264
