3 0.24285714285714285 0.8347619047619048 0.07857142857142857 0.07333333333333333
3 0.5871428571428572 0.8947619047619048 0.054285714285714284 0.1457142857142857
3 0.4942857142857143 0.5638095238095238 0.037142857142857144 0.09333333333333334
9 0.5064285714285715 0.6938095238095238 0.018571428571428572 0.06
1 0.5053571428571428 0.6752380952380952 0.012142857142857143 0.02095238095238095
3 0.5971428571428572 0.4114285714285714 0.032857142857142856 0.09142857142857143
3 0.5164285714285715 0.48 0.04285714285714286 0.07047619047619047
3 0.5321428571428571 0.38476190476190475 0.04 0.07238095238095238
3 0.5503571428571429 0.32 0.04214285714285714 0.07238095238095238
3 0.5728571428571428 0.2542857142857143 0.03142857142857143 0.05714285714285714
3 0.6246428571428572 0.06190476190476191 0.02214285714285714 0.0419047619047619
3 0.6153571428571428 0.09714285714285714 0.02214285714285714 0.047619047619047616
3 0.5853571428571429 0.19380952380952382 0.03357142857142857 0.05047619047619047
3 0.6003571428571428 0.1442857142857143 0.029285714285714286 0.04666666666666667
3 0.6939285714285715 0.5666666666666667 0.04214285714285714 0.09523809523809523
3 0.6946428571428571 0.68 0.052142857142857144 0.10095238095238095
3 0.7121428571428572 0.38952380952380955 0.037142857142857144 0.07047619047619047
3 0.6314285714285715 0.22238095238095237 0.04285714285714286 0.04476190476190476
3 0.7239285714285715 0.18428571428571427 0.020714285714285713 0.04476190476190476
3 0.6367857142857143 0.012380952380952381 0.016428571428571428 0.024761904761904763
0 0.7446428571428572 0.07142857142857142 0.005 0.022857142857142857
9 0.7292857142857143 0.1295238095238095 0.024285714285714285 0.024761904761904763
9 0.7289285714285715 0.06190476190476191 0.019285714285714285 0.024761904761904763
8 0.44142857142857145 0.6023809523809524 0.08 0.20476190476190476
3 0.6725 0.9219047619047619 0.062142857142857146 0.14095238095238094
0 0.8246428571428571 0.8747619047619047 0.015 0.04285714285714286
