0 0.535 0.05964467005076142 0.002857142857142857 0.012690355329949238
3 0.41678571428571426 0.3362944162436548 0.013571428571428571 0.055837563451776644
3 0.08 0.38515228426395937 0.037142857142857144 0.03680203045685279
0 0.4625 0.3635786802030457 0.005 0.016497461928934008
0 0.865 0.3692893401015228 0.005714285714285714 0.017766497461928932
0 0.8478571428571429 0.46383248730964466 0.007142857142857143 0.011421319796954314
0 0.5739285714285715 0.5323604060913705 0.0064285714285714285 0.013959390862944161
0 0.5046428571428572 0.5031725888324873 0.005 0.008883248730964466
3 0.465 0.5361675126903553 0.03142857142857143 0.049492385786802026
0 0.38785714285714284 0.4308375634517766 0.002857142857142857 0.013959390862944161
0 0.38142857142857145 0.4359137055837563 0.005714285714285714 0.011421319796954314
0 0.35678571428571426 0.4543147208121827 0.0035714285714285713 0.015228426395939085
0 0.35428571428571426 0.49302030456852786 0.004285714285714286 0.013959390862944161
0 0.36 0.5031725888324873 0.002857142857142857 0.013959390862944161
0 0.36964285714285716 0.5114213197969543 0.005 0.012690355329949238
0 0.3628571428571429 0.47208121827411165 0.004285714285714286 0.015228426395939085
0 0.37035714285714283 0.5361675126903553 0.0035714285714285713 0.008883248730964466
0 0.365 0.5361675126903553 0.004285714285714286 0.013959390862944161
4 0.2625 0.46510152284263956 0.03214285714285714 0.06218274111675126
3 0.16714285714285715 0.6097715736040609 0.032857142857142856 0.03426395939086294
3 0.40714285714285714 0.6269035532994923 0.037142857142857144 0.032994923857868015
3 0.3875 0.6618020304568527 0.03642857142857143 0.03426395939086294
0 0.8571428571428571 0.6256345177664974 0.01 0.012690355329949238
0 0.8596428571428572 0.6345177664974618 0.007857142857142858 0.012690355329949238
0 0.9367857142857143 0.6440355329949238 0.009285714285714286 0.008883248730964466
0 0.845 0.7100253807106598 0.007142857142857143 0.011421319796954314
3 0.4014285714285714 0.7093908629441624 0.03142857142857143 0.032994923857868015
0 0.12142857142857143 0.774746192893401 0.007142857142857143 0.013959390862944161
0 0.12928571428571428 0.7848984771573604 0.007142857142857143 0.008883248730964466
0 0.12 0.8007614213197969 0.007142857142857143 0.0076142131979695426
0 0.11928571428571429 0.7906091370558375 0.007142857142857143 0.0076142131979695426
0 0.12428571428571429 0.815989847715736 0.007142857142857143 0.01015228426395939
0 0.1975 0.7785532994923857 0.012142857142857143 0.008883248730964466
3 0.49535714285714283 0.7417512690355329 0.03785714285714286 0.03934010152284264
0 0.6014285714285714 0.8610406091370558 0.004285714285714286 0.011421319796954314
0 0.024642857142857143 0.8730964467005076 0.007857142857142858 0.01015228426395939
