0 0.29964285714285716 0.9419047619047619 0.017857142857142856 0.05523809523809524
0 0.3167857142857143 0.9366666666666666 0.016428571428571428 0.06
0 0.3314285714285714 0.9442857142857143 0.015714285714285715 0.06
0 0.35035714285714287 0.9595238095238096 0.017857142857142856 0.058095238095238096
0 0.35535714285714287 0.89 0.016428571428571428 0.06
0 0.3339285714285714 0.8847619047619047 0.016428571428571428 0.05523809523809524
0 0.31892857142857145 0.8842857142857142 0.017857142857142856 0.05238095238095238
0 0.36642857142857144 0.7471428571428571 0.011428571428571429 0.04285714285714286
0 0.35678571428571426 0.7476190476190476 0.013571428571428571 0.0380952380952381
0 0.4075 0.6619047619047619 0.010714285714285714 0.04
0 0.4039285714285714 0.6 0.007857142857142858 0.030476190476190476
0 0.4125 0.5971428571428572 0.007857142857142858 0.030476190476190476
0 0.41964285714285715 0.6019047619047619 0.007857142857142858 0.03238095238095238
0 0.3821428571428571 0.5871428571428572 0.007142857142857143 0.029523809523809525
0 0.3871428571428571 0.5847619047619048 0.007142857142857143 0.02857142857142857
0 0.41464285714285715 0.5495238095238095 0.007857142857142858 0.026666666666666665
0 0.415 0.5247619047619048 0.008571428571428572 0.024761904761904763
0 0.44 0.5238095238095238 0.007142857142857143 0.026666666666666665
0 0.4878571428571429 0.4847619047619048 0.005714285714285714 0.02095238095238095
0 0.4228571428571429 0.47714285714285715 0.005714285714285714 0.022857142857142857
0 0.4278571428571429 0.4723809523809524 0.005714285714285714 0.02095238095238095
0 0.4175 0.46904761904761905 0.0035714285714285713 0.018095238095238095
0 0.41464285714285715 0.46 0.005 0.015238095238095238
0 0.4203571428571429 0.44666666666666666 0.0035714285714285713 0.015238095238095238
0 0.42142857142857143 0.45904761904761904 0.005714285714285714 0.017142857142857144
0 0.425 0.44904761904761903 0.004285714285714286 0.018095238095238095
0 0.42928571428571427 0.44952380952380955 0.005714285714285714 0.017142857142857144
0 0.4925 0.41904761904761906 0.005 0.013333333333333332
0 0.4967857142857143 0.40904761904761905 0.005 0.014285714285714285
0 0.41964285714285715 0.40714285714285714 0.005 0.014285714285714285
3 0.465 0.3923809523809524 0.022857142857142857 0.015238095238095238
0 0.5125 0.39380952380952383 0.0035714285714285713 0.012380952380952381
9 0.5125 0.39476190476190476 0.010714285714285714 0.006666666666666666
0 0.5167857142857143 0.38952380952380955 0.0035714285714285713 0.013333333333333332
0 0.29964285714285716 0.39904761904761904 0.005 0.013333333333333332
0 0.31035714285714283 0.39904761904761904 0.005 0.013333333333333332
0 0.335 0.39714285714285713 0.005714285714285714 0.015238095238095238
0 0.34285714285714286 0.39 0.004285714285714286 0.014285714285714285
0 0.3392857142857143 0.38904761904761903 0.004285714285714286 0.014285714285714285
0 0.37285714285714283 0.3838095238095238 0.004285714285714286 0.013333333333333332
9 0.5278571428571428 0.39 0.01 0.012380952380952381
0 0.9867857142857143 0.4442857142857143 0.007857142857142858 0.01619047619047619
0 0.9667857142857142 0.43 0.007857142857142858 0.01619047619047619
0 0.9146428571428571 0.4166666666666667 0.005 0.02
0 0.7325 0.37238095238095237 0.005 0.015238095238095238
4 0.6475 0.29428571428571426 0.007857142857142858 0.011428571428571429
