0 0.25142857142857145 0.9029187817258882 0.005714285714285714 0.011421319796954314
9 0.2517857142857143 0.9086294416243654 0.007857142857142858 0.032994923857868015
4 0.014285714285714285 0.45685279187817257 0.022857142857142857 0.02284263959390863
4 0.0475 0.4428934010152284 0.02642857142857143 0.027918781725888322
8 0.08714285714285715 0.39847715736040606 0.03571428571428571 0.025380710659898477
4 0.10642857142857143 0.42068527918781723 0.027142857142857142 0.019035532994923856
3 0.13714285714285715 0.4111675126903553 0.02 0.015228426395939085
3 0.2739285714285714 0.3546954314720812 0.017857142857142856 0.013959390862944161
0 0.3514285714285714 0.4346446700507614 0.004285714285714286 0.016497461928934008
3 0.4517857142857143 0.46510152284263956 0.012142857142857143 0.021573604060913704
3 0.5064285714285715 0.25888324873096447 0.01 0.012690355329949238
3 0.4139285714285714 0.22208121827411165 0.009285714285714286 0.01015228426395939
3 0.4367857142857143 0.2081218274111675 0.0064285714285714285 0.0076142131979695426
3 0.4442857142857143 0.20621827411167512 0.007142857142857143 0.008883248730964466
4 0.4592857142857143 0.20241116751269034 0.008571428571428572 0.011421319796954314
3 0.39964285714285713 0.14720812182741116 0.007857142857142858 0.005076142131979695
3 0.3942857142857143 0.1548223350253807 0.007142857142857143 0.005076142131979695
3 0.3964285714285714 0.149746192893401 0.008571428571428572 0.0076142131979695426
3 0.5139285714285714 0.08375634517766496 0.007857142857142858 0.0076142131979695426
3 0.5296428571428572 0.21002538071065988 0.007857142857142858 0.011421319796954314
3 0.5621428571428572 0.22208121827411165 0.005714285714285714 0.012690355329949238
3 0.5771428571428572 0.12944162436548223 0.007142857142857143 0.01015228426395939
4 0.48178571428571426 0.15545685279187815 0.009285714285714286 0.008883248730964466
4 0.47214285714285714 0.14720812182741116 0.01 0.01015228426395939
4 0.4717857142857143 0.15736040609137056 0.007857142857142858 0.0076142131979695426
3 0.48464285714285715 0.149746192893401 0.007857142857142858 0.0076142131979695426
3 0.48642857142857143 0.14720812182741116 0.008571428571428572 0.005076142131979695
8 0.6792857142857143 0.025380710659898477 0.017142857142857144 0.01015228426395939
8 0.6642857142857143 0.024746192893401013 0.014285714285714285 0.008883248730964466
3 0.6939285714285715 0.041243654822335024 0.0035714285714285713 0.006345177664974619
3 0.5696428571428571 0.041243654822335024 0.005 0.0038071065989847713
3 0.5867857142857142 0.04568527918781726 0.005 0.005076142131979695
3 0.5975 0.046319796954314714 0.005 0.0038071065989847713
3 0.5992857142857143 0.05012690355329949 0.007142857142857143 0.0038071065989847713
3 0.6071428571428571 0.049492385786802026 0.007142857142857143 0.005076142131979695
3 0.6221428571428571 0.052030456852791875 0.007142857142857143 0.005076142131979695
3 0.645 0.06218274111675126 0.005714285714285714 0.005076142131979695
3 0.6546428571428572 0.06535532994923858 0.007857142857142858 0.006345177664974619
3 0.6678571428571428 0.07423857868020305 0.005714285714285714 0.006345177664974619
3 0.6596428571428572 0.09327411167512689 0.005 0.006345177664974619
3 0.6125 0.13071065989847716 0.007857142857142858 0.0076142131979695426
3 0.6325 0.11230964467005075 0.0064285714285714285 0.006345177664974619
3 0.6492857142857142 0.12182741116751268 0.005714285714285714 0.0076142131979695426
3 0.6603571428571429 0.11738578680203045 0.005 0.006345177664974619
3 0.6721428571428572 0.12563451776649745 0.007142857142857143 0.01015228426395939
3 0.6814285714285714 0.13769035532994922 0.007142857142857143 0.011421319796954314
3 0.6689285714285714 0.141497461928934 0.005 0.006345177664974619
3 0.6675 0.15609137055837563 0.005 0.0076142131979695426
4 0.6542857142857142 0.19416243654822332 0.007142857142857143 0.017766497461928932
3 0.5578571428571428 0.3426395939086294 0.014285714285714285 0.02030456852791878
3 0.6239285714285714 0.3756345177664974 0.013571428571428571 0.027918781725888322
0 0.5625 0.3769035532994924 0.005 0.0076142131979695426
9 0.5621428571428572 0.3794416243654822 0.007142857142857143 0.017766497461928932
