3 0.4875 0.599047619047619 0.045 0.05714285714285714
3 0.43464285714285716 0.4195238095238095 0.027857142857142858 0.021904761904761906
3 0.28714285714285714 0.3742857142857143 0.02 0.03238095238095238
3 0.3271428571428571 0.3519047619047619 0.017142857142857144 0.018095238095238095
3 0.275 0.3223809523809524 0.017142857142857144 0.02
3 0.25035714285714283 0.2919047619047619 0.012142857142857143 0.012380952380952381
3 0.2125 0.2042857142857143 0.007857142857142858 0.012380952380952381
3 0.2042857142857143 0.19714285714285715 0.008571428571428572 0.009523809523809525
3 0.25392857142857145 0.32666666666666666 0.017857142857142856 0.022857142857142857
3 0.10392857142857143 0.45714285714285713 0.05357142857142857 0.04380952380952381
