4 0.6078571428571429 0.7785532994923857 0.06571428571428571 0.052030456852791875
3 0.5875 0.7347715736040609 0.056428571428571425 0.04568527918781726
3 0.6878571428571428 0.49682741116751267 0.03571428571428571 0.04695431472081218
3 0.6903571428571429 0.30076142131979694 0.017857142857142856 0.05837563451776649
3 0.6492857142857142 0.29378172588832485 0.018571428571428572 0.04695431472081218
0 0.6671428571428571 0.27347715736040606 0.007142857142857143 0.029187817258883246
0 0.6714285714285714 0.27411167512690354 0.004285714285714286 0.02030456852791878
3 0.6242857142857143 0.350253807106599 0.018571428571428572 0.06091370558375634
3 0.6017857142857143 0.35215736040609136 0.019285714285714285 0.052030456852791875
4 0.5796428571428571 0.3508883248730964 0.017857142857142856 0.05710659898477157
3 0.5571428571428572 0.3508883248730964 0.02 0.05710659898477157
8 0.5346428571428572 0.357233502538071 0.020714285714285713 0.0748730964467005
0 0.47714285714285715 0.7861675126903552 0.01 0.03426395939086294
0 0.46035714285714285 0.756979695431472 0.007857142857142858 0.031725888324873094
4 0.4025 0.5704314720812182 0.035 0.0748730964467005
3 0.3767857142857143 0.5158629441624365 0.03785714285714286 0.06979695431472081
3 0.4375 0.4993654822335025 0.035 0.06218274111675126
4 0.405 0.4282994923857868 0.032857142857142856 0.06725888324873096
4 0.4496428571428571 0.43274111675126903 0.03785714285714286 0.07868020304568528
3 0.44642857142857145 0.36548223350253806 0.047142857142857146 0.035532994923857864
4 0.4417857142857143 0.31345177664974616 0.045 0.04568527918781726
3 0.385 0.3096446700507614 0.02857142857142857 0.03807106598984771
3 0.30714285714285716 0.36548223350253806 0.032857142857142856 0.053299492385786795
3 0.3375 0.31408629441624364 0.03642857142857143 0.04695431472081218
4 0.3053571428571429 0.28743654822335024 0.03642857142857143 0.06218274111675126
3 0.31214285714285717 0.22715736040609136 0.04285714285714286 0.048223350253807105
4 0.305 0.2112944162436548 0.04 0.052030456852791875
3 0.29928571428571427 0.19416243654822332 0.04285714285714286 0.04060913705583756
4 0.2592857142857143 0.19035532994923857 0.027142857142857142 0.055837563451776644
3 0.2417857142857143 0.1979695431472081 0.023571428571428573 0.04314720812182741
5 0.21964285714285714 0.18908629441624364 0.039285714285714285 0.08629441624365482
3 0.19428571428571428 0.23604060913705582 0.03857142857142857 0.04060913705583756
3 0.16464285714285715 0.2899746192893401 0.03785714285714286 0.029187817258883246
3 0.1742857142857143 0.2703045685279188 0.037142857142857144 0.03807106598984771
3 0.18428571428571427 0.25253807106598986 0.04285714285714286 0.04060913705583756
