4 0.29392857142857143 0.85 0.04071428571428572 0.13047619047619047
4 0.8921428571428571 0.43714285714285717 0.06285714285714286 0.05523809523809524
4 0.74 0.6947619047619048 0.06571428571428571 0.16095238095238096
4 0.8164285714285714 0.9095238095238095 0.12857142857142856 0.17523809523809525
3 0.9803571428571428 0.5047619047619047 0.03785714285714286 0.047619047619047616
4 0.6664285714285715 0.4471428571428571 0.07285714285714286 0.10571428571428572
0 0.77 0.5314285714285715 0.005714285714285714 0.01904761904761905
0 0.1692857142857143 0.8766666666666667 0.011428571428571429 0.02
9 0.8271428571428572 0.67 0.025714285714285714 0.018095238095238095
9 0.8039285714285714 0.7195238095238096 0.010714285714285714 0.02761904761904762
9 0.8546428571428571 0.7138095238095238 0.019285714285714285 0.021904761904761906
0 0.8314285714285714 0.6695238095238095 0.008571428571428572 0.015238095238095238
0 0.8046428571428571 0.7147619047619047 0.007857142857142858 0.01619047619047619
0 0.855 0.7114285714285714 0.005714285714285714 0.009523809523809525
0 0.8589285714285714 0.7071428571428572 0.009285714285714286 0.012380952380952381
0 0.9653571428571428 0.36666666666666664 0.009285714285714286 0.015238095238095238
3 0.9396428571428571 0.3519047619047619 0.025 0.02761904761904762
3 0.9717857142857143 0.35523809523809524 0.03214285714285714 0.026666666666666665
4 0.5946428571428571 0.30142857142857143 0.035 0.039047619047619046
8 0.5271428571428571 0.2571428571428571 0.04285714285714286 0.05714285714285714
3 0.6346428571428572 0.24714285714285714 0.02214285714285714 0.025714285714285714
3 0.635 0.28714285714285714 0.025714285714285714 0.021904761904761906
3 0.6539285714285714 0.2823809523809524 0.025 0.02
3 0.68 0.2795238095238095 0.02857142857142857 0.012380952380952381
3 0.6714285714285714 0.2719047619047619 0.03 0.018095238095238095
3 0.6917857142857143 0.2919047619047619 0.025 0.02
3 0.7021428571428572 0.2995238095238095 0.03 0.018095238095238095
3 0.7971428571428572 0.3271428571428571 0.027142857142857142 0.02
3 0.8442857142857143 0.32666666666666666 0.03142857142857143 0.022857142857142857
3 0.8296428571428571 0.31523809523809526 0.029285714285714286 0.01904761904761905
3 0.815 0.30523809523809525 0.02857142857142857 0.018095238095238095
3 0.7871428571428571 0.31476190476190474 0.03 0.02
3 0.7771428571428571 0.3047619047619048 0.03 0.022857142857142857
3 0.805 0.29714285714285715 0.03 0.01904761904761905
3 0.7917857142857143 0.28714285714285714 0.027857142857142858 0.02
3 0.7603571428571428 0.2947619047619048 0.023571428571428573 0.02
3 0.7803571428571429 0.27714285714285714 0.023571428571428573 0.015238095238095238
3 0.7521428571428571 0.28714285714285714 0.027142857142857142 0.02
3 0.7442857142857143 0.2752380952380952 0.03 0.01904761904761905
3 0.7575 0.26 0.02214285714285714 0.013333333333333332
3 0.7471428571428571 0.25 0.022857142857142857 0.012380952380952381
3 0.7339285714285714 0.2695238095238095 0.02214285714285714 0.017142857142857144
3 0.7196428571428571 0.25952380952380955 0.02214285714285714 0.018095238095238095
3 0.6492857142857142 0.24428571428571427 0.02142857142857143 0.02
3 0.6175 0.2342857142857143 0.020714285714285713 0.017142857142857144
3 0.6321428571428571 0.22952380952380952 0.022857142857142857 0.015238095238095238
3 0.7471428571428571 0.1895238095238095 0.022857142857142857 0.015238095238095238
3 0.7692857142857142 0.20238095238095238 0.027142857142857142 0.02
3 0.7846428571428572 0.20952380952380953 0.02214285714285714 0.013333333333333332
3 0.7364285714285714 0.18476190476190477 0.017142857142857144 0.017142857142857144
4 0.7371428571428571 0.24428571428571427 0.027142857142857142 0.02
4 0.7678571428571429 0.26666666666666666 0.02857142857142857 0.017142857142857144
4 0.7821428571428571 0.2195238095238095 0.02 0.018095238095238095
3 0.6896428571428571 0.23714285714285716 0.015 0.015238095238095238
3 0.6671428571428571 0.21761904761904763 0.022857142857142857 0.01619047619047619
3 0.6746428571428571 0.22714285714285715 0.017857142857142856 0.018095238095238095
3 0.6996428571428571 0.20666666666666667 0.02214285714285714 0.013333333333333332
3 0.6896428571428571 0.16428571428571428 0.017857142857142856 0.01619047619047619
3 0.6692857142857143 0.16714285714285715 0.015714285714285715 0.014285714285714285
3 0.6592857142857143 0.16714285714285715 0.017142857142857144 0.010476190476190476
3 0.6475 0.1719047619047619 0.015 0.012380952380952381
3 0.6492857142857142 0.19238095238095237 0.018571428571428572 0.017142857142857144
3 0.6575 0.1919047619047619 0.016428571428571428 0.02
4 0.7039285714285715 0.1619047619047619 0.012142857142857143 0.013333333333333332
4 0.6364285714285715 0.19428571428571428 0.015714285714285715 0.01904761904761905
4 0.62 0.1719047619047619 0.018571428571428572 0.02
3 0.6325 0.17 0.013571428571428571 0.02
3 0.5775 0.20714285714285716 0.015 0.014285714285714285
3 0.5846428571428571 0.2038095238095238 0.017857142857142856 0.01904761904761905
3 0.6246428571428572 0.19904761904761906 0.017857142857142856 0.01904761904761905
4 0.5967857142857143 0.17476190476190476 0.017857142857142856 0.02
4 0.33785714285714286 0.20666666666666667 0.015714285714285715 0.022857142857142857
4 0.4542857142857143 0.1819047619047619 0.014285714285714285 0.015238095238095238
4 0.5775 0.17 0.016428571428571428 0.014285714285714285
4 0.4739285714285714 0.14952380952380953 0.015 0.015238095238095238
4 0.3175 0.11 0.025 0.018095238095238095
3 0.4942857142857143 0.1742857142857143 0.022857142857142857 0.017142857142857144
3 0.5571428571428572 0.14523809523809525 0.02 0.014285714285714285
3 0.5392857142857143 0.13523809523809524 0.014285714285714285 0.013333333333333332
4 0.5492857142857143 0.13714285714285715 0.022857142857142857 0.02095238095238095
9 0.6642857142857143 0.14761904761904762 0.002857142857142857 0.009523809523809525
3 0.4828571428571429 0.14523809523809525 0.01 0.012380952380952381
3 0.48964285714285716 0.12238095238095238 0.015 0.012380952380952381
3 0.5239285714285714 0.09761904761904762 0.015 0.012380952380952381
3 0.5164285714285715 0.11238095238095239 0.015714285714285715 0.009523809523809525
3 0.4967857142857143 0.1442857142857143 0.010714285714285714 0.012380952380952381
3 0.5342857142857143 0.10666666666666666 0.012857142857142857 0.009523809523809525
8 0.42964285714285716 0.1376190476190476 0.029285714285714286 0.035238095238095235
4 0.39785714285714285 0.12476190476190477 0.015714285714285715 0.024761904761904763
8 0.3792857142857143 0.10428571428571429 0.027142857142857142 0.029523809523809525
8 0.37464285714285717 0.08714285714285715 0.020714285714285713 0.02761904761904762
4 0.48464285714285715 0.07 0.017857142857142856 0.01619047619047619
4 0.4042857142857143 0.05952380952380952 0.01 0.025714285714285714
3 0.5064285714285715 0.07380952380952381 0.012857142857142857 0.008571428571428572
3 0.4639285714285714 0.08190476190476191 0.013571428571428571 0.007619047619047619
3 0.43214285714285716 0.0919047619047619 0.012857142857142857 0.010476190476190476
3 0.41214285714285714 0.09380952380952381 0.014285714285714285 0.012380952380952381
4 0.405 0.08476190476190476 0.011428571428571429 0.009523809523809525
4 0.41678571428571426 0.08523809523809524 0.012142857142857143 0.012380952380952381
4 0.39285714285714285 0.08238095238095237 0.02142857142857143 0.018095238095238095
4 0.3925 0.07666666666666666 0.02214285714285714 0.012380952380952381
7 0.4117857142857143 0.11190476190476191 0.007857142857142858 0.012380952380952381
3 0.4467857142857143 0.07 0.015 0.008571428571428572
0 0.4492857142857143 0.13666666666666666 0.002857142857142857 0.010476190476190476
0 0.445 0.13428571428571429 0.004285714285714286 0.007619047619047619
0 0.46964285714285714 0.15142857142857144 0.002142857142857143 0.013333333333333332
0 0.4525 0.12904761904761905 0.005 0.012380952380952381
0 0.4375 0.12714285714285714 0.0035714285714285713 0.012380952380952381
9 0.4114285714285714 0.14714285714285713 0.005714285714285714 0.010476190476190476
1 0.4114285714285714 0.14761904761904762 0.002857142857142857 0.007619047619047619
1 0.41214285714285714 0.11238095238095239 0.002857142857142857 0.007619047619047619
4 0.41928571428571426 0.06190476190476191 0.01 0.026666666666666665
9 0.27 0.10666666666666666 0.007142857142857143 0.007619047619047619
1 0.2692857142857143 0.10476190476190476 0.002857142857142857 0.007619047619047619
1 0.2596428571428571 0.011904761904761904 0.002142857142857143 0.004761904761904762
9 0.2596428571428571 0.014761904761904763 0.002142857142857143 0.004761904761904762
3 0.25214285714285717 0.014761904761904763 0.007142857142857143 0.006666666666666666
3 0.30214285714285716 0.011904761904761904 0.005714285714285714 0.006666666666666666
3 0.27214285714285713 0.006666666666666666 0.007142857142857143 0.005714285714285714
4 0.2814285714285714 0.012380952380952381 0.007142857142857143 0.007619047619047619
3 0.2925 0.011904761904761904 0.007857142857142858 0.006666666666666666
3 0.3871428571428571 0.04476190476190476 0.01 0.009523809523809525
3 0.39464285714285713 0.04380952380952381 0.007857142857142858 0.007619047619047619
3 0.3414285714285714 0.009523809523809525 0.007142857142857143 0.007619047619047619
3 0.27285714285714285 0.0014285714285714286 0.007142857142857143 0.002857142857142857
4 0.09964285714285714 0.11476190476190476 0.015 0.02
3 0.13964285714285715 0.08428571428571428 0.015 0.012380952380952381
3 0.13535714285714287 0.07714285714285714 0.009285714285714286 0.009523809523809525
3 0.052142857142857144 0.03 0.007142857142857143 0.006666666666666666
0 0.055 0.007142857142857143 0.002857142857142857 0.004761904761904762
3 0.032857142857142856 0.46476190476190476 0.05285714285714286 0.03619047619047619
3 0.03678571428571428 0.44952380952380955 0.04928571428571429 0.026666666666666665
9 0.08285714285714285 0.44904761904761903 0.008571428571428572 0.02
9 0.09964285714285714 0.4423809523809524 0.012142857142857143 0.02
1 0.08035714285714286 0.44476190476190475 0.0064285714285714285 0.009523809523809525
1 0.0975 0.44142857142857145 0.007857142857142858 0.010476190476190476
1 0.09928571428571428 0.43714285714285717 0.01 0.015238095238095238
