3 0.05714285714285714 0.8742857142857143 0.02 0.02857142857142857
5 0.04964285714285714 0.8047619047619048 0.025 0.022857142857142857
3 0.08142857142857143 0.21428571428571427 0.015714285714285715 0.030476190476190476
3 0.09535714285714286 0.26476190476190475 0.02642857142857143 0.017142857142857144
3 0.09285714285714286 0.2814285714285714 0.024285714285714285 0.018095238095238095
3 0.08928571428571429 0.29714285714285715 0.024285714285714285 0.017142857142857144
3 0.0875 0.31523809523809526 0.025 0.017142857142857144
3 0.0175 0.32476190476190475 0.02214285714285714 0.024761904761904763
3 0.029285714285714286 0.2876190476190476 0.022857142857142857 0.01904761904761905
4 0.02642857142857143 0.26761904761904765 0.03 0.022857142857142857
4 0.029642857142857144 0.24761904761904763 0.02214285714285714 0.015238095238095238
3 0.03642857142857143 0.2138095238095238 0.022857142857142857 0.018095238095238095
3 0.13714285714285715 0.4119047619047619 0.022857142857142857 0.018095238095238095
3 0.18964285714285714 0.3995238095238095 0.02214285714285714 0.02
3 0.2117857142857143 0.4119047619047619 0.017857142857142856 0.02761904761904762
3 0.19678571428571429 0.43952380952380954 0.019285714285714285 0.025714285714285714
3 0.23785714285714285 0.43523809523809526 0.015714285714285715 0.02857142857142857
3 0.24964285714285714 0.43952380952380954 0.015 0.029523809523809525
3 0.2592857142857143 0.4423809523809524 0.012857142857142857 0.029523809523809525
3 0.09285714285714286 0.52 0.022857142857142857 0.024761904761904763
3 0.19678571428571429 0.5466666666666666 0.02214285714285714 0.026666666666666665
3 0.18285714285714286 0.5919047619047619 0.02 0.025714285714285714
3 0.22785714285714287 0.5771428571428572 0.02142857142857143 0.024761904761904763
3 0.23392857142857143 0.6490476190476191 0.020714285714285713 0.025714285714285714
3 0.24964285714285714 0.6047619047619047 0.020714285714285713 0.02857142857142857
3 0.29035714285714287 0.5719047619047619 0.023571428571428573 0.021904761904761906
3 0.2842857142857143 0.6995238095238095 0.022857142857142857 0.02761904761904762
3 0.3392857142857143 0.5676190476190476 0.02 0.024761904761904763
3 0.4275 0.61 0.016428571428571428 0.02761904761904762
3 0.45535714285714285 0.5366666666666666 0.015 0.02761904761904762
5 0.4417857142857143 0.5742857142857143 0.02214285714285714 0.04
4 0.48 0.4714285714285714 0.014285714285714285 0.026666666666666665
3 0.49964285714285717 0.4123809523809524 0.015 0.03238095238095238
3 0.5592857142857143 0.2519047619047619 0.012857142857142857 0.02761904761904762
3 0.5725 0.21476190476190476 0.016428571428571428 0.02761904761904762
3 0.5867857142857142 0.17952380952380953 0.013571428571428571 0.02761904761904762
4 0.49214285714285716 0.16142857142857142 0.02 0.021904761904761906
4 0.5525 0.16142857142857142 0.02214285714285714 0.021904761904761906
3 0.5017857142857143 0.1438095238095238 0.02214285714285714 0.02095238095238095
3 0.5267857142857143 0.16476190476190475 0.02214285714285714 0.022857142857142857
3 0.5403571428571429 0.13952380952380952 0.023571428571428573 0.02
3 0.5964285714285714 0.14904761904761904 0.012857142857142857 0.023809523809523808
3 0.6078571428571429 0.12 0.014285714285714285 0.02857142857142857
3 0.6246428571428572 0.06952380952380953 0.015 0.024761904761904763
3 0.6375 0.04238095238095238 0.013571428571428571 0.02761904761904762
3 0.6214285714285714 0.01 0.01 0.02
3 0.6492857142857142 0.012380952380952381 0.018571428571428572 0.024761904761904763
3 0.5825 0.8395238095238096 0.017857142857142856 0.02761904761904762
3 0.605 0.9871428571428571 0.022857142857142857 0.023809523809523808
5 0.015357142857142857 0.38 0.03214285714285714 0.03619047619047619
