3 0.095 0.017142857142857144 0.07714285714285714 0.03428571428571429
4 0.18464285714285714 0.17238095238095238 0.095 0.08
4 0.27535714285714286 0.037142857142857144 0.055 0.07428571428571429
3 0.36214285714285716 0.02238095238095238 0.04285714285714286 0.04476190476190476
3 0.1367857142857143 0.08142857142857143 0.047857142857142855 0.07714285714285714
3 0.16035714285714286 0.12714285714285714 0.07357142857142857 0.08285714285714285
4 0.4525 0.05 0.055 0.08095238095238096
3 0.5392857142857143 0.2042857142857143 0.06 0.08476190476190476
3 0.43714285714285717 0.19428571428571428 0.05285714285714286 0.08
3 0.2792857142857143 0.2219047619047619 0.05714285714285714 0.09142857142857143
0 0.29392857142857143 0.2019047619047619 0.013571428571428571 0.02857142857142857
3 0.26 0.32761904761904764 0.07714285714285714 0.07428571428571429
3 0.28714285714285714 0.36904761904761907 0.07571428571428572 0.07333333333333333
6 0.3692857142857143 0.3647619047619048 0.05285714285714286 0.04380952380952381
3 0.35464285714285715 0.5666666666666667 0.045 0.10666666666666666
0 0.21714285714285714 0.9576190476190476 0.017142857142857144 0.018095238095238095
0 0.2617857142857143 0.9376190476190476 0.016428571428571428 0.029523809523809525
0 0.30785714285714283 0.9895238095238095 0.012857142857142857 0.017142857142857144
0 0.3292857142857143 0.9847619047619047 0.012857142857142857 0.02095238095238095
0 0.3464285714285714 0.9619047619047619 0.011428571428571429 0.02095238095238095
0 0.31464285714285717 0.9647619047619047 0.012142857142857143 0.015238095238095238
0 0.3525 0.8938095238095238 0.013571428571428571 0.02
0 0.3339285714285714 0.82 0.016428571428571428 0.013333333333333332
0 0.28964285714285715 0.8423809523809523 0.015 0.01619047619047619
0 0.2767857142857143 0.8595238095238095 0.015 0.018095238095238095
0 0.39035714285714285 0.8019047619047619 0.012142857142857143 0.01904761904761905
1 0.3989285714285714 0.8966666666666666 0.015 0.02
0 0.42928571428571427 0.7795238095238095 0.012857142857142857 0.012380952380952381
0 0.4925 0.8547619047619047 0.009285714285714286 0.02
0 0.5021428571428571 0.8847619047619047 0.007142857142857143 0.017142857142857144
9 0.4025 0.8471428571428572 0.025 0.04476190476190476
9 0.38285714285714284 0.799047619047619 0.025714285714285714 0.03238095238095238
9 0.36892857142857144 0.789047619047619 0.025 0.02761904761904762
9 0.36464285714285716 0.7638095238095238 0.027857142857142858 0.01904761904761905
9 0.3367857142857143 0.7342857142857143 0.030714285714285715 0.024761904761904763
4 0.48392857142857143 0.9595238095238096 0.07357142857142857 0.07714285714285714
9 0.5467857142857143 0.9842857142857143 0.019285714285714285 0.029523809523809525
1 0.5442857142857143 0.991904761904762 0.011428571428571429 0.012380952380952381
1 0.535 0.9595238095238096 0.015714285714285715 0.02
1 0.6021428571428571 0.97 0.017142857142857144 0.02
0 0.58 0.8747619047619047 0.01 0.01619047619047619
2 0.5328571428571428 0.9571428571428572 0.018571428571428572 0.03238095238095238
9 0.6025 0.9671428571428572 0.013571428571428571 0.04666666666666667
6 0.5721428571428572 0.7147619047619047 0.045714285714285714 0.07523809523809524
6 0.4967857142857143 0.6995238095238095 0.030714285714285715 0.06
6 0.4692857142857143 0.6123809523809524 0.045714285714285714 0.07238095238095238
9 0.5675 0.5947619047619047 0.02214285714285714 0.039047619047619046
1 0.5689285714285715 0.5942857142857143 0.012142857142857143 0.022857142857142857
3 0.5014285714285714 0.5423809523809524 0.06571428571428571 0.1
4 0.6478571428571429 0.5323809523809524 0.055714285714285716 0.08
4 0.5253571428571429 0.4514285714285714 0.062142857142857146 0.09714285714285714
5 0.6353571428571428 0.3495238095238095 0.095 0.13714285714285715
3 0.9396428571428571 0.9714285714285714 0.062142857142857146 0.05523809523809524
3 0.9496428571428571 0.7647619047619048 0.052142857142857144 0.11238095238095239
3 0.8021428571428572 0.8014285714285714 0.07714285714285714 0.10380952380952381
3 0.7489285714285714 0.8442857142857143 0.06928571428571428 0.10761904761904761
3 0.7967857142857143 0.6914285714285714 0.06642857142857143 0.08952380952380952
4 0.9696428571428571 0.48238095238095235 0.05928571428571429 0.07523809523809524
9 0.8278571428571428 0.5876190476190476 0.03 0.03238095238095238
9 0.8439285714285715 0.6076190476190476 0.02642857142857143 0.03238095238095238
1 0.8489285714285715 0.6071428571428571 0.015 0.018095238095238095
1 0.8303571428571429 0.589047619047619 0.016428571428571428 0.018095238095238095
