4 0.4639285714285714 0.5387055837563451 0.05928571428571429 0.03934010152284264
3 0.6939285714285715 0.44670050761421315 0.06785714285714285 0.04060913705583756
3 0.7839285714285714 0.44543147208121825 0.062142857142857146 0.048223350253807105
3 0.4667857142857143 0.8654822335025381 0.047857142857142855 0.10406091370558375
3 0.24464285714285713 0.6294416243654822 0.03785714285714286 0.11167512690355329
3 0.13035714285714287 0.6281725888324873 0.029285714285714286 0.11675126903553298
3 0.17785714285714285 0.2214467005076142 0.06285714285714286 0.052030456852791875
3 0.225 0.11421319796954314 0.025714285714285714 0.09644670050761421
4 0.9046428571428572 0.1364213197969543 0.065 0.04695431472081218
3 0.12214285714285714 0.9162436548223349 0.03 0.10659898477157359
3 0.1717857142857143 0.9428934010152283 0.027857142857142858 0.08121827411167512
3 0.23 0.9251269035532994 0.03 0.10659898477157359
3 0.2639285714285714 0.897208121827411 0.029285714285714286 0.10659898477157359
5 0.30178571428571427 0.8895939086294415 0.03357142857142857 0.13959390862944163
0 0.36714285714285716 0.8147208121827411 0.01 0.02284263959390863
0 0.355 0.8045685279187816 0.01 0.02030456852791878
0 0.2925 0.5609137055837563 0.009285714285714286 0.02030456852791878
0 0.6475 0.7360406091370558 0.013571428571428571 0.02284263959390863
0 0.6525 0.7176395939086294 0.012142857142857143 0.024111675126903553
2 0.29642857142857143 0.5634517766497461 0.022857142857142857 0.02030456852791878
0 0.30392857142857144 0.10342639593908629 0.013571428571428571 0.019035532994923856
0 0.9889285714285714 0.822969543147208 0.020714285714285713 0.016497461928934008
