0 0.03 0.15609137055837563 0.012857142857142857 0.04568527918781726
0 0.1175 0.055837563451776644 0.012142857142857143 0.04314720812182741
0 0.15964285714285714 0.055837563451776644 0.012142857142857143 0.048223350253807105
0 0.3242857142857143 0.15989847715736039 0.014285714285714285 0.055837563451776644
0 0.34285714285714286 0.15862944162436546 0.008571428571428572 0.035532994923857864
0 0.33214285714285713 0.11738578680203045 0.01 0.04441624365482233
0 0.3492857142857143 0.09961928934010152 0.015714285714285715 0.04441624365482233
0 0.5067857142857143 0.10088832487309644 0.009285714285714286 0.04441624365482233
0 0.5228571428571429 0.08248730964467005 0.008571428571428572 0.050761421319796954
0 0.5071428571428571 0.07677664974619289 0.01 0.04441624365482233
0 0.49464285714285716 0.07677664974619289 0.012142857142857143 0.04695431472081218
0 0.4689285714285714 0.06027918781725888 0.012142857142857143 0.04441624365482233
0 0.4417857142857143 0.050761421319796954 0.007857142857142858 0.04568527918781726
0 0.5625 0.07931472081218273 0.012142857142857143 0.049492385786802026
0 0.57 0.07550761421319796 0.008571428571428572 0.04441624365482233
0 0.5846428571428571 0.07296954314720812 0.007857142857142858 0.04441624365482233
0 0.6071428571428571 0.07423857868020305 0.012857142857142857 0.04441624365482233
0 0.5953571428571428 0.2430203045685279 0.009285714285714286 0.052030456852791875
0 0.5992857142857143 0.15736040609137056 0.014285714285714285 0.055837563451776644
0 0.6328571428571429 0.15545685279187815 0.01 0.04441624365482233
0 0.6653571428571429 0.12182741116751268 0.010714285714285714 0.04060913705583756
0 0.6217857142857143 0.07170050761421319 0.007857142857142858 0.04441624365482233
0 0.6325 0.06535532994923858 0.005 0.04187817258883248
0 0.9146428571428571 0.2595177664974619 0.017857142857142856 0.031725888324873094
0 0.9028571428571428 0.4422588832487309 0.015714285714285715 0.03934010152284264
0 0.8878571428571429 0.3927664974619289 0.017142857142857144 0.03426395939086294
0 0.8921428571428571 0.36167512690355325 0.017142857142857144 0.03045685279187817
0 0.89 0.3794416243654822 0.014285714285714285 0.04060913705583756
0 0.92 0.348984771573604 0.02 0.03807106598984771
0 0.9321428571428572 0.39530456852791873 0.024285714285714285 0.04441624365482233
0 0.9371428571428572 0.39847715736040606 0.017142857142857144 0.032994923857868015
0 0.9403571428571429 0.38642131979695427 0.012142857142857143 0.03680203045685279
0 0.9339285714285714 0.3794416243654822 0.010714285714285714 0.025380710659898477
0 0.9478571428571428 0.35850253807106597 0.02 0.04187817258883248
0 0.9414285714285714 0.3439086294416243 0.014285714285714285 0.03045685279187817
0 0.935 0.33248730964467005 0.017142857142857144 0.035532994923857864
0 0.925 0.8083756345177664 0.027142857142857142 0.06091370558375634
0 0.9496428571428571 0.6928934010152283 0.030714285714285715 0.055837563451776644
0 0.6975 0.4498730964467005 0.015 0.03426395939086294
0 0.7375 0.41370558375634514 0.017857142857142856 0.04060913705583756
0 0.7728571428571429 0.38832487309644664 0.017142857142857144 0.03807106598984771
0 0.7371428571428571 0.4029187817258883 0.017142857142857144 0.03426395939086294
0 0.6675 0.3623096446700507 0.019285714285714285 0.05456852791878172
0 0.7221428571428572 0.34200507614213194 0.012857142857142857 0.03426395939086294
0 0.7567857142857143 0.3299492385786802 0.009285714285714286 0.03807106598984771
0 0.7675 0.30710659898477155 0.009285714285714286 0.032994923857868015
0 0.7567857142857143 0.291243654822335 0.010714285714285714 0.03426395939086294
0 0.7096428571428571 0.32170050761421315 0.015 0.05710659898477157
0 0.7192857142857143 0.3229695431472081 0.011428571428571429 0.031725888324873094
0 0.695 0.31979695431472077 0.01 0.035532994923857864
0 0.6367857142857143 0.37373096446700504 0.015 0.03680203045685279
0 0.6296428571428572 0.3445431472081218 0.015 0.031725888324873094
0 0.6153571428571428 0.31916243654822335 0.017857142857142856 0.052030456852791875
0 0.5114285714285715 0.3109137055837563 0.012857142857142857 0.055837563451776644
0 0.44642857142857145 0.2715736040609137 0.014285714285714285 0.027918781725888322
0 0.3467857142857143 0.3508883248730964 0.012142857142857143 0.03934010152284264
0 0.33964285714285714 0.30203045685279184 0.012142857142857143 0.04060913705583756
0 0.34214285714285714 0.2760152284263959 0.012857142857142857 0.031725888324873094
0 0.35285714285714287 0.3045685279187817 0.014285714285714285 0.04060913705583756
0 0.36 0.2982233502538071 0.01 0.027918781725888322
0 0.3653571428571429 0.2766497461928934 0.015 0.05837563451776649
0 0.19892857142857143 0.3312182741116751 0.012142857142857143 0.04060913705583756
0 0.12285714285714286 0.3439086294416243 0.02 0.055837563451776644
0 0.21714285714285714 0.15609137055837563 0.012857142857142857 0.048223350253807105
0 0.2425 0.13451776649746192 0.015 0.025380710659898477
0 0.565 0.5545685279187816 0.01 0.04060913705583756
0 0.08714285714285715 0.8508883248730964 0.02 0.031725888324873094
