8 0.19392857142857142 0.8769035532994923 0.1707142857142857 0.12944162436548223
3 0.3625 0.7633248730964466 0.04642857142857143 0.04441624365482233
3 0.03142857142857143 0.2703045685279188 0.025714285714285714 0.02284263959390863
9 0.0675 0.43845177664974616 0.015 0.021573604060913704
3 0.36 0.12182741116751268 0.017142857142857144 0.012690355329949238
3 0.43285714285714283 0.17195431472081216 0.015714285714285715 0.019035532994923856
5 0.9117857142857143 0.1897208121827411 0.047857142857142855 0.031725888324873094
3 0.48892857142857143 0.40164974619289334 0.04357142857142857 0.05964467005076142
3 0.45714285714285713 0.5945431472081217 0.05714285714285714 0.0748730964467005
3 0.6971428571428572 0.6167512690355329 0.06 0.08121827411167512
3 0.48714285714285716 0.30583756345177665 0.027142857142857142 0.025380710659898477
3 0.685 0.9517766497461928 0.08142857142857143 0.09390862944162436
