3 0.13413361169102295 0.564935064935065 0.033402922755741124 0.08534322820037106
3 0.15866388308977034 0.5194805194805195 0.03653444676409186 0.07235621521335807
3 0.17875782881002086 0.45269016697588127 0.04123173277661795 0.07235621521335807
9 0.05897703549060542 0.12059369202226346 0.01774530271398747 0.03153988868274583
9 0.062108559498956155 0.16465677179962895 0.024008350730688934 0.0287569573283859
4 0.019832985386221292 0.2588126159554731 0.039665970772442584 0.07606679035250465
7 0.04305845511482254 0.32421150278293137 0.028705636743215027 0.05102040816326531
7 0.0720250521920668 0.26159554730983303 0.027139874739039664 0.05380333951762523
9 0.028444676409185802 0.36966604823747684 0.016179540709812108 0.030612244897959183
1 0.147964509394572 0.41233766233766234 0.008872651356993735 0.015769944341372914
1 0.15292275574112732 0.40166975881261596 0.011482254697286011 0.014842300556586271
0 0.14065762004175364 0.4448051948051948 0.016179540709812108 0.0176252319109462
6 0.1526617954070981 0.4044526901669759 0.02139874739039666 0.03896103896103896
5 0.02635699373695198 0.8446196660482375 0.04123173277661795 0.10296846011131726
5 0.3507306889352818 0.6326530612244898 0.05949895615866388 0.12430426716141002
6 0.2794885177453027 0.21196660482374768 0.02974947807933194 0.049165120593692026
1 0.8627348643006262 0.050556586270871985 0.008350730688935281 0.021335807050092765
0 0.8744780793319414 0.03432282003710575 0.016179540709812108 0.01855287569573284
0 0.8747390396659707 0.07560296846011132 0.012526096033402922 0.015769944341372914
9 0.8729123173277661 0.07838589981447125 0.02661795407098121 0.021335807050092765
3 0.7998434237995824 0.26669758812615957 0.028705636743215027 0.08998144712430427
3 0.775313152400835 0.326530612244898 0.02974947807933194 0.07977736549165121
5 0.7291231732776617 0.7258812615955473 0.045929018789144044 0.10111317254174397
9 0.3627348643006263 0.9174397031539889 0.016701461377870562 0.0352504638218924
1 0.3614300626304801 0.9202226345083488 0.009916492693110646 0.022263450834879406
