3 0.05964285714285714 0.09 0.04928571428571429 0.02761904761904762
3 0.1175 0.09476190476190476 0.04928571428571429 0.025714285714285714
0 0.22392857142857142 0.07476190476190477 0.009285714285714286 0.025714285714285714
0 0.3292857142857143 0.07904761904761905 0.012857142857142857 0.026666666666666665
3 0.20714285714285716 0.2119047619047619 0.05714285714285714 0.04476190476190476
3 0.28214285714285714 0.17714285714285713 0.06 0.04
8 0.2889285714285714 0.11714285714285715 0.12785714285714286 0.05523809523809524
8 0.27 0.2523809523809524 0.07714285714285714 0.04
8 0.2892857142857143 0.22666666666666666 0.06714285714285714 0.0380952380952381
0 0.3742857142857143 0.2914285714285714 0.018571428571428572 0.0380952380952381
9 0.2567857142857143 0.3323809523809524 0.039285714285714285 0.024761904761904763
1 0.2592857142857143 0.3242857142857143 0.01 0.03333333333333333
8 0.10964285714285714 0.3423809523809524 0.21928571428571428 0.13238095238095238
3 0.04535714285714286 0.6876190476190476 0.09214285714285714 0.08
3 0.061785714285714284 0.6214285714285714 0.12357142857142857 0.08285714285714285
3 0.11214285714285714 0.5571428571428572 0.11285714285714285 0.07238095238095238
3 0.1525 0.5119047619047619 0.105 0.06761904761904762
3 0.23214285714285715 0.4719047619047619 0.09571428571428571 0.06952380952380953
3 0.36714285714285716 0.4866666666666667 0.10285714285714286 0.06857142857142857
0 0.4878571428571429 0.5342857142857143 0.014285714285714285 0.045714285714285714
0 0.5521428571428572 0.5195238095238095 0.012857142857142857 0.037142857142857144
0 0.5525 0.49952380952380954 0.012142857142857143 0.035238095238095235
3 0.5642857142857143 0.7695238095238095 0.054285714285714284 0.15428571428571428
9 0.635 0.86 0.02 0.08190476190476191
1 0.6353571428571428 0.8442857142857143 0.013571428571428571 0.037142857142857144
4 0.7489285714285714 0.6519047619047619 0.06642857142857143 0.18
3 0.6853571428571429 0.439047619047619 0.04071428571428572 0.09142857142857143
3 0.7142857142857143 0.26904761904761904 0.037142857142857144 0.07142857142857142
9 0.5503571428571429 0.32476190476190475 0.02642857142857143 0.024761904761904763
1 0.5589285714285714 0.30714285714285716 0.0064285714285714285 0.029523809523809525
1 0.5517857142857143 0.3076190476190476 0.007857142857142858 0.030476190476190476
0 0.5589285714285714 0.24 0.009285714285714286 0.03238095238095238
0 0.5467857142857143 0.24 0.012142857142857143 0.030476190476190476
3 0.46464285714285714 0.19142857142857142 0.052142857142857144 0.04380952380952381
3 0.3889285714285714 0.14714285714285713 0.047857142857142855 0.029523809523809525
0 0.5046428571428572 0.15666666666666668 0.009285714285714286 0.035238095238095235
0 0.5189285714285714 0.11952380952380952 0.005 0.02761904761904762
0 0.5253571428571429 0.12 0.007857142857142858 0.02857142857142857
0 0.5789285714285715 0.06714285714285714 0.0064285714285714285 0.02
0 0.6021428571428571 0.01904761904761905 0.005714285714285714 0.022857142857142857
0 0.6075 0.04380952380952381 0.007857142857142858 0.026666666666666665
0 0.5271428571428571 0.09666666666666666 0.01 0.025714285714285714
0 0.4592857142857143 0.09523809523809523 0.008571428571428572 0.02857142857142857
2 0.6128571428571429 0.16476190476190475 0.008571428571428572 0.02095238095238095
1 0.6117857142857143 0.15476190476190477 0.005 0.02
3 0.8021428571428572 0.03 0.02 0.023809523809523808
3 0.8371428571428572 0.08476190476190476 0.022857142857142857 0.03238095238095238
3 0.775 0.1019047619047619 0.032857142857142856 0.0419047619047619
3 0.7996428571428571 0.13904761904761906 0.03785714285714286 0.0419047619047619
3 0.8567857142857143 0.1895238095238095 0.05357142857142857 0.045714285714285714
0 0.775 0.054285714285714284 0.01 0.024761904761904763
3 0.8871428571428571 0.03380952380952381 0.027142857142857142 0.035238095238095235
9 0.9553571428571429 0.6919047619047619 0.060714285714285714 0.040952380952380955
1 0.9571428571428572 0.6871428571428572 0.022857142857142857 0.05238095238095238
