3 0.3215307582260372 0.11354961832061068 0.10515021459227468 0.07251908396946564
3 0.45028612303290416 0.1498091603053435 0.09227467811158799 0.08587786259541984
3 0.188483547925608 0.08540076335877862 0.10085836909871244 0.05438931297709924
3 0.18419170243204577 0.03148854961832061 0.10228898426323318 0.06297709923664122
0 0.10622317596566523 0.048187022900763356 0.02646638054363376 0.04484732824427481
0 0.36087267525035766 0.17748091603053434 0.019313304721030045 0.03435114503816794
0 0.39878397711015734 0.22996183206106868 0.015021459227467811 0.051526717557251904
0 0.2532188841201717 0.31345419847328243 0.02145922746781116 0.03721374045801527
0 0.19921316165951358 0.14456106870229007 0.023605150214592273 0.04293893129770992
0 0.20600858369098712 0.13501908396946563 0.022889842632331903 0.04293893129770992
3 0.0840486409155937 0.26049618320610685 0.0765379113018598 0.12213740458015267
3 0.1405579399141631 0.282442748091603 0.09370529327610873 0.13931297709923662
3 0.1988555078683834 0.303912213740458 0.08583690987124463 0.1364503816793893
3 0.3190271816881259 0.33110687022900764 0.07296137339055794 0.1297709923664122
3 0.3748211731044349 0.34541984732824427 0.07725321888412018 0.13931297709923662
3 0.4459942775393419 0.35877862595419846 0.07224606580829757 0.1450381679389313
3 0.5 0.38072519083969464 0.06723891273247497 0.13358778625954199
3 0.5658082975679543 0.3845419847328244 0.055793991416309016 0.13549618320610687
3 0.8665951359084406 0.9432251908396946 0.1709585121602289 0.10782442748091603
0 0.06580829756795423 0.9718511450381679 0.032904148783977114 0.029580152671755722
0 0.6466380543633763 0.7022900763358778 0.02575107296137339 0.03244274809160305
0 0.719241773962804 0.40458015267175573 0.016452074391988557 0.03816793893129771
0 0.7721745350500715 0.42270992366412213 0.019313304721030045 0.03435114503816794
0 0.65379113018598 0.17270992366412213 0.011444921316165951 0.03435114503816794
9 0.3741058655221745 0.06631679389312976 0.03719599427753934 0.033396946564885496
0 0.5704577968526466 0.22853053435114504 0.013590844062947067 0.04293893129770992
0 0.5629470672389127 0.22614503816793893 0.008583690987124463 0.022900763358778626
0 0.601931330472103 0.24475190839694655 0.013590844062947067 0.046755725190839696
2 0.6044349070100143 0.24379770992366412 0.030042918454935622 0.04103053435114504
0 0.6984978540772532 0.19561068702290074 0.016452074391988557 0.03625954198473282
0 0.7117310443490701 0.20515267175572519 0.01859799713876967 0.04007633587786259
0 0.7728898426323318 0.23330152671755724 0.023605150214592273 0.046755725190839696
0 0.7553648068669527 0.3640267175572519 0.022889842632331903 0.03912213740458015
2 0.6419885550786838 0.39408396946564883 0.023605150214592273 0.051526717557251904
2 0.6040772532188842 0.46135496183206104 0.035050071530758224 0.04866412213740458
2 0.6391273247496423 0.36975190839694655 0.020743919885550785 0.05820610687022901
2 0.6623748211731044 0.40362595419847325 0.01859799713876967 0.047709923664122134
2 0.6963519313304721 0.4518129770992366 0.023605150214592273 0.05820610687022901
0 0.7517882689556509 0.28196564885496184 0.01859799713876967 0.03912213740458015
0 0.9649499284692418 0.21994274809160305 0.017167381974248927 0.03148854961832061
2 0.6323319027181689 0.5047709923664122 0.045779685264663805 0.03816793893129771
2 0.6795422031473534 0.5381679389312977 0.01430615164520744 0.05343511450381679
2 0.6945636623748211 0.5147900763358778 0.01430615164520744 0.05820610687022901
2 0.6698855507868383 0.4618320610687023 0.022174535050071532 0.04580152671755725
2 0.6824034334763949 0.4231870229007633 0.022889842632331903 0.033396946564885496
0 0.6809728183118741 0.3955152671755725 0.01430615164520744 0.020038167938931296
2 0.67310443490701 0.601145038167939 0.01430615164520744 0.061068702290076333
2 0.6841917024320457 0.603530534351145 0.01072961373390558 0.05820610687022901
0 0.7739628040057225 0.4041030534351145 0.01859799713876967 0.03148854961832061
0 0.8004291845493562 0.38311068702290074 0.01859799713876967 0.02194656488549618
0 0.7943490701001431 0.3993320610687023 0.01072961373390558 0.020038167938931296
0 0.8072246065808297 0.44561068702290074 0.022174535050071532 0.03244274809160305
0 0.8154506437768241 0.4618320610687023 0.022889842632331903 0.03244274809160305
0 0.8240343347639485 0.43225190839694655 0.015736766809728183 0.019083969465648856
0 0.8222460658082975 0.4513358778625954 0.019313304721030045 0.02862595419847328
0 0.8283261802575107 0.4651717557251908 0.020028612303290415 0.029580152671755722
0 0.8226037195994278 0.4942748091603053 0.02145922746781116 0.02480916030534351
0 0.8215307582260372 0.5095419847328244 0.02503576537911302 0.030534351145038167
0 0.8226037195994278 0.5271946564885496 0.02145922746781116 0.023854961832061067
0 0.8265379113018598 0.5491412213740458 0.023605150214592273 0.03530534351145038
0 0.8265379113018598 0.5395992366412213 0.023605150214592273 0.025763358778625952
0 0.9216738197424893 0.3702290076335878 0.016452074391988557 0.030534351145038167
0 0.9341917024320457 0.3802480916030534 0.022889842632331903 0.04103053435114504
0 0.9585121602288984 0.4303435114503817 0.02861230329041488 0.03435114503816794
0 0.9688841201716738 0.39837786259541985 0.023605150214592273 0.023854961832061067
0 0.9871244635193133 0.37833969465648853 0.022889842632331903 0.029580152671755722
0 0.9535050071530758 0.3711832061068702 0.022889842632331903 0.030534351145038167
0 0.8959227467811158 0.5338740458015266 0.027896995708154508 0.025763358778625952
0 0.8047210300429185 0.5858778625954199 0.02575107296137339 0.03816793893129771
0 0.8150929899856938 0.6588740458015266 0.022174535050071532 0.025763358778625952
0 0.8079399141630901 0.6130725190839694 0.027896995708154508 0.027671755725190837
0 0.8226037195994278 0.5663167938931297 0.020028612303290415 0.029580152671755722
0 0.8326180257510729 0.5772900763358778 0.02145922746781116 0.022900763358778626
0 0.8319027181688126 0.6016221374045801 0.022889842632331903 0.023854961832061067
0 0.8415593705293276 0.5954198473282443 0.023605150214592273 0.02862595419847328
0 0.8297567954220315 0.6340648854961832 0.02861230329041488 0.029580152671755722
0 0.8597997138769671 0.6283396946564885 0.02145922746781116 0.023854961832061067
0 0.8444206008583691 0.6383587786259541 0.022174535050071532 0.026717557251908396
0 0.8376251788268956 0.6784351145038168 0.02861230329041488 0.02862595419847328
0 0.8433476394849785 0.6612595419847328 0.024320457796852647 0.02480916030534351
0 0.8619456366237482 0.6827290076335878 0.031473533619456366 0.029580152671755722
0 0.8741058655221745 0.6827290076335878 0.02861230329041488 0.033396946564885496
1 0.9105865522174535 0.6688931297709924 0.02861230329041488 0.03244274809160305
0 0.9062947067238912 0.6960877862595419 0.024320457796852647 0.027671755725190837
0 0.8694563662374821 0.7075381679389313 0.02503576537911302 0.025763358778625952
0 0.8855507868383404 0.6979961832061068 0.017167381974248927 0.023854961832061067
0 0.9123748211731044 0.7409351145038168 0.03648068669527897 0.023854961832061067
0 0.92310443490701 0.7251908396946565 0.023605150214592273 0.019083969465648856
0 0.9377682403433476 0.7142175572519084 0.02575107296137339 0.023854961832061067
0 0.9545779685264664 0.7256679389312977 0.02646638054363376 0.023854961832061067
0 0.9642346208869814 0.7218511450381679 0.02145922746781116 0.02194656488549618
0 0.977110157367668 0.7261450381679388 0.030042918454935622 0.02480916030534351
1 0.1791845493562232 0.8220419847328244 0.02503576537911302 0.03530534351145038
9 0.18168812589413447 0.8258587786259541 0.05150214592274678 0.03721374045801527
9 0.3977110157367668 0.5534351145038168 0.044349070100143065 0.03244274809160305
2 0.3136623748211731 0.6645992366412213 0.0536480686695279 0.03148854961832061
2 0.2968526466380544 0.6450381679389313 0.034334763948497854 0.04961832061068702
2 0.3340486409155937 0.5200381679389313 0.04291845493562232 0.02862595419847328
6 0.3851931330472103 0.6870229007633587 0.04363376251788269 0.019083969465648856
2 0.45565092989985695 0.6731870229007634 0.04864091559370529 0.027671755725190837
2 0.45243204577968527 0.7056297709923663 0.03934191702432046 0.029580152671755722
0 0.42131616595135907 0.6111641221374046 0.024320457796852647 0.04866412213740458
0 0.46530758226037194 0.5715648854961832 0.016452074391988557 0.04198473282442748
0 0.43741058655221743 0.5868320610687022 0.019313304721030045 0.026717557251908396
2 0.4417024320457797 0.5629770992366412 0.03934191702432046 0.04389312977099236
2 0.5189556509298998 0.5949427480916031 0.027896995708154508 0.05057251908396947
2 0.5332618025751072 0.599236641221374 0.02646638054363376 0.047709923664122134
2 0.5489985693848355 0.5939885496183206 0.03648068669527897 0.04866412213740458
2 0.6155221745350501 0.6254770992366412 0.03934191702432046 0.03912213740458015
2 0.6140915593705293 0.6407442748091603 0.03648068669527897 0.03530534351145038
2 0.5525751072961373 0.7433206106870228 0.033619456366237484 0.06679389312977099
2 0.5761802575107297 0.7051526717557252 0.03934191702432046 0.06870229007633588
9 0.6022889842632332 0.7204198473282443 0.020028612303290415 0.06297709923664122
0 0.5786838340486409 0.6569656488549618 0.02575107296137339 0.03148854961832061
2 0.49928469241773965 0.7146946564885496 0.03719599427753934 0.061068702290076333
2 0.5035765379113019 0.5830152671755725 0.03862660944206009 0.047709923664122134
9 0.428826895565093 0.5987595419847328 0.046494992846924176 0.029580152671755722
