4 0.30464285714285716 0.919047619047619 0.052142857142857144 0.13523809523809524
3 0.7021428571428572 0.9119047619047619 0.12285714285714286 0.08666666666666667
3 0.5917857142857142 0.741904761904762 0.06785714285714285 0.1523809523809524
3 0.6489285714285714 0.49952380952380954 0.10214285714285715 0.11333333333333333
3 0.7139285714285715 0.1742857142857143 0.09071428571428572 0.11619047619047619
3 0.7425 0.2319047619047619 0.095 0.13428571428571429
3 0.5403571428571429 0.1019047619047619 0.04357142857142857 0.11238095238095239
4 0.5375 0.2695238095238095 0.04642857142857143 0.15047619047619049
4 0.54 0.4442857142857143 0.04 0.11523809523809524
4 0.4642857142857143 0.39476190476190476 0.04285714285714286 0.12476190476190477
3 0.31785714285714284 0.48714285714285716 0.05285714285714286 0.15523809523809523
3 0.3217857142857143 0.3142857142857143 0.05071428571428571 0.13714285714285715
0 0.65 0.7323809523809524 0.02 0.01904761904761905
0 0.7546428571428572 0.49523809523809526 0.017857142857142856 0.022857142857142857
0 0.825 0.6866666666666666 0.027142857142857142 0.024761904761904763
0 0.8453571428571428 0.6952380952380952 0.023571428571428573 0.015238095238095238
3 0.9667857142857142 0.7590476190476191 0.065 0.0761904761904762
3 0.9571428571428572 0.4676190476190476 0.08428571428571428 0.15428571428571428
