5 0.015 0.8965736040609137 0.012857142857142857 0.05710659898477157
2 0.18964285714285714 0.8705583756345177 0.012142857142857143 0.012690355329949238
2 0.1825 0.8991116751269035 0.012142857142857143 0.016497461928934008
2 0.18464285714285714 0.9029187817258882 0.012142857142857143 0.013959390862944161
3 0.36714285714285716 0.0031725888324873096 0.012857142857142857 0.006345177664974619
3 0.36178571428571427 0.02982233502538071 0.012142857142857143 0.008883248730964466
3 0.35964285714285715 0.041243654822335024 0.012142857142857143 0.008883248730964466
3 0.35964285714285715 0.04568527918781726 0.012142857142857143 0.01015228426395939
3 0.35678571428571426 0.05837563451776649 0.010714285714285714 0.012690355329949238
0 0.2764285714285714 0.9175126903553299 0.004285714285714286 0.0076142131979695426
0 0.33214285714285713 0.524746192893401 0.002857142857142857 0.011421319796954314
0 0.28214285714285714 0.3889593908629441 0.002857142857142857 0.008883248730964466
0 0.3242857142857143 0.4010152284263959 0.002857142857142857 0.005076142131979695
0 0.3271428571428571 0.39911167512690354 0.002857142857142857 0.006345177664974619
0 0.3342857142857143 0.3972081218274111 0.002857142857142857 0.01015228426395939
0 0.3375 0.3972081218274111 0.002142857142857143 0.01015228426395939
0 0.36678571428571427 0.3889593908629441 0.002142857142857143 0.006345177664974619
0 0.3992857142857143 0.36548223350253806 0.002857142857142857 0.01015228426395939
0 0.4039285714285714 0.3769035532994924 0.002142857142857143 0.01015228426395939
0 0.39464285714285713 0.3635786802030457 0.002142857142857143 0.008883248730964466
0 0.39714285714285713 0.3743654822335025 0.002857142857142857 0.005076142131979695
3 0.5142857142857142 0.3781725888324873 0.018571428571428572 0.015228426395939085
0 0.4928571428571429 0.45748730964467 0.002857142857142857 0.011421319796954314
0 0.3921428571428571 0.4860406091370558 0.002857142857142857 0.01015228426395939
0 0.3846428571428571 0.5640862944162436 0.002142857142857143 0.011421319796954314
0 0.37642857142857145 0.5780456852791878 0.002857142857142857 0.011421319796954314
0 0.34 0.5139593908629442 0.002857142857142857 0.01015228426395939
0 0.5378571428571428 0.35215736040609136 0.002857142857142857 0.008883248730964466
3 0.5453571428571429 0.3965736040609137 0.020714285714285713 0.019035532994923856
3 0.5942857142857143 0.37182741116751267 0.02 0.015228426395939085
0 0.6264285714285714 0.32741116751269034 0.002857142857142857 0.012690355329949238
0 0.6221428571428571 0.3312182741116751 0.002857142857142857 0.01015228426395939
0 0.6203571428571428 0.34010152284263956 0.0035714285714285713 0.01015228426395939
0 0.6342857142857142 0.48477157360406087 0.002857142857142857 0.01015228426395939
3 0.7003571428571429 0.4282994923857868 0.012142857142857143 0.026649746192893398
0 0.65 0.28743654822335024 0.002857142857142857 0.011421319796954314
0 0.7014285714285714 0.2836294416243655 0.002857142857142857 0.011421319796954314
0 0.7071428571428572 0.28236040609137053 0.002857142857142857 0.011421319796954314
0 0.7125 0.2715736040609137 0.002142857142857143 0.01015228426395939
0 0.7117857142857142 0.2728426395939086 0.002142857142857143 0.01015228426395939
0 0.6646428571428571 0.26903553299492383 0.002142857142857143 0.01015228426395939
0 0.6746428571428571 0.3032994923857868 0.002142857142857143 0.0076142131979695426
0 0.6396428571428572 0.2963197969543147 0.002142857142857143 0.011421319796954314
0 0.7367857142857143 0.1846446700507614 0.002142857142857143 0.011421319796954314
0 0.7296428571428571 0.1516497461928934 0.002142857142857143 0.011421319796954314
3 0.7117857142857142 0.08629441624365482 0.015 0.02030456852791878
3 0.7275 0.09961928934010152 0.012142857142857143 0.013959390862944161
3 0.7364285714285714 0.1148477157360406 0.01 0.016497461928934008
3 0.7439285714285714 0.14403553299492386 0.009285714285714286 0.024111675126903553
8 0.7146428571428571 0.1548223350253807 0.015 0.048223350253807105
8 0.7064285714285714 0.1611675126903553 0.015714285714285715 0.053299492385786795
3 0.6842857142857143 0.10723350253807105 0.017142857142857144 0.031725888324873094
0 0.7146428571428571 0.2411167512690355 0.002142857142857143 0.012690355329949238
8 0.7392857142857143 0.5215736040609137 0.024285714285714285 0.09644670050761421
3 0.7471428571428571 0.649746192893401 0.012857142857142857 0.035532994923857864
3 0.7264285714285714 0.6795685279187816 0.011428571428571429 0.03680203045685279
0 0.7721428571428571 0.7411167512690354 0.002857142857142857 0.0076142131979695426
3 0.8053571428571429 0.3692893401015228 0.020714285714285713 0.017766497461928932
3 0.7992857142857143 0.35215736040609136 0.03142857142857143 0.021573604060913704
1 0.8921428571428571 0.6046954314720812 0.002857142857142857 0.008883248730964466
0 0.8892857142857142 0.6046954314720812 0.002857142857142857 0.011421319796954314
0 0.8803571428571428 0.6719543147208121 0.0035714285714285713 0.011421319796954314
0 0.85 0.7176395939086294 0.004285714285714286 0.008883248730964466
0 0.8846428571428572 0.9054568527918782 0.005 0.008883248730964466
3 0.9346428571428571 0.6941624365482233 0.03214285714285714 0.02284263959390863
