4 0.4575 0.809047619047619 0.06785714285714285 0.07904761904761905
0 0.5214285714285715 0.8447619047619047 0.005714285714285714 0.024761904761904763
0 0.5221428571428571 0.8123809523809524 0.005714285714285714 0.01904761904761905
3 0.42642857142857143 0.6923809523809524 0.027142857142857142 0.026666666666666665
3 0.42642857142857143 0.6752380952380952 0.02 0.01904761904761905
3 0.44 0.7247619047619047 0.017142857142857144 0.015238095238095238
0 0.5375 0.7571428571428571 0.005 0.015238095238095238
3 0.5103571428571428 0.5876190476190476 0.056428571428571425 0.049523809523809526
3 0.5239285714285714 0.5614285714285714 0.052142857142857144 0.04476190476190476
0 0.5317857142857143 0.5095238095238095 0.005 0.015238095238095238
0 0.5771428571428572 0.43 0.005714285714285714 0.02
4 0.6603571428571429 0.2319047619047619 0.020714285714285713 0.02761904761904762
4 0.6596428571428572 0.42238095238095236 0.05071428571428571 0.035238095238095235
4 0.6492857142857142 0.439047619047619 0.045714285714285714 0.03428571428571429
3 0.6246428571428572 0.49142857142857144 0.055 0.04
3 0.75 0.43761904761904763 0.024285714285714285 0.039047619047619046
9 0.6771428571428572 0.39666666666666667 0.014285714285714285 0.012380952380952381
0 0.7567857142857143 0.5014285714285714 0.007857142857142858 0.025714285714285714
9 0.6289285714285714 0.6423809523809524 0.027857142857142858 0.025714285714285714
3 0.6717857142857143 0.6352380952380953 0.04214285714285714 0.06857142857142857
3 0.6896428571428571 0.6942857142857143 0.03785714285714286 0.07238095238095238
3 0.635 0.7223809523809523 0.047142857142857146 0.08095238095238096
0 0.7903571428571429 0.9771428571428571 0.017857142857142856 0.0380952380952381
3 0.7667857142857143 0.4038095238095238 0.02214285714285714 0.03619047619047619
3 0.7789285714285714 0.3742857142857143 0.02214285714285714 0.03619047619047619
3 0.8175 0.2776190476190476 0.02214285714285714 0.029523809523809525
3 0.8271428571428572 0.24714285714285714 0.017142857142857144 0.029523809523809525
3 0.8092857142857143 0.3019047619047619 0.02 0.030476190476190476
3 0.8589285714285714 0.1819047619047619 0.015 0.02095238095238095
3 0.8817857142857143 0.12238095238095238 0.013571428571428571 0.02
9 0.8503571428571428 0.16238095238095238 0.010714285714285714 0.010476190476190476
3 0.8896428571428572 0.10428571428571429 0.012142857142857143 0.02
3 0.9296428571428571 0.007619047619047619 0.007857142857142858 0.013333333333333332
3 0.9239285714285714 0.02238095238095238 0.0064285714285714285 0.012380952380952381
3 0.9142857142857143 0.04476190476190476 0.01 0.015238095238095238
3 0.9921428571428571 0.047142857142857146 0.01 0.014285714285714285
3 0.9678571428571429 0.3295238095238095 0.02142857142857143 0.030476190476190476
