3 0.65025 0.7096666666666667 0.0795 0.134
3 0.57675 0.5306666666666666 0.0615 0.08666666666666667
3 0.47950000000000004 0.4036666666666667 0.037 0.06466666666666666
3 0.4645 0.26266666666666666 0.04 0.050666666666666665
3 0.4215 0.17066666666666666 0.033 0.03866666666666667
3 0.39975 0.12766666666666665 0.0315 0.03666666666666667
3 0.38625 0.08966666666666666 0.025500000000000002 0.03133333333333333
3 0.38025000000000003 0.06366666666666666 0.0235 0.024666666666666667
0 0.62175 0.6306666666666666 0.0185 0.048
0 0.6042500000000001 0.6326666666666666 0.0185 0.048
1 0.62425 0.6246666666666666 0.0085 0.026666666666666665
9 0.55675 0.4736666666666666 0.0375 0.033999999999999996
9 0.5585 0.4646666666666667 0.029 0.028
9 0.536 0.42766666666666664 0.03 0.03133333333333333
9 0.52575 0.4026666666666667 0.0315 0.026666666666666665
9 0.52575 0.38266666666666665 0.0285 0.025333333333333333
9 0.512 0.36166666666666664 0.03 0.026
1 0.53825 0.42066666666666663 0.0145 0.029333333333333333
1 0.4495 0.39766666666666667 0.012 0.03
9 0.44875 0.4036666666666667 0.0195 0.033999999999999996
0 0.5660000000000001 0.37966666666666665 0.011 0.03666666666666667
1 0.3635 0.14566666666666667 0.011 0.022
1 0.36225 0.14033333333333334 0.0135 0.022
9 0.36225 0.14766666666666667 0.0145 0.02333333333333333
0 0.41725 0.025666666666666667 0.0095 0.022
0 0.17325000000000002 0.04666666666666666 0.021500000000000002 0.03333333333333333
4 0.06325 0.08866666666666666 0.0305 0.04666666666666666
4 0.0695 0.04666666666666666 0.027 0.04666666666666666
4 0.08075 0.024666666666666667 0.021500000000000002 0.03733333333333333
3 0.08925 0.011666666666666665 0.0225 0.02333333333333333
3 0.02275 0.214 0.0375 0.048
4 0.012750000000000001 0.265 0.025500000000000002 0.074
1 0.09925 0.10066666666666667 0.0115 0.018666666666666665
9 0.10125 0.11066666666666666 0.0145 0.022666666666666665
1 0.06425 0.21866666666666665 0.0115 0.018666666666666665
9 0.06825 0.22699999999999998 0.0145 0.026
1 0.051000000000000004 0.22066666666666665 0.01 0.018666666666666665
9 0.0545 0.23399999999999999 0.01 0.024
4 0.50225 0.32266666666666666 0.0475 0.07333333333333333
