3 0.6873695198329853 0.9568645640074211 0.03444676409185803 0.08256029684601113
3 0.792536534446764 0.8910018552875696 0.04227557411273486 0.10482374768089053
3 0.8055845511482254 0.9726345083487941 0.04227557411273486 0.05287569573283859
3 0.9765135699373694 0.8209647495361782 0.045929018789144044 0.0686456400742115
0 0.9342379958246345 0.8705936920222634 0.010438413361169102 0.039888682745825604
3 0.9318893528183715 0.7903525046382189 0.05167014613778705 0.06307977736549165
4 0.896920668058455 0.7527829313543599 0.06106471816283924 0.05473098330241188
3 0.8640396659707723 0.7207792207792207 0.06002087682672233 0.04823747680890538
3 0.8301148225469728 0.6887755102040817 0.05793319415448851 0.04730983302411874
3 0.8084551148225468 0.6539888682745826 0.04801670146137787 0.0463821892393321
4 0.7593945720250521 0.5667903525046383 0.04175365344467641 0.0463821892393321
3 0.740866388308977 0.5422077922077922 0.04123173277661795 0.039888682745825604
3 0.7330375782881001 0.5088126159554731 0.04018789144050104 0.045454545454545456
3 0.7314718162839248 0.4795918367346939 0.04018789144050104 0.0352504638218924
3 0.7270354906054279 0.4448051948051948 0.032359081419624215 0.03803339517625232
3 0.7139874739039666 0.42161410018552875 0.031315240083507306 0.03246753246753247
3 0.6970250521920668 0.3979591836734694 0.03496868475991649 0.03339517625231911
3 0.6936325678496867 0.3761595547309833 0.03653444676409186 0.0287569573283859
3 0.6871085594989561 0.30844155844155846 0.03079331941544885 0.02504638218923933
3 0.6336116910229644 0.5473098330241187 0.04697286012526095 0.04452690166975881
3 0.6406576200417536 0.525974025974026 0.0464509394572025 0.04081632653061225
3 0.6278705636743215 0.4805194805194805 0.04175365344467641 0.03339517625231911
3 0.6268267223382046 0.45871985157699446 0.04070981210855949 0.0287569573283859
3 0.6315240083507306 0.4230055658627087 0.037578288100208766 0.03153988868274583
3 0.627348643006263 0.3399814471243043 0.033402922755741124 0.0287569573283859
4 0.627348643006263 0.30194805194805197 0.026096033402922752 0.026901669758812616
0 0.6252609603340291 0.37430426716141 0.0041753653444676405 0.021335807050092765
2 0.61821503131524 0.3761595547309833 0.012004175365344467 0.012059369202226345
0 0.6625782881002087 0.349721706864564 0.0057411273486430055 0.022263450834879406
9 0.7129436325678496 0.35018552875695735 0.010438413361169102 0.0176252319109462
4 0.7019832985386221 0.2694805194805195 0.026096033402922752 0.026901669758812616
3 0.6294363256784968 0.27968460111317256 0.031315240083507306 0.02504638218923933
3 0.5211377870563674 0.3937847866419295 0.017223382045929016 0.03432282003710575
4 0.5511482254697285 0.3163265306122449 0.013569937369519832 0.03339517625231911
0 0.5224425887265135 0.15445269016697588 0.0041753653444676405 0.01948051948051948
5 0.514874739039666 0.21985157699443414 0.03079331941544885 0.09647495361781076
1 0.5485386221294363 0.09090909090909091 0.0020876826722338203 0.00927643784786642
1 0.5592379958246346 0.05009276437847866 0.0026096033402922755 0.00927643784786642
9 0.5487995824634655 0.09601113172541745 0.007828810020876827 0.008348794063079777
9 0.5592379958246346 0.05287569573283859 0.004697286012526096 0.00927643784786642
0 0.5691544885177452 0.05519480519480519 0.0026096033402922755 0.013914656771799629
3 0.5915970772442588 0.06029684601113173 0.007828810020876827 0.014842300556586271
4 0.609081419624217 0.07838589981447125 0.016701461377870562 0.015769944341372914
