3 0.7195 0.8976666666666666 0.275 0.18733333333333332
3 0.583 0.6336666666666666 0.183 0.18866666666666665
3 0.52625 0.48866666666666664 0.17250000000000001 0.16266666666666665
3 0.9400000000000001 0.5456666666666666 0.11900000000000001 0.17666666666666667
3 0.844 0.31666666666666665 0.167 0.15866666666666665
3 0.7815 0.25166666666666665 0.147 0.12866666666666665
3 0.712 0.15966666666666665 0.14200000000000002 0.13666666666666666
3 0.66 0.07266666666666667 0.121 0.11066666666666666
3 0.87425 0.04766666666666666 0.07050000000000001 0.09533333333333333
3 0.96125 0.13766666666666666 0.0765 0.11933333333333333
3 0.6042500000000001 0.039 0.1375 0.078
9 0.321 0.43066666666666664 0.04 0.05733333333333333
9 0.389 0.2906666666666667 0.06 0.04666666666666666
9 0.389 0.17366666666666666 0.051000000000000004 0.086
9 0.3005 0.10566666666666666 0.057 0.048666666666666664
9 0.219 0.11166666666666666 0.05 0.04466666666666667
9 0.28775 0.29666666666666663 0.0405 0.056
9 0.265 0.22966666666666666 0.047 0.03
9 0.2645 0.20966666666666667 0.05 0.028666666666666667
2 0.36275 0.33666666666666667 0.0535 0.05466666666666666
