3 0.12214285714285714 0.9195238095238095 0.06 0.04285714285714286
3 0.5446428571428571 0.7595238095238095 0.047857142857142855 0.06571428571428571
3 0.4789285714285714 0.66 0.029285714285714286 0.07238095238095238
3 0.6471428571428571 0.8042857142857143 0.05714285714285714 0.040952380952380955
3 0.8425 0.81 0.056428571428571425 0.04285714285714286
3 0.7167857142857142 0.669047619047619 0.05357142857142857 0.037142857142857144
3 0.9128571428571428 0.6338095238095238 0.05714285714285714 0.039047619047619046
3 0.48892857142857143 0.4838095238095238 0.02214285714285714 0.05714285714285714
3 0.4342857142857143 0.18761904761904763 0.02142857142857143 0.05142857142857143
3 0.4617857142857143 0.18428571428571427 0.019285714285714285 0.05238095238095238
5 0.8371428571428572 0.6476190476190476 0.10285714285714286 0.05714285714285714
4 0.4575 0.39904761904761904 0.02214285714285714 0.06095238095238095
9 0.48214285714285715 0.5647619047619048 0.01 0.03238095238095238
9 0.535 0.6342857142857142 0.01 0.030476190476190476
9 0.5646428571428571 0.7214285714285714 0.019285714285714285 0.025714285714285714
9 0.6071428571428571 0.7471428571428571 0.022857142857142857 0.02
9 0.3742857142857143 0.8766666666666667 0.03 0.01619047619047619
9 0.4203571428571429 0.9095238095238095 0.025 0.015238095238095238
9 0.3825 0.9142857142857143 0.023571428571428573 0.017142857142857144
9 0.8139285714285714 0.7452380952380953 0.025 0.018095238095238095
9 0.8371428571428572 0.7814285714285715 0.022857142857142857 0.014285714285714285
9 0.8589285714285714 0.7342857142857143 0.025 0.015238095238095238
9 0.8921428571428571 0.7538095238095238 0.024285714285714285 0.018095238095238095
9 0.6464285714285715 0.919047619047619 0.024285714285714285 0.024761904761904763
9 0.030357142857142857 0.9671428571428572 0.03785714285714286 0.018095238095238095
9 0.2 0.9671428571428572 0.022857142857142857 0.018095238095238095
6 0.6664285714285715 0.8542857142857143 0.024285714285714285 0.024761904761904763
6 0.6221428571428571 0.7223809523809523 0.037142857142857144 0.023809523809523808
2 0.3467857142857143 0.7466666666666667 0.015 0.011428571428571429
6 0.49214285714285716 0.9771428571428571 0.014285714285714285 0.02857142857142857
9 0.41214285714285714 0.09380952380952381 0.01 0.02761904761904762
2 0.4617857142857143 0.019523809523809523 0.0064285714285714285 0.021904761904761906
0 0.36964285714285716 0.25476190476190474 0.007857142857142858 0.02
0 0.385 0.48523809523809525 0.005714285714285714 0.01619047619047619
0 0.3896428571428571 0.47904761904761906 0.007857142857142858 0.015238095238095238
0 0.39714285714285713 0.4747619047619048 0.007142857142857143 0.01619047619047619
0 0.40214285714285714 0.4738095238095238 0.007142857142857143 0.012380952380952381
0 0.41285714285714287 0.4766666666666667 0.008571428571428572 0.018095238095238095
1 0.026785714285714284 0.9671428571428572 0.017857142857142856 0.012380952380952381
1 0.375 0.8771428571428571 0.01 0.009523809523809525
1 0.3825 0.9142857142857143 0.010714285714285714 0.015238095238095238
1 0.42178571428571426 0.9095238095238095 0.010714285714285714 0.015238095238095238
1 0.34535714285714286 0.7447619047619047 0.009285714285714286 0.011428571428571429
1 0.6071428571428571 0.7476190476190476 0.012857142857142857 0.015238095238095238
1 0.5667857142857143 0.7219047619047619 0.009285714285714286 0.017142857142857144
1 0.8153571428571429 0.7447619047619047 0.013571428571428571 0.017142857142857144
1 0.8403571428571428 0.7819047619047619 0.012142857142857143 0.009523809523809525
1 0.8621428571428571 0.7338095238095238 0.01 0.012380952380952381
1 0.6171428571428571 0.72 0.01 0.009523809523809525
1 0.8975 0.7523809523809524 0.012142857142857143 0.015238095238095238
1 0.48214285714285715 0.5638095238095238 0.01 0.013333333333333332
1 0.41214285714285714 0.08952380952380952 0.007142857142857143 0.007619047619047619
1 0.41214285714285714 0.08523809523809524 0.005714285714285714 0.012380952380952381
1 0.4617857142857143 0.014761904761904763 0.005 0.012380952380952381
9 0.4278571428571429 0.3442857142857143 0.01 0.023809523809523808
1 0.42714285714285716 0.3419047619047619 0.007142857142857143 0.015238095238095238
