3 0.20535714285714285 0.13380952380952382 0.07071428571428572 0.04476190476190476
0 0.3578571428571429 0.4742857142857143 0.012857142857142857 0.013333333333333332
0 0.34 0.5352380952380953 0.01 0.011428571428571429
2 0.4092857142857143 0.5852380952380952 0.024285714285714285 0.006666666666666666
5 0.19 0.6823809523809524 0.047142857142857146 0.11904761904761904
3 0.017857142857142856 0.9 0.037142857142857144 0.09904761904761905
3 0.27535714285714286 0.6776190476190476 0.03357142857142857 0.09238095238095238
4 0.23785714285714285 0.92 0.03428571428571429 0.08190476190476191
4 0.275 0.9223809523809524 0.03 0.07523809523809524
3 0.31035714285714283 0.9223809523809524 0.03214285714285714 0.09619047619047619
3 0.3489285714285714 0.9266666666666666 0.03214285714285714 0.10095238095238095
3 0.3875 0.9219047619047619 0.030714285714285715 0.09714285714285714
4 0.3896428571428571 0.6866666666666666 0.027857142857142858 0.10666666666666666
3 0.4275 0.689047619047619 0.02642857142857143 0.08285714285714285
4 0.46535714285714286 0.6919047619047619 0.029285714285714286 0.0980952380952381
3 0.8771428571428571 0.14904761904761904 0.06714285714285714 0.04476190476190476
3 0.9721428571428572 0.15666666666666668 0.054285714285714284 0.04285714285714286
4 0.9871428571428571 0.42952380952380953 0.024285714285714285 0.0380952380952381
4 0.9528571428571428 0.9438095238095238 0.04285714285714286 0.11047619047619048
3 0.9121428571428571 0.9423809523809524 0.037142857142857144 0.1
4 0.8728571428571429 0.9447619047619048 0.037142857142857144 0.09714285714285714
3 0.805 0.9242857142857143 0.037142857142857144 0.10761904761904761
4 0.7253571428571428 0.9338095238095238 0.03357142857142857 0.09428571428571429
4 0.5696428571428571 0.9295238095238095 0.027857142857142858 0.09904761904761905
4 0.4639285714285714 0.9319047619047619 0.030714285714285715 0.1019047619047619
3 0.4253571428571429 0.9295238095238095 0.027857142857142858 0.08190476190476191
5 0.5275 0.9342857142857143 0.025 0.08
3 0.5321428571428571 0.6952380952380952 0.03 0.08952380952380952
0 0.4967857142857143 0.7476190476190476 0.007857142857142858 0.011428571428571429
3 0.57 0.6942857142857143 0.03 0.09523809523809523
3 0.6446428571428572 0.6871428571428572 0.030714285714285715 0.09428571428571429
4 0.905 0.6971428571428572 0.04 0.08571428571428572
3 0.8664285714285714 0.6966666666666667 0.037142857142857144 0.08857142857142856
3 0.7621428571428571 0.699047619047619 0.032857142857142856 0.09714285714285714
4 0.6896428571428571 0.6942857142857143 0.029285714285714286 0.08
4 0.6875 0.5566666666666666 0.03357142857142857 0.09238095238095238
3 0.6089285714285714 0.5647619047619048 0.030714285714285715 0.08571428571428572
0 0.7978571428571428 0.8419047619047619 0.017142857142857144 0.017142857142857144
