3 0.11508350730688933 0.9777365491651206 0.04958246346555323 0.04267161410018553
3 0.3580375782881002 0.9564007421150278 0.07098121085594988 0.08534322820037106
3 0.6821503131524008 0.8631725417439703 0.05532359081419624 0.09369202226345083
3 0.7072025052192066 0.924860853432282 0.058455114822546964 0.10204081632653061
3 0.5266179540709811 0.5969387755102041 0.043841336116910226 0.06586270871985157
7 0.5467118997912317 0.4666048237476809 0.03183716075156576 0.0463821892393321
3 0.443893528183716 0.4749536178107607 0.04018789144050104 0.06493506493506494
3 0.3971816283924843 0.4332096474953618 0.04175365344467641 0.06307977736549165
3 0.37291231732776614 0.4090909090909091 0.04123173277661795 0.06493506493506494
3 0.3342901878914405 0.362708719851577 0.0360125260960334 0.055658627087198514
4 0.27531315240083504 0.3079777365491651 0.03914405010438413 0.06493506493506494
3 0.2599164926931106 0.2922077922077922 0.04175365344467641 0.055658627087198514
3 0.19859081419624214 0.22959183673469388 0.04123173277661795 0.05287569573283859
3 0.1724947807933194 0.22959183673469388 0.03914405010438413 0.05287569573283859
3 0.06602296450939457 0.05890538033395176 0.03496868475991649 0.03432282003710575
3 0.07881002087682672 0.04220779220779221 0.029227557411273482 0.03246753246753247
3 0.5670668058455114 0.3469387755102041 0.028705636743215027 0.05380333951762523
3 0.5835073068893527 0.29591836734693877 0.025052192066805843 0.05009276437847866
3 0.5284446764091858 0.22866419294990725 0.03496868475991649 0.043599257884972174
3 0.5686325678496867 0.14935064935064934 0.022442588726513567 0.04081632653061225
4 0.5962943632567849 0.14888682745825604 0.025574112734864297 0.05287569573283859
3 0.6304801670146137 0.08209647495361781 0.022964509394572022 0.03432282003710575
3 0.650313152400835 0.03432282003710575 0.019832985386221292 0.03896103896103896
