1 0.3267857142857143 0.9571428571428572 0.007857142857142858 0.017142857142857144
7 0.3317857142857143 0.9542857142857143 0.017857142857142856 0.0419047619047619
9 0.3092857142857143 0.8542857142857143 0.008571428571428572 0.024761904761904763
0 0.3317857142857143 0.7490476190476191 0.0064285714285714285 0.014285714285714285
0 0.34464285714285714 0.6871428571428572 0.005 0.014285714285714285
9 0.35464285714285715 0.7071428571428572 0.02214285714285714 0.012380952380952381
9 0.3578571428571429 0.6919047619047619 0.018571428571428572 0.012380952380952381
9 0.3539285714285714 0.4795238095238095 0.019285714285714285 0.010476190476190476
9 0.35928571428571426 0.46523809523809523 0.015714285714285715 0.010476190476190476
9 0.36428571428571427 0.43666666666666665 0.012857142857142857 0.02
9 0.33785714285714286 0.6023809523809524 0.017142857142857144 0.006666666666666666
9 0.33964285714285714 0.5952380952380952 0.015 0.007619047619047619
9 0.34 0.5619047619047619 0.012857142857142857 0.007619047619047619
9 0.7214285714285714 0.97 0.02 0.02
9 0.7096428571428571 0.9614285714285714 0.015 0.018095238095238095
9 0.7046428571428571 0.9419047619047619 0.017857142857142856 0.02857142857142857
9 0.6971428571428572 0.9242857142857143 0.014285714285714285 0.03142857142857143
0 0.7196428571428571 0.9119047619047619 0.007857142857142858 0.010476190476190476
7 0.6471428571428571 0.7638095238095238 0.012857142857142857 0.03238095238095238
1 0.6271428571428571 0.6571428571428571 0.007142857142857143 0.011428571428571429
1 0.5689285714285715 0.6947619047619048 0.007857142857142858 0.012380952380952381
9 0.5671428571428572 0.6971428571428572 0.02 0.015238095238095238
9 0.6267857142857143 0.6619047619047619 0.007857142857142858 0.02857142857142857
9 0.5928571428571429 0.611904761904762 0.018571428571428572 0.012380952380952381
9 0.5825 0.5595238095238095 0.019285714285714285 0.012380952380952381
9 0.5792857142857143 0.5347619047619048 0.017142857142857144 0.012380952380952381
9 0.58 0.5247619047619048 0.014285714285714285 0.009523809523809525
9 0.5778571428571428 0.51 0.015714285714285715 0.010476190476190476
9 0.5725 0.49476190476190474 0.015 0.012380952380952381
9 0.5971428571428572 0.49476190476190474 0.017142857142857144 0.012380952380952381
9 0.5717857142857142 0.4795238095238095 0.016428571428571428 0.010476190476190476
9 0.5721428571428572 0.4695238095238095 0.017142857142857144 0.009523809523809525
9 0.5671428571428572 0.43761904761904763 0.012857142857142857 0.010476190476190476
9 0.5571428571428572 0.37142857142857144 0.017142857142857144 0.011428571428571429
9 0.5592857142857143 0.38142857142857145 0.017142857142857144 0.010476190476190476
9 0.5446428571428571 0.23476190476190475 0.012142857142857143 0.012380952380952381
9 0.5392857142857143 0.22714285714285715 0.012857142857142857 0.010476190476190476
9 0.5371428571428571 0.2 0.012857142857142857 0.011428571428571429
9 0.5371428571428571 0.13380952380952382 0.01 0.010476190476190476
9 0.525 0.11476190476190476 0.012857142857142857 0.008571428571428572
9 0.5225 0.09714285714285714 0.012142857142857143 0.009523809523809525
9 0.5221428571428571 0.09142857142857143 0.012857142857142857 0.007619047619047619
9 0.5196428571428572 0.06952380952380953 0.010714285714285714 0.007619047619047619
9 0.49714285714285716 0.17761904761904762 0.007142857142857143 0.01619047619047619
9 0.42714285714285716 0.03238095238095238 0.004285714285714286 0.015238095238095238
9 0.3792857142857143 0.22142857142857142 0.014285714285714285 0.010476190476190476
9 0.3475 0.19952380952380952 0.005 0.012380952380952381
9 0.33285714285714285 0.2019047619047619 0.004285714285714286 0.015238095238095238
9 0.3271428571428571 0.2 0.007142857142857143 0.013333333333333332
9 0.3392857142857143 0.20142857142857143 0.007142857142857143 0.018095238095238095
9 0.3217857142857143 0.20238095238095238 0.0064285714285714285 0.01619047619047619
9 0.31535714285714284 0.2019047619047619 0.005 0.015238095238095238
9 0.31 0.2019047619047619 0.005714285714285714 0.015238095238095238
9 0.3364285714285714 0.29 0.012857142857142857 0.02
9 0.4542857142857143 0.3038095238095238 0.005714285714285714 0.01904761904761905
9 0.48642857142857143 0.3047619047619048 0.004285714285714286 0.017142857142857144
9 0.395 0.3852380952380952 0.01 0.02
9 0.42 0.4342857142857143 0.007142857142857143 0.022857142857142857
9 0.46535714285714286 0.5071428571428571 0.007857142857142858 0.02761904761904762
1 0.465 0.5038095238095238 0.005714285714285714 0.011428571428571429
1 0.46535714285714286 0.49952380952380954 0.005 0.010476190476190476
1 0.42142857142857143 0.4319047619047619 0.005714285714285714 0.010476190476190476
1 0.39464285714285713 0.3819047619047619 0.005 0.011428571428571429
1 0.4542857142857143 0.3019047619047619 0.002857142857142857 0.007619047619047619
1 0.4853571428571429 0.3019047619047619 0.005 0.007619047619047619
1 0.3364285714285714 0.28714285714285714 0.007142857142857143 0.010476190476190476
1 0.3792857142857143 0.21904761904761905 0.007142857142857143 0.007619047619047619
1 0.4975 0.1742857142857143 0.005 0.009523809523809525
1 0.42714285714285716 0.027142857142857142 0.004285714285714286 0.010476190476190476
0 0.5596428571428571 0.15142857142857144 0.005 0.01904761904761905
0 0.3964285714285714 0.17952380952380953 0.004285714285714286 0.014285714285714285
0 0.35964285714285715 0.17142857142857143 0.005 0.013333333333333332
3 0.4392857142857143 0.007619047619047619 0.01 0.017142857142857144
7 0.41535714285714287 0.03666666666666667 0.009285714285714286 0.02761904761904762
4 0.43464285714285716 0.062380952380952384 0.012142857142857143 0.02761904761904762
4 0.435 0.11714285714285715 0.012857142857142857 0.02857142857142857
0 0.5789285714285715 0.43476190476190474 0.005 0.012380952380952381
7 0.6275 0.48238095238095235 0.012142857142857143 0.03333333333333333
7 0.5471428571428572 0.42238095238095236 0.012857142857142857 0.029523809523809525
7 0.5592857142857143 0.5566666666666666 0.01 0.03142857142857143
0 0.575 0.5847619047619048 0.005714285714285714 0.009523809523809525
3 0.5514285714285714 0.49952380952380954 0.02 0.05047619047619047
3 0.7789285714285714 0.034761904761904765 0.029285714285714286 0.02
5 0.8621428571428571 0.034761904761904765 0.032857142857142856 0.02
3 0.8764285714285714 0.06952380952380953 0.02857142857142857 0.017142857142857144
3 0.8842857142857142 0.08476190476190476 0.02857142857142857 0.017142857142857144
3 0.7896428571428571 0.06761904761904762 0.029285714285714286 0.01904761904761905
