3 0.29714285714285715 0.9247619047619048 0.07285714285714286 0.0419047619047619
3 0.12964285714285714 0.9347619047619048 0.075 0.04285714285714286
3 0.10785714285714286 0.9747619047619047 0.07 0.04476190476190476
3 0.03892857142857143 0.9571428571428572 0.07071428571428572 0.049523809523809526
3 0.045 0.909047619047619 0.07142857142857142 0.04476190476190476
3 0.44535714285714284 0.8666666666666667 0.055 0.0419047619047619
3 0.5746428571428571 0.6652380952380952 0.015 0.023809523809523808
3 0.5067857142857143 0.7566666666666667 0.02214285714285714 0.03142857142857143
3 0.4875 0.7423809523809524 0.020714285714285713 0.03333333333333333
3 0.5 0.7123809523809523 0.02142857142857143 0.024761904761904763
3 0.5225 0.7147619047619047 0.020714285714285713 0.02761904761904762
3 0.44 0.7390476190476191 0.025714285714285714 0.02857142857142857
3 0.4539285714285714 0.7142857142857143 0.020714285714285713 0.026666666666666665
3 0.5121428571428571 0.6895238095238095 0.02 0.024761904761904763
4 0.4625 0.741904761904762 0.02214285714285714 0.03238095238095238
5 0.47964285714285715 0.7047619047619048 0.025 0.047619047619047616
3 0.46714285714285714 0.6942857142857143 0.017142857142857144 0.026666666666666665
3 0.5239285714285714 0.6671428571428571 0.017857142857142856 0.021904761904761906
3 0.5246428571428572 0.7771428571428571 0.029285714285714286 0.0380952380952381
3 0.5346428571428572 0.6423809523809524 0.012142857142857143 0.02
3 0.5739285714285715 0.6371428571428571 0.010714285714285714 0.015238095238095238
3 0.665 0.9495238095238095 0.06 0.047619047619047616
3 0.7614285714285715 0.97 0.06857142857142857 0.05238095238095238
3 0.695 0.9866666666666667 0.07285714285714286 0.024761904761904763
3 0.8725 0.981904761904762 0.08642857142857142 0.03428571428571429
0 0.585 0.8695238095238095 0.007142857142857143 0.026666666666666665
1 0.6703571428571429 0.8442857142857143 0.0064285714285714285 0.023809523809523808
9 0.6692857142857143 0.8447619047619047 0.017142857142857144 0.015238095238095238
3 0.5978571428571429 0.5595238095238095 0.008571428571428572 0.010476190476190476
3 0.6221428571428571 0.5238095238095238 0.01 0.015238095238095238
3 0.6046428571428571 0.5023809523809524 0.005 0.006666666666666666
3 0.6096428571428572 0.4976190476190476 0.005 0.008571428571428572
4 0.5675 0.5252380952380953 0.017857142857142856 0.01619047619047619
1 0.37214285714285716 0.8323809523809523 0.007142857142857143 0.015238095238095238
1 0.36178571428571427 0.8347619047619048 0.007857142857142858 0.02
1 0.41 0.7842857142857143 0.005714285714285714 0.012380952380952381
1 0.415 0.7695238095238095 0.004285714285714286 0.013333333333333332
0 0.35535714285714287 0.7676190476190476 0.005 0.017142857142857144
0 0.3575 0.7642857142857142 0.005 0.02
1 0.41035714285714286 0.7538095238095238 0.007857142857142858 0.018095238095238095
9 0.35964285714285715 0.8442857142857143 0.007857142857142858 0.021904761904761906
9 0.36964285714285716 0.8419047619047619 0.007857142857142858 0.017142857142857144
9 0.4114285714285714 0.7942857142857143 0.01 0.015238095238095238
9 0.415 0.7766666666666666 0.007142857142857143 0.012380952380952381
1 0.39964285714285713 0.7595238095238095 0.005 0.018095238095238095
1 0.34964285714285714 0.8142857142857143 0.010714285714285714 0.017142857142857144
9 0.34785714285714286 0.8247619047619048 0.02 0.015238095238095238
