3 0.88025 0.8856666666666666 0.1285 0.21933333333333332
3 0.7665000000000001 0.6716666666666666 0.14200000000000002 0.13666666666666666
3 0.70175 0.7806666666666666 0.1285 0.19999999999999998
3 0.54125 0.6766666666666666 0.0975 0.17333333333333334
3 0.4315 0.6136666666666667 0.097 0.15133333333333332
3 0.33175 0.5496666666666666 0.0755 0.14466666666666667
3 0.14675 0.43766666666666665 0.1135 0.10733333333333334
3 0.0665 0.35766666666666663 0.059000000000000004 0.11533333333333333
3 0.9822500000000001 0.9156666666666666 0.0345 0.12333333333333332
3 0.8475 0.4696666666666667 0.121 0.09799999999999999
3 0.69825 0.39466666666666667 0.1085 0.08933333333333333
3 0.37475 0.26566666666666666 0.0425 0.08866666666666666
3 0.317 0.23266666666666666 0.046 0.08
3 0.196 0.17466666666666666 0.096 0.06
3 0.194 0.2896666666666667 0.10300000000000001 0.08066666666666666
3 0.44075000000000003 0.13066666666666665 0.07150000000000001 0.072
3 0.11575 0.14466666666666667 0.0985 0.048
3 0.073 0.11566666666666667 0.093 0.056666666666666664
3 0.025750000000000002 0.07666666666666666 0.051500000000000004 0.052
3 0.74975 0.044 0.0805 0.064
0 0.9500000000000001 0.103 0.025 0.049999999999999996
0 0.86675 0.07066666666666667 0.0125 0.04133333333333333
0 0.8575 0.06366666666666666 0.01 0.02733333333333333
2 0.85775 0.09266666666666666 0.0235 0.03333333333333333
0 0.92225 0.035666666666666666 0.0195 0.04466666666666667
