4 0.6853571428571429 0.9233333333333333 0.17642857142857143 0.15142857142857144
3 0.6403571428571428 0.7642857142857142 0.07928571428571428 0.14761904761904762
3 0.6346428571428572 0.6466666666666666 0.07214285714285715 0.09904761904761905
3 0.40785714285714286 0.6252380952380953 0.1357142857142857 0.08857142857142856
3 0.6342857142857142 0.49238095238095236 0.04285714285714286 0.06476190476190476
6 0.8396428571428571 0.6042857142857143 0.11214285714285714 0.06761904761904762
3 0.2717857142857143 0.439047619047619 0.047857142857142855 0.0419047619047619
3 0.3317857142857143 0.42666666666666664 0.05357142857142857 0.04
3 0.3925 0.45714285714285713 0.055 0.04
3 0.365 0.4676190476190476 0.07 0.047619047619047616
3 0.3271428571428571 0.4990476190476191 0.10714285714285714 0.05714285714285714
3 0.2621428571428571 0.5371428571428571 0.07285714285714286 0.045714285714285714
3 0.21642857142857141 0.5666666666666667 0.11428571428571428 0.07238095238095238
3 0.1442857142857143 0.6423809523809524 0.13714285714285715 0.07523809523809524
4 0.4517857142857143 0.4119047619047619 0.05928571428571429 0.035238095238095235
3 0.5453571428571429 0.4147619047619048 0.06357142857142857 0.035238095238095235
3 0.5942857142857143 0.3871428571428571 0.022857142857142857 0.02761904761904762
3 0.6239285714285714 0.36666666666666664 0.023571428571428573 0.030476190476190476
3 0.5017857142857143 0.45714285714285713 0.08214285714285714 0.0380952380952381
3 0.4742857142857143 0.49952380952380954 0.09857142857142857 0.05238095238095238
3 0.4517857142857143 0.53 0.09785714285714285 0.06
3 0.42964285714285716 0.5471428571428572 0.12214285714285714 0.04857142857142857
3 0.41285714285714287 0.5866666666666667 0.13 0.06476190476190476
0 0.8696428571428572 0.5976190476190476 0.030714285714285715 0.06571428571428571
3 0.7025 0.44761904761904764 0.08214285714285714 0.030476190476190476
3 0.6942857142857143 0.4338095238095238 0.06 0.035238095238095235
3 0.6875 0.4195238095238095 0.06785714285714285 0.029523809523809525
3 0.6821428571428572 0.40904761904761905 0.06285714285714286 0.037142857142857144
3 0.68 0.39904761904761904 0.06285714285714286 0.03428571428571429
