2 0.10892857142857143 0.74 0.04928571428571429 0.03619047619047619
4 0.4039285714285714 0.6695238095238095 0.13785714285714284 0.1523809523809524
4 0.22464285714285714 0.6419047619047619 0.105 0.1676190476190476
3 0.28964285714285715 0.5947619047619047 0.09214285714285714 0.14952380952380953
3 0.34535714285714286 0.5519047619047619 0.08928571428571429 0.13047619047619047
3 0.4017857142857143 0.5076190476190476 0.085 0.12761904761904763
3 0.55 0.39380952380952383 0.09 0.11333333333333333
4 0.5075 0.15666666666666668 0.07071428571428572 0.08095238095238096
4 0.45785714285714285 0.4723809523809524 0.08 0.11428571428571428
3 0.6296428571428572 0.32904761904761903 0.08928571428571429 0.1019047619047619
3 0.6746428571428571 0.3019047619047619 0.085 0.09523809523809523
3 0.7614285714285715 0.3619047619047619 0.08428571428571428 0.08952380952380952
3 0.8421428571428572 0.2923809523809524 0.08428571428571428 0.08571428571428572
3 0.9171428571428571 0.22476190476190477 0.08 0.08190476190476191
3 0.5792857142857143 0.10904761904761905 0.06571428571428571 0.08476190476190476
3 0.605 0.0919047619047619 0.06857142857142857 0.07333333333333333
3 0.8471428571428572 0.18 0.07714285714285714 0.08
3 0.8753571428571428 0.15476190476190477 0.07357142857142857 0.07523809523809524
3 0.9021428571428571 0.13380952380952382 0.06714285714285714 0.06952380952380953
3 0.9710714285714286 0.08238095238095237 0.056428571428571425 0.06571428571428571
3 0.24428571428571427 0.2947619047619048 0.07714285714285714 0.11714285714285715
3 0.1975 0.3419047619047619 0.07785714285714286 0.11428571428571428
3 0.13464285714285715 0.36238095238095236 0.075 0.11523809523809524
3 0.07464285714285715 0.3914285714285714 0.085 0.14095238095238094
2 0.455 0.14952380952380953 0.02 0.0419047619047619
9 0.41964285714285715 0.17666666666666667 0.035 0.04285714285714286
3 0.39464285714285713 0.2195238095238095 0.06785714285714285 0.09238095238095238
1 0.8389285714285715 0.6476190476190476 0.027857142857142858 0.03238095238095238
9 0.8389285714285715 0.6523809523809524 0.03214285714285714 0.049523809523809526
3 0.08535714285714285 0.91 0.1707142857142857 0.17809523809523808
3 0.022857142857142857 0.43 0.047142857142857146 0.13238095238095238
4 0.9610714285714286 0.731904761904762 0.07642857142857143 0.11714285714285715
