3 0.07985386221294362 0.09137291280148423 0.04906054279749478 0.041743970315398886
4 0.029227557411273482 0.21985157699443414 0.03444676409185803 0.059369202226345084
4 0.059759916492693105 0.21196660482374768 0.025574112734864297 0.05287569573283859
3 0.35229645093945716 0.6785714285714286 0.06367432150313151 0.06215213358070501
1 0.3713465553235908 0.4485157699443414 0.006784968684759916 0.021335807050092765
1 0.38726513569937365 0.4485157699443414 0.009394572025052192 0.02319109461966605
1 0.4107515657620041 0.4837662337662338 0.0073068893528183704 0.021335807050092765
9 0.37212943632567846 0.5269016697588126 0.016701461377870562 0.022263450834879406
9 0.37291231732776614 0.511595547309833 0.019311064718162838 0.015769944341372914
9 0.3410751565762004 0.7467532467532467 0.022442588726513567 0.020408163265306124
9 0.3629958246346555 0.7666975881261595 0.02139874739039666 0.015769944341372914
9 0.32828810020876825 0.7179962894248608 0.021920668058455113 0.016697588126159554
9 0.3418580375782881 0.8659554730983302 0.020876826722338204 0.021335807050092765
2 0.3382045929018789 0.888682745825603 0.01774530271398747 0.022263450834879406
9 0.4172755741127348 0.8965677179962894 0.008872651356993735 0.02504638218923933
3 0.43188935281837154 0.9438775510204082 0.0360125260960334 0.10853432282003711
3 0.41675365344467635 0.3423005565862709 0.0464509394572025 0.0463821892393321
3 0.4329331941544885 0.2727272727272727 0.04331941544885177 0.04081632653061225
3 0.3911795407098121 0.05890538033395176 0.04123173277661795 0.041743970315398886
3 0.4739039665970772 0.1261595547309833 0.021920668058455113 0.055658627087198514
3 0.5882045929018789 0.06586270871985157 0.043841336116910226 0.03896103896103896
3 0.580375782881002 0.11317254174397032 0.04175365344467641 0.04081632653061225
3 0.5754175365344467 0.14053803339517626 0.04227557411273486 0.039888682745825604
3 0.5474947807933194 0.24025974025974026 0.04697286012526095 0.04452690166975881
3 0.549321503131524 0.2741187384044527 0.04540709812108559 0.045454545454545456
3 0.5396659707724425 0.3228200371057514 0.04906054279749478 0.0463821892393321
3 0.5307933194154488 0.3580705009276438 0.052192066805845504 0.0463821892393321
3 0.5208768267223381 0.39517625231910947 0.052192066805845504 0.04823747680890538
3 0.5125260960334028 0.43692022263450836 0.056367432150313146 0.0463821892393321
7 0.8449895615866387 0.9039888682745826 0.03444676409185803 0.0862708719851577
3 0.9699895615866387 0.8729128014842301 0.04436325678496868 0.12430426716141002
