3 0.02214285714285714 0.8995238095238095 0.04428571428571428 0.1019047619047619
3 0.44392857142857145 0.9419047619047619 0.06928571428571428 0.08190476190476191
3 0.5721428571428572 0.8571428571428571 0.055714285714285716 0.07809523809523809
3 0.5592857142857143 0.81 0.05285714285714286 0.06380952380952382
9 0.43714285714285717 0.7995238095238095 0.017142857142857144 0.029523809523809525
9 0.4275 0.7695238095238095 0.023571428571428573 0.026666666666666665
9 0.7221428571428572 0.9742857142857143 0.017142857142857144 0.0380952380952381
3 0.9728571428571429 0.4138095238095238 0.02857142857142857 0.04476190476190476
1 0.42928571428571427 0.7676190476190476 0.014285714285714285 0.01904761904761905
1 0.43892857142857145 0.7947619047619048 0.012142857142857143 0.02
1 0.725 0.9647619047619047 0.02142857142857143 0.024761904761904763
