0 0.89625 0.5266666666666666 0.0075 0.026666666666666665
0 0.69325 0.6576666666666666 0.0095 0.03266666666666666
0 0.68175 0.6446666666666666 0.006500000000000001 0.029333333333333333
0 0.7175 0.5856666666666667 0.01 0.03133333333333333
0 0.664 0.5966666666666667 0.008 0.029333333333333333
5 0.61725 0.5916666666666667 0.0425 0.08066666666666666
3 0.5655 0.7006666666666667 0.037 0.07733333333333334
3 0.5535 0.6476666666666666 0.034 0.06466666666666666
3 0.58975 0.48966666666666664 0.0235 0.03
3 0.5992500000000001 0.5246666666666666 0.0265 0.034666666666666665
3 0.55625 0.5456666666666666 0.0285 0.035333333333333335
3 0.52475 0.592 0.0575 0.036
3 0.51425 0.5716666666666667 0.0625 0.035333333333333335
3 0.50825 0.5509999999999999 0.0545 0.03
3 0.51225 0.534 0.0545 0.032
3 0.50675 0.513 0.0495 0.026
3 0.50525 0.49766666666666665 0.051500000000000004 0.02733333333333333
3 0.4995 0.48366666666666663 0.047 0.024666666666666667
3 0.50075 0.4726666666666666 0.0455 0.024
3 0.50125 0.45766666666666667 0.0455 0.024666666666666667
3 0.50325 0.44866666666666666 0.0425 0.021333333333333333
3 0.50525 0.43766666666666665 0.0425 0.020666666666666667
3 0.45625 0.372 0.0155 0.02
3 0.49925 0.30066666666666664 0.025500000000000002 0.016
3 0.4985 0.29866666666666664 0.025 0.014666666666666666
3 0.50075 0.29366666666666663 0.0245 0.015333333333333332
3 0.496 0.2826666666666667 0.024 0.013333333333333332
4 0.49275 0.2886666666666667 0.0235 0.017333333333333333
3 0.496 0.2786666666666667 0.024 0.012
3 0.494 0.27566666666666667 0.022 0.011333333333333332
3 0.53025 0.24666666666666665 0.0095 0.013333333333333332
3 0.52475 0.23566666666666666 0.0095 0.011333333333333332
3 0.52275 0.23166666666666666 0.0085 0.008666666666666666
4 0.503 0.24066666666666667 0.007 0.013333333333333332
3 0.499 0.23666666666666666 0.007 0.009333333333333332
3 0.497 0.23299999999999998 0.007 0.01
3 0.50575 0.21466666666666667 0.0085 0.009333333333333332
3 0.503 0.21166666666666667 0.008 0.008666666666666666
3 0.48575 0.225 0.0155 0.01
3 0.4835 0.22166666666666665 0.017 0.011333333333333332
3 0.4865 0.21466666666666667 0.007 0.009333333333333332
3 0.48225 0.212 0.006500000000000001 0.008
3 0.47725 0.20566666666666666 0.006500000000000001 0.007333333333333333
3 0.47375 0.20266666666666666 0.0055 0.006666666666666666
3 0.47000000000000003 0.19966666666666666 0.005 0.006
3 0.493 0.20366666666666666 0.008 0.007333333333333333
3 0.489 0.20066666666666666 0.007 0.006666666666666666
3 0.481 0.19166666666666665 0.011 0.007333333333333333
3 0.47800000000000004 0.177 0.01 0.006
4 0.4595 0.17466666666666666 0.012 0.006666666666666666
4 0.44375000000000003 0.17366666666666666 0.0125 0.007333333333333333
