3 0.3578571428571429 0.7295238095238096 0.08142857142857143 0.09523809523809523
3 0.23464285714285715 0.6395238095238095 0.07928571428571428 0.04666666666666667
3 0.1225 0.6371428571428571 0.09214285714285714 0.045714285714285714
4 0.155 0.5814285714285714 0.09285714285714286 0.05047619047619047
3 0.24 0.5423809523809524 0.07 0.04285714285714286
3 0.27714285714285714 0.4942857142857143 0.06714285714285714 0.0419047619047619
3 0.32392857142857145 0.6 0.07071428571428572 0.05523809523809524
3 0.3925 0.569047619047619 0.075 0.054285714285714284
3 0.6028571428571429 0.5942857142857143 0.07714285714285714 0.05714285714285714
3 0.5817857142857142 0.6519047619047619 0.08357142857142857 0.06
3 0.6014285714285714 0.5038095238095238 0.07857142857142857 0.0419047619047619
3 0.77 0.6219047619047618 0.08714285714285715 0.06476190476190476
3 0.9571428571428572 0.6614285714285715 0.08428571428571428 0.054285714285714284
3 0.49392857142857144 0.3466666666666667 0.02214285714285714 0.04
3 0.5271428571428571 0.3523809523809524 0.02 0.04
3 0.5596428571428571 0.3547619047619048 0.020714285714285713 0.04476190476190476
3 0.4925 0.29714285714285715 0.017857142857142856 0.04
3 0.5571428571428572 0.30714285714285716 0.02 0.037142857142857144
3 0.5271428571428571 0.3171428571428571 0.02 0.03428571428571429
3 0.49785714285714283 0.2695238095238095 0.017142857142857144 0.03238095238095238
3 0.5246428571428572 0.2823809523809524 0.020714285714285713 0.035238095238095235
3 0.5525 0.27 0.017857142857142856 0.035238095238095235
3 0.5246428571428572 0.24666666666666667 0.019285714285714285 0.03238095238095238
3 0.5017857142857143 0.23904761904761904 0.016428571428571428 0.026666666666666665
3 0.5017857142857143 0.2123809523809524 0.016428571428571428 0.022857142857142857
3 0.5025 0.18714285714285714 0.015 0.02761904761904762
3 0.5425 0.17666666666666667 0.017857142857142856 0.02761904761904762
3 0.5767857142857142 0.06904761904761905 0.009285714285714286 0.014285714285714285
3 0.5517857142857143 0.07523809523809524 0.012142857142857143 0.011428571428571429
3 0.5642857142857143 0.07380952380952381 0.01 0.010476190476190476
3 0.5642857142857143 0.06523809523809523 0.008571428571428572 0.012380952380952381
3 0.5496428571428571 0.06714285714285714 0.010714285714285714 0.010476190476190476
9 0.5996428571428571 0.7814285714285715 0.03214285714285714 0.02
9 0.6578571428571428 0.7690476190476191 0.03428571428571429 0.018095238095238095
9 0.7225 0.7819047619047619 0.035 0.015238095238095238
9 0.7967857142857143 0.74 0.03214285714285714 0.01904761904761905
9 0.8839285714285714 0.7695238095238095 0.029285714285714286 0.017142857142857144
2 0.21 0.8942857142857142 0.017142857142857144 0.03238095238095238
2 0.18035714285714285 0.9471428571428572 0.02642857142857143 0.06
1 0.18 0.9395238095238095 0.022857142857142857 0.021904761904761906
1 0.205 0.8738095238095238 0.02 0.025714285714285714
1 0.24142857142857144 0.7023809523809523 0.012857142857142857 0.023809523809523808
9 0.245 0.7071428571428572 0.032857142857142856 0.02
1 0.5996428571428571 0.77 0.012142857142857143 0.018095238095238095
1 0.6596428571428572 0.76 0.012142857142857143 0.01904761904761905
1 0.7275 0.7742857142857142 0.015 0.024761904761904763
1 0.8025 0.7338095238095238 0.015 0.025714285714285714
1 0.8846428571428572 0.7623809523809524 0.015 0.018095238095238095
1 0.9175 0.7447619047619047 0.010714285714285714 0.01904761904761905
9 0.9267857142857143 0.7490476190476191 0.029285714285714286 0.02761904761904762
1 0.9167857142857143 0.9014285714285715 0.035 0.023809523809523808
0 0.8092857142857143 0.8023809523809524 0.025714285714285714 0.03142857142857143
9 0.9189285714285714 0.9047619047619048 0.02214285714285714 0.05523809523809524
3 0.025 0.6314285714285715 0.05 0.047619047619047616
