3 0.19714285714285715 0.07296954314720812 0.012857142857142857 0.024111675126903553
3 0.22428571428571428 0.14530456852791876 0.014285714285714285 0.024111675126903553
3 0.18428571428571427 0.2595177664974619 0.015714285714285715 0.026649746192893398
3 0.10464285714285715 0.20748730964467005 0.015 0.029187817258883246
0 0.09214285714285714 0.17576142131979694 0.002857142857142857 0.006345177664974619
0 0.08678571428571429 0.1846446700507614 0.0035714285714285713 0.008883248730964466
3 0.09178571428571429 0.2772842639593908 0.015 0.031725888324873094
3 0.1442857142857143 0.3705583756345177 0.017142857142857144 0.03045685279187817
3 0.19892857142857143 0.4727157360406091 0.016428571428571428 0.04187817258883248
3 0.07714285714285714 0.4365482233502538 0.017142857142857144 0.035532994923857864
3 0.13892857142857143 0.5406091370558376 0.017857142857142856 0.035532994923857864
3 0.07964285714285714 0.575507614213198 0.017857142857142856 0.04187817258883248
3 0.044642857142857144 0.4689086294416243 0.017857142857142856 0.03934010152284264
3 0.1775 0.6116751269035533 0.02214285714285714 0.03807106598984771
3 0.12642857142857142 0.758248730964467 0.02 0.04695431472081218
3 0.17464285714285716 0.7626903553299492 0.012142857142857143 0.05837563451776649
3 0.06 0.7011421319796953 0.02142857142857143 0.04441624365482233
3 0.08428571428571428 0.7544416243654821 0.02 0.049492385786802026
3 0.08535714285714285 0.8204314720812182 0.020714285714285713 0.052030456852791875
3 0.13714285714285715 0.9206852791878172 0.017142857142857144 0.052030456852791875
3 0.1525 0.9181472081218274 0.017857142857142856 0.05964467005076142
3 0.185 0.9244923857868019 0.02 0.06218274111675126
3 0.21964285714285714 0.9187817258883249 0.017857142857142856 0.053299492385786795
3 0.235 0.9175126903553299 0.017142857142857144 0.050761421319796954
3 0.0064285714285714285 0.8426395939086294 0.012857142857142857 0.048223350253807105
0 0.24 0.8058375634517766 0.002857142857142857 0.0076142131979695426
0 0.23892857142857143 0.8032994923857867 0.002142857142857143 0.0076142131979695426
0 0.20142857142857143 0.7284263959390862 0.005714285714285714 0.01015228426395939
0 0.2175 0.640228426395939 0.005 0.013959390862944161
8 0.17214285714285715 0.6922588832487309 0.032857142857142856 0.06979695431472081
8 0.22285714285714286 0.5996192893401014 0.04 0.049492385786802026
4 0.23464285714285715 0.40736040609137053 0.017857142857142856 0.04060913705583756
4 0.2671428571428571 0.13895939086294415 0.014285714285714285 0.03426395939086294
3 0.2639285714285714 0.1878172588832487 0.009285714285714286 0.025380710659898477
0 0.34714285714285714 0.16941624365482233 0.002857142857142857 0.011421319796954314
0 0.3871428571428571 0.23540609137055835 0.002857142857142857 0.006345177664974619
0 0.3439285714285714 0.1846446700507614 0.002142857142857143 0.006345177664974619
0 0.35035714285714287 0.18337563451776648 0.002142857142857143 0.006345177664974619
0 0.35535714285714287 0.18020304568527917 0.002142857142857143 0.005076142131979695
8 0.27785714285714286 0.2772842639593908 0.05 0.09517766497461928
0 0.39535714285714285 0.28870558375634514 0.002142857142857143 0.008883248730964466
0 0.40214285714285714 0.3413705583756345 0.002857142857142857 0.01015228426395939
0 0.4125 0.34010152284263956 0.002142857142857143 0.0076142131979695426
0 0.42178571428571426 0.35215736040609136 0.002142857142857143 0.008883248730964466
0 0.41714285714285715 0.3445431472081218 0.002857142857142857 0.008883248730964466
0 0.2625 0.473984771573604 0.0035714285714285713 0.008883248730964466
0 0.35964285714285715 0.5361675126903553 0.002142857142857143 0.008883248730964466
0 0.37535714285714283 0.5336294416243654 0.002142857142857143 0.006345177664974619
0 0.39785714285714285 0.5374365482233502 0.002857142857142857 0.006345177664974619
0 0.3964285714285714 0.5323604060913705 0.002857142857142857 0.006345177664974619
0 0.3921428571428571 0.5361675126903553 0.002857142857142857 0.006345177664974619
3 0.2575 0.5507614213197969 0.025 0.02030456852791878
3 0.29928571428571427 0.581218274111675 0.027142857142857142 0.02030456852791878
0 0.2725 0.5913705583756345 0.002142857142857143 0.0076142131979695426
0 0.2767857142857143 0.8166243654822335 0.0035714285714285713 0.008883248730964466
0 0.26285714285714284 0.8102791878172588 0.002857142857142857 0.006345177664974619
0 0.2978571428571429 0.8178934010152283 0.002857142857142857 0.008883248730964466
0 0.395 0.8096446700507614 0.002857142857142857 0.0076142131979695426
0 0.3692857142857143 0.8191624365482233 0.002857142857142857 0.008883248730964466
0 0.36428571428571427 0.8718274111675126 0.005714285714285714 0.01015228426395939
4 0.29214285714285715 0.8781725888324873 0.04 0.02284263959390863
4 0.2675 0.9270304568527918 0.015 0.05964467005076142
3 0.29964285714285716 0.9219543147208121 0.017857142857142856 0.05710659898477157
3 0.3489285714285714 0.9225888324873096 0.016428571428571428 0.06091370558375634
3 0.3821428571428571 0.9194162436548222 0.015714285714285715 0.06218274111675126
3 0.24964285714285714 0.9225888324873096 0.015 0.06091370558375634
3 0.48178571428571426 0.9219543147208121 0.013571428571428571 0.05710659898477157
3 0.5296428571428572 0.9282994923857867 0.015 0.05964467005076142
0 0.5953571428571428 0.8864213197969543 0.002142857142857143 0.008883248730964466
3 0.5714285714285714 0.7823604060913705 0.027142857142857142 0.024111675126903553
3 0.5325 0.7823604060913705 0.029285714285714286 0.024111675126903553
3 0.49392857142857144 0.7969543147208121 0.027857142857142858 0.02284263959390863
0 0.47714285714285715 0.7309644670050761 0.002857142857142857 0.0076142131979695426
0 0.48928571428571427 0.7385786802030456 0.002857142857142857 0.0076142131979695426
0 0.5025 0.7468274111675126 0.002142857142857143 0.008883248730964466
0 0.5217857142857143 0.7480964467005076 0.002142857142857143 0.006345177664974619
0 0.5175 0.7607868020304568 0.002142857142857143 0.008883248730964466
0 0.5221428571428571 0.7595177664974618 0.002857142857142857 0.008883248730964466
0 0.5603571428571429 0.7601522842639593 0.002142857142857143 0.012690355329949238
0 0.5271428571428571 0.7189086294416243 0.002857142857142857 0.011421319796954314
0 0.5203571428571429 0.7227157360406091 0.0035714285714285713 0.006345177664974619
0 0.5153571428571428 0.7227157360406091 0.002142857142857143 0.008883248730964466
0 0.5171428571428571 0.723984771573604 0.002857142857142857 0.008883248730964466
0 0.48392857142857143 0.6738578680203046 0.002142857142857143 0.0076142131979695426
0 0.4828571428571429 0.6662436548223349 0.004285714285714286 0.0076142131979695426
0 0.47214285714285714 0.6928934010152283 0.002857142857142857 0.0076142131979695426
0 0.5564285714285714 0.7112944162436547 0.002857142857142857 0.006345177664974619
0 0.5671428571428572 0.7112944162436547 0.002857142857142857 0.013959390862944161
0 0.5714285714285714 0.708756345177665 0.002857142857142857 0.008883248730964466
0 0.5778571428571428 0.6903553299492385 0.002857142857142857 0.012690355329949238
0 0.56 0.6770304568527918 0.002857142857142857 0.011421319796954314
0 0.5571428571428572 0.6656091370558375 0.002857142857142857 0.011421319796954314
0 0.5346428571428572 0.6554568527918782 0.002142857142857143 0.008883248730964466
0 0.5271428571428571 0.6427664974619289 0.002857142857142857 0.008883248730964466
0 0.515 0.6427664974619289 0.002857142857142857 0.008883248730964466
0 0.5146428571428572 0.633248730964467 0.002142857142857143 0.01015228426395939
0 0.5664285714285714 0.6357868020304568 0.002857142857142857 0.0076142131979695426
0 0.46964285714285714 0.6205583756345178 0.002142857142857143 0.0076142131979695426
0 0.5678571428571428 0.6395939086294415 0.0014285714285714286 0.005076142131979695
0 0.5714285714285714 0.6459390862944162 0.002857142857142857 0.0076142131979695426
0 0.5946428571428571 0.6954314720812182 0.002142857142857143 0.01015228426395939
0 0.5967857142857143 0.7284263959390862 0.002142857142857143 0.01015228426395939
0 0.5971428571428572 0.7208121827411167 0.002857142857142857 0.01015228426395939
5 0.4164285714285714 0.5793147208121827 0.04857142857142857 0.03426395939086294
0 0.5903571428571428 0.4885786802030456 0.002142857142857143 0.01015228426395939
0 0.5892857142857143 0.49238578680203043 0.002857142857142857 0.01015228426395939
0 0.5546428571428571 0.49682741116751267 0.002142857142857143 0.008883248730964466
0 0.5703571428571429 0.43908629441624364 0.002142857142857143 0.012690355329949238
0 0.5617857142857143 0.4225888324873096 0.002142857142857143 0.01015228426395939
0 0.5596428571428571 0.4175126903553299 0.002142857142857143 0.0076142131979695426
0 0.5575 0.4022842639593908 0.005 0.0076142131979695426
0 0.5496428571428571 0.39911167512690354 0.002142857142857143 0.008883248730964466
0 0.5742857142857143 0.02982233502538071 0.002857142857142857 0.011421319796954314
0 0.5696428571428571 0.0031725888324873096 0.002142857142857143 0.006345177664974619
0 0.5717857142857142 0.004441624365482233 0.002142857142857143 0.008883248730964466
0 0.5492857142857143 0.14720812182741116 0.0014285714285714286 0.01015228426395939
0 0.5492857142857143 0.19416243654822332 0.002857142857142857 0.01015228426395939
0 0.5303571428571429 0.2969543147208122 0.0035714285714285713 0.01015228426395939
0 0.5342857142857143 0.299492385786802 0.002857142857142857 0.0076142131979695426
0 0.45714285714285713 0.2715736040609137 0.002857142857142857 0.01015228426395939
0 0.45035714285714284 0.27220812182741116 0.002142857142857143 0.008883248730964466
0 0.46464285714285714 0.28109137055837563 0.002142857142857143 0.008883248730964466
0 0.46714285714285714 0.2836294416243655 0.002857142857142857 0.008883248730964466
0 0.4692857142857143 0.299492385786802 0.002857142857142857 0.01015228426395939
0 0.4639285714285714 0.2969543147208122 0.002142857142857143 0.0076142131979695426
0 0.48464285714285715 0.32677664974619286 0.002142857142857143 0.006345177664974619
0 0.48142857142857143 0.32550761421319796 0.002857142857142857 0.008883248730964466
0 0.47214285714285714 0.3280456852791878 0.002857142857142857 0.008883248730964466
0 0.4625 0.3261421319796954 0.002142857142857143 0.01015228426395939
0 0.46035714285714285 0.3280456852791878 0.002142857142857143 0.006345177664974619
0 0.4392857142857143 0.3045685279187817 0.002857142857142857 0.005076142131979695
0 0.4514285714285714 0.30710659898477155 0.002857142857142857 0.01015228426395939
0 0.44785714285714284 0.3147208121827411 0.002857142857142857 0.01015228426395939
0 0.46714285714285714 0.3299492385786802 0.002857142857142857 0.01015228426395939
0 0.46 0.34581218274111675 0.002857142857142857 0.011421319796954314
0 0.44535714285714284 0.3515228426395939 0.002142857142857143 0.01015228426395939
0 0.4421428571428571 0.35977157360406087 0.002857142857142857 0.006345177664974619
0 0.43214285714285716 0.3642131979695431 0.002857142857142857 0.01015228426395939
0 0.5828571428571429 0.3629441624365482 0.002857142857142857 0.01015228426395939
0 0.5778571428571428 0.391497461928934 0.002857142857142857 0.008883248730964466
0 0.5575 0.4511421319796954 0.002142857142857143 0.008883248730964466
0 0.5578571428571428 0.4479695431472081 0.002857142857142857 0.0076142131979695426
0 0.5453571428571429 0.42068527918781723 0.002142857142857143 0.008883248730964466
0 0.5753571428571429 0.43908629441624364 0.002142857142857143 0.01015228426395939
0 0.4471428571428571 0.3927664974619289 0.002857142857142857 0.006345177664974619
0 0.4467857142857143 0.5101522842639593 0.002142857142857143 0.01015228426395939
0 0.4517857142857143 0.515228426395939 0.002142857142857143 0.012690355329949238
3 0.6296428571428572 0.7785532994923857 0.030714285714285715 0.024111675126903553
3 0.6678571428571428 0.7810913705583755 0.03 0.026649746192893398
3 0.6471428571428571 0.9257614213197969 0.015714285714285715 0.06218274111675126
3 0.6796428571428571 0.9232233502538071 0.015 0.06218274111675126
3 0.6975 0.9257614213197969 0.015 0.05710659898477157
3 0.7128571428571429 0.9219543147208121 0.014285714285714285 0.05964467005076142
3 0.7621428571428571 0.9206852791878172 0.017142857142857144 0.05710659898477157
0 0.6546428571428572 0.8286802030456852 0.005 0.012690355329949238
0 0.7092857142857143 0.7614213197969543 0.004285714285714286 0.012690355329949238
0 0.6967857142857142 0.7557106598984771 0.0035714285714285713 0.011421319796954314
0 0.655 0.7550761421319796 0.002857142857142857 0.0076142131979695426
0 0.6092857142857143 0.7271573604060914 0.002857142857142857 0.012690355329949238
0 0.6246428571428572 0.7246192893401014 0.002142857142857143 0.01015228426395939
0 0.6246428571428572 0.7176395939086294 0.002142857142857143 0.008883248730964466
0 0.63 0.723984771573604 0.004285714285714286 0.008883248730964466
0 0.6353571428571428 0.7112944162436547 0.002142857142857143 0.006345177664974619
0 0.6471428571428571 0.7017766497461928 0.002857142857142857 0.0076142131979695426
0 0.6464285714285715 0.6846446700507614 0.002857142857142857 0.008883248730964466
0 0.6471428571428571 0.6941624365482233 0.002857142857142857 0.01015228426395939
0 0.6921428571428572 0.6757614213197969 0.004285714285714286 0.011421319796954314
0 0.61 0.6668781725888324 0.002857142857142857 0.008883248730964466
0 0.6171428571428571 0.6649746192893401 0.004285714285714286 0.012690355329949238
0 0.7325 0.6840101522842639 0.0035714285714285713 0.01015228426395939
0 0.7342857142857143 0.6732233502538071 0.004285714285714286 0.008883248730964466
0 0.7553571428571428 0.7607868020304568 0.0035714285714285713 0.006345177664974619
0 0.7592857142857142 0.7538071065989848 0.002857142857142857 0.005076142131979695
0 0.7642857142857142 0.7366751269035532 0.002857142857142857 0.008883248730964466
0 0.7621428571428571 0.7728426395939085 0.002857142857142857 0.0076142131979695426
0 0.6546428571428572 0.8813451776649746 0.002142857142857143 0.0038071065989847713
0 0.6067857142857143 0.7626903553299492 0.0035714285714285713 0.005076142131979695
0 0.7153571428571428 0.6205583756345178 0.002142857142857143 0.01015228426395939
0 0.7189285714285715 0.6173857868020304 0.002142857142857143 0.011421319796954314
0 0.6721428571428572 0.5850253807106599 0.002857142857142857 0.0076142131979695426
0 0.6717857142857143 0.572969543147208 0.002142857142857143 0.008883248730964466
0 0.6746428571428571 0.581218274111675 0.002142857142857143 0.0076142131979695426
0 0.6092857142857143 0.6008883248730964 0.002857142857142857 0.008883248730964466
0 0.6071428571428571 0.5958121827411167 0.002857142857142857 0.011421319796954314
0 0.6596428571428572 0.5431472081218274 0.002142857142857143 0.01015228426395939
0 0.7096428571428571 0.5621827411167513 0.002142857142857143 0.012690355329949238
0 0.6853571428571429 0.5571065989847716 0.0035714285714285713 0.0076142131979695426
0 0.6896428571428571 0.5590101522842639 0.002142857142857143 0.006345177664974619
0 0.7039285714285715 0.5621827411167513 0.0035714285714285713 0.01015228426395939
0 0.6128571428571429 0.482233502538071 0.004285714285714286 0.012690355329949238
4 0.6914285714285714 0.45875634517766495 0.025714285714285714 0.04695431472081218
4 0.725 0.47208121827411165 0.027142857142857142 0.050761421319796954
3 0.6621428571428571 0.2563451776649746 0.012857142857142857 0.032994923857868015
0 0.6721428571428572 0.2480964467005076 0.002857142857142857 0.006345177664974619
3 0.6764285714285714 0.15291878172588833 0.01 0.029187817258883246
3 0.6896428571428571 0.059010152284263956 0.010714285714285714 0.031725888324873094
3 0.6828571428571428 0.11611675126903552 0.011428571428571429 0.04187817258883248
4 0.6928571428571428 0.03109137055837563 0.008571428571428572 0.026649746192893398
0 0.7028571428571428 0.039974619289340096 0.002857142857142857 0.011421319796954314
0 0.6817857142857143 0.08629441624365482 0.002142857142857143 0.0076142131979695426
0 0.6725 0.18908629441624364 0.002142857142857143 0.01015228426395939
0 0.9271428571428572 0.07423857868020305 0.002857142857142857 0.011421319796954314
0 0.9303571428571429 0.07677664974619289 0.0035714285714285713 0.011421319796954314
0 0.9146428571428571 0.1465736040609137 0.002142857142857143 0.008883248730964466
0 0.9175 0.19035532994923857 0.0035714285714285713 0.012690355329949238
0 0.9146428571428571 0.20558375634517764 0.002142857142857143 0.01015228426395939
4 0.8778571428571429 0.4625634517766497 0.027142857142857142 0.024111675126903553
4 0.8778571428571429 0.47969543147208116 0.02857142857142857 0.02284263959390863
4 0.8775 0.49682741116751267 0.027857142857142858 0.021573604060913704
4 0.8778571428571429 0.5139593908629442 0.03 0.02030456852791878
4 0.875 0.5361675126903553 0.037142857142857144 0.031725888324873094
4 0.88 0.3508883248730964 0.022857142857142857 0.019035532994923856
4 0.8821428571428571 0.3312182741116751 0.017142857142857144 0.015228426395939085
0 0.7921428571428571 0.6072335025380711 0.002857142857142857 0.008883248730964466
0 0.7946428571428571 0.6865482233502538 0.005 0.01015228426395939
0 0.8539285714285715 0.6148477157360406 0.0035714285714285713 0.011421319796954314
0 0.8339285714285715 0.6040609137055837 0.005 0.005076142131979695
0 0.8492857142857143 0.6072335025380711 0.005714285714285714 0.008883248730964466
0 0.8521428571428571 0.6097715736040609 0.004285714285714286 0.008883248730964466
0 0.9021428571428571 0.5996192893401014 0.007142857142857143 0.011421319796954314
0 0.9039285714285714 0.572969543147208 0.0035714285714285713 0.011421319796954314
0 0.9078571428571428 0.574238578680203 0.004285714285714286 0.013959390862944161
0 0.9221428571428572 0.5260152284263959 0.002857142857142857 0.011421319796954314
0 0.9246428571428571 0.524746192893401 0.002142857142857143 0.011421319796954314
0 0.9289285714285714 0.5374365482233502 0.0035714285714285713 0.011421319796954314
0 0.93 0.5875634517766497 0.007142857142857143 0.01015228426395939
0 0.8467857142857143 0.7639593908629441 0.007857142857142858 0.015228426395939085
0 0.8871428571428571 0.7220812182741116 0.002857142857142857 0.012690355329949238
0 0.89 0.7068527918781725 0.005714285714285714 0.0076142131979695426
0 0.8921428571428571 0.7176395939086294 0.002857142857142857 0.008883248730964466
0 0.8853571428571428 0.8508883248730964 0.005 0.008883248730964466
0 0.8892857142857142 0.8477157360406091 0.004285714285714286 0.0076142131979695426
0 0.9096428571428572 0.8559644670050761 0.005 0.008883248730964466
0 0.9146428571428571 0.8585025380710659 0.005 0.008883248730964466
4 0.8053571428571429 0.781725888324873 0.030714285714285715 0.027918781725888322
4 0.8446428571428571 0.8204314720812182 0.029285714285714286 0.06218274111675126
4 0.7571428571428571 0.7956852791878172 0.04285714285714286 0.03045685279187817
0 0.8942857142857142 0.9003807106598984 0.002857142857142857 0.008883248730964466
0 0.9039285714285714 0.9016497461928933 0.0035714285714285713 0.008883248730964466
0 0.9096428571428572 0.891497461928934 0.002142857142857143 0.006345177664974619
0 0.9046428571428572 0.8889593908629441 0.005 0.0038071065989847713
0 0.8989285714285714 0.8953045685279187 0.0035714285714285713 0.006345177664974619
0 0.9275 0.9156091370558375 0.005 0.006345177664974619
0 0.9678571428571429 0.012055837563451776 0.002857142857142857 0.008883248730964466
0 0.9717857142857143 0.019035532994923856 0.002142857142857143 0.01015228426395939
0 0.9796428571428571 0.06535532994923858 0.002142857142857143 0.006345177664974619
1 0.9928571428571429 0.12055837563451775 0.004285714285714286 0.0076142131979695426
0 0.9814285714285714 0.15736040609137056 0.002857142857142857 0.0076142131979695426
0 0.9971428571428571 0.13388324873096447 0.002857142857142857 0.011421319796954314
0 0.9275 0.3102791878172589 0.002142857142857143 0.008883248730964466
0 0.9275 0.32170050761421315 0.002142857142857143 0.008883248730964466
0 0.9296428571428571 0.3229695431472081 0.002142857142857143 0.011421319796954314
0 0.9317857142857143 0.3147208121827411 0.002142857142857143 0.0076142131979695426
0 0.9403571428571429 0.32043147208121825 0.005 0.011421319796954314
0 0.9371428571428572 0.31916243654822335 0.002857142857142857 0.008883248730964466
0 0.9346428571428571 0.3769035532994924 0.005 0.01015228426395939
0 0.9353571428571429 0.42005076142131975 0.0035714285714285713 0.012690355329949238
0 0.9342857142857143 0.4098984771573604 0.004285714285714286 0.01015228426395939
0 0.93 0.4359137055837563 0.002857142857142857 0.008883248730964466
0 0.9317857142857143 0.48350253807106597 0.0035714285714285713 0.0076142131979695426
0 0.93 0.47335025380710655 0.002857142857142857 0.0076142131979695426
0 0.935 0.4758883248730964 0.002857142857142857 0.01015228426395939
0 0.9625 0.482233502538071 0.005 0.0076142131979695426
0 0.9625 0.47335025380710655 0.0035714285714285713 0.01015228426395939
0 0.9675 0.47842639593908626 0.002142857142857143 0.01015228426395939
0 0.9921428571428571 0.4955583756345177 0.002857142857142857 0.008883248730964466
0 0.9421428571428572 0.49302030456852786 0.002857142857142857 0.006345177664974619
0 0.9471428571428572 0.49048223350253806 0.002857142857142857 0.008883248730964466
0 0.9596428571428571 0.5101522842639593 0.005 0.01015228426395939
0 0.96 0.5222081218274112 0.004285714285714286 0.006345177664974619
0 0.9642857142857143 0.515228426395939 0.002857142857142857 0.005076142131979695
0 0.9364285714285714 0.5431472081218274 0.004285714285714286 0.01015228426395939
0 0.9325 0.5387055837563451 0.005 0.006345177664974619
0 0.9714285714285714 0.5437817258883249 0.004285714285714286 0.006345177664974619
0 0.9789285714285715 0.5520304568527918 0.0035714285714285713 0.01015228426395939
0 0.9628571428571429 0.5888324873096447 0.005714285714285714 0.0076142131979695426
0 0.9692857142857143 0.6535532994923857 0.004285714285714286 0.0076142131979695426
0 0.9578571428571429 0.7493654822335025 0.005714285714285714 0.006345177664974619
0 0.9339285714285714 0.8007614213197969 0.005 0.0076142131979695426
0 0.9328571428571428 0.9181472081218274 0.005714285714285714 0.011421319796954314
0 0.9325 0.9663705583756345 0.005 0.011421319796954314
0 0.9725 0.9809644670050761 0.007857142857142858 0.005076142131979695
0 0.9789285714285715 0.9835025380710659 0.005 0.0076142131979695426
0 0.9825 0.9771573604060912 0.005 0.0076142131979695426
