2 0.3775 0.7919047619047619 0.02214285714285714 0.06
2 0.3975 0.5042857142857143 0.035 0.021904761904761906
9 0.33 0.49666666666666665 0.027142857142857142 0.02761904761904762
9 0.5603571428571429 0.4747619047619048 0.023571428571428573 0.025714285714285714
0 0.58 0.43142857142857144 0.01 0.02857142857142857
0 0.5714285714285714 0.42714285714285716 0.007142857142857143 0.025714285714285714
1 0.5625 0.46904761904761905 0.012142857142857143 0.025714285714285714
1 0.39285714285714285 0.5038095238095238 0.01 0.03619047619047619
1 0.3325 0.49238095238095236 0.012142857142857143 0.03238095238095238
0 0.46035714285714285 0.4919047619047619 0.005 0.021904761904761906
0 0.4689285714285714 0.49 0.007857142857142858 0.02
0 0.45785714285714285 0.48523809523809525 0.005714285714285714 0.029523809523809525
8 0.6867857142857143 0.37523809523809526 0.07642857142857143 0.08571428571428572
8 0.8471428571428572 0.23476190476190475 0.047142857142857146 0.04857142857142857
3 0.8975 0.24666666666666667 0.02214285714285714 0.02095238095238095
3 0.9475 0.1819047619047619 0.015 0.015238095238095238
3 0.9617857142857142 0.16238095238095238 0.012142857142857143 0.012380952380952381
0 0.9346428571428571 0.16952380952380952 0.005 0.013333333333333332
0 0.9375 0.1719047619047619 0.0035714285714285713 0.012380952380952381
9 0.8225 0.2671428571428571 0.005 0.014285714285714285
1 0.8221428571428572 0.26476190476190475 0.005714285714285714 0.009523809523809525
1 0.37535714285714283 0.7752380952380953 0.017857142857142856 0.04
0 0.4514285714285714 0.8771428571428571 0.017142857142857144 0.049523809523809526
0 0.46714285714285714 0.861904761904762 0.012857142857142857 0.05904761904761905
3 0.27035714285714285 0.6071428571428571 0.060714285714285714 0.1
3 0.18428571428571427 0.5471428571428572 0.06 0.07333333333333333
5 0.135 0.4919047619047619 0.06285714285714286 0.06952380952380953
3 0.095 0.4338095238095238 0.05285714285714286 0.05238095238095238
2 0.16464285714285715 0.4076190476190476 0.015 0.01904761904761905
1 0.16464285714285715 0.4 0.012142857142857143 0.02095238095238095
