0 0.6 0.6719047619047619 0.012857142857142857 0.029523809523809525
0 0.6267857142857143 0.6738095238095239 0.015 0.03142857142857143
0 0.6303571428571428 0.6695238095238095 0.012142857142857143 0.026666666666666665
0 0.605 0.6542857142857142 0.01 0.03238095238095238
0 0.6114285714285714 0.65 0.011428571428571429 0.03333333333333333
0 0.5096428571428572 0.5971428571428572 0.009285714285714286 0.026666666666666665
0 0.49392857142857144 0.5866666666666667 0.013571428571428571 0.02857142857142857
0 0.5046428571428572 0.5795238095238096 0.007857142857142858 0.02761904761904762
0 0.5121428571428571 0.5747619047619048 0.01 0.02761904761904762
0 0.4853571428571429 0.5695238095238095 0.012142857142857143 0.026666666666666665
0 0.4442857142857143 0.5219047619047619 0.008571428571428572 0.024761904761904763
0 0.575 0.3219047619047619 0.007142857142857143 0.024761904761904763
0 0.5821428571428572 0.3219047619047619 0.007142857142857143 0.01904761904761905
0 0.5864285714285714 0.3242857142857143 0.005714285714285714 0.018095238095238095
0 0.5992857142857143 0.31142857142857144 0.005714285714285714 0.01904761904761905
0 0.6021428571428571 0.3119047619047619 0.005714285714285714 0.02
0 0.6067857142857143 0.30904761904761907 0.005 0.021904761904761906
0 0.61 0.30952380952380953 0.007142857142857143 0.01904761904761905
0 0.6153571428571428 0.3019047619047619 0.005 0.01904761904761905
0 0.6192857142857143 0.3019047619047619 0.007142857142857143 0.017142857142857144
0 0.5721428571428572 0.2642857142857143 0.007142857142857143 0.02
0 0.5775 0.2652380952380952 0.007857142857142858 0.02
9 0.0925 0.549047619047619 0.030714285714285715 0.02761904761904762
1 0.09714285714285714 0.5419047619047619 0.012857142857142857 0.024761904761904763
1 0.09 0.5438095238095239 0.012857142857142857 0.022857142857142857
0 0.07464285714285715 0.5342857142857143 0.017857142857142856 0.02857142857142857
0 0.035 0.5223809523809524 0.02 0.025714285714285714
0 0.017857142857142856 0.5266666666666666 0.018571428571428572 0.024761904761904763
0 0.16714285714285715 0.48714285714285716 0.012857142857142857 0.02761904761904762
0 0.1625 0.48714285714285716 0.012142857142857143 0.025714285714285714
6 0.7142857142857143 0.2819047619047619 0.022857142857142857 0.024761904761904763
