3 0.3325 0.9390862944162436 0.025 0.08375634517766496
3 0.3717857142857143 0.9555837563451776 0.025 0.08375634517766496
5 0.14 0.9168781725888324 0.03571428571428571 0.07741116751269035
5 0.10785714285714286 0.9175126903553299 0.047142857142857146 0.12690355329949238
5 0.06535714285714286 0.9232233502538071 0.04642857142857143 0.12563451776649745
5 0.04392857142857143 0.9333756345177664 0.04928571428571429 0.11294416243654821
5 0.1417857142857143 0.7360406091370558 0.03214285714285714 0.08375634517766496
5 0.12142857142857143 0.7309644670050761 0.032857142857142856 0.08375634517766496
5 0.09678571428571428 0.732233502538071 0.03214285714285714 0.08629441624365482
5 0.06928571428571428 0.732233502538071 0.032857142857142856 0.08629441624365482
3 0.0775 0.6681472081218274 0.03785714285714286 0.029187817258883246
5 0.012857142857142857 0.7404822335025381 0.027142857142857142 0.10279187817258882
5 0.015 0.9162436548223349 0.03142857142857143 0.10406091370558375
3 0.12428571428571429 0.6364213197969543 0.041428571428571426 0.029187817258883246
8 0.125 0.6046954314720812 0.09428571428571429 0.05710659898477157
9 0.11178571428571428 0.3362944162436548 0.0064285714285714285 0.012690355329949238
1 0.08464285714285714 0.2861675126903553 0.005 0.008883248730964466
3 0.08428571428571428 0.28870558375634514 0.007142857142857143 0.016497461928934008
0 0.01892857142857143 0.2760152284263959 0.005 0.013959390862944161
0 0.03678571428571428 0.2519035532994924 0.005 0.016497461928934008
0 0.03214285714285714 0.2296954314720812 0.005714285714285714 0.012690355329949238
3 0.1775 0.3102791878172589 0.015 0.021573604060913704
3 0.11035714285714286 0.20621827411167512 0.020714285714285713 0.031725888324873094
4 0.2125 0.19352791878172587 0.017857142857142856 0.031725888324873094
8 0.1925 0.13769035532994922 0.035 0.049492385786802026
3 0.06464285714285714 0.1465736040609137 0.010714285714285714 0.011421319796954314
3 0.019285714285714285 0.10850253807106598 0.01 0.008883248730964466
3 0.027142857142857142 0.02982233502538071 0.01 0.011421319796954314
3 0.13214285714285715 0.04758883248730964 0.012857142857142857 0.006345177664974619
3 0.37642857142857145 0.07677664974619289 0.012857142857142857 0.011421319796954314
3 0.4175 0.1281725888324873 0.015 0.012690355329949238
4 0.3117857142857143 0.29251269035532995 0.020714285714285713 0.03934010152284264
8 0.3296428571428571 0.38515228426395937 0.03214285714285714 0.07233502538071065
3 0.42 0.2506345177664974 0.017142857142857144 0.019035532994923856
