3 0.3475 0.5266497461928934 0.04642857142857143 0.055837563451776644
3 0.2525 0.5361675126903553 0.052142857142857144 0.0748730964467005
3 0.23964285714285713 0.39974619289340096 0.047857142857142855 0.08375634517766496
3 0.16428571428571428 0.7874365482233502 0.05714285714285714 0.09517766497461928
3 0.056428571428571425 0.6757614213197969 0.06 0.08756345177664974
3 0.2092857142857143 0.9270304568527918 0.06285714285714286 0.10532994923857868
3 0.5246428571428572 0.7385786802030456 0.062142857142857146 0.053299492385786795
3 0.525 0.9137055837563451 0.06285714285714286 0.08883248730964466
3 0.5746428571428571 0.7887055837563451 0.04214285714285714 0.07994923857868019
3 0.6325 0.825507614213198 0.027857142857142858 0.12055837563451775
3 0.6421428571428571 0.6021573604060914 0.04285714285714286 0.09263959390862943
3 0.6121428571428571 0.5628172588832487 0.04285714285714286 0.09517766497461928
3 0.5442857142857143 0.43908629441624364 0.041428571428571426 0.08375634517766496
3 0.48892857142857143 0.39403553299492383 0.04357142857142857 0.08502538071065989
3 0.7042857142857143 0.6529187817258882 0.041428571428571426 0.10025380710659898
3 0.7367857142857143 0.6573604060913705 0.04214285714285714 0.10152284263959391
3 0.7978571428571428 0.7379441624365481 0.04428571428571428 0.11040609137055837
3 0.8371428571428572 0.7550761421319796 0.04 0.10152284263959391
3 0.8264285714285714 0.9060913705583755 0.03428571428571429 0.10659898477157359
3 0.8725 0.7994923857868019 0.045 0.10659898477157359
3 0.3217857142857143 0.45875634517766495 0.05357142857142857 0.06979695431472081
4 0.3271428571428571 0.3305837563451776 0.05 0.10786802030456852
4 0.3875 0.3109137055837563 0.045 0.06852791878172589
4 0.2839285714285714 0.2480964467005076 0.04071428571428572 0.08248730964467005
8 0.09678571428571428 0.34644670050761417 0.09928571428571428 0.13197969543147206
3 0.029285714285714286 0.141497461928934 0.047142857142857146 0.06218274111675126
3 0.16785714285714284 0.09137055837563451 0.047142857142857146 0.07360406091370558
3 0.19214285714285714 0.11104060913705582 0.04 0.06218274111675126
3 0.21214285714285713 0.14530456852791876 0.047142857142857146 0.07741116751269035
3 0.2392857142857143 0.18401015228426396 0.04285714285714286 0.07106598984771573
3 0.2621428571428571 0.2151015228426396 0.04 0.07741116751269035
3 0.14714285714285713 0.055837563451776644 0.05285714285714286 0.07614213197969542
5 0.11392857142857143 0.046319796954314714 0.052142857142857144 0.09263959390862943
0 0.4967857142857143 0.2963197969543147 0.012142857142857143 0.021573604060913704
0 0.49964285714285717 0.2798223350253807 0.010714285714285714 0.019035532994923856
0 0.4471428571428571 0.2296954314720812 0.007142857142857143 0.025380710659898477
0 0.585 0.42195431472081213 0.008571428571428572 0.024111675126903553
0 0.595 0.4149746192893401 0.01 0.02284263959390863
0 0.6396428571428572 0.43845177664974616 0.007857142857142858 0.024111675126903553
0 0.6489285714285714 0.4295685279187817 0.009285714285714286 0.024111675126903553
0 0.8596428571428572 0.640228426395939 0.010714285714285714 0.019035532994923856
0 0.8492857142857143 0.6453045685279187 0.011428571428571429 0.016497461928934008
9 0.7803571428571429 0.5704314720812182 0.019285714285714285 0.026649746192893398
9 0.78 0.5558375634517766 0.027142857142857142 0.027918781725888322
0 0.2864285714285714 0.7024111675126903 0.011428571428571429 0.024111675126903553
0 0.2739285714285714 0.7068527918781725 0.013571428571428571 0.02284263959390863
0 0.4667857142857143 0.8673857868020304 0.007857142857142858 0.026649746192893398
0 0.5371428571428571 0.982233502538071 0.005714285714285714 0.015228426395939085
0 0.3292857142857143 0.13769035532994922 0.01 0.026649746192893398
0 0.3292857142857143 0.15609137055837563 0.017142857142857144 0.025380710659898477
0 0.32785714285714285 0.16878172588832485 0.012857142857142857 0.027918781725888322
0 0.3196428571428571 0.18083756345177662 0.007857142857142858 0.031725888324873094
0 0.10464285714285715 0.11104060913705582 0.012142857142857143 0.026649746192893398
9 0.07178571428571429 0.09263959390862943 0.015 0.025380710659898477
0 0.048928571428571425 0.11611675126903552 0.016428571428571428 0.029187817258883246
0 0.005357142857142857 0.17576142131979694 0.012142857142857143 0.026649746192893398
0 0.14464285714285716 0.24048223350253806 0.012142857142857143 0.026649746192893398
0 0.14035714285714285 0.2893401015228426 0.013571428571428571 0.03045685279187817
0 0.2475 0.1351522842639594 0.007857142857142858 0.021573604060913704
9 0.6614285714285715 0.43527918781725883 0.017142857142857144 0.027918781725888322
2 0.7153571428571428 0.4708121827411167 0.02214285714285714 0.032994923857868015
2 0.8546428571428571 0.5901015228426395 0.019285714285714285 0.02284263959390863
0 0.8939285714285714 0.8413705583756345 0.016428571428571428 0.02284263959390863
0 0.8896428571428572 0.825507614213198 0.015 0.021573604060913704
4 0.9810714285714286 0.883248730964467 0.03642857142857143 0.10659898477157359
3 0.5996428571428571 0.9758883248730964 0.060714285714285714 0.04314720812182741
0 0.1075 0.9175126903553299 0.019285714285714285 0.017766497461928932
0 0.11035714285714286 0.9333756345177664 0.013571428571428571 0.016497461928934008
