0 0.435 0.9306666666666666 0.007 0.018666666666666665
0 0.441 0.9296666666666666 0.005 0.014
3 0.49225 0.8756666666666666 0.0525 0.048666666666666664
3 0.46950000000000003 0.7826666666666666 0.048 0.03866666666666667
3 0.45475 0.7046666666666667 0.043500000000000004 0.030666666666666665
0 0.5385 0.6966666666666667 0.007 0.018666666666666665
3 0.92025 0.7616666666666666 0.0475 0.05266666666666667
3 0.74625 0.6739999999999999 0.0305 0.044
1 0.7565000000000001 0.5706666666666667 0.006 0.012
1 0.7605000000000001 0.5666666666666667 0.005 0.013333333333333332
2 0.755 0.5716666666666667 0.01 0.016666666666666666
5 0.7045 0.5266666666666666 0.034 0.04666666666666666
5 0.7125 0.48066666666666663 0.077 0.09733333333333333
3 0.50425 0.5376666666666666 0.035500000000000004 0.02333333333333333
3 0.428 0.5519999999999999 0.036000000000000004 0.028
3 0.49275 0.49966666666666665 0.0305 0.020666666666666667
3 0.4175 0.5016666666666667 0.03 0.022
3 0.40975 0.46166666666666667 0.0285 0.019333333333333334
3 0.40700000000000003 0.449 0.029 0.022
3 0.47675 0.45466666666666666 0.0285 0.018666666666666665
3 0.4635 0.42566666666666664 0.026000000000000002 0.019333333333333334
3 0.45875 0.4086666666666667 0.0265 0.017333333333333333
3 0.4405 0.37866666666666665 0.024 0.016
3 0.44675000000000004 0.36866666666666664 0.0225 0.013333333333333332
3 0.43975000000000003 0.3496666666666667 0.0225 0.012666666666666666
3 0.43775000000000003 0.33566666666666667 0.0205 0.012666666666666666
3 0.38525 0.3416666666666667 0.0225 0.014
3 0.3895 0.35866666666666663 0.022 0.014666666666666666
3 0.394 0.36866666666666664 0.021 0.013333333333333332
0 0.389 0.49366666666666664 0.005 0.015333333333333332
0 0.3835 0.48566666666666664 0.004 0.012666666666666666
0 0.39275 0.48666666666666664 0.0045000000000000005 0.013333333333333332
0 0.3785 0.49466666666666664 0.004 0.013333333333333332
3 0.35325 0.29466666666666663 0.0175 0.013333333333333332
0 0.3705 0.33366666666666667 0.004 0.011333333333333332
3 0.358 0.33266666666666667 0.015 0.016
0 0.36625 0.33466666666666667 0.0025 0.009333333333333332
0 0.8265 0.37066666666666664 0.004 0.012
3 0.57425 0.30666666666666664 0.0135 0.016
5 0.558 0.2826666666666667 0.014 0.02
3 0.46125 0.30866666666666664 0.0185 0.010666666666666666
3 0.462 0.2816666666666667 0.016 0.01
0 0.432 0.25266666666666665 0.003 0.009333333333333332
0 0.45975 0.26166666666666666 0.0025 0.008666666666666666
3 0.51325 0.26466666666666666 0.0105 0.014666666666666666
3 0.52575 0.26266666666666666 0.0095 0.010666666666666666
6 0.52725 0.2876666666666667 0.006500000000000001 0.01
0 0.671 0.32766666666666666 0.004 0.012666666666666666
3 0.39275 0.20466666666666666 0.0125 0.006666666666666666
4 0.3905 0.19966666666666666 0.013000000000000001 0.008666666666666666
4 0.36925 0.20166666666666666 0.0115 0.008666666666666666
4 0.482 0.21566666666666667 0.008 0.012666666666666666
3 0.51175 0.18766666666666665 0.0125 0.007333333333333333
4 0.5375 0.17666666666666667 0.011 0.008
3 0.56525 0.16266666666666665 0.0095 0.006666666666666666
3 0.55725 0.17466666666666666 0.0135 0.009333333333333332
3 0.541 0.16466666666666666 0.007 0.008
3 0.4905 0.17266666666666666 0.013000000000000001 0.006666666666666666
3 0.44575000000000004 0.14566666666666667 0.0045000000000000005 0.006
3 0.4585 0.15366666666666667 0.005 0.007333333333333333
3 0.43375 0.15466666666666667 0.006500000000000001 0.006666666666666666
5 0.5955 0.41566666666666663 0.031 0.04733333333333333
