3 0.41464285714285715 0.5166666666666667 0.030714285714285715 0.04476190476190476
3 0.4539285714285714 0.44142857142857145 0.019285714285714285 0.03142857142857143
3 0.4714285714285714 0.3952380952380952 0.017142857142857144 0.026666666666666665
3 0.5146428571428572 0.21714285714285714 0.007857142857142858 0.009523809523809525
3 0.5096428571428572 0.2 0.007857142857142858 0.009523809523809525
3 0.5017857142857143 0.18714285714285714 0.007857142857142858 0.010476190476190476
3 0.5025 0.17142857142857143 0.0064285714285714285 0.007619047619047619
3 0.5071428571428571 0.1419047619047619 0.007142857142857143 0.007619047619047619
3 0.49535714285714283 0.11952380952380952 0.005 0.004761904761904762
3 0.4875 0.10523809523809524 0.005 0.006666666666666666
9 0.5839285714285715 0.6871428571428572 0.016428571428571428 0.02761904761904762
1 0.5846428571428571 0.6847619047619048 0.010714285714285714 0.017142857142857144
0 0.4392857142857143 0.7866666666666666 0.01 0.024761904761904763
0 0.4567857142857143 0.7690476190476191 0.007857142857142858 0.021904761904761906
0 0.5967857142857143 0.7795238095238095 0.007857142857142858 0.021904761904761906
0 0.59 0.7771428571428571 0.007142857142857143 0.015238095238095238
0 0.5692857142857143 0.8214285714285714 0.008571428571428572 0.02761904761904762
0 0.6339285714285714 0.981904761904762 0.010714285714285714 0.03238095238095238
0 0.6171428571428571 0.9823809523809524 0.01 0.03333333333333333
1 0.5514285714285714 0.8323809523809523 0.015714285714285715 0.022857142857142857
1 0.6839285714285714 0.7338095238095238 0.012142857142857143 0.02
9 0.5521428571428572 0.8314285714285714 0.014285714285714285 0.04380952380952381
0 0.10035714285714285 0.8747619047619047 0.017857142857142856 0.02
0 0.17285714285714285 0.73 0.01 0.02
1 0.09642857142857143 0.8366666666666667 0.02 0.02
1 0.15178571428571427 0.73 0.012142857142857143 0.01619047619047619
1 0.15678571428571428 0.6866666666666666 0.013571428571428571 0.015238095238095238
1 0.11714285714285715 0.8038095238095239 0.012857142857142857 0.017142857142857144
1 0.14 0.6571428571428571 0.008571428571428572 0.009523809523809525
1 0.1492857142857143 0.6666666666666666 0.011428571428571429 0.013333333333333332
0 0.9671428571428572 0.6542857142857142 0.012857142857142857 0.024761904761904763
0 0.9421428571428572 0.6552380952380953 0.012857142857142857 0.022857142857142857
0 0.9367857142857143 0.6471428571428571 0.010714285714285714 0.021904761904761906
0 0.9475 0.6414285714285715 0.010714285714285714 0.02761904761904762
0 0.9378571428571428 0.5252380952380953 0.008571428571428572 0.021904761904761906
9 0.9371428571428572 0.5338095238095238 0.022857142857142857 0.023809523809523808
