3 0.0825 0.6592639593908629 0.09214285714285714 0.06979695431472081
3 0.08464285714285714 0.43908629441624364 0.09214285714285714 0.07360406091370558
3 0.23214285714285715 0.6751269035532994 0.07714285714285714 0.06852791878172589
3 0.2425 0.4612944162436548 0.075 0.06472081218274112
3 0.5564285714285714 0.7214467005076142 0.08285714285714285 0.06979695431472081
3 0.47 0.6307106598984771 0.08571428571428572 0.06852791878172589
3 0.47714285714285715 0.5596446700507614 0.08 0.05837563451776649
3 0.48035714285714287 0.49238578680203043 0.07785714285714286 0.06598984771573603
3 0.5553571428571429 0.6446700507614213 0.07785714285714286 0.06598984771573603
3 0.5646428571428571 0.5044416243654822 0.07785714285714286 0.06218274111675126
3 0.5628571428571428 0.4365482233502538 0.08142857142857143 0.05837563451776649
3 0.5703571428571429 0.3661167512690355 0.07642857142857143 0.06472081218274112
3 0.48928571428571427 0.350253807106599 0.06714285714285714 0.06598984771573603
3 0.48964285714285716 0.2861675126903553 0.08214285714285714 0.06725888324873096
3 0.575 0.30203045685279184 0.07285714285714286 0.06091370558375634
3 0.3314285714285714 0.40609137055837563 0.07428571428571429 0.06345177664974619
3 0.3425 0.06281725888324872 0.075 0.06725888324873096
3 0.4878571428571429 0.21637055837563451 0.08142857142857143 0.06979695431472081
3 0.5775 0.23223350253807104 0.085 0.06598984771573603
3 0.5746428571428571 0.15736040609137056 0.075 0.06345177664974619
3 0.4967857142857143 0.14593908629441624 0.07214285714285715 0.06598984771573603
3 0.7403571428571428 0.042512690355329945 0.08357142857142857 0.07233502538071065
3 0.7321428571428571 0.11548223350253806 0.08 0.07360406091370558
3 0.7221428571428572 0.23667512690355327 0.07714285714285714 0.06218274111675126
3 0.725 0.3147208121827411 0.07 0.06091370558375634
3 0.7214285714285714 0.3756345177664974 0.07142857142857142 0.055837563451776644
3 0.7271428571428571 0.4555837563451776 0.08285714285714285 0.06852791878172589
3 0.7167857142857142 0.5158629441624365 0.09071428571428572 0.07233502538071065
3 0.7167857142857142 0.5875634517766497 0.085 0.07360406091370558
3 0.7146428571428571 0.6605329949238579 0.07785714285714286 0.07233502538071065
3 0.7178571428571429 0.7423857868020304 0.06857142857142857 0.06598984771573603
3 0.023928571428571428 0.5050761421319797 0.047857142857142855 0.06598984771573603
3 0.02642857142857143 0.3705583756345177 0.05285714285714286 0.06345177664974619
3 0.019642857142857142 0.6586294416243654 0.039285714285714285 0.06598984771573603
3 0.07 0.9295685279187816 0.06 0.13071065989847716
3 0.11892857142857143 0.9333756345177664 0.04071428571428572 0.12055837563451775
3 0.23 0.9321065989847716 0.04 0.133248730964467
3 0.26964285714285713 0.9365482233502538 0.045 0.11167512690355329
3 0.3439285714285714 0.947969543147208 0.039285714285714285 0.10152284263959391
3 0.385 0.95748730964467 0.03428571428571429 0.07994923857868019
3 0.42142857142857143 0.9549492385786801 0.03571428571428571 0.08502538071065989
3 0.42214285714285715 0.9549492385786801 0.03428571428571429 0.08502538071065989
3 0.8103571428571429 0.2563451776649746 0.08071428571428571 0.06598984771573603
3 0.8053571428571429 0.3305837563451776 0.07785714285714286 0.07233502538071065
3 0.8042857142857143 0.45748730964467 0.07285714285714286 0.0748730964467005
3 0.9603571428571429 0.3508883248730964 0.07785714285714286 0.06218274111675126
3 0.9514285714285714 0.48667512690355325 0.08428571428571428 0.07994923857868019
3 0.9571428571428572 0.6903553299492385 0.08428571428571428 0.07868020304568528
3 0.7996428571428571 0.6135786802030456 0.07928571428571428 0.0748730964467005
4 0.9589285714285715 0.41941624365482233 0.08071428571428571 0.08248730964467005
4 0.5642857142857143 0.574238578680203 0.08428571428571428 0.05964467005076142
4 0.315 0.6846446700507614 0.08714285714285715 0.06725888324873096
4 0.3242857142857143 0.6135786802030456 0.08714285714285715 0.0748730964467005
4 0.3167857142857143 0.5431472081218274 0.08642857142857142 0.07360406091370558
4 0.3225 0.4708121827411167 0.08642857142857142 0.06852791878172589
4 0.33 0.33312182741116747 0.06714285714285714 0.05964467005076142
4 0.1 0.16687817258883247 0.09 0.08502538071065989
4 0.10214285714285715 0.09961928934010152 0.09 0.07741116751269035
4 0.10714285714285714 0.03426395939086294 0.09 0.06852791878172589
4 0.47035714285714286 0.7106598984771573 0.07928571428571428 0.07614213197969542
3 0.5042857142857143 0.02284263959390863 0.07714285714285714 0.04568527918781726
