0 0.6946428571428571 0.42714285714285716 0.005 0.012380952380952381
0 0.6321428571428571 0.4742857142857143 0.005714285714285714 0.015238095238095238
0 0.6167857142857143 0.4195238095238095 0.005 0.012380952380952381
0 0.6328571428571429 0.4119047619047619 0.002857142857142857 0.014285714285714285
0 0.6625 0.42904761904761907 0.005 0.012380952380952381
0 0.6703571428571429 0.3995238095238095 0.0035714285714285713 0.010476190476190476
0 0.6875 0.42238095238095236 0.005 0.010476190476190476
0 0.6575 0.3852380952380952 0.005 0.012380952380952381
0 0.6464285714285715 0.4066666666666667 0.004285714285714286 0.011428571428571429
0 0.58 0.3923809523809524 0.007142857142857143 0.015238095238095238
0 0.5664285714285714 0.43952380952380954 0.004285714285714286 0.014285714285714285
0 0.5421428571428571 0.45714285714285713 0.005714285714285714 0.015238095238095238
0 0.5696428571428571 0.4738095238095238 0.005 0.012380952380952381
0 0.5689285714285715 0.46523809523809523 0.0035714285714285713 0.014285714285714285
0 0.6164285714285714 0.41 0.002857142857142857 0.012380952380952381
0 0.6464285714285715 0.39904761904761904 0.002857142857142857 0.011428571428571429
0 0.6939285714285715 0.42238095238095236 0.0035714285714285713 0.012380952380952381
0 0.5228571428571429 0.44142857142857145 0.004285714285714286 0.012380952380952381
0 0.68 0.3523809523809524 0.004285714285714286 0.011428571428571429
0 0.3539285714285714 0.2742857142857143 0.0035714285714285713 0.011428571428571429
0 0.3625 0.2623809523809524 0.0035714285714285713 0.012380952380952381
0 0.35214285714285715 0.25952380952380955 0.002857142857142857 0.010476190476190476
0 0.3464285714285714 0.2795238095238095 0.002857142857142857 0.012380952380952381
0 0.34964285714285714 0.2819047619047619 0.002142857142857143 0.011428571428571429
0 0.49892857142857144 0.28714285714285714 0.005 0.012380952380952381
0 0.5421428571428571 0.2895238095238095 0.002857142857142857 0.009523809523809525
0 0.5396428571428571 0.2519047619047619 0.002142857142857143 0.010476190476190476
