4 0.16785714285714284 0.14952380952380953 0.014285714285714285 0.013333333333333332
4 0.1417857142857143 0.18904761904761905 0.023571428571428573 0.02761904761904762
3 0.12178571428571429 0.2195238095238095 0.015 0.014285714285714285
3 0.0625 0.23476190476190475 0.02214285714285714 0.012380952380952381
3 0.10535714285714286 0.2042857142857143 0.016428571428571428 0.012380952380952381
3 0.11392857142857143 0.1919047619047619 0.019285714285714285 0.012380952380952381
9 0.06892857142857142 0.22428571428571428 0.012142857142857143 0.010476190476190476
4 0.025 0.5114285714285715 0.05 0.07428571428571429
3 0.28714285714285714 0.7914285714285715 0.04 0.08571428571428572
2 0.08785714285714286 0.8071428571428572 0.025714285714285714 0.012380952380952381
9 0.07642857142857143 0.82 0.02142857142857143 0.013333333333333332
2 0.02142857142857143 0.8242857142857143 0.011428571428571429 0.02
5 0.14464285714285716 0.6595238095238095 0.09214285714285714 0.18
4 0.47 0.025238095238095237 0.004285714285714286 0.006666666666666666
3 0.46464285714285714 0.05476190476190476 0.005 0.004761904761904762
3 0.4689285714285714 0.05 0.0064285714285714285 0.008571428571428572
4 0.4675 0.04 0.007857142857142858 0.013333333333333332
0 0.47464285714285714 0.05 0.002142857142857143 0.004761904761904762
4 0.49178571428571427 0.035238095238095235 0.009285714285714286 0.013333333333333332
4 0.47464285714285714 0.014285714285714285 0.005 0.007619047619047619
3 0.48214285714285715 0.01380952380952381 0.002857142857142857 0.004761904761904762
3 0.5046428571428572 0.09238095238095238 0.015 0.007619047619047619
4 0.49214285714285716 0.13476190476190475 0.007142857142857143 0.012380952380952381
4 0.5271428571428571 0.22714285714285715 0.022857142857142857 0.04476190476190476
8 0.5339285714285714 0.1895238095238095 0.019285714285714285 0.04
0 0.435 0.16952380952380952 0.002857142857142857 0.007619047619047619
0 0.43 0.16952380952380952 0.002857142857142857 0.009523809523809525
4 0.3442857142857143 0.48142857142857143 0.037142857142857144 0.07333333333333333
3 0.3625 0.43952380952380954 0.017857142857142856 0.02761904761904762
4 0.5967857142857143 0.7247619047619047 0.06785714285714285 0.2723809523809524
4 0.7021428571428572 0.6676190476190477 0.027142857142857142 0.049523809523809526
3 0.7546428571428572 0.6666666666666666 0.035 0.05523809523809524
3 0.7921428571428571 0.6671428571428571 0.032857142857142856 0.05238095238095238
3 0.7139285714285715 0.6223809523809524 0.05071428571428571 0.02761904761904762
4 0.5689285714285715 0.16904761904761906 0.02642857142857143 0.02
3 0.5796428571428571 0.22428571428571428 0.012142857142857143 0.02
9 0.5714285714285714 0.2795238095238095 0.004285714285714286 0.012380952380952381
0 0.5917857142857142 0.16952380952380952 0.005 0.013333333333333332
1 0.5703571428571429 0.2776190476190476 0.0035714285714285713 0.008571428571428572
3 0.6025 0.2542857142857143 0.023571428571428573 0.015238095238095238
4 0.6114285714285714 0.3314285714285714 0.02 0.03619047619047619
4 0.5921428571428572 0.4095238095238095 0.024285714285714285 0.049523809523809526
4 0.5514285714285714 0.37761904761904763 0.027142857142857142 0.06571428571428571
3 0.675 0.4195238095238095 0.02142857142857143 0.029523809523809525
3 0.6996428571428571 0.30666666666666664 0.027857142857142858 0.015238095238095238
4 0.6367857142857143 0.29428571428571426 0.03785714285714286 0.022857142857142857
0 0.6214285714285714 0.2814285714285714 0.004285714285714286 0.010476190476190476
4 0.6517857142857143 0.31666666666666665 0.027857142857142858 0.018095238095238095
9 0.7203571428571428 0.35714285714285715 0.012142857142857143 0.013333333333333332
3 0.6689285714285714 0.5076190476190476 0.020714285714285713 0.0380952380952381
3 0.6942857142857143 0.5095238095238095 0.024285714285714285 0.0380952380952381
3 0.7164285714285714 0.47 0.03142857142857143 0.018095238095238095
9 0.6292857142857143 0.5514285714285714 0.008571428571428572 0.01904761904761905
1 0.6292857142857143 0.5447619047619048 0.007142857142857143 0.009523809523809525
4 0.8303571428571429 0.58 0.04928571428571429 0.03238095238095238
3 0.8825 0.9542857142857143 0.065 0.05523809523809524
