5 0.07642857142857143 0.5888324873096447 0.03571428571428571 0.05837563451776649
4 0.46214285714285713 0.9270304568527918 0.017142857142857144 0.049492385786802026
3 0.5567857142857143 0.8153553299492385 0.015 0.04695431472081218
3 0.5496428571428571 0.6802030456852791 0.015 0.04060913705583756
3 0.5092857142857142 0.6681472081218274 0.011428571428571429 0.031725888324873094
4 0.4614285714285714 0.6256345177664974 0.012857142857142857 0.027918781725888322
3 0.545 0.5983502538071066 0.011428571428571429 0.026649746192893398
3 0.5314285714285715 0.5520304568527918 0.01 0.02284263959390863
3 0.5271428571428571 0.5057106598984771 0.01 0.024111675126903553
3 0.5417857142857143 0.506979695431472 0.010714285714285714 0.021573604060913704
3 0.48964285714285716 0.4873096446700507 0.009285714285714286 0.015228426395939085
3 0.5253571428571429 0.4689086294416243 0.009285714285714286 0.016497461928934008
3 0.5389285714285714 0.46510152284263956 0.009285714285714286 0.019035532994923856
4 0.475 0.4625634517766497 0.008571428571428572 0.021573604060913704
3 0.4675 0.4416243654822335 0.007857142857142858 0.015228426395939085
3 0.48214285714285715 0.4295685279187817 0.007142857142857143 0.013959390862944161
3 0.49392857142857144 0.40736040609137053 0.007857142857142858 0.01015228426395939
3 0.5371428571428571 0.42005076142131975 0.007142857142857143 0.02030456852791878
5 0.5228571428571429 0.42068527918781723 0.01 0.024111675126903553
3 0.5167857142857143 0.40038071065989844 0.0064285714285714285 0.021573604060913704
8 0.5239285714285714 0.33312182741116747 0.007857142857142858 0.029187817258883246
3 0.4875 0.34835025380710655 0.0064285714285714285 0.013959390862944161
3 0.5225 0.30837563451776645 0.005 0.012690355329949238
0 0.6175 0.9111675126903552 0.005 0.015228426395939085
0 0.6475 0.8889593908629441 0.005 0.021573604060913704
0 0.6096428571428572 0.8673857868020304 0.005 0.021573604060913704
