0 0.6539665970772441 0.7026901669758813 0.009394572025052192 0.03246753246753247
7 0.6443110647181628 0.6753246753246753 0.0360125260960334 0.04823747680890538
6 0.668580375782881 0.7073283858998145 0.037578288100208766 0.041743970315398886
6 0.6474425887265135 0.5473098330241187 0.013048016701461376 0.025974025974025976
7 0.6221294363256784 0.5384972170686456 0.030271398747390394 0.03803339517625232
7 0.6106471816283924 0.5166975881261595 0.030271398747390394 0.04081632653061225
6 0.6385699373695197 0.5241187384044527 0.013048016701461376 0.02411873840445269
6 0.6466597077244258 0.511595547309833 0.013569937369519832 0.03432282003710575
6 0.6336116910229644 0.5111317254174397 0.010438413361169102 0.02411873840445269
1 0.6244780793319414 0.4772727272727273 0.004697286012526096 0.013914656771799629
1 0.6265657620041754 0.48515769944341375 0.006784968684759916 0.014842300556586271
0 0.6516179540709811 0.47912801484230055 0.0036534446764091852 0.0176252319109462
0 0.6557933194154488 0.4865491651205937 0.008872651356993735 0.02504638218923933
9 0.6490083507306889 0.4888682745825603 0.0057411273486430055 0.022263450834879406
9 0.6602296450939457 0.48562152133580705 0.008350730688935281 0.0287569573283859
9 0.6542275574112735 0.4666048237476809 0.007828810020876827 0.016697588126159554
6 0.6356993736951982 0.48283858998144713 0.012526096033402922 0.039888682745825604
6 0.6607515657620041 0.4517625231910946 0.014613778705636741 0.0352504638218924
6 0.6542275574112735 0.4336734693877551 0.012004175365344467 0.03432282003710575
7 0.6156054279749478 0.4355287569573284 0.023486430062630476 0.03246753246753247
9 0.5944676409185803 0.4642857142857143 0.012526096033402922 0.01948051948051948
9 0.5942066805845511 0.31864564007421153 0.010960334029227557 0.013914656771799629
1 0.644572025052192 0.3098330241187384 0.005219206680584551 0.014842300556586271
6 0.5970772442588725 0.2820037105751392 0.009394572025052192 0.022263450834879406
3 0.6276096033402923 0.25510204081632654 0.009916492693110646 0.02411873840445269
4 0.6046450939457202 0.25463821892393323 0.009916492693110646 0.01948051948051948
5 0.6179540709812108 0.24025974025974026 0.018789144050104383 0.020408163265306124
1 0.5811586638830897 0.274582560296846 0.0057411273486430055 0.012987012987012988
0 0.5884655532359081 0.2147495361781076 0.0036534446764091852 0.013914656771799629
6 0.5135699373695198 0.4202226345083488 0.009394572025052192 0.0352504638218924
1 0.531054279749478 0.34183673469387754 0.004697286012526096 0.013914656771799629
6 0.5315762004175365 0.34740259740259744 0.007828810020876827 0.0176252319109462
6 0.5558455114822547 0.2880333951762523 0.0073068893528183704 0.021335807050092765
7 0.5665448851774529 0.2852504638218924 0.007828810020876827 0.02319109461966605
9 0.5347077244258872 0.27968460111317256 0.004697286012526096 0.012059369202226345
0 0.5292275574112735 0.26855287569573283 0.0041753653444676405 0.0176252319109462
6 0.5151356993736952 0.2532467532467533 0.006263048016701461 0.014842300556586271
6 0.510438413361169 0.24025974025974026 0.012526096033402922 0.012987012987012988
9 0.5352296450939457 0.2300556586270872 0.008872651356993735 0.011131725417439703
0 0.5200939457202505 0.22634508348794063 0.0036534446764091852 0.014842300556586271
0 0.525313152400835 0.22495361781076068 0.0036534446764091852 0.010204081632653062
9 0.5292275574112735 0.21521335807050093 0.0031315240083507304 0.011131725417439703
9 0.5347077244258872 0.21706864564007422 0.0026096033402922755 0.0074211502782931356
6 0.5409707724425886 0.21985157699443414 0.007828810020876827 0.016697588126159554
1 0.5665448851774529 0.20918367346938777 0.0036534446764091852 0.010204081632653062
6 0.5678496868475991 0.21196660482374768 0.0041753653444676405 0.010204081632653062
6 0.6221294363256784 0.2017625231910946 0.015657620041753653 0.0176252319109462
5 0.5923799582463465 0.13172541743970315 0.009394572025052192 0.020408163265306124
9 0.5824634655532358 0.1326530612244898 0.0031315240083507304 0.0074211502782931356
