3 0.23964285714285713 0.9066666666666666 0.075 0.08
3 0.34785714285714286 0.7114285714285714 0.06714285714285714 0.06095238095238095
3 0.38642857142857145 0.6395238095238095 0.06428571428571428 0.04666666666666667
3 0.40535714285714286 0.6076190476190476 0.055 0.047619047619047616
3 0.20964285714285713 0.9571428571428572 0.07785714285714286 0.08
9 0.22892857142857143 0.5847619047619048 0.012142857142857143 0.024761904761904763
3 0.9364285714285714 0.2966666666666667 0.024285714285714285 0.035238095238095235
7 0.3921428571428571 0.44952380952380955 0.027142857142857142 0.047619047619047616
9 0.38785714285714284 0.38952380952380955 0.017142857142857144 0.015238095238095238
9 0.39464285714285713 0.38476190476190475 0.015 0.01904761904761905
9 0.3975 0.38 0.009285714285714286 0.015238095238095238
4 0.5621428571428572 0.3142857142857143 0.047142857142857146 0.04
4 0.6521428571428571 0.5076190476190476 0.055714285714285716 0.05142857142857143
8 0.9878571428571429 0.05952380952380952 0.02142857142857143 0.04476190476190476
4 0.82 0.06190476190476191 0.02 0.02095238095238095
4 0.8271428571428572 0.05904761904761905 0.02 0.01904761904761905
3 0.7625 0.08666666666666667 0.029285714285714286 0.015238095238095238
3 0.7767857142857143 0.05238095238095238 0.02642857142857143 0.015238095238095238
3 0.6889285714285714 0.15476190476190477 0.030714285714285715 0.02
4 0.7021428571428572 0.2 0.03428571428571429 0.02857142857142857
4 0.615 0.2195238095238095 0.037142857142857144 0.035238095238095235
3 0.6414285714285715 0.18714285714285714 0.03142857142857143 0.021904761904761906
4 0.6217857142857143 0.11666666666666667 0.029285714285714286 0.02
4 0.6217857142857143 0.10428571428571429 0.035 0.023809523809523808
3 0.6375 0.10476190476190476 0.02214285714285714 0.015238095238095238
3 0.6621428571428571 0.09142857142857143 0.022857142857142857 0.01904761904761905
4 0.6946428571428571 0.05142857142857143 0.03214285714285714 0.022857142857142857
3 0.7846428571428572 0.037142857142857144 0.020714285714285713 0.015238095238095238
3 0.7942857142857143 0.03190476190476191 0.024285714285714285 0.014285714285714285
3 0.7671428571428571 0.014761904761904763 0.02 0.012380952380952381
3 0.735 0.014285714285714285 0.02 0.015238095238095238
9 0.7264285714285714 0.03190476190476191 0.01 0.012380952380952381
0 0.655 0.11238095238095239 0.002857142857142857 0.013333333333333332
