3 0.5303571428571429 0.92 0.016428571428571428 0.05333333333333333
3 0.5278571428571428 0.8552380952380952 0.015714285714285715 0.05523809523809524
3 0.6042857142857143 0.86 0.037142857142857144 0.024761904761904763
3 0.6039285714285715 0.8366666666666667 0.035 0.021904761904761906
3 0.6046428571428571 0.8071428571428572 0.029285714285714286 0.021904761904761906
3 0.6046428571428571 0.7819047619047619 0.035 0.022857142857142857
3 0.6014285714285714 0.7066666666666667 0.03571428571428571 0.02095238095238095
3 0.5964285714285714 0.679047619047619 0.03571428571428571 0.024761904761904763
3 0.5942857142857143 0.6314285714285715 0.03571428571428571 0.022857142857142857
3 0.5903571428571428 0.559047619047619 0.030714285714285715 0.01904761904761905
3 0.5903571428571428 0.48238095238095235 0.03357142857142857 0.02
3 0.6375 0.4042857142857143 0.015 0.04476190476190476
0 0.6242857142857143 0.9338095238095238 0.008571428571428572 0.010476190476190476
0 0.6189285714285714 0.9219047619047619 0.0064285714285714285 0.007619047619047619
3 0.5317857142857143 0.9785714285714285 0.016428571428571428 0.040952380952380955
3 0.37642857142857145 0.9542857142857143 0.017142857142857144 0.049523809523809526
3 0.37535714285714283 0.89 0.016428571428571428 0.05238095238095238
3 0.3775 0.7052380952380952 0.015 0.04857142857142857
3 0.3742857142857143 0.6519047619047619 0.015714285714285715 0.037142857142857144
3 0.5228571428571429 0.6666666666666666 0.017142857142857144 0.047619047619047616
3 0.5267857142857143 0.7966666666666666 0.016428571428571428 0.05047619047619047
3 0.3075 0.8438095238095238 0.020714285714285713 0.05142857142857143
3 0.35428571428571426 0.9785714285714285 0.017142857142857144 0.040952380952380955
3 0.35035714285714287 0.8466666666666667 0.017857142857142856 0.05333333333333333
3 0.3475 0.78 0.016428571428571428 0.05142857142857143
3 0.38142857142857145 0.7666666666666667 0.017142857142857144 0.05523809523809524
4 0.355 0.9323809523809524 0.015714285714285715 0.047619047619047616
9 0.6 0.7252380952380952 0.014285714285714285 0.008571428571428572
3 0.5446428571428571 0.6219047619047618 0.015 0.0419047619047619
3 0.5392857142857143 0.5642857142857143 0.017142857142857144 0.04476190476190476
3 0.52 0.5542857142857143 0.017142857142857144 0.049523809523809526
3 0.5217857142857143 0.6095238095238096 0.016428571428571428 0.0419047619047619
3 0.525 0.7276190476190476 0.015714285714285715 0.03428571428571429
3 0.35964285714285715 0.48238095238095235 0.015 0.04857142857142857
3 0.35642857142857143 0.5752380952380952 0.015714285714285715 0.049523809523809526
3 0.37535714285714283 0.49714285714285716 0.016428571428571428 0.0419047619047619
3 0.41714285714285715 0.44761904761904764 0.015714285714285715 0.04380952380952381
4 0.3742857142857143 0.5976190476190476 0.017142857142857144 0.05047619047619047
4 0.5764285714285714 0.2719047619047619 0.02857142857142857 0.02
3 0.5842857142857143 0.38761904761904764 0.032857142857142856 0.022857142857142857
3 0.5825 0.41 0.03214285714285714 0.02
3 0.5825 0.36428571428571427 0.03357142857142857 0.023809523809523808
3 0.6321428571428571 0.29714285714285715 0.015714285714285715 0.0419047619047619
3 0.7003571428571429 0.30142857142857143 0.016428571428571428 0.04476190476190476
3 0.7103571428571429 0.23238095238095238 0.035 0.022857142857142857
3 0.5821428571428572 0.30142857142857143 0.032857142857142856 0.023809523809523808
3 0.585 0.3238095238095238 0.027142857142857142 0.02095238095238095
3 0.5064285714285715 0.09142857142857143 0.015714285714285715 0.0380952380952381
3 0.4514285714285714 0.11428571428571428 0.015714285714285715 0.0419047619047619
3 0.5271428571428571 0.1 0.017142857142857144 0.04380952380952381
5 0.5764285714285714 0.19666666666666666 0.04428571428571428 0.02761904761904762
3 0.085 0.22714285714285715 0.03 0.02
3 0.15785714285714286 0.2714285714285714 0.032857142857142856 0.02095238095238095
3 0.21142857142857144 0.3442857142857143 0.03571428571428571 0.02
3 0.26142857142857145 0.34 0.032857142857142856 0.02095238095238095
3 0.17214285714285715 0.40476190476190477 0.032857142857142856 0.04
0 0.3067857142857143 0.44 0.0064285714285714285 0.007619047619047619
3 0.30714285714285716 0.48904761904761906 0.037142857142857144 0.021904761904761906
0 0.31464285714285717 0.44476190476190475 0.007857142857142858 0.007619047619047619
0 0.5575 0.4419047619047619 0.005 0.009523809523809525
1 0.4203571428571429 0.31238095238095237 0.005 0.007619047619047619
0 0.54 0.27380952380952384 0.007142857142857143 0.012380952380952381
9 0.42 0.31476190476190474 0.004285714285714286 0.010476190476190476
9 0.3817857142857143 0.04666666666666667 0.007857142857142858 0.02095238095238095
1 0.38035714285714284 0.04428571428571428 0.007857142857142858 0.008571428571428572
0 0.36714285714285716 0.08761904761904762 0.005714285714285714 0.011428571428571429
0 0.3517857142857143 0.047142857142857146 0.005 0.012380952380952381
0 0.34964285714285714 0.062380952380952384 0.005 0.012380952380952381
3 0.335 0.10476190476190476 0.015714285714285715 0.0419047619047619
3 0.5025 0.05142857142857143 0.013571428571428571 0.04
3 0.5025 0.012380952380952381 0.015 0.026666666666666665
1 0.35928571428571426 0.3595238095238095 0.007142857142857143 0.006666666666666666
3 0.35964285714285715 0.3619047619047619 0.012142857142857143 0.007619047619047619
0 0.37142857142857144 0.3295238095238095 0.005714285714285714 0.009523809523809525
9 0.615 0.43761904761904763 0.01 0.010476190476190476
3 0.115 0.6923809523809524 0.02 0.047619047619047616
3 0.07714285714285714 0.6795238095238095 0.02 0.05047619047619047
3 0.06 0.6823809523809524 0.02142857142857143 0.05619047619047619
3 0.019642857142857142 0.6842857142857143 0.02214285714285714 0.05047619047619047
3 0.25142857142857145 0.2195238095238095 0.03571428571428571 0.021904761904761906
1 0.23464285714285715 0.23666666666666666 0.007857142857142858 0.012380952380952381
2 0.23535714285714285 0.23666666666666666 0.013571428571428571 0.012380952380952381
9 0.11964285714285715 0.23666666666666666 0.010714285714285714 0.012380952380952381
9 0.046785714285714285 0.2519047619047619 0.015 0.010476190476190476
1 0.04535714285714286 0.2523809523809524 0.007857142857142858 0.013333333333333332
0 0.7046428571428571 0.18 0.005 0.015238095238095238
1 0.5921428571428572 0.23476190476190475 0.005714285714285714 0.010476190476190476
9 0.5921428571428572 0.23714285714285716 0.012857142857142857 0.009523809523809525
5 0.27285714285714285 0.2842857142857143 0.041428571428571426 0.025714285714285714
