3 0.8289285714285715 0.8807106598984771 0.03785714285714286 0.07868020304568528
3 0.7314285714285714 0.8274111675126903 0.04 0.07868020304568528
3 0.32285714285714284 0.7335025380710659 0.02857142857142857 0.09390862944162436
3 0.415 0.4758883248730964 0.022857142857142857 0.07106598984771573
3 0.39535714285714285 0.28045685279187815 0.017857142857142856 0.06091370558375634
4 0.3467857142857143 0.22525380710659898 0.013571428571428571 0.03680203045685279
8 0.3921428571428571 0.04758883248730964 0.017142857142857144 0.03934010152284264
3 0.3167857142857143 0.013959390862944161 0.007857142857142858 0.02030456852791878
3 0.33535714285714285 0.06535532994923858 0.012142857142857143 0.026649746192893398
0 0.7371428571428571 0.48350253807106597 0.002857142857142857 0.02284263959390863
0 0.7342857142857143 0.47969543147208116 0.004285714285714286 0.02030456852791878
