5 0.015357142857142857 0.08883248730964466 0.03214285714285714 0.048223350253807105
3 0.005 0.16370558375634517 0.011428571428571429 0.017766497461928932
5 0.11 0.26078680203045684 0.05 0.05964467005076142
5 0.031785714285714285 0.16751269035532992 0.03214285714285714 0.04314720812182741
8 0.13 0.14022842639593908 0.045714285714285714 0.05710659898477157
3 0.07964285714285714 0.2017766497461929 0.017857142857142856 0.02284263959390863
4 0.12428571428571429 0.22525380710659898 0.017142857142857144 0.024111675126903553
4 0.16 0.3115482233502538 0.017142857142857144 0.026649746192893398
5 0.195 0.3546954314720812 0.03571428571428571 0.052030456852791875
4 0.305 0.08185279187817258 0.015714285714285715 0.021573604060913704
3 0.3196428571428571 0.039974619289340096 0.017857142857142856 0.021573604060913704
5 0.18464285714285714 0.4727157360406091 0.035 0.049492385786802026
4 0.2075 0.47144670050761417 0.025 0.03426395939086294
4 0.2646428571428571 0.5126903553299492 0.017857142857142856 0.025380710659898477
5 0.3196428571428571 0.4555837563451776 0.025 0.04568527918781726
3 0.3414285714285714 0.5545685279187816 0.018571428571428572 0.025380710659898477
3 0.345 0.6376903553299492 0.02 0.026649746192893398
4 0.3267857142857143 0.641497461928934 0.017857142857142856 0.026649746192893398
5 0.21214285714285713 0.7017766497461928 0.025714285714285714 0.03807106598984771
3 0.14964285714285713 0.43210659898477155 0.015 0.021573604060913704
3 0.08035714285714286 0.6034263959390862 0.016428571428571428 0.024111675126903553
3 0.12214285714285714 0.5336294416243654 0.017142857142857144 0.026649746192893398
3 0.12928571428571428 0.5215736040609137 0.017142857142857144 0.025380710659898477
4 0.155 0.5126903553299492 0.017142857142857144 0.025380710659898477
3 0.16642857142857143 0.5628172588832487 0.017142857142857144 0.026649746192893398
3 0.1725 0.5482233502538071 0.017857142857142856 0.025380710659898477
3 0.1925 0.42703045685279184 0.015 0.021573604060913704
8 0.2625 0.43718274111675126 0.023571428571428573 0.03426395939086294
4 0.30892857142857144 0.7246192893401014 0.023571428571428573 0.048223350253807105
4 0.3192857142857143 0.7753807106598984 0.024285714285714285 0.053299492385786795
8 0.3314285714285714 0.7836294416243654 0.04428571428571428 0.09263959390862943
8 0.34464285714285714 0.7963197969543147 0.045 0.09517766497461928
5 0.15714285714285714 0.8451776649746192 0.07285714285714286 0.08629441624365482
5 0.16392857142857142 0.8864213197969543 0.07357142857142857 0.08756345177664974
5 0.18 0.9162436548223349 0.07428571428571429 0.09390862944162436
5 0.195 0.9505076142131978 0.07285714285714286 0.09137055837563451
5 0.24464285714285713 0.982233502538071 0.04214285714285714 0.032994923857868015
5 0.21714285714285714 0.9663705583756345 0.06 0.06218274111675126
3 0.24964285714285714 0.6954314720812182 0.015 0.035532994923857864
4 0.3796428571428571 0.8635786802030456 0.052142857142857144 0.11548223350253806
4 0.3967857142857143 0.8616751269035532 0.029285714285714286 0.06598984771573603
4 0.42464285714285716 0.9359137055837563 0.035 0.031725888324873094
4 0.41785714285714287 0.9670050761421319 0.03142857142857143 0.03045685279187817
4 0.41714285714285715 0.990482233502538 0.022857142857142857 0.013959390862944161
5 0.4614285714285714 0.7791878172588832 0.02857142857142857 0.04060913705583756
5 0.4878571428571429 0.7766497461928933 0.027142857142857142 0.04314720812182741
4 0.3867857142857143 0.6586294416243654 0.017857142857142856 0.03045685279187817
4 0.4064285714285714 0.6021573604060914 0.018571428571428572 0.024111675126903553
3 0.42928571428571427 0.6560913705583756 0.015714285714285715 0.02284263959390863
3 0.4853571428571429 0.6967005076142131 0.017857142857142856 0.025380710659898477
3 0.5171428571428571 0.7607868020304568 0.017142857142857144 0.026649746192893398
0 0.5942857142857143 0.23350253807106597 0.002857142857142857 0.01015228426395939
0 0.5971428571428572 0.23350253807106597 0.002857142857142857 0.0076142131979695426
8 0.655 0.8483502538071065 0.05 0.06979695431472081
3 0.6171428571428571 0.8470812182741116 0.02 0.031725888324873094
3 0.5567857142857143 0.890228426395939 0.020714285714285713 0.029187817258883246
3 0.6967857142857142 0.9422588832487309 0.017857142857142856 0.029187817258883246
4 0.5525 0.9200507614213197 0.02214285714285714 0.032994923857868015
4 0.6189285714285714 0.9340101522842639 0.019285714285714285 0.027918781725888322
