3 0.93625 0.7426666666666667 0.0195 0.036
3 0.9745 0.39866666666666667 0.024 0.014666666666666666
0 0.41150000000000003 0.31066666666666665 0.002 0.010666666666666666
0 0.41450000000000004 0.31266666666666665 0.003 0.010666666666666666
0 0.44825 0.31266666666666665 0.0025 0.010666666666666666
0 0.44575000000000004 0.31366666666666665 0.0025 0.012666666666666666
0 0.41725 0.30766666666666664 0.0025 0.011333333333333332
0 0.419 0.30766666666666664 0.003 0.012666666666666666
0 0.4185 0.31266666666666665 0.003 0.013333333333333332
0 0.421 0.31166666666666665 0.003 0.011333333333333332
0 0.42325 0.30966666666666665 0.0025 0.008666666666666666
0 0.42375 0.31566666666666665 0.0025 0.012666666666666666
0 0.42575 0.31466666666666665 0.0025 0.013333333333333332
0 0.429 0.31 0.003 0.012
0 0.4295 0.31666666666666665 0.003 0.013333333333333332
0 0.43225 0.31066666666666665 0.0025 0.010666666666666666
0 0.43425 0.31566666666666665 0.0035 0.012666666666666666
0 0.437 0.31666666666666665 0.002 0.012
0 0.436 0.30566666666666664 0.002 0.01
0 0.4395 0.31066666666666665 0.003 0.010666666666666666
0 0.4425 0.31166666666666665 0.002 0.011333333333333332
0 0.4415 0.31566666666666665 0.003 0.011333333333333332
