3 0.41714285714285715 0.4095238095238095 0.01 0.013333333333333332
5 0.42178571428571426 0.49714285714285716 0.030714285714285715 0.045714285714285714
0 0.28285714285714286 0.549047619047619 0.01 0.02761904761904762
0 0.2792857142857143 0.5495238095238095 0.007142857142857143 0.024761904761904763
3 0.6425 0.6571428571428571 0.047857142857142855 0.045714285714285714
3 0.5067857142857143 0.5842857142857143 0.025 0.02761904761904762
3 0.5967857142857143 0.5542857142857143 0.03642857142857143 0.03238095238095238
3 0.6289285714285714 0.5514285714285714 0.03214285714285714 0.030476190476190476
3 0.6114285714285714 0.5223809523809524 0.032857142857142856 0.02761904761904762
3 0.47714285714285715 0.5066666666666667 0.022857142857142857 0.022857142857142857
3 0.46964285714285714 0.4723809523809524 0.017857142857142856 0.02095238095238095
3 0.455 0.4195238095238095 0.011428571428571429 0.012380952380952381
3 0.5114285714285715 0.3995238095238095 0.011428571428571429 0.012380952380952381
3 0.4614285714285714 0.43523809523809526 0.012857142857142857 0.013333333333333332
3 0.4625 0.4471428571428571 0.015 0.02
3 0.46964285714285714 0.45666666666666667 0.017857142857142856 0.02
5 0.5364285714285715 0.42666666666666664 0.02 0.022857142857142857
3 0.5728571428571428 0.4595238095238095 0.022857142857142857 0.018095238095238095
3 0.5975 0.4614285714285714 0.017857142857142856 0.01619047619047619
3 0.5571428571428572 0.4552380952380952 0.022857142857142857 0.017142857142857144
3 0.5467857142857143 0.4452380952380952 0.02214285714285714 0.012380952380952381
3 0.62 0.49666666666666665 0.037142857142857144 0.021904761904761906
3 0.6578571428571428 0.4876190476190476 0.04428571428571428 0.02095238095238095
3 0.6196428571428572 0.4595238095238095 0.02214285714285714 0.02
3 0.6446428571428572 0.4614285714285714 0.019285714285714285 0.018095238095238095
3 0.6678571428571428 0.4576190476190476 0.02 0.02
3 0.7046428571428571 0.48238095238095235 0.04071428571428572 0.02
3 0.9242857142857143 0.5747619047619048 0.04285714285714286 0.037142857142857144
3 0.9617857142857142 0.5771428571428572 0.027857142857142858 0.04
