3 0.15035714285714286 0.9166666666666666 0.1407142857142857 0.14
3 0.30178571428571427 0.8219047619047619 0.12071428571428572 0.12761904761904763
3 0.42928571428571427 0.7623809523809524 0.10142857142857142 0.11523809523809524
3 0.3675 0.9419047619047619 0.135 0.11428571428571428
3 0.054642857142857146 0.42238095238095236 0.08214285714285714 0.058095238095238096
3 0.19464285714285715 0.37666666666666665 0.07071428571428572 0.04476190476190476
3 0.29928571428571427 0.2642857142857143 0.04 0.037142857142857144
3 0.43785714285714283 0.25142857142857145 0.045714285714285714 0.03238095238095238
3 0.5417857142857143 0.589047619047619 0.07785714285714286 0.06952380952380953
3 0.5871428571428572 0.6166666666666667 0.08714285714285715 0.07714285714285714
3 0.7192857142857143 0.7719047619047619 0.10285714285714286 0.12285714285714286
3 0.76 0.7342857142857143 0.09571428571428571 0.12
3 0.7853571428571429 0.68 0.08928571428571429 0.10285714285714286
3 0.8121428571428572 0.6519047619047619 0.09285714285714286 0.1
3 0.8517857142857143 0.6266666666666667 0.08928571428571429 0.09142857142857143
3 0.8728571428571429 0.6042857142857143 0.08714285714285715 0.09238095238095238
3 0.8978571428571429 0.5823809523809523 0.08571428571428572 0.08666666666666667
3 0.96 0.5319047619047619 0.05714285714285714 0.06
3 0.9714285714285714 0.5166666666666667 0.055714285714285716 0.06761904761904762
3 0.9810714285714286 0.47714285714285715 0.03642857142857143 0.04
3 0.9764285714285714 0.4442857142857143 0.045714285714285714 0.05047619047619047
3 0.6175 0.5414285714285715 0.06928571428571428 0.06190476190476191
3 0.6825 0.5495238095238095 0.065 0.05714285714285714
3 0.7392857142857143 0.5 0.06 0.05523809523809524
3 0.7125 0.46190476190476193 0.065 0.049523809523809526
3 0.3964285714285714 0.42714285714285716 0.08714285714285715 0.06190476190476191
3 0.6817857142857143 0.3019047619047619 0.030714285714285715 0.03238095238095238
3 0.9217857142857143 0.13428571428571429 0.020714285714285713 0.017142857142857144
0 0.7717857142857143 0.1619047619047619 0.0064285714285714285 0.022857142857142857
0 0.12428571428571429 0.3647619047619048 0.012857142857142857 0.030476190476190476
0 0.8903571428571428 0.13666666666666666 0.0064285714285714285 0.02
0 0.3492857142857143 0.8895238095238095 0.017142857142857144 0.0380952380952381
4 0.6492857142857142 0.6695238095238095 0.07857142857142857 0.08571428571428572
4 0.93 0.5476190476190477 0.07857142857142857 0.08571428571428572
5 0.2817857142857143 0.33 0.085 0.07904761904761905
8 0.9525 0.11904761904761904 0.055 0.0380952380952381
3 0.5925 0.11 0.03214285714285714 0.014285714285714285
4 0.5496428571428571 0.17714285714285713 0.017857142857142856 0.022857142857142857
4 0.7989285714285714 0.4542857142857143 0.06928571428571428 0.05904761904761905
0 0.8692857142857143 0.16952380952380952 0.008571428571428572 0.017142857142857144
