5 0.2975 0.5138095238095238 0.115 0.13238095238095238
3 0.5842857142857143 0.6771428571428572 0.06857142857142857 0.13714285714285715
3 0.58 0.5642857142857143 0.055714285714285716 0.08476190476190476
3 0.5764285714285714 0.4795238095238095 0.05285714285714286 0.07523809523809524
3 0.5771428571428572 0.4142857142857143 0.037142857142857144 0.06476190476190476
3 0.4017857142857143 0.32904761904761903 0.05071428571428571 0.04476190476190476
3 0.4446428571428571 0.2938095238095238 0.03214285714285714 0.040952380952380955
3 0.5817857142857142 0.37761904761904763 0.03785714285714286 0.04476190476190476
5 0.5839285714285715 0.3223809523809524 0.03642857142857143 0.06190476190476191
3 0.5875 0.28714285714285714 0.025 0.02761904761904762
5 0.5921428571428572 0.2695238095238095 0.022857142857142857 0.026666666666666665
5 0.59 0.25 0.02 0.025714285714285714
5 0.6014285714285714 0.24 0.024285714285714285 0.030476190476190476
4 0.5996428571428571 0.2219047619047619 0.04071428571428572 0.030476190476190476
3 0.6128571428571429 0.20238095238095238 0.017142857142857144 0.02
3 0.61 0.19380952380952382 0.03 0.018095238095238095
3 0.64 0.1676190476190476 0.022857142857142857 0.01904761904761905
3 0.4617857142857143 0.2671428571428571 0.027857142857142858 0.03142857142857143
3 0.47214285714285714 0.2519047619047619 0.022857142857142857 0.025714285714285714
3 0.4853571428571429 0.2419047619047619 0.020714285714285713 0.026666666666666665
3 0.4975 0.22714285714285715 0.017857142857142856 0.025714285714285714
3 0.5071428571428571 0.21714285714285714 0.017142857142857144 0.022857142857142857
3 0.52 0.20714285714285716 0.015714285714285715 0.02
3 0.5314285714285715 0.2 0.02142857142857143 0.022857142857142857
3 0.5296428571428572 0.1819047619047619 0.030714285714285715 0.015238095238095238
3 0.5464285714285714 0.17952380952380953 0.027142857142857142 0.021904761904761906
3 0.5578571428571428 0.17714285714285713 0.025714285714285714 0.017142857142857144
3 0.5675 0.1719047619047619 0.027857142857142858 0.02
3 0.5746428571428571 0.16666666666666666 0.027857142857142858 0.017142857142857144
3 0.5803571428571429 0.16476190476190475 0.02214285714285714 0.015238095238095238
3 0.5875 0.15904761904761905 0.02214285714285714 0.015238095238095238
3 0.5946428571428571 0.15904761904761905 0.019285714285714285 0.017142857142857144
3 0.5953571428571428 0.15523809523809523 0.025 0.011428571428571429
3 0.6025 0.14952380952380953 0.02214285714285714 0.015238095238095238
3 0.6096428571428572 0.14714285714285713 0.025 0.014285714285714285
4 0.6189285714285714 0.1419047619047619 0.025 0.017142857142857144
3 0.65 0.12761904761904763 0.012857142857142857 0.009523809523809525
0 0.5421428571428571 0.2966666666666667 0.007142857142857143 0.02761904761904762
0 0.5496428571428571 0.2947619047619048 0.007857142857142858 0.02761904761904762
0 0.5575 0.2976190476190476 0.007857142857142858 0.029523809523809525
9 0.5596428571428571 0.30238095238095236 0.009285714285714286 0.02
