0 0.0775 0.3128172588832487 0.005 0.013959390862944161
0 0.12214285714285714 0.3280456852791878 0.004285714285714286 0.016497461928934008
0 0.05785714285714286 0.31218274111675126 0.005714285714285714 0.015228426395939085
0 0.06 0.33248730964467005 0.005714285714285714 0.015228426395939085
0 0.05678571428571429 0.32677664974619286 0.005 0.016497461928934008
1 0.07714285714285714 0.32741116751269034 0.002857142857142857 0.012690355329949238
2 0.07678571428571429 0.33248730964467005 0.007857142857142858 0.0076142131979695426
3 0.10964285714285714 0.274746192893401 0.017857142857142856 0.013959390862944161
3 0.061785714285714284 0.258248730964467 0.015 0.013959390862944161
3 0.17964285714285713 0.2982233502538071 0.017857142857142856 0.012690355329949238
8 0.2546428571428571 0.38515228426395937 0.062142857142857146 0.08248730964467005
8 0.29035714285714287 0.4225888324873096 0.06642857142857143 0.08121827411167512
8 0.3075 0.4549492385786802 0.065 0.10025380710659898
8 0.3992857142857143 0.47017766497461927 0.05857142857142857 0.08756345177664974
8 0.34035714285714286 0.5450507614213198 0.07214285714285715 0.10532994923857868
8 0.3578571428571429 0.5875634517766497 0.07 0.11928934010152284
8 0.4142857142857143 0.5133248730964467 0.06142857142857143 0.10786802030456852
8 0.4417857142857143 0.5107868020304568 0.06357142857142857 0.10532994923857868
8 0.4521428571428571 0.5666243654822335 0.06428571428571428 0.12309644670050761
8 0.48678571428571427 0.5850253807106599 0.062142857142857146 0.12944162436548223
8 0.5121428571428571 0.6275380710659898 0.06571428571428571 0.14340101522842638
8 0.5571428571428572 0.6389593908629441 0.06 0.13071065989847716
8 0.5796428571428571 0.6700507614213197 0.062142857142857146 0.13705583756345177
8 0.48892857142857143 0.4048223350253807 0.065 0.08629441624365482
8 0.5471428571428572 0.3699238578680203 0.07 0.06472081218274112
8 0.5046428571428572 0.2214467005076142 0.029285714285714286 0.024111675126903553
8 0.595 0.11675126903553298 0.037142857142857144 0.04314720812182741
4 0.3975 0.12309644670050761 0.019285714285714285 0.02030456852791878
3 0.435 0.11230964467005075 0.017142857142857144 0.011421319796954314
4 0.46214285714285713 0.10850253807106598 0.014285714285714285 0.008883248730964466
3 0.46964285714285714 0.11992385786802029 0.015 0.008883248730964466
9 0.2596428571428571 0.30583756345177665 0.007857142857142858 0.012690355329949238
9 0.25214285714285717 0.3032994923857868 0.01 0.012690355329949238
9 0.24035714285714285 0.30076142131979694 0.009285714285714286 0.012690355329949238
9 0.23 0.2982233502538071 0.01 0.012690355329949238
3 0.36178571428571427 0.17195431472081216 0.007857142857142858 0.016497461928934008
3 0.36 0.12182741116751268 0.018571428571428572 0.012690355329949238
3 0.33285714285714285 0.11421319796954314 0.017142857142857144 0.012690355329949238
1 0.4446428571428571 0.12309644670050761 0.002142857142857143 0.0076142131979695426
9 0.445 0.1281725888324873 0.007142857142857143 0.01015228426395939
3 0.6042857142857143 0.07296954314720812 0.007142857142857143 0.011421319796954314
3 0.5989285714285715 0.08312182741116751 0.007857142857142858 0.011421319796954314
5 0.5867857142857142 0.06979695431472081 0.015 0.035532994923857864
3 0.5721428571428572 0.08058375634517766 0.007142857142857143 0.013959390862944161
3 0.5771428571428572 0.07170050761421319 0.007142857142857143 0.011421319796954314
5 0.7425 0.515228426395939 0.025 0.05837563451776649
5 0.7271428571428571 0.5786802030456852 0.03571428571428571 0.08375634517766496
8 0.6953571428571429 0.6967005076142131 0.03642857142857143 0.12436548223350252
8 0.8225 0.5552030456852791 0.02642857142857143 0.06725888324873096
8 0.8914285714285715 0.5691624365482233 0.022857142857142857 0.06472081218274112
8 0.8871428571428571 0.6230964467005076 0.025714285714285714 0.07614213197969542
8 0.925 0.581218274111675 0.022857142857142857 0.06852791878172589
8 0.9228571428571428 0.631979695431472 0.024285714285714285 0.06598984771573603
8 0.92 0.6916243654822335 0.025714285714285714 0.08121827411167512
8 0.9864285714285714 0.6046954314720812 0.025714285714285714 0.0748730964467005
8 0.9846428571428572 0.7614213197969543 0.027857142857142858 0.09137055837563451
3 0.9871428571428571 0.699238578680203 0.024285714285714285 0.050761421319796954
