1 0.9575 0.7256666666666667 0.024 0.038
9 0.9520000000000001 0.7356666666666667 0.047 0.035333333333333335
3 0.9782500000000001 0.6396666666666666 0.0425 0.04733333333333333
3 0.78125 0.6056666666666667 0.0675 0.062
3 0.66125 0.8086666666666666 0.1335 0.09466666666666666
3 0.56625 0.6986666666666667 0.1015 0.06533333333333333
1 0.47250000000000003 0.6226666666666666 0.011 0.034666666666666665
9 0.46875 0.628 0.0285 0.028
1 0.46950000000000003 0.5986666666666667 0.01 0.021333333333333333
9 0.46925 0.6086666666666667 0.0285 0.017333333333333333
1 0.43925000000000003 0.6256666666666666 0.0115 0.03933333333333333
9 0.439 0.6306666666666666 0.024 0.028
1 0.437 0.605 0.012 0.026
9 0.43725 0.6156666666666667 0.029500000000000002 0.026
1 0.41525 0.5916666666666667 0.0125 0.033999999999999996
9 0.41500000000000004 0.5966666666666667 0.026000000000000002 0.022666666666666665
5 0.57525 0.5476666666666666 0.0465 0.066
3 0.24625 0.42866666666666664 0.043500000000000004 0.022666666666666665
3 0.266 0.42366666666666664 0.04 0.02333333333333333
3 0.28750000000000003 0.4116666666666666 0.033 0.016666666666666666
3 0.37725000000000003 0.46166666666666667 0.0415 0.04466666666666667
3 0.33875 0.44566666666666666 0.0385 0.033999999999999996
4 0.317 0.40166666666666667 0.029 0.02333333333333333
3 0.3585 0.38166666666666665 0.036000000000000004 0.018
3 0.3735 0.37166666666666665 0.029 0.020666666666666667
3 0.42175 0.35266666666666663 0.0265 0.02
3 0.43925000000000003 0.346 0.021500000000000002 0.016
3 0.448 0.3426666666666667 0.027 0.018666666666666665
3 0.439 0.415 0.03 0.026
3 0.4365 0.38866666666666666 0.026000000000000002 0.021333333333333333
3 0.4805 0.36166666666666664 0.023 0.02333333333333333
3 0.629 0.37566666666666665 0.018000000000000002 0.019333333333333334
2 0.64725 0.4036666666666667 0.0145 0.015333333333333332
1 0.6445 0.437 0.007 0.014
1 0.63575 0.43666666666666665 0.0075 0.018666666666666665
1 0.577 0.348 0.004 0.008
9 0.577 0.35366666666666663 0.004 0.007333333333333333
0 0.6425 0.32566666666666666 0.003 0.012666666666666666
3 0.65225 0.32366666666666666 0.0175 0.012666666666666666
3 0.5445 0.3456666666666667 0.016 0.015333333333333332
3 0.51475 0.34299999999999997 0.0155 0.014
3 0.54475 0.32566666666666666 0.0125 0.015333333333333332
3 0.561 0.33866666666666667 0.015 0.014666666666666666
1 0.57575 0.31366666666666665 0.0035 0.008666666666666666
9 0.5760000000000001 0.318 0.003 0.008
3 0.5745 0.308 0.011 0.012
3 0.5825 0.30366666666666664 0.01 0.01
3 0.59175 0.3 0.0085 0.008
1 0.59475 0.30366666666666664 0.0035 0.004666666666666666
9 0.59575 0.30866666666666664 0.0035 0.006666666666666666
1 0.62275 0.30466666666666664 0.0035 0.006666666666666666
1 0.62725 0.30466666666666664 0.0035 0.008
9 0.62725 0.31066666666666665 0.0025 0.005333333333333333
9 0.623 0.31066666666666665 0.004 0.006666666666666666
3 0.6485 0.31066666666666665 0.016 0.009333333333333332
3 0.64475 0.30466666666666664 0.0105 0.009333333333333332
4 0.6445 0.29666666666666663 0.008 0.010666666666666666
1 0.6485 0.2836666666666667 0.003 0.004666666666666666
2 0.6485 0.2876666666666667 0.002 0.006
3 0.48925 0.32466666666666666 0.021500000000000002 0.013333333333333332
4 0.585 0.29166666666666663 0.009000000000000001 0.008666666666666666
0 0.64 0.2826666666666667 0.002 0.006666666666666666
1 0.6285000000000001 0.2826666666666667 0.001 0.005333333333333333
9 0.628 0.2866666666666667 0.004 0.0026666666666666666
0 0.60975 0.2796666666666667 0.0015 0.007333333333333333
3 0.61175 0.2876666666666667 0.006500000000000001 0.007333333333333333
3 0.61575 0.2846666666666667 0.006500000000000001 0.006666666666666666
0 0.61925 0.2836666666666667 0.0015 0.006
3 0.6205 0.2806666666666667 0.007 0.006666666666666666
3 0.62825 0.27666666666666667 0.0055 0.006666666666666666
3 0.631 0.27499999999999997 0.004 0.006
3 0.63425 0.27366666666666667 0.0045000000000000005 0.004666666666666666
4 0.6385000000000001 0.27066666666666667 0.008 0.006666666666666666
4 0.64175 0.268 0.0035 0.008
3 0.645 0.26766666666666666 0.004 0.004666666666666666
3 0.64675 0.26566666666666666 0.0035 0.006
3 0.6485 0.26466666666666666 0.003 0.004
3 0.6505 0.26366666666666666 0.003 0.004666666666666666
3 0.6647500000000001 0.26266666666666666 0.0045000000000000005 0.006666666666666666
3 0.6687500000000001 0.25866666666666666 0.0035 0.005333333333333333
3 0.678 0.25566666666666665 0.004 0.004666666666666666
3 0.6707500000000001 0.27166666666666667 0.006500000000000001 0.007333333333333333
3 0.6625 0.294 0.013000000000000001 0.008
4 0.6617500000000001 0.2886666666666667 0.0115 0.009333333333333332
4 0.6635 0.2866666666666667 0.011 0.009333333333333332
0 0.64875 0.27166666666666667 0.0015 0.006
0 0.659 0.26466666666666666 0.002 0.005333333333333333
1 0.6545 0.26266666666666666 0.002 0.004
6 0.655 0.26566666666666666 0.004 0.004666666666666666
5 0.6022500000000001 0.2796666666666667 0.0105 0.012666666666666666
5 0.63 0.26766666666666666 0.006 0.007333333333333333
3 0.657 0.25966666666666666 0.004 0.004666666666666666
