0 0.18928571428571428 0.9152380952380952 0.03428571428571429 0.04380952380952381
3 0.1992857142857143 0.7119047619047619 0.12857142857142856 0.1019047619047619
3 0.29464285714285715 0.4895238095238095 0.11785714285714285 0.08
3 0.3246428571428571 0.43476190476190474 0.11071428571428571 0.07523809523809524
3 0.34 0.3871428571428571 0.10428571428571429 0.06761904761904762
3 0.3525 0.3342857142857143 0.09785714285714285 0.07238095238095238
0 0.2767857142857143 0.3495238095238095 0.015 0.04
0 0.3221428571428571 0.24952380952380954 0.012857142857142857 0.04
2 0.11714285714285715 0.5876190476190476 0.03 0.05523809523809524
4 0.9096428571428572 0.4276190476190476 0.06785714285714285 0.10476190476190476
8 0.6889285714285714 0.23 0.06642857142857143 0.1838095238095238
3 0.9653571428571428 0.19380952380952382 0.052142857142857144 0.06380952380952382
3 0.9446428571428571 0.12761904761904763 0.047857142857142855 0.05714285714285714
3 0.9264285714285714 0.07714285714285714 0.04285714285714286 0.05523809523809524
3 0.9792857142857143 0.10714285714285714 0.04 0.05047619047619047
3 0.9835714285714285 0.35714285714285715 0.03142857142857143 0.09523809523809523
4 0.9875 0.13952380952380952 0.023571428571428573 0.07523809523809524
1 0.8889285714285714 0.15666666666666668 0.015 0.02761904761904762
9 0.8878571428571429 0.16476190476190475 0.017142857142857144 0.04
3 0.5717857142857142 0.3419047619047619 0.04214285714285714 0.08761904761904762
3 0.595 0.24714285714285714 0.04 0.08285714285714285
4 0.6067857142857143 0.16952380952380952 0.04214285714285714 0.08571428571428572
3 0.6175 0.11190476190476191 0.03357142857142857 0.06571428571428571
3 0.6289285714285714 0.05952380952380952 0.029285714285714286 0.06
3 0.6367857142857143 0.021904761904761906 0.02642857142857143 0.04380952380952381
0 0.65 0.009523809523809525 0.01 0.01904761904761905
0 0.5646428571428571 0.08238095238095237 0.012142857142857143 0.035238095238095235
3 0.5203571428571429 0.6247619047619047 0.06928571428571428 0.14666666666666667
3 0.5496428571428571 0.46904761904761905 0.05785714285714286 0.12666666666666668
3 0.4471428571428571 0.5614285714285714 0.07285714285714286 0.12476190476190477
3 0.40785714285714286 0.7619047619047619 0.08714285714285715 0.18095238095238095
3 0.4775 0.8323809523809523 0.08928571428571429 0.22476190476190477
0 0.3314285714285714 0.23238095238095238 0.014285714285714285 0.047619047619047616
9 0.38142857142857145 0.11523809523809524 0.014285714285714285 0.030476190476190476
3 0.39964285714285713 0.2219047619047619 0.085 0.06476190476190476
3 0.41928571428571426 0.1919047619047619 0.06714285714285714 0.05047619047619047
3 0.43642857142857144 0.16428571428571428 0.07571428571428572 0.05238095238095238
3 0.4475 0.13952380952380952 0.075 0.04666666666666667
0 0.7471428571428571 0.4238095238095238 0.017142857142857144 0.045714285714285714
1 0.5314285714285715 0.041428571428571426 0.011428571428571429 0.025714285714285714
7 0.4942857142857143 0.04666666666666667 0.03428571428571429 0.024761904761904763
3 0.935 0.8995238095238095 0.1 0.19714285714285715
