3 0.521920668058455 0.1549165120593692 0.009394572025052192 0.016697588126159554
3 0.4504175365344467 0.5083487940630798 0.016701461377870562 0.0463821892393321
3 0.487473903966597 0.9308905380333952 0.029227557411273482 0.09554730983302412
3 0.443893528183716 0.9744897959183674 0.02139874739039666 0.049165120593692026
8 0.45511482254697283 0.7453617810760668 0.037578288100208766 0.18274582560296845
1 0.38178496868475986 0.5213358070500927 0.004697286012526096 0.012987012987012988
1 0.4104906054279749 0.48098330241187387 0.0057411273486430055 0.008348794063079777
1 0.41101252609603334 0.34740259740259744 0.0036534446764091852 0.008348794063079777
1 0.4337160751565762 0.22727272727272727 0.0031315240083507304 0.0074211502782931356
9 0.3836116910229645 0.5347866419294991 0.008350730688935281 0.010204081632653062
9 0.4104906054279749 0.4930426716141002 0.0057411273486430055 0.013914656771799629
9 0.41101252609603334 0.3589981447124304 0.004697286012526096 0.00927643784786642
9 0.43345511482254695 0.23376623376623376 0.0036534446764091852 0.00927643784786642
