3 0.47464285714285714 0.8147619047619048 0.039285714285714285 0.12666666666666668
6 0.47464285714285714 0.69 0.03214285714285714 0.09238095238095238
9 0.5339285714285714 0.5671428571428572 0.013571428571428571 0.04666666666666667
1 0.5328571428571428 0.5614285714285714 0.012857142857142857 0.023809523809523808
4 0.48642857142857143 0.5571428571428572 0.04 0.13333333333333333
2 0.5742857142857143 0.6447619047619048 0.02857142857142857 0.02095238095238095
2 0.34964285714285714 0.5823809523809523 0.027857142857142858 0.014285714285714285
2 0.34714285714285714 0.5547619047619048 0.032857142857142856 0.025714285714285714
3 0.5896428571428571 0.35428571428571426 0.045 0.09523809523809523
0 0.5728571428571428 0.2976190476190476 0.012857142857142857 0.03333333333333333
9 0.5992857142857143 0.29714285714285715 0.02857142857142857 0.03238095238095238
