3 0.03964285714285714 0.4295685279187817 0.029285714285714286 0.031725888324873094
3 0.009642857142857142 0.4149746192893401 0.019285714285714285 0.032994923857868015
3 0.013928571428571429 0.557741116751269 0.027857142857142858 0.06218274111675126
3 0.38 0.12055837563451775 0.017142857142857144 0.015228426395939085
5 0.3871428571428571 0.01015228426395939 0.01 0.02030456852791878
3 0.39 0.03236040609137056 0.005714285714285714 0.011421319796954314
3 0.41214285714285714 0.03236040609137056 0.007142857142857143 0.013959390862944161
3 0.3921428571428571 0.1548223350253807 0.01 0.017766497461928932
3 0.39535714285714285 0.18654822335025378 0.009285714285714286 0.02284263959390863
3 0.42464285714285716 0.20050761421319796 0.007857142857142858 0.02030456852791878
3 0.39714285714285713 0.3280456852791878 0.012857142857142857 0.024111675126903553
4 0.41214285714285714 0.32550761421319796 0.01 0.024111675126903553
4 0.39964285714285713 0.35977157360406087 0.015 0.03426395939086294
3 0.40214285714285714 0.39403553299492383 0.012857142857142857 0.026649746192893398
3 0.41678571428571426 0.35342639593908626 0.012142857142857143 0.024111675126903553
4 0.48464285714285715 0.4809644670050761 0.017857142857142856 0.04314720812182741
3 0.49392857142857144 0.5380710659898477 0.020714285714285713 0.035532994923857864
3 0.5053571428571428 0.6313451776649746 0.020714285714285713 0.03934010152284264
4 0.5121428571428571 0.6833756345177664 0.022857142857142857 0.05456852791878172
3 0.5317857142857143 0.8020304568527918 0.027857142857142858 0.055837563451776644
3 0.52 0.7417512690355329 0.02857142857142857 0.05964467005076142
3 0.5428571428571428 0.8692893401015228 0.03571428571428571 0.07360406091370558
3 0.615 0.972715736040609 0.05 0.049492385786802026
4 0.69 0.982233502538071 0.06142857142857143 0.032994923857868015
4 0.7621428571428571 0.9784263959390862 0.06 0.032994923857868015
0 0.37642857142857145 0.21256345177664973 0.005714285714285714 0.016497461928934008
0 0.37 0.22842639593908629 0.004285714285714286 0.015228426395939085
4 0.46214285714285713 0.32677664974619286 0.014285714285714285 0.03426395939086294
4 0.055 0.32741116751269034 0.018571428571428572 0.032994923857868015
