0 0.3671711899791231 0.22727272727272727 0.009916492693110646 0.03896103896103896
4 0.43188935281837154 0.40166975881261596 0.025574112734864297 0.09647495361781076
3 0.46946764091858034 0.3942486085343228 0.03392484342379958 0.11873840445269017
3 0.5140918580375783 0.3826530612244898 0.029227557411273482 0.11038961038961038
3 0.5605427974947808 0.39239332096474955 0.030271398747390394 0.1150278293135436
5 0.6137787056367432 0.3780148423005566 0.043841336116910226 0.19758812615955473
3 0.6683194154488518 0.37987012987012986 0.03079331941544885 0.11595547309833024
3 0.7082463465553235 0.44990723562152135 0.03444676409185803 0.11317254174397032
5 0.7518267223382045 0.43645640074211506 0.04540709812108559 0.1456400742115028
3 0.8110647181628392 0.42068645640074215 0.038622129436325675 0.11966604823747681
4 0.9024008350730688 0.39935064935064934 0.04279749478079332 0.10111317254174397
7 0.9418058455114822 0.4095547309833024 0.03810020876826722 0.0862708719851577
9 0.9572025052192066 0.4795918367346939 0.014613778705636741 0.05194805194805195
3 0.7990605427974947 0.8404452690166976 0.04697286012526095 0.15769944341372913
3 0.7497390396659707 0.8492578849721707 0.04018789144050104 0.15306122448979592
4 0.6962421711899791 0.8093692022263451 0.033402922755741124 0.12894248608534323
3 0.6364822546972859 0.8107606679035251 0.03914405010438413 0.1521335807050093
3 0.5422755741127349 0.8882189239332097 0.03444676409185803 0.11966604823747681
3 0.46398747390396655 0.8631725417439703 0.038622129436325675 0.14935064935064934
