5 0.6521428571428571 0.8276190476190476 0.24714285714285714 0.2
5 0.6339285714285714 0.7147619047619047 0.24785714285714286 0.18761904761904763
0 0.43 0.819047619047619 0.027142857142857142 0.07428571428571429
3 0.565 0.3719047619047619 0.08142857142857143 0.07523809523809524
3 0.5717857142857142 0.2866666666666667 0.085 0.049523809523809526
3 0.5564285714285714 0.19714285714285715 0.07142857142857142 0.0419047619047619
3 0.5521428571428572 0.16476190476190475 0.05 0.04
3 0.5475 0.14714285714285713 0.06642857142857143 0.035238095238095235
3 0.5396428571428571 0.09238095238095238 0.052142857142857144 0.030476190476190476
3 0.535 0.08190476190476191 0.04857142857142857 0.024761904761904763
3 0.5 0.23142857142857143 0.03428571428571429 0.049523809523809526
3 0.36714285714285716 0.45714285714285713 0.06 0.09523809523809523
3 0.4114285714285714 0.2423809523809524 0.03428571428571429 0.04857142857142857
3 0.42178571428571426 0.18428571428571427 0.03357142857142857 0.04666666666666667
3 0.4342857142857143 0.11904761904761904 0.027142857142857142 0.03428571428571429
1 0.5042857142857143 0.34904761904761905 0.017142857142857144 0.05047619047619047
2 0.5053571428571428 0.35714285714285715 0.012142857142857143 0.0419047619047619
0 0.43964285714285717 0.37714285714285717 0.012142857142857143 0.047619047619047616
9 0.5103571428571428 0.46523809523809523 0.04642857142857143 0.037142857142857144
2 0.5664285714285714 0.4552380952380952 0.03571428571428571 0.03238095238095238
0 0.6117857142857143 0.4695238095238095 0.016428571428571428 0.047619047619047616
1 0.465 0.3342857142857143 0.017142857142857144 0.03428571428571429
7 0.4675 0.35904761904761906 0.027857142857142858 0.05523809523809524
3 0.3492857142857143 0.26666666666666666 0.045714285714285714 0.05714285714285714
3 0.28714285714285714 0.26476190476190475 0.05 0.07047619047619047
3 0.3821428571428571 0.08761904761904762 0.027142857142857142 0.03619047619047619
3 0.44892857142857145 0.062380952380952384 0.020714285714285713 0.02761904761904762
3 0.40964285714285714 0.019523809523809523 0.020714285714285713 0.025714285714285714
3 0.3028571428571429 0.14952380952380953 0.03571428571428571 0.0419047619047619
3 0.2517857142857143 0.22714285714285715 0.047857142857142855 0.06190476190476191
3 0.20714285714285716 0.3 0.06 0.0838095238095238
3 0.13464285714285715 0.4276190476190476 0.09071428571428572 0.11619047619047619
3 0.04964285714285714 0.5719047619047619 0.09928571428571428 0.14
1 0.1392857142857143 0.37714285714285717 0.018571428571428572 0.0419047619047619
0 0.5146428571428572 0.17142857142857143 0.010714285714285714 0.03619047619047619
0 0.5089285714285714 0.08714285714285715 0.007857142857142858 0.02761904761904762
0 0.49714285714285716 0.06190476190476191 0.007142857142857143 0.024761904761904763
0 0.49214285714285716 0.03428571428571429 0.007142857142857143 0.024761904761904763
7 0.5067857142857143 0.0419047619047619 0.015 0.024761904761904763
7 0.5142857142857142 0.03 0.014285714285714285 0.021904761904761906
3 0.5 0.11190476190476191 0.022857142857142857 0.03142857142857143
3 0.35 0.07714285714285714 0.027142857142857142 0.03238095238095238
4 0.3225 0.11 0.03357142857142857 0.04857142857142857
5 0.36464285714285716 0.037142857142857144 0.035 0.05523809523809524
3 0.5464285714285714 0.05238095238095238 0.03857142857142857 0.030476190476190476
1 0.021785714285714287 0.7595238095238095 0.04071428571428572 0.06
2 0.024642857142857143 0.7819047619047619 0.047857142857142855 0.08
