4 0.21928571428571428 0.7709390862944162 0.02142857142857143 0.0748730964467005
4 0.4567857142857143 0.7836294416243654 0.017857142857142856 0.10532994923857868
3 0.3342857142857143 0.9517766497461928 0.017142857142857144 0.09137055837563451
3 0.3692857142857143 0.700507614213198 0.02 0.08375634517766496
3 0.35285714285714287 0.47715736040609136 0.015714285714285715 0.07360406091370558
4 0.4067857142857143 0.4308375634517766 0.015 0.07741116751269035
4 0.24678571428571427 0.3546954314720812 0.017857142857142856 0.06472081218274112
4 0.25392857142857145 0.2411167512690355 0.019285714285714285 0.055837563451776644
3 0.3875 0.22652284263959388 0.012142857142857143 0.04695431472081218
3 0.3625 0.18591370558375633 0.015 0.05964467005076142
3 0.36464285714285716 0.06091370558375634 0.015 0.053299492385786795
4 0.455 0.30203045685279184 0.015714285714285715 0.07360406091370558
4 0.4517857142857143 0.02284263959390863 0.016428571428571428 0.04568527918781726
4 0.47535714285714287 0.02284263959390863 0.013571428571428571 0.04568527918781726
3 0.55 0.17703045685279187 0.011428571428571429 0.07233502538071065
3 0.55 0.019035532994923856 0.015714285714285715 0.03807106598984771
3 0.5746428571428571 0.33185279187817257 0.017857142857142856 0.06979695431472081
3 0.2692857142857143 0.026649746192893398 0.018571428571428572 0.048223350253807105
