3 0.1095 0.7726666666666666 0.176 0.11866666666666666
9 0.0205 0.42766666666666664 0.039 0.028666666666666667
4 0.43075 0.7566666666666666 0.0765 0.176
0 0.3375 0.7396666666666667 0.018000000000000002 0.056666666666666664
1 0.34625 0.7066666666666667 0.0105 0.017333333333333333
0 0.443 0.37066666666666664 0.015 0.044
3 0.42125 0.38066666666666665 0.043500000000000004 0.08266666666666667
0 0.47700000000000004 0.32866666666666666 0.011 0.04
3 0.44475000000000003 0.30366666666666664 0.0345 0.06066666666666667
1 0.4535 0.30166666666666664 0.011 0.026
0 0.4345 0.23766666666666666 0.008 0.03266666666666666
3 0.456 0.23366666666666666 0.032 0.05266666666666667
3 0.46925 0.17066666666666666 0.0275 0.04666666666666666
0 0.4825 0.14366666666666666 0.007 0.03
1 0.47475 0.13166666666666665 0.0075 0.018
0 0.513 0.9706666666666667 0.024 0.05333333333333333
0 0.4945 0.9776666666666667 0.02 0.043333333333333335
9 0.587 0.7876666666666666 0.022 0.066
3 0.49075 0.5306666666666666 0.0855 0.112
1 0.54225 0.626 0.0145 0.028
0 0.53125 0.6186666666666667 0.0165 0.04533333333333333
0 0.562 0.5806666666666667 0.015 0.048
0 0.588 0.6036666666666667 0.018000000000000002 0.049999999999999996
1 0.668 0.5596666666666666 0.017 0.03266666666666666
0 0.5665 0.45166666666666666 0.015 0.04066666666666666
0 0.579 0.33066666666666666 0.011 0.036
3 0.594 0.32266666666666666 0.059000000000000004 0.05733333333333333
1 0.5895 0.26166666666666666 0.018000000000000002 0.02333333333333333
1 0.591 0.24866666666666665 0.015 0.02
1 0.522 0.20766666666666667 0.01 0.03
2 0.52225 0.21566666666666667 0.0085 0.02733333333333333
9 0.5365 0.21066666666666667 0.012 0.025333333333333333
0 0.5515 0.21966666666666665 0.009000000000000001 0.03133333333333333
0 0.55675 0.20266666666666666 0.0085 0.029333333333333333
0 0.55225 0.18666666666666665 0.006500000000000001 0.029333333333333333
2 0.54675 0.18066666666666667 0.0055 0.026666666666666665
0 0.5437500000000001 0.17366666666666666 0.0075 0.026
1 0.49225 0.18066666666666667 0.0085 0.03333333333333333
2 0.49125 0.18866666666666665 0.0085 0.024
0 0.49575 0.15666666666666665 0.0095 0.030666666666666665
7 0.62875 0.10066666666666667 0.0155 0.022666666666666665
7 0.4815 0.10466666666666666 0.012 0.026666666666666665
1 0.47950000000000004 0.09566666666666666 0.008 0.016666666666666666
0 0.50425 0.09266666666666666 0.006500000000000001 0.025333333333333333
0 0.49475 0.08566666666666667 0.0075 0.019333333333333334
1 0.4985 0.07666666666666666 0.006 0.012
0 0.49 0.07666666666666666 0.009000000000000001 0.017333333333333333
7 0.50725 0.07166666666666667 0.0105 0.020666666666666667
1 0.54525 0.10366666666666666 0.0075 0.028666666666666667
2 0.545 0.10766666666666666 0.007 0.022
1 0.5495 0.07866666666666666 0.008 0.018666666666666665
9 0.54925 0.08466666666666667 0.006500000000000001 0.017333333333333333
0 0.545 0.07266666666666667 0.006 0.022666666666666665
3 0.5417500000000001 0.06266666666666666 0.0345 0.028
3 0.63325 0.056666666666666664 0.0265 0.026666666666666665
3 0.6245 0.021666666666666667 0.017 0.02333333333333333
9 0.49675 0.05466666666666666 0.0075 0.016
0 0.49975 0.030666666666666665 0.006500000000000001 0.018666666666666665
1 0.5435 0.04466666666666667 0.006 0.017333333333333333
9 0.543 0.048 0.007 0.012
0 0.5525 0.024666666666666667 0.005 0.02
0 0.54725 0.010666666666666666 0.0035 0.017333333333333333
0 0.55475 0.006666666666666666 0.0035 0.013333333333333332
9 0.50925 0.037 0.0045000000000000005 0.014
0 0.50675 0.033666666666666664 0.0045000000000000005 0.016666666666666666
0 0.515 0.019666666666666666 0.006 0.020666666666666667
0 0.51 0.019666666666666666 0.004 0.019333333333333334
3 0.5295 0.041666666666666664 0.016 0.022
3 0.53425 0.024 0.0165 0.024
3 0.53125 0.008666666666666666 0.0145 0.017333333333333333
4 0.6995 0.6486666666666666 0.069 0.188
0 0.69425 0.515 0.0175 0.054
3 0.76175 0.4676666666666667 0.0925 0.05933333333333333
3 0.709 0.36766666666666664 0.091 0.05933333333333333
4 0.76225 0.318 0.0815 0.064
0 0.73575 0.32666666666666666 0.0145 0.04
9 0.74625 0.39666666666666667 0.0385 0.029333333333333333
9 0.80175 0.4096666666666667 0.035500000000000004 0.028666666666666667
1 0.75 0.39266666666666666 0.017 0.03333333333333333
1 0.80475 0.4076666666666667 0.0205 0.03933333333333333
4 0.74825 0.23466666666666666 0.0665 0.06266666666666666
0 0.6845 0.16166666666666665 0.009000000000000001 0.03
7 0.766 0.18266666666666667 0.024 0.032
2 0.8160000000000001 0.20266666666666666 0.013000000000000001 0.029333333333333333
2 0.8005 0.18266666666666667 0.014 0.024
2 0.7605000000000001 0.14666666666666667 0.021 0.018666666666666665
7 0.771 0.15866666666666665 0.026000000000000002 0.022666666666666665
9 0.73 0.149 0.022 0.022
3 0.70925 0.13566666666666666 0.0535 0.03
0 0.738 0.107 0.012 0.022
7 0.709 0.12266666666666666 0.026000000000000002 0.021333333333333333
3 0.6795 0.07666666666666666 0.035 0.03733333333333333
3 0.68925 0.06766666666666667 0.035500000000000004 0.026
3 0.67925 0.05466666666666666 0.0445 0.021333333333333333
3 0.75175 0.057666666666666665 0.0475 0.02333333333333333
9 0.65475 0.021666666666666667 0.0045000000000000005 0.015333333333333332
1 0.68525 0.03766666666666667 0.006500000000000001 0.015333333333333332
1 0.67525 0.027666666666666666 0.0045000000000000005 0.016666666666666666
1 0.67825 0.028666666666666667 0.0045000000000000005 0.013333333333333332
0 0.7145 0.06566666666666666 0.008 0.02333333333333333
9 0.6980000000000001 0.09766666666666667 0.016 0.018
2 0.7105 0.092 0.007 0.02
2 0.70575 0.08466666666666667 0.0125 0.014666666666666666
0 0.70175 0.04466666666666667 0.006500000000000001 0.022666666666666665
7 0.6105 0.07766666666666666 0.027 0.024666666666666667
4 0.61475 0.059666666666666666 0.0145 0.03
3 0.867 0.37366666666666665 0.098 0.057999999999999996
3 0.9 0.4746666666666666 0.13 0.06666666666666667
5 0.78075 0.5519999999999999 0.1785 0.19999999999999998
