0 0.88125 0.8696666666666666 0.0275 0.043333333333333335
1 0.89275 0.8206666666666667 0.0315 0.034666666666666665
0 0.7995 0.8396666666666667 0.024 0.03666666666666667
0 0.82625 0.8036666666666666 0.0245 0.04466666666666667
0 0.80275 0.8106666666666666 0.025500000000000002 0.042666666666666665
3 0.803 0.9336666666666666 0.133 0.13133333333333333
4 0.729 0.8016666666666666 0.105 0.162
0 0.7212500000000001 0.9156666666666666 0.0195 0.051333333333333335
0 0.69275 0.9036666666666666 0.0185 0.04733333333333333
0 0.678 0.9426666666666667 0.016 0.04933333333333333
0 0.66125 0.9066666666666666 0.0185 0.042666666666666665
0 0.66725 0.8796666666666666 0.0195 0.04066666666666666
4 0.44575000000000004 0.8426666666666667 0.1085 0.176
3 0.54325 0.7286666666666667 0.0825 0.12533333333333332
0 0.49275 0.5776666666666667 0.0155 0.04066666666666666
0 0.4845 0.5346666666666666 0.016 0.042666666666666665
0 0.51325 0.5386666666666666 0.0095 0.042666666666666665
3 0.5405 0.4766666666666666 0.08700000000000001 0.07333333333333333
4 0.57575 0.5146666666666666 0.1245 0.11066666666666666
3 0.428 0.43066666666666664 0.068 0.07866666666666666
0 0.34750000000000003 0.6026666666666667 0.02 0.044
4 0.30875 0.5406666666666666 0.08750000000000001 0.13866666666666666
1 0.21875 0.413 0.0135 0.026
6 0.2225 0.42566666666666664 0.024 0.048666666666666664
4 0.21825 0.29466666666666663 0.0485 0.07866666666666666
0 0.352 0.30166666666666664 0.013000000000000001 0.035333333333333335
3 0.331 0.2826666666666667 0.047 0.06266666666666666
3 0.36725 0.263 0.0535 0.057999999999999996
3 0.40975 0.24566666666666667 0.0545 0.057999999999999996
4 0.45075 0.22866666666666666 0.0545 0.07466666666666666
3 0.488 0.22266666666666665 0.051000000000000004 0.048
3 0.19275 0.22866666666666666 0.035500000000000004 0.050666666666666665
3 0.17675 0.16899999999999998 0.0345 0.041999999999999996
4 0.15475 0.10066666666666667 0.035500000000000004 0.05733333333333333
4 0.12125 0.021666666666666667 0.0235 0.035333333333333335
