4 0.02892857142857143 0.1465736040609137 0.017857142857142856 0.013959390862944161
3 0.03214285714285714 0.12944162436548223 0.017142857142857144 0.015228426395939085
3 0.039285714285714285 0.11421319796954314 0.014285714285714285 0.015228426395939085
4 0.0475 0.14911167512690354 0.017857142857142856 0.013959390862944161
4 0.06785714285714285 0.15355329949238578 0.02 0.012690355329949238
4 0.35714285714285715 0.8889593908629441 0.03 0.06218274111675126
3 0.35642857142857143 0.7715736040609137 0.022857142857142857 0.050761421319796954
3 0.4117857142857143 0.6637055837563451 0.020714285714285713 0.04568527918781726
3 0.40714285714285714 0.5970812182741116 0.02 0.03934010152284264
3 0.4546428571428571 0.42512690355329946 0.015 0.03045685279187817
3 0.47535714285714287 0.42576142131979694 0.016428571428571428 0.031725888324873094
3 0.5164285714285715 0.4441624365482233 0.015714285714285715 0.035532994923857864
3 0.5467857142857143 0.299492385786802 0.012142857142857143 0.027918781725888322
3 0.5246428571428572 0.21256345177664973 0.010714285714285714 0.021573604060913704
4 0.57 0.19098984771573602 0.01 0.029187817258883246
3 0.5621428571428572 0.1364213197969543 0.01 0.016497461928934008
4 0.59 0.10342639593908629 0.01 0.024111675126903553
8 0.6071428571428571 0.11992385786802029 0.017142857142857144 0.07233502538071065
8 0.605 0.08375634517766496 0.01 0.02284263959390863
3 0.5617857142857143 0.048223350253807105 0.009285714285714286 0.02030456852791878
3 0.6117857142857143 0.049492385786802026 0.007857142857142858 0.015228426395939085
