3 0.6471428571428571 0.3305837563451776 0.007142857142857143 0.024111675126903553
3 0.6521428571428571 0.3902284263959391 0.007142857142857143 0.024111675126903553
3 0.6421428571428571 0.42195431472081213 0.007142857142857143 0.021573604060913704
3 0.7028571428571428 0.8001269035532994 0.011428571428571429 0.03680203045685279
3 0.76 0.7024111675126903 0.01 0.031725888324873094
3 0.8021428571428572 0.7277918781725887 0.01 0.03426395939086294
3 0.7939285714285714 0.6554568527918782 0.012142857142857143 0.03680203045685279
3 0.8264285714285714 0.6313451776649746 0.02142857142857143 0.024111675126903553
3 0.72 0.5266497461928934 0.01 0.027918781725888322
3 0.6653571428571429 0.6522842639593908 0.0064285714285714285 0.027918781725888322
3 0.7 0.7176395939086294 0.012857142857142857 0.03934010152284264
3 0.6739285714285714 0.8217005076142131 0.010714285714285714 0.031725888324873094
3 0.7571428571428571 0.8045685279187816 0.01 0.032994923857868015
3 0.8146428571428571 0.7988578680203045 0.012142857142857143 0.03934010152284264
3 0.7821428571428571 0.8673857868020304 0.01 0.03934010152284264
3 0.7303571428571428 0.9086294416243654 0.010714285714285714 0.035532994923857864
3 0.7396428571428572 0.6738578680203046 0.012142857142857143 0.032994923857868015
3 0.7253571428571428 0.6281725888324873 0.010714285714285714 0.03045685279187817
3 0.7221428571428572 0.3965736040609137 0.01 0.024111675126903553
3 0.7075 0.2772842639593908 0.007857142857142858 0.024111675126903553
3 0.7071428571428572 0.4511421319796954 0.007142857142857143 0.026649746192893398
3 0.6742857142857143 0.3426395939086294 0.008571428571428572 0.025380710659898477
3 0.6328571428571429 0.11104060913705582 0.007142857142857143 0.016497461928934008
3 0.6264285714285714 0.050761421319796954 0.005714285714285714 0.01015228426395939
3 0.6425 0.21954314720812182 0.007857142857142858 0.02284263959390863
3 0.6328571428571429 0.23223350253807104 0.007142857142857143 0.02284263959390863
3 0.6471428571428571 0.2766497461928934 0.007142857142857143 0.025380710659898477
3 0.6853571428571429 0.2531725888324873 0.010714285714285714 0.029187817258883246
3 0.6889285714285714 0.19670050761421318 0.007857142857142858 0.02030456852791878
3 0.6567857142857143 0.5139593908629442 0.009285714285714286 0.027918781725888322
3 0.685 0.6161167512690355 0.01 0.03934010152284264
3 0.7546428571428572 0.3889593908629441 0.009285714285714286 0.026649746192893398
3 0.7696428571428572 0.482233502538071 0.009285714285714286 0.03045685279187817
3 0.8517857142857143 0.9225888324873096 0.012142857142857143 0.032994923857868015
3 0.8171428571428572 0.7430203045685279 0.012857142857142857 0.03680203045685279
3 0.7375 0.5260152284263959 0.012142857142857143 0.026649746192893398
3 0.6303571428571428 0.3972081218274111 0.0064285714285714285 0.025380710659898477
3 0.8271428571428572 0.7969543147208121 0.007142857142857143 0.032994923857868015
3 0.8317857142857142 0.8343908629441624 0.012142857142857143 0.031725888324873094
3 0.2925 0.5640862944162436 0.016428571428571428 0.013959390862944161
3 0.38642857142857145 0.5678934010152283 0.015714285714285715 0.008883248730964466
3 0.41678571428571426 0.5678934010152283 0.019285714285714285 0.013959390862944161
3 0.2175 0.3102791878172589 0.012142857142857143 0.021573604060913704
3 0.22642857142857142 0.2836294416243655 0.011428571428571429 0.021573604060913704
3 0.23464285714285715 0.258248730964467 0.010714285714285714 0.019035532994923856
3 0.24035714285714285 0.23984771573604058 0.007857142857142858 0.02030456852791878
3 0.24678571428571427 0.2151015228426396 0.009285714285714286 0.024111675126903553
3 0.2075 0.3426395939086294 0.015 0.02284263959390863
4 0.31642857142857145 0.5640862944162436 0.02 0.016497461928934008
4 0.8428571428571429 0.8769035532994923 0.011428571428571429 0.03807106598984771
3 0.19678571428571429 0.3680203045685279 0.012142857142857143 0.025380710659898477
8 0.7546428571428572 0.5336294416243654 0.02214285714285714 0.08248730964467005
3 0.6775 0.06091370558375634 0.0064285714285714285 0.02030456852791878
3 0.06964285714285715 0.07170050761421319 0.015 0.011421319796954314
8 0.09464285714285714 0.061548223350253804 0.025 0.016497461928934008
