5 0.5025 0.15476190476190477 0.045 0.2733333333333333
4 0.5846428571428571 0.2342857142857143 0.02214285714285714 0.06476190476190476
4 0.5746428571428571 0.09 0.027857142857142858 0.07333333333333333
5 0.6028571428571429 0.679047619047619 0.047142857142857146 0.19047619047619047
5 0.5067857142857143 0.46523809523809523 0.03357142857142857 0.10380952380952381
0 0.5789285714285715 0.5142857142857142 0.010714285714285714 0.01904761904761905
0 0.5678571428571428 0.5066666666666667 0.007142857142857143 0.013333333333333332
0 0.3892857142857143 0.30428571428571427 0.005714285714285714 0.012380952380952381
4 0.36678571428571427 0.31238095238095237 0.025 0.07238095238095238
3 0.37214285714285716 0.4866666666666667 0.03 0.08761904761904762
0 0.31892857142857145 0.3595238095238095 0.007857142857142858 0.014285714285714285
9 0.3364285714285714 0.46904761904761905 0.012857142857142857 0.03142857142857143
4 0.5067857142857143 0.7571428571428571 0.03357142857142857 0.13714285714285715
3 0.37714285714285717 0.05714285714285714 0.027142857142857142 0.07238095238095238
9 0.29892857142857143 0.69 0.017857142857142856 0.03142857142857143
