3 0.2555 0.10666666666666666 0.022 0.013333333333333332
4 0.27725 0.10566666666666666 0.0175 0.012666666666666666
4 0.3015 0.10566666666666666 0.021 0.014
3 0.33125 0.10666666666666666 0.0235 0.010666666666666666
3 0.35875 0.10766666666666666 0.0225 0.011333333333333332
3 0.38875 0.108 0.0225 0.012
4 0.34450000000000003 0.09266666666666666 0.022 0.013333333333333332
3 0.34725 0.09866666666666667 0.021500000000000002 0.010666666666666666
3 0.3755 0.09866666666666667 0.022 0.010666666666666666
0 0.387 0.09366666666666666 0.002 0.008666666666666666
3 0.40425 0.09866666666666667 0.0225 0.010666666666666666
3 0.41600000000000004 0.10666666666666666 0.023 0.010666666666666666
3 0.447 0.10766666666666666 0.023 0.011333333333333332
4 0.43075 0.09766666666666667 0.0185 0.014
4 0.4545 0.09566666666666666 0.018000000000000002 0.014
3 0.484 0.09766666666666667 0.024 0.014
3 0.50225 0.10866666666666666 0.0205 0.010666666666666666
3 0.51325 0.09866666666666667 0.021500000000000002 0.013333333333333332
3 0.527 0.109 0.018000000000000002 0.01
3 0.54525 0.09866666666666667 0.0195 0.010666666666666666
0 0.54875 0.09866666666666667 0.0025 0.013333333333333332
3 0.59025 0.10866666666666666 0.0245 0.012
0 0.5915 0.09966666666666667 0.002 0.01
3 0.599 0.09266666666666666 0.018000000000000002 0.013333333333333332
3 0.647 0.09766666666666667 0.021 0.012666666666666666
3 0.7185 0.11966666666666666 0.01 0.011333333333333332
3 0.71625 0.14966666666666667 0.0155 0.016666666666666666
3 0.70875 0.19366666666666665 0.0175 0.024666666666666667
3 0.715 0.22066666666666665 0.026000000000000002 0.024
0 0.683 0.11566666666666667 0.004 0.01
0 0.6805 0.11366666666666667 0.002 0.004666666666666666
3 0.632 0.29666666666666663 0.021 0.03733333333333333
3 0.616 0.33366666666666667 0.025 0.033999999999999996
3 0.64125 0.24966666666666665 0.0205 0.028666666666666667
3 0.6062500000000001 0.37066666666666664 0.0265 0.042666666666666665
3 0.59575 0.4096666666666667 0.029500000000000002 0.043333333333333335
0 0.62 0.38666666666666666 0.008 0.024
0 0.5825 0.487 0.009000000000000001 0.03
3 0.56325 0.5426666666666666 0.0425 0.07866666666666666
3 0.4305 0.41766666666666663 0.039 0.051333333333333335
3 0.641 0.704 0.08 0.06799999999999999
7 0.5397500000000001 0.6706666666666666 0.035500000000000004 0.06933333333333333
3 0.6475 0.8456666666666667 0.06 0.15666666666666665
3 0.28925 0.6776666666666666 0.0765 0.11133333333333333
5 0.42075 0.6486666666666666 0.0575 0.10533333333333333
3 0.35625 0.8166666666666667 0.0635 0.09733333333333333
0 0.499 0.6296666666666666 0.01 0.03666666666666667
0 0.4895 0.6156666666666667 0.008 0.02333333333333333
0 0.47250000000000003 0.3436666666666667 0.008 0.015333333333333332
3 0.93875 0.6876666666666666 0.1065 0.06066666666666667
0 0.7685 0.17166666666666666 0.005 0.018
4 0.76425 0.13566666666666666 0.0205 0.020666666666666667
5 0.70775 0.012666666666666666 0.0105 0.022666666666666665
1 0.39525 0.17766666666666667 0.0045000000000000005 0.008666666666666666
1 0.3855 0.18366666666666667 0.004 0.008666666666666666
0 0.39325 0.18866666666666665 0.0045000000000000005 0.012
0 0.23900000000000002 0.18166666666666667 0.004 0.012666666666666666
0 0.24275 0.181 0.0045000000000000005 0.014
0 0.13975 0.12566666666666665 0.0045000000000000005 0.012666666666666666
0 0.14825 0.12766666666666665 0.0055 0.012666666666666666
0 0.05325 0.13366666666666666 0.0055 0.012666666666666666
0 0.03425 0.13566666666666666 0.0055 0.011333333333333332
0 0.011 0.14466666666666667 0.007 0.014666666666666666
0 0.3325 0.07566666666666666 0.003 0.011333333333333332
0 0.326 0.07666666666666666 0.003 0.010666666666666666
4 0.3175 0.07066666666666667 0.017 0.014666666666666666
0 0.37775000000000003 0.07066666666666667 0.0025 0.009333333333333332
0 0.37025 0.07166666666666667 0.0025 0.01
1 0.3735 0.07466666666666666 0.002 0.005333333333333333
4 0.22575 0.06166666666666666 0.0155 0.012666666666666666
1 0.526 0.3486666666666667 0.003 0.008
1 0.52475 0.3506666666666667 0.006500000000000001 0.016
1 0.5337500000000001 0.3406666666666667 0.006500000000000001 0.014666666666666666
3 0.8365 0.30266666666666664 0.038 0.02
3 0.838 0.31666666666666665 0.037 0.018666666666666665
3 0.83975 0.33466666666666667 0.0415 0.022666666666666665
3 0.69025 0.4106666666666667 0.0265 0.04533333333333333
3 0.50025 0.4746666666666666 0.0315 0.07466666666666666
3 0.2685 0.9746666666666667 0.063 0.04533333333333333
