3 0.6503571428571429 0.9171428571428571 0.07071428571428572 0.14285714285714285
3 0.46464285714285714 0.5242857142857142 0.03214285714285714 0.07333333333333333
3 0.4546428571428571 0.43238095238095237 0.027857142857142858 0.047619047619047616
3 0.4546428571428571 0.36666666666666664 0.025 0.04
3 0.4496428571428571 0.30952380952380953 0.017857142857142856 0.03238095238095238
3 0.5025 0.27904761904761904 0.017857142857142856 0.026666666666666665
3 0.475 0.19523809523809524 0.014285714285714285 0.02095238095238095
3 0.48964285714285716 0.18476190476190477 0.012142857142857143 0.01904761904761905
3 0.4675 0.11428571428571428 0.009285714285714286 0.015238095238095238
3 0.5625 0.5319047619047619 0.035 0.058095238095238096
3 0.5121428571428571 0.5695238095238095 0.037142857142857144 0.07047619047619047
4 0.4664285714285714 0.6619047619047619 0.03428571428571429 0.10476190476190476
9 0.29964285714285716 0.17 0.005 0.012380952380952381
3 0.30714285714285716 0.19238095238095237 0.03 0.015238095238095238
3 0.31392857142857145 0.43142857142857144 0.027857142857142858 0.06095238095238095
3 0.3325 0.36142857142857143 0.025 0.039047619047619046
3 0.3489285714285714 0.2866666666666667 0.03214285714285714 0.049523809523809526
0 0.30964285714285716 0.21761904761904763 0.005 0.018095238095238095
9 0.17964285714285713 0.35714285714285715 0.02214285714285714 0.013333333333333332
9 0.19392857142857142 0.3319047619047619 0.016428571428571428 0.012380952380952381
9 0.35714285714285715 0.4114285714285714 0.01 0.030476190476190476
9 0.5275 0.3323809523809524 0.009285714285714286 0.01904761904761905
9 0.47214285714285714 0.12476190476190477 0.002857142857142857 0.007619047619047619
3 0.4521428571428571 0.2795238095238095 0.017142857142857144 0.02761904761904762
3 0.45 0.2571428571428571 0.014285714285714285 0.017142857142857144
3 0.44892857142857145 0.24142857142857144 0.013571428571428571 0.014285714285714285
3 0.4496428571428571 0.22714285714285715 0.015 0.02
3 0.44892857142857145 0.2119047619047619 0.013571428571428571 0.01619047619047619
3 0.4475 0.19714285714285715 0.015 0.015238095238095238
3 0.4471428571428571 0.18714285714285714 0.012857142857142857 0.014285714285714285
3 0.445 0.17476190476190476 0.012857142857142857 0.018095238095238095
3 0.5846428571428571 0.2795238095238095 0.017857142857142856 0.018095238095238095
3 0.5639285714285714 0.23666666666666666 0.016428571428571428 0.018095238095238095
3 0.5546428571428571 0.21476190476190476 0.012142857142857143 0.012380952380952381
3 0.5503571428571429 0.20952380952380953 0.015 0.013333333333333332
3 0.5396428571428571 0.17952380952380953 0.015 0.010476190476190476
3 0.5417857142857143 0.18714285714285714 0.010714285714285714 0.012380952380952381
3 0.5228571428571429 0.15714285714285714 0.022857142857142857 0.013333333333333332
3 0.52 0.13666666666666666 0.01 0.010476190476190476
3 0.5125 0.12142857142857143 0.013571428571428571 0.010476190476190476
3 0.5146428571428572 0.1295238095238095 0.012142857142857143 0.009523809523809525
3 0.4667857142857143 0.08904761904761904 0.007857142857142858 0.012380952380952381
3 0.455 0.09428571428571429 0.008571428571428572 0.007619047619047619
3 0.4667857142857143 0.07523809523809524 0.007857142857142858 0.007619047619047619
3 0.43964285714285717 0.05142857142857143 0.007857142857142858 0.007619047619047619
3 0.43785714285714283 0.029523809523809525 0.005714285714285714 0.005714285714285714
3 0.43535714285714283 0.06476190476190476 0.007857142857142858 0.007619047619047619
3 0.435 0.10714285714285714 0.01 0.012380952380952381
3 0.445 0.12666666666666668 0.01 0.011428571428571429
3 0.445 0.13904761904761906 0.011428571428571429 0.007619047619047619
3 0.3875 0.1419047619047619 0.015 0.015238095238095238
3 0.39714285714285713 0.11238095238095239 0.01 0.011428571428571429
3 0.39964285714285713 0.0919047619047619 0.009285714285714286 0.012380952380952381
3 0.44 0.009047619047619047 0.005714285714285714 0.004761904761904762
1 0.47214285714285714 0.12428571428571429 0.002857142857142857 0.004761904761904762
3 0.5271428571428571 0.06761904761904762 0.007142857142857143 0.007619047619047619
3 0.5264285714285715 0.07666666666666666 0.007142857142857143 0.006666666666666666
3 0.5121428571428571 0.06428571428571428 0.007142857142857143 0.006666666666666666
3 0.515 0.06952380952380953 0.007142857142857143 0.007619047619047619
3 0.5078571428571429 0.051904761904761905 0.004285714285714286 0.004761904761904762
3 0.5117857142857143 0.04428571428571428 0.0064285714285714285 0.006666666666666666
3 0.5378571428571428 0.10238095238095238 0.008571428571428572 0.006666666666666666
3 0.525 0.08238095238095237 0.007142857142857143 0.006666666666666666
3 0.5414285714285715 0.1138095238095238 0.007142857142857143 0.006666666666666666
3 0.5428571428571428 0.11952380952380952 0.008571428571428572 0.006666666666666666
3 0.4875 0.06952380952380953 0.0064285714285714285 0.009523809523809525
3 0.47785714285714287 0.051904761904761905 0.005714285714285714 0.004761904761904762
3 0.48392857142857143 0.06 0.007857142857142858 0.007619047619047619
3 0.49214285714285716 0.07714285714285714 0.007142857142857143 0.005714285714285714
3 0.495 0.08238095238095237 0.007142857142857143 0.004761904761904762
9 0.5875 0.2995238095238095 0.007857142857142858 0.018095238095238095
1 0.5875 0.29428571428571426 0.005 0.009523809523809525
1 0.5271428571428571 0.32666666666666666 0.007142857142857143 0.007619047619047619
9 0.7771428571428571 0.5742857142857143 0.03428571428571429 0.026666666666666665
9 0.7589285714285714 0.5495238095238095 0.030714285714285715 0.02095238095238095
9 0.7321428571428571 0.5123809523809524 0.03 0.01904761904761905
9 0.7242857142857143 0.49 0.025714285714285714 0.02
9 0.7003571428571429 0.2795238095238095 0.013571428571428571 0.010476190476190476
3 0.5864285714285714 0.1519047619047619 0.011428571428571429 0.012380952380952381
0 0.8096428571428571 0.49714285714285716 0.012142857142857143 0.03238095238095238
