3 0.43892857142857145 0.08502538071065989 0.019285714285714285 0.08121827411167512
3 0.46464285714285714 0.20431472081218272 0.02214285714285714 0.09137055837563451
3 0.4342857142857143 0.4689086294416243 0.018571428571428572 0.07741116751269035
4 0.6375 0.48350253807106597 0.02214285714285714 0.09644670050761421
3 0.5346428571428572 0.7081218274111675 0.02214285714285714 0.08375634517766496
8 0.6189285714285714 0.7208121827411167 0.020714285714285713 0.14213197969543145
3 0.6742857142857143 0.6440355329949238 0.015714285714285715 0.07741116751269035
3 0.61 0.10088832487309644 0.02 0.10279187817258882
3 0.665 0.391497461928934 0.017142857142857144 0.07741116751269035
3 0.7075 0.26903553299492383 0.025 0.09390862944162436
3 0.6667857142857143 0.041243654822335024 0.017857142857142856 0.08248730964467005
4 0.7917857142857143 0.30076142131979694 0.019285714285714285 0.08375634517766496
4 0.7978571428571428 0.766497461928934 0.02142857142857143 0.08121827411167512
4 0.8003571428571429 0.9181472081218274 0.017857142857142856 0.07994923857868019
4 0.21214285714285713 0.3305837563451776 0.02 0.07741116751269035
4 0.7767857142857143 0.09771573604060912 0.017857142857142856 0.07868020304568528
3 0.7953571428571429 0.6560913705583756 0.019285714285714285 0.07614213197969542
3 0.7767857142857143 0.1878172588832487 0.019285714285714285 0.06852791878172589
