3 0.435 0.8014285714285714 0.054285714285714284 0.16095238095238096
3 0.225 0.819047619047619 0.06142857142857143 0.13714285714285715
3 0.2417857142857143 0.62 0.05357142857142857 0.12761904761904763
3 0.27714285714285714 0.32476190476190475 0.04 0.08571428571428572
3 0.28464285714285714 0.2423809523809524 0.035 0.06380952380952382
3 0.425 0.439047619047619 0.037142857142857144 0.09714285714285714
3 0.4175 0.25666666666666665 0.03214285714285714 0.06571428571428571
3 0.9178571428571428 0.74 0.08428571428571428 0.13523809523809524
3 0.855 0.599047619047619 0.07142857142857142 0.11428571428571428
3 0.7975 0.43761904761904763 0.05071428571428571 0.07714285714285714
3 0.7339285714285714 0.27 0.04357142857142857 0.06571428571428571
3 0.7117857142857142 0.2019047619047619 0.04357142857142857 0.06095238095238095
3 0.6825 0.13714285714285715 0.035 0.05523809523809524
3 0.6517857142857143 0.05142857142857143 0.030714285714285715 0.045714285714285714
3 0.9446428571428571 0.23666666666666666 0.06928571428571428 0.04285714285714286
3 0.9071428571428571 0.18476190476190477 0.06714285714285714 0.0380952380952381
3 0.8778571428571429 0.13904761904761906 0.06428571428571428 0.03619047619047619
3 0.8292857142857143 0.05476190476190476 0.05285714285714286 0.03333333333333333
3 0.42714285714285716 0.3442857142857143 0.04 0.09238095238095238
3 0.37035714285714283 0.22238095238095237 0.05357142857142857 0.06761904761904762
3 0.2978571428571429 0.11190476190476191 0.027142857142857142 0.05238095238095238
4 0.4125 0.12714285714285714 0.027857142857142858 0.07142857142857142
3 0.41714285714285715 0.07714285714285714 0.027142857142857142 0.05142857142857143
3 0.4117857142857143 0.03428571428571429 0.02214285714285714 0.04380952380952381
3 0.8021428571428572 0.2823809523809524 0.07 0.054285714285714284
3 0.7628571428571429 0.3519047619047619 0.04857142857142857 0.07333333333333333
3 0.8489285714285715 0.34714285714285714 0.06642857142857143 0.05238095238095238
3 0.8671428571428571 0.3923809523809524 0.08 0.06476190476190476
3 0.9046428571428572 0.45666666666666667 0.095 0.06761904761904762
3 0.9342857142857143 0.5219047619047619 0.09857142857142857 0.07809523809523809
3 0.7828571428571428 0.23714285714285716 0.06571428571428571 0.05714285714285714
3 0.7725 0.19714285714285715 0.065 0.05523809523809524
3 0.7671428571428571 0.1619047619047619 0.07714285714285714 0.047619047619047616
3 0.7267857142857143 0.12714285714285714 0.065 0.04666666666666667
3 0.7346428571428572 0.10904761904761905 0.05785714285714286 0.04666666666666667
3 0.7128571428571429 0.07952380952380952 0.055714285714285716 0.03333333333333333
3 0.6703571428571429 0.09428571428571429 0.03642857142857143 0.05142857142857143
3 0.6975 0.04428571428571428 0.045 0.039047619047619046
3 0.6914285714285714 0.02142857142857143 0.04428571428571428 0.039047619047619046
3 0.7746428571428572 0.014761904761904763 0.03214285714285714 0.029523809523809525
3 0.6303571428571428 0.012380952380952381 0.029285714285714286 0.024761904761904763
3 0.30892857142857144 0.02 0.029285714285714286 0.04
3 0.3742857142857143 0.037142857142857144 0.03 0.06095238095238095
3 0.37214285714285716 0.3495238095238095 0.054285714285714284 0.08761904761904762
3 0.33785714285714286 0.9338095238095238 0.07428571428571429 0.13047619047619047
3 0.9553571428571429 0.6323809523809524 0.08785714285714286 0.09523809523809523
3 0.9728571428571429 0.7214285714285714 0.05285714285714286 0.07142857142857142
3 0.9767857142857143 0.29428571428571426 0.045 0.045714285714285714
4 0.8246428571428571 0.03428571428571429 0.047857142857142855 0.030476190476190476
4 0.4225 0.18476190476190477 0.027857142857142858 0.06857142857142857
4 0.29464285714285715 0.17238095238095238 0.035 0.07047619047619047
4 0.30428571428571427 0.05761904761904762 0.024285714285714285 0.054285714285714284
3 0.8071428571428572 0.014761904761904763 0.032857142857142856 0.029523809523809525
3 0.835 0.01 0.03 0.02
3 0.985 0.33476190476190476 0.02857142857142857 0.03142857142857143
