4 0.27244258872651356 0.1284786641929499 0.04279749478079332 0.043599257884972174
3 0.48382045929018785 0.08441558441558442 0.04697286012526095 0.04267161410018553
3 0.6492693110647181 0.2166048237476809 0.031315240083507306 0.07328385899814471
3 0.6179540709812108 0.3302411873840445 0.022964509394572022 0.07606679035250465
3 0.5237473903966596 0.24860853432282004 0.02453027139874739 0.06307977736549165
4 0.4900835073068893 0.24582560296846012 0.024008350730688934 0.07235621521335807
3 0.46581419624217113 0.26391465677179965 0.02661795407098121 0.075139146567718
3 0.43632567849686843 0.26669758812615957 0.026096033402922752 0.075139146567718
3 0.4031837160751565 0.274582560296846 0.023486430062630476 0.07792207792207792
3 0.34264091858037576 0.40213358070500926 0.05897703549060542 0.041743970315398886
3 0.47520876826722336 0.439239332096475 0.05375782881002087 0.04730983302411874
3 0.2977557411273486 0.30241187384044527 0.02453027139874739 0.07792207792207792
6 0.3285490605427975 0.3079777365491651 0.02974947807933194 0.07235621521335807
3 0.22259916492693108 0.40584415584415584 0.023486430062630476 0.08256029684601113
7 0.21920668058455112 0.5871985157699443 0.018789144050104383 0.0575139146567718
3 0.28862212943632565 0.6131725417439703 0.028183716075156573 0.10760667903525047
3 0.3251565762004175 0.615491651205937 0.025052192066805843 0.09740259740259741
6 0.3627348643006263 0.6117810760667903 0.022964509394572022 0.09183673469387756
4 0.3990083507306889 0.5890538033395176 0.02453027139874739 0.08719851576994435
2 0.41779749478079325 0.5672541743970315 0.007828810020876827 0.043599257884972174
5 0.4425887265135699 0.5918367346938775 0.03549060542797494 0.10946196660482375
3 0.5109603340292275 0.5760667903525046 0.032359081419624215 0.0927643784786642
4 0.5234864300626304 0.6985157699443414 0.033402922755741124 0.11131725417439703
4 0.5913361169102296 0.5551948051948052 0.03549060542797494 0.0862708719851577
3 0.6213465553235907 0.5426716141001855 0.04018789144050104 0.0927643784786642
3 0.6573590814196242 0.5287569573283859 0.03705636743215031 0.08348794063079777
3 0.6933716075156575 0.5264378478664193 0.04018789144050104 0.09369202226345083
6 0.2760960334029227 0.8603896103896104 0.029227557411273482 0.04730983302411874
9 0.06106471816283924 0.7694805194805195 0.021920668058455113 0.0176252319109462
