3 0.4525 0.7438095238095238 0.039285714285714285 0.1219047619047619
3 0.5275 0.8347619047619048 0.03785714285714286 0.1
3 0.5221428571428571 0.5666666666666667 0.022857142857142857 0.04
3 0.5646428571428571 0.4719047619047619 0.015 0.03142857142857143
3 0.5275 0.44 0.017857142857142856 0.026666666666666665
4 0.5292857142857142 0.36666666666666664 0.014285714285714285 0.024761904761904763
3 0.5325 0.24476190476190476 0.009285714285714286 0.009523809523809525
3 0.5342857142857143 0.21714285714285714 0.007142857142857143 0.007619047619047619
3 0.5325 0.19714285714285715 0.005 0.005714285714285714
3 0.5425 0.19142857142857142 0.005 0.005714285714285714
3 0.5446428571428571 0.20952380952380953 0.007857142857142858 0.007619047619047619
3 0.5396428571428571 0.15142857142857144 0.005 0.0038095238095238095
3 0.5321428571428571 0.14714285714285713 0.002857142857142857 0.004761904761904762
3 0.5339285714285714 0.14 0.005 0.005714285714285714
3 0.54 0.1442857142857143 0.002857142857142857 0.004761904761904762
3 0.5164285714285715 0.13666666666666666 0.004285714285714286 0.004761904761904762
3 0.5196428571428572 0.1319047619047619 0.005 0.004761904761904762
3 0.5371428571428571 0.13380952380952382 0.002857142857142857 0.004761904761904762
3 0.5325 0.1895238095238095 0.005 0.005714285714285714
3 0.5339285714285714 0.1823809523809524 0.005 0.004761904761904762
3 0.5442857142857143 0.2019047619047619 0.007142857142857143 0.007619047619047619
8 0.49214285714285716 0.1742857142857143 0.004285714285714286 0.007619047619047619
9 0.5475 0.23904761904761904 0.0035714285714285713 0.007619047619047619
9 0.6421428571428571 0.689047619047619 0.012857142857142857 0.03142857142857143
9 0.6646428571428571 0.5895238095238096 0.010714285714285714 0.026666666666666665
9 0.6214285714285714 0.4342857142857143 0.005714285714285714 0.015238095238095238
2 0.6421428571428571 0.5114285714285715 0.005714285714285714 0.015238095238095238
2 0.6546428571428572 0.5123809523809524 0.005 0.015238095238095238
9 0.6328571428571429 0.4342857142857143 0.005714285714285714 0.015238095238095238
9 0.575 0.2342857142857143 0.002857142857142857 0.007619047619047619
9 0.5696428571428571 0.20476190476190476 0.002142857142857143 0.005714285714285714
9 0.5653571428571429 0.1823809523809524 0.002142857142857143 0.004761904761904762
9 0.5675 0.21523809523809523 0.002142857142857143 0.005714285714285714
0 0.5714285714285714 0.21476190476190476 0.0014285714285714286 0.004761904761904762
0 0.5753571428571429 0.2138095238095238 0.002142857142857143 0.006666666666666666
4 0.7171428571428572 0.2571428571428571 0.022857142857142857 0.03238095238095238
3 0.7325 0.2947619047619048 0.025 0.012380952380952381
2 0.725 0.8519047619047619 0.01 0.03333333333333333
2 0.7403571428571428 0.8519047619047619 0.009285714285714286 0.02761904761904762
2 0.7567857142857143 0.8442857142857143 0.012142857142857143 0.037142857142857144
3 0.6989285714285715 0.9623809523809523 0.027857142857142858 0.07333333333333333
8 0.8014285714285714 0.24904761904761905 0.027142857142857142 0.02761904761904762
1 0.7589285714285714 0.8371428571428572 0.013571428571428571 0.026666666666666665
1 0.7421428571428571 0.8371428571428572 0.012857142857142857 0.02857142857142857
1 0.725 0.8371428571428572 0.012857142857142857 0.030476190476190476
1 0.6421428571428571 0.68 0.01 0.022857142857142857
1 0.6646428571428571 0.5823809523809523 0.007857142857142858 0.021904761904761906
1 0.6421428571428571 0.5052380952380953 0.007142857142857143 0.014285714285714285
1 0.655 0.5052380952380953 0.005714285714285714 0.012380952380952381
1 0.6342857142857142 0.4276190476190476 0.005714285714285714 0.015238095238095238
0 0.8289285714285715 0.3419047619047619 0.009285714285714286 0.022857142857142857
1 0.5667857142857143 0.18 0.002142857142857143 0.0038095238095238095
1 0.5696428571428571 0.2042857142857143 0.002142857142857143 0.004761904761904762
1 0.5675 0.21476190476190476 0.002142857142857143 0.004761904761904762
1 0.575 0.2319047619047619 0.002857142857142857 0.004761904761904762
1 0.5475 0.23714285714285716 0.0035714285714285713 0.007619047619047619
1 0.6221428571428571 0.42952380952380953 0.005714285714285714 0.013333333333333332
