3 0.465 0.9676190476190476 0.05142857142857143 0.06285714285714286
5 0.4592857142857143 0.8871428571428571 0.045714285714285714 0.06571428571428571
3 0.5092857142857142 0.8142857142857143 0.032857142857142856 0.0419047619047619
3 0.5446428571428571 0.7452380952380953 0.02214285714285714 0.029523809523809525
3 0.5803571428571429 0.7466666666666667 0.020714285714285713 0.02857142857142857
3 0.5717857142857142 0.7223809523809523 0.017857142857142856 0.023809523809523808
5 0.585 0.6695238095238095 0.012857142857142857 0.02095238095238095
3 0.6253571428571428 0.5947619047619047 0.007857142857142858 0.008571428571428572
3 0.61 0.6071428571428571 0.008571428571428572 0.012380952380952381
3 0.59 0.6319047619047619 0.008571428571428572 0.012380952380952381
3 0.5971428571428572 0.6271428571428571 0.01 0.010476190476190476
3 0.6442857142857142 0.6252380952380953 0.01 0.012380952380952381
3 0.6592857142857143 0.6271428571428571 0.01 0.012380952380952381
3 0.6471428571428571 0.6142857142857143 0.007142857142857143 0.011428571428571429
3 0.6642857142857143 0.6071428571428571 0.011428571428571429 0.012380952380952381
3 0.6567857142857143 0.5942857142857143 0.0064285714285714285 0.009523809523809525
3 0.6475 0.5823809523809523 0.007857142857142858 0.008571428571428572
3 0.6664285714285715 0.5819047619047619 0.008571428571428572 0.007619047619047619
5 0.6575 0.58 0.007857142857142858 0.011428571428571429
3 0.6489285714285714 0.5771428571428572 0.0064285714285714285 0.007619047619047619
3 0.13714285714285715 0.7647619047619048 0.04 0.026666666666666665
3 0.11178571428571428 0.7619047619047619 0.039285714285714285 0.03238095238095238
3 0.09785714285714285 0.76 0.02857142857142857 0.030476190476190476
3 0.20392857142857143 0.7271428571428571 0.030714285714285715 0.025714285714285714
3 0.18464285714285714 0.7247619047619047 0.03214285714285714 0.024761904761904763
3 0.16214285714285714 0.7242857142857143 0.03571428571428571 0.021904761904761906
3 0.14785714285714285 0.7176190476190476 0.032857142857142856 0.021904761904761906
3 0.12464285714285714 0.7195238095238096 0.03214285714285714 0.02761904761904762
3 0.10964285714285714 0.7171428571428572 0.03214285714285714 0.024761904761904763
