8 0.36892857142857144 0.055837563451776644 0.023571428571428573 0.015228426395939085
9 0.42392857142857143 0.07550761421319796 0.009285714285714286 0.008883248730964466
1 0.425 0.07296954314720812 0.002857142857142857 0.011421319796954314
3 0.5089285714285714 0.08756345177664974 0.012142857142857143 0.012690355329949238
3 0.5271428571428571 0.06916243654822335 0.012857142857142857 0.008883248730964466
4 0.4546428571428571 0.09137055837563451 0.012142857142857143 0.015228426395939085
3 0.44035714285714284 0.11802030456852791 0.012142857142857143 0.01015228426395939
8 0.4925 0.13071065989847716 0.013571428571428571 0.02284263959390863
3 0.5067857142857143 0.12690355329949238 0.010714285714285714 0.015228426395939085
4 0.5225 0.1611675126903553 0.007857142857142858 0.015228426395939085
4 0.5092857142857142 0.16370558375634517 0.01 0.012690355329949238
3 0.535 0.19543147208121825 0.01 0.012690355329949238
3 0.515 0.20875634517766495 0.008571428571428572 0.016497461928934008
4 0.5196428571428572 0.2519035532994924 0.012142857142857143 0.021573604060913704
5 0.4975 0.2728426395939086 0.015 0.04568527918781726
4 0.5396428571428571 0.3705583756345177 0.012142857142857143 0.027918781725888322
3 0.5146428571428572 0.39403553299492383 0.015 0.029187817258883246
3 0.48178571428571426 0.04568527918781726 0.012142857142857143 0.01015228426395939
3 0.5921428571428572 0.16751269035532992 0.012857142857142857 0.02030456852791878
3 0.5946428571428571 0.315989847715736 0.015 0.027918781725888322
5 0.45714285714285713 0.8375634517766497 0.04 0.19035532994923857
3 0.685 0.8991116751269035 0.04 0.12309644670050761
4 0.27214285714285713 0.2506345177664974 0.025714285714285714 0.019035532994923856
3 0.22142857142857142 0.2728426395939086 0.015714285714285715 0.017766497461928932
3 0.2075 0.2728426395939086 0.013571428571428571 0.012690355329949238
3 0.23964285714285713 0.28743654822335024 0.02214285714285714 0.019035532994923856
3 0.1717857142857143 0.266497461928934 0.015 0.015228426395939085
8 0.1825 0.3102791878172589 0.017857142857142856 0.026649746192893398
8 0.13714285714285715 0.35342639593908626 0.032857142857142856 0.04187817258883248
8 0.08428571428571428 0.3642131979695431 0.037142857142857144 0.025380710659898477
8 0.045 0.38642131979695427 0.03428571428571429 0.026649746192893398
8 0.014642857142857143 0.38578680203045684 0.029285714285714286 0.025380710659898477
8 0.01 0.4010152284263959 0.02142857142857143 0.025380710659898477
8 0.06035714285714286 0.4625634517766497 0.07357142857142857 0.04187817258883248
8 0.052142857142857144 0.5139593908629442 0.08714285714285715 0.048223350253807105
8 0.03642857142857143 0.5336294416243654 0.07285714285714286 0.04441624365482233
8 0.029642857142857144 0.5678934010152283 0.05928571428571429 0.04187817258883248
