3 0.016785714285714286 0.26078680203045684 0.02642857142857143 0.029187817258883246
3 0.07964285714285714 0.29251269035532995 0.030714285714285715 0.03680203045685279
4 0.021785714285714287 0.29568527918781723 0.035 0.048223350253807105
8 0.09 0.3756345177664974 0.047142857142857146 0.05837563451776649
0 0.16464285714285715 0.30710659898477155 0.005 0.012690355329949238
4 0.23785714285714285 0.48350253807106597 0.03 0.03807106598984771
3 0.255 0.5640862944162436 0.032857142857142856 0.04695431472081218
5 0.014642857142857143 0.5012690355329948 0.027857142857142858 0.03807106598984771
3 0.4 0.6529187817258882 0.032857142857142856 0.04441624365482233
0 0.42142857142857143 0.09010152284263959 0.004285714285714286 0.01015228426395939
0 0.41928571428571426 0.09961928934010152 0.002857142857142857 0.013959390862944161
0 0.5453571428571429 0.07550761421319796 0.0035714285714285713 0.013959390862944161
0 0.5421428571428571 0.08375634517766496 0.002857142857142857 0.01015228426395939
3 0.52 0.2214467005076142 0.024285714285714285 0.031725888324873094
0 0.5592857142857143 0.010786802030456852 0.002857142857142857 0.013959390862944161
3 0.6721428571428572 0.03616751269035533 0.02 0.026649746192893398
3 0.6089285714285714 0.19035532994923857 0.020714285714285713 0.032994923857868015
0 0.6178571428571429 0.3413705583756345 0.005714285714285714 0.01015228426395939
0 0.5871428571428572 0.3965736040609137 0.007142857142857143 0.011421319796954314
0 0.6071428571428571 0.3692893401015228 0.004285714285714286 0.017766497461928932
0 0.6275 0.35977157360406087 0.0035714285714285713 0.013959390862944161
0 0.6242857142857143 0.5571065989847716 0.005714285714285714 0.015228426395939085
0 0.6328571428571429 0.5704314720812182 0.004285714285714286 0.016497461928934008
0 0.5996428571428571 0.48477157360406087 0.005 0.012690355329949238
0 0.6367857142857143 0.5666243654822335 0.005 0.013959390862944161
0 0.6039285714285715 0.4809644670050761 0.0035714285714285713 0.01015228426395939
3 0.6021428571428571 0.8610406091370558 0.037142857142857144 0.04695431472081218
3 0.5792857142857143 0.8020304568527918 0.03571428571428571 0.04568527918781726
3 0.5621428571428572 0.7138324873096447 0.03 0.03680203045685279
4 0.6996428571428571 0.8508883248730964 0.017857142857142856 0.06472081218274112
0 0.6139285714285714 0.5266497461928934 0.005 0.015228426395939085
3 0.725 0.4777918781725888 0.011428571428571429 0.04441624365482233
3 0.715 0.28109137055837563 0.012857142857142857 0.03680203045685279
0 0.5764285714285714 0.0076142131979695426 0.002857142857142857 0.015228426395939085
0 0.5846428571428571 0.0076142131979695426 0.002142857142857143 0.012690355329949238
0 0.5664285714285714 0.0069796954314720805 0.002857142857142857 0.013959390862944161
0 0.5871428571428572 0.005710659898477157 0.004285714285714286 0.011421319796954314
3 0.8992857142857142 0.061548223350253804 0.014285714285714285 0.031725888324873094
3 0.8425 0.30203045685279184 0.012142857142857143 0.03807106598984771
0 0.9421428571428572 0.48350253807106597 0.007142857142857143 0.01015228426395939
0 0.9378571428571428 0.47842639593908626 0.01 0.012690355329949238
3 0.8428571428571429 0.5621827411167513 0.015714285714285715 0.048223350253807105
3 0.8414285714285714 0.5031725888324873 0.014285714285714285 0.04695431472081218
3 0.8378571428571429 0.6307106598984771 0.018571428571428572 0.05837563451776649
4 0.8625 0.5507614213197969 0.013571428571428571 0.048223350253807105
5 0.8642857142857143 0.6383248730964467 0.03 0.10152284263959391
0 0.8539285714285715 0.7690355329949238 0.005 0.012690355329949238
0 0.8496428571428571 0.7703045685279187 0.005 0.0076142131979695426
0 0.9242857142857143 0.6586294416243654 0.007142857142857143 0.015228426395939085
0 0.9225 0.6744923857868019 0.005 0.011421319796954314
0 0.9317857142857143 0.38642131979695427 0.0035714285714285713 0.013959390862944161
