3 0.36064718162839243 0.7509276437847866 0.025052192066805843 0.075139146567718
3 0.5086116910229644 0.761595547309833 0.028705636743215027 0.0686456400742115
3 0.5670668058455114 0.7458256029684601 0.025574112734864297 0.061224489795918366
3 0.8718684759916492 0.950834879406308 0.06941544885177452 0.0575139146567718
3 0.39483298538622125 0.514378478664193 0.016179540709812108 0.041743970315398886
3 0.43632567849686843 0.4772727272727273 0.016701461377870562 0.03803339517625232
3 0.4107515657620041 0.4039888682745826 0.016701461377870562 0.030612244897959183
3 0.41675365344467635 0.3320964749536178 0.013048016701461376 0.025974025974025976
3 0.3637787056367432 0.9642857142857143 0.030271398747390394 0.0640074211502783
3 0.38074112734864296 0.23283858998144713 0.010960334029227557 0.016697588126159554
3 0.3987473903966597 0.22634508348794063 0.011482254697286011 0.020408163265306124
3 0.3810020876826722 0.16883116883116883 0.009394572025052192 0.014842300556586271
3 0.34003131524008345 0.19294990723562153 0.010960334029227557 0.01855287569573284
3 0.3747390396659707 0.13636363636363635 0.008350730688935281 0.012987012987012988
4 0.3611691022964509 0.13589981447124305 0.009394572025052192 0.021335807050092765
8 0.3100208768267223 0.05983302411873841 0.009394572025052192 0.026901669758812616
3 0.3285490605427975 0.061224489795918366 0.007828810020876827 0.012987012987012988
4 0.3590814196242171 0.059369202226345084 0.006263048016701461 0.014842300556586271
3 0.3648225469728601 0.08209647495361781 0.006263048016701461 0.010204081632653062
3 0.32828810020876825 0.026901669758812616 0.005219206680584551 0.00927643784786642
3 0.35020876826722336 0.031076066790352505 0.005219206680584551 0.008348794063079777
3 0.3564718162839248 0.016697588126159554 0.005219206680584551 0.0074211502782931356
3 0.32489561586638827 0.011595547309833025 0.0057411273486430055 0.010204081632653062
3 0.3316805845511482 0.003246753246753247 0.0057411273486430055 0.006493506493506494
4 0.6333507306889352 0.5273654916512059 0.03183716075156576 0.03432282003710575
3 0.5968162839248433 0.44387755102040816 0.03392484342379958 0.026901669758812616
3 0.5430584551148225 0.3933209647495362 0.032881002087682666 0.025974025974025976
4 0.5383611691022964 0.36641929499072357 0.023486430062630476 0.02411873840445269
4 0.5224425887265135 0.3228200371057514 0.032359081419624215 0.027829313543599257
4 0.5086116910229644 0.29730983302411873 0.023486430062630476 0.02504638218923933
3 0.5041753653444676 0.2820037105751392 0.025052192066805843 0.01855287569573284
3 0.4637265135699373 0.2634508348794063 0.012004175365344467 0.02411873840445269
3 0.4767745302713987 0.225417439703154 0.02453027139874739 0.01855287569573284
3 0.4765135699373695 0.2147495361781076 0.020876826722338204 0.012059369202226345
4 0.470250521920668 0.20640074211502782 0.020876826722338204 0.012059369202226345
4 0.4728601252609603 0.18877551020408165 0.016701461377870562 0.0176252319109462
4 0.46503131524008345 0.1859925788497217 0.015657620041753653 0.015769944341372914
3 0.4397181628392484 0.174860853432282 0.008872651356993735 0.015769944341372914
3 0.4532881002087682 0.15445269016697588 0.01826722338204593 0.010204081632653062
3 0.45302713987473897 0.14935064935064934 0.01774530271398747 0.011131725417439703
9 0.5422755741127349 0.5088126159554731 0.008350730688935281 0.02504638218923933
4 0.41570981210855945 0.1015769944341373 0.006784968684759916 0.0176252319109462
4 0.4261482254697286 0.09369202226345083 0.014091858037578286 0.014842300556586271
3 0.4655532359081419 0.13589981447124305 0.01774530271398747 0.013914656771799629
3 0.4454592901878914 0.13868274582560297 0.017223382045929016 0.012059369202226345
9 0.4926931106471816 0.1730055658627087 0.009394572025052192 0.010204081632653062
1 0.45093945720250517 0.37291280148423006 0.0041753653444676405 0.012987012987012988
9 0.4512004175365344 0.38589981447124305 0.0057411273486430055 0.012987012987012988
9 0.49921711899791227 0.4095547309833024 0.0036534446764091852 0.008348794063079777
9 0.5597599164926931 0.5844155844155844 0.0057411273486430055 0.00927643784786642
9 0.5889874739039666 0.6451762523191095 0.010960334029227557 0.01948051948051948
9 0.2267745302713987 0.7690166975881262 0.006784968684759916 0.04081632653061225
9 0.27218162839248433 0.6730055658627088 0.007828810020876827 0.021335807050092765
9 0.284446764091858 0.6781076066790352 0.0073068893528183704 0.01855287569573284
0 0.284446764091858 0.17532467532467533 0.0041753653444676405 0.014842300556586271
1 0.2891440501043841 0.1679035250463822 0.0031315240083507304 0.0074211502782931356
9 0.28862212943632565 0.17393320964749537 0.0031315240083507304 0.006493506493506494
1 0.272964509394572 0.6623376623376623 0.008350730688935281 0.02411873840445269
1 0.2823590814196242 0.6623376623376623 0.008350730688935281 0.016697588126159554
1 0.22807933194154487 0.7662337662337663 0.011482254697286011 0.022263450834879406
1 0.5597599164926931 0.5709647495361782 0.0036534446764091852 0.013914656771799629
1 0.589509394572025 0.6349721706864564 0.004697286012526096 0.0176252319109462
1 0.4997390396659707 0.4035250463821892 0.0057411273486430055 0.020408163265306124
1 0.7664405010438412 0.7611317254174397 0.006784968684759916 0.01948051948051948
1 0.8001043841336116 0.7546382189239332 0.005219206680584551 0.0176252319109462
9 0.7651356993736951 0.7685528756957328 0.019832985386221292 0.0176252319109462
9 0.7972338204592901 0.7634508348794063 0.019311064718162838 0.011131725417439703
0 0.4133611691022964 0.11827458256029685 0.0031315240083507304 0.010204081632653062
1 0.8335073068893527 0.7518552875695733 0.010438413361169102 0.02504638218923933
9 0.830375782881002 0.7611317254174397 0.021920668058455113 0.01948051948051948
