3 0.07881002087682672 0.6674397031539889 0.051148225469728595 0.03246753246753247
3 0.09107515657620041 0.6335807050092764 0.05167014613778705 0.03153988868274583
3 0.4898225469728601 0.18274582560296845 0.009916492693110646 0.020408163265306124
3 0.5362734864300626 0.18877551020408165 0.008872651356993735 0.0176252319109462
3 0.5164405010438413 0.4512987012987013 0.015135699373695197 0.043599257884972174
3 0.49451983298538615 0.4842300556586271 0.012004175365344467 0.04081632653061225
3 0.5167014613778705 0.5199443413729128 0.014613778705636741 0.043599257884972174
3 0.490866388308977 0.5287569573283859 0.015135699373695197 0.05194805194805195
3 0.487473903966597 0.588126159554731 0.016701461377870562 0.05380333951762523
3 0.5174843423799582 0.6052875695732839 0.016179540709812108 0.05658627087198516
3 0.4890396659707724 0.6697588126159555 0.021920668058455113 0.06679035250463822
3 0.5169624217118998 0.6910946196660482 0.017223382045929016 0.0575139146567718
3 0.4887787056367432 0.75 0.019311064718162838 0.075139146567718
3 0.4885177453027139 0.849721706864564 0.020876826722338204 0.0927643784786642
3 0.5618475991649269 0.8520408163265306 0.02661795407098121 0.09554730983302412
5 0.5240083507306889 0.8297773654916513 0.025052192066805843 0.10482374768089053
3 0.48355949895615863 0.9698515769944341 0.02766179540709812 0.05658627087198516
4 0.5224425887265135 0.9591836734693878 0.029227557411273482 0.07977736549165121
3 0.5678496868475991 0.9707792207792207 0.026096033402922752 0.05658627087198516
8 0.49712943632567846 0.30009276437847865 0.020354906054279746 0.06586270871985157
1 0.41570981210855945 0.4958256029684601 0.008872651356993735 0.010204081632653062
9 0.4162317327766179 0.5088126159554731 0.007828810020876827 0.01948051948051948
