2 0.966 0.5996666666666667 0.042 0.019333333333333334
9 0.9205 0.6006666666666667 0.047 0.022666666666666665
9 0.90275 0.6246666666666666 0.0485 0.025333333333333333
9 0.8425 0.6316666666666666 0.036000000000000004 0.014
3 0.81725 0.5966666666666667 0.1115 0.07733333333333334
9 0.7202500000000001 0.5606666666666666 0.0365 0.014666666666666666
9 0.719 0.5896666666666667 0.043000000000000003 0.026
0 0.73725 0.5436666666666666 0.0235 0.015333333333333332
4 0.7275 0.47 0.062 0.132
4 0.789 0.4656666666666667 0.068 0.134
9 0.715 0.3496666666666667 0.02 0.049999999999999996
0 0.8765000000000001 0.26866666666666666 0.031 0.022666666666666665
0 0.88825 0.21766666666666665 0.0305 0.04066666666666666
1 0.8795000000000001 0.18166666666666667 0.029 0.03666666666666667
0 0.89425 0.17966666666666667 0.0315 0.03
0 0.8215 0.24366666666666667 0.031 0.024666666666666667
1 0.81875 0.09566666666666666 0.0155 0.02333333333333333
1 0.8220000000000001 0.06366666666666666 0.022 0.026
1 0.8210000000000001 0.06866666666666667 0.017 0.010666666666666666
0 0.47950000000000004 0.022666666666666665 0.01 0.03733333333333333
0 0.4805 0.050666666666666665 0.006 0.021333333333333333
0 0.47575 0.06566666666666666 0.0105 0.046
0 0.48275 0.17366666666666666 0.0105 0.02733333333333333
0 0.50575 0.19766666666666666 0.0135 0.028666666666666667
0 0.4955 0.20166666666666666 0.011 0.020666666666666667
9 0.5437500000000001 0.20266666666666666 0.0185 0.06
1 0.5435 0.19566666666666666 0.016 0.02733333333333333
0 0.46825 0.32566666666666666 0.0155 0.028666666666666667
1 0.39225 0.32066666666666666 0.0175 0.029333333333333333
0 0.36675 0.2896666666666667 0.0095 0.015333333333333332
1 0.39125 0.3466666666666667 0.0175 0.018666666666666665
6 0.337 0.3396666666666667 0.067 0.046
9 0.31875000000000003 0.36266666666666664 0.0305 0.03333333333333333
9 0.35975 0.36966666666666664 0.0335 0.026
9 0.54775 0.46166666666666667 0.0195 0.04733333333333333
1 0.546 0.45866666666666667 0.021 0.024
1 0.40725 0.4126666666666666 0.0115 0.017333333333333333
1 0.41875 0.38566666666666666 0.0155 0.02733333333333333
0 0.43175 0.4036666666666667 0.0155 0.020666666666666667
0 0.43925000000000003 0.5256666666666666 0.0125 0.02333333333333333
1 0.44275000000000003 0.5036666666666666 0.0075 0.011333333333333332
9 0.47450000000000003 0.5416666666666666 0.018000000000000002 0.049999999999999996
1 0.47400000000000003 0.5436666666666666 0.017 0.020666666666666667
0 0.522 0.7106666666666667 0.013000000000000001 0.026666666666666665
1 0.523 0.7126666666666667 0.008 0.013333333333333332
0 0.4615 0.6056666666666667 0.008 0.016666666666666666
0 0.4685 0.6156666666666667 0.013000000000000001 0.015333333333333332
7 0.49975 0.6536666666666666 0.0205 0.07266666666666667
1 0.501 0.6516666666666666 0.017 0.03
1 0.6805 0.8506666666666667 0.017 0.021333333333333333
0 0.48 0.8296666666666667 0.015 0.03266666666666666
0 0.5465 0.9146666666666666 0.016 0.034666666666666665
9 0.456 0.8046666666666666 0.016 0.056
1 0.45675 0.8106666666666666 0.0175 0.026666666666666665
2 0.418 0.833 0.024 0.046
0 0.4195 0.8386666666666667 0.024 0.03733333333333333
1 0.395 0.8106666666666666 0.017 0.032
0 0.25875 0.8286666666666667 0.025500000000000002 0.030666666666666665
2 0.33025 0.8236666666666667 0.0385 0.02733333333333333
0 0.354 0.8266666666666667 0.018000000000000002 0.028
3 0.9415 0.9326666666666666 0.116 0.088
0 0.79625 0.8866666666666666 0.0205 0.021333333333333333
0 0.8230000000000001 0.8936666666666666 0.023 0.028666666666666667
9 0.82325 0.9036666666666666 0.0365 0.03933333333333333
0 0.79 0.8996666666666666 0.018000000000000002 0.020666666666666667
0 0.805 0.8626666666666667 0.013000000000000001 0.017333333333333333
0 0.592 0.9196666666666666 0.017 0.03266666666666666
0 0.5855 0.9376666666666666 0.014 0.03266666666666666
0 0.5437500000000001 0.8706666666666666 0.0105 0.030666666666666665
0 0.53125 0.8786666666666666 0.0115 0.034666666666666665
0 0.51975 0.8856666666666666 0.0105 0.03266666666666666
0 0.51775 0.899 0.0095 0.038
0 0.36575 0.9536666666666667 0.0175 0.035333333333333335
0 0.37675000000000003 0.9806666666666667 0.0175 0.03733333333333333
1 0.37775000000000003 0.9866666666666666 0.0075 0.017333333333333333
0 0.339 0.9756666666666667 0.018000000000000002 0.03933333333333333
0 0.28600000000000003 0.9626666666666667 0.026000000000000002 0.03866666666666667
0 0.2605 0.9836666666666667 0.023 0.03133333333333333
0 0.22975 0.9796666666666667 0.0265 0.03
0 0.13625 0.8956666666666666 0.0385 0.028666666666666667
0 0.1565 0.8636666666666666 0.025 0.03666666666666667
2 0.16975 0.8636666666666666 0.0445 0.020666666666666667
0 0.098 0.8109999999999999 0.04 0.038
9 0.031 0.8846666666666666 0.04 0.030666666666666665
1 0.016 0.8916666666666666 0.032 0.028666666666666667
1 0.01375 0.8866666666666666 0.0275 0.030666666666666665
