0 0.09681628392484341 0.4935064935064935 0.015135699373695197 0.03153988868274583
0 0.06941544885177452 0.6099257884972171 0.016701461377870562 0.036178107606679034
0 0.12526096033402923 0.6832096474953618 0.016701461377870562 0.03432282003710575
9 0.06889352818371607 0.6335807050092764 0.03549060542797494 0.02411873840445269
9 0.13987473903966596 0.638682745825603 0.028183716075156573 0.030612244897959183
3 0.27139874739039666 0.589517625231911 0.043841336116910226 0.10853432282003711
9 0.04227557411273486 0.8441558441558442 0.045929018789144044 0.04452690166975881
1 0.042014613778705634 0.8390538033395176 0.022442588726513567 0.03246753246753247
1 0.3285490605427975 0.7713358070500927 0.014091858037578286 0.026901669758812616
6 0.32724425887265135 0.7769016697588126 0.039665970772442584 0.039888682745825604
7 0.2813152400835073 0.7091836734693878 0.04279749478079332 0.06215213358070501
6 0.32828810020876825 0.6832096474953618 0.06367432150313151 0.06771799628942486
6 0.3734342379958246 0.6725417439703154 0.02453027139874739 0.07235621521335807
7 0.41362212943632565 0.7031539888682746 0.04123173277661795 0.059369202226345084
7 0.4723382045929018 0.7481447124304267 0.05323590814196242 0.05473098330241188
7 0.4765135699373695 0.6883116883116883 0.045929018789144044 0.055658627087198514
9 0.5065240083507306 0.7857142857142857 0.028705636743215027 0.03339517625231911
1 0.5052192066805845 0.7792207792207793 0.012526096033402922 0.0352504638218924
1 0.5156576200417536 0.7847866419294991 0.009394572025052192 0.03339517625231911
3 0.09029227557411272 0.9383116883116883 0.10438413361169101 0.08441558441558442
3 0.7497390396659707 0.9568645640074211 0.09342379958246345 0.08256029684601113
7 0.966858037578288 0.8501855287569573 0.06419624217118998 0.06586270871985157
7 0.8256784968684759 0.8158627087198516 0.1033402922755741 0.09925788497217068
0 0.7907098121085594 0.7323747680890538 0.016701461377870562 0.036178107606679034
0 0.6589248434237995 0.7351576994434137 0.009916492693110646 0.03432282003710575
2 0.6495302713987473 0.7328385899814471 0.028705636743215027 0.04267161410018553
7 0.6229123173277661 0.7481447124304267 0.03810020876826722 0.10111317254174397
1 0.549321503131524 0.6799628942486086 0.014091858037578286 0.03153988868274583
1 0.5396659707724425 0.5746753246753247 0.009394572025052192 0.021335807050092765
0 0.5062630480167014 0.5936920222634509 0.009394572025052192 0.027829313543599257
1 0.4830375782881002 0.5955473098330242 0.008872651356993735 0.02411873840445269
0 0.5399269311064717 0.5500927643784786 0.008872651356993735 0.03153988868274583
0 0.5328810020876826 0.5477736549165121 0.009394572025052192 0.030612244897959183
6 0.5694154488517744 0.638682745825603 0.031315240083507306 0.05658627087198516
6 0.5621085594989561 0.6646567717996289 0.027139874739039664 0.06586270871985157
6 0.5545407098121085 0.5853432282003711 0.017223382045929016 0.05380333951762523
6 0.519572025052192 0.5732838589981447 0.015135699373695197 0.0575139146567718
6 0.5461899791231732 0.34740259740259744 0.017223382045929016 0.05102040816326531
9 0.5566283924843424 0.3826530612244898 0.014091858037578286 0.039888682745825604
9 0.4976513569937369 0.4642857142857143 0.01826722338204593 0.02319109461966605
7 0.5276617954070981 0.17717996289424862 0.021920668058455113 0.05194805194805195
7 0.5422755741127349 0.03710575139146568 0.011482254697286011 0.03896103896103896
7 0.5284446764091858 0.0176252319109462 0.012004175365344467 0.0352504638218924
1 0.5018267223382046 0.01901669758812616 0.007828810020876827 0.013914656771799629
0 0.5193110647181628 0.07328385899814471 0.005219206680584551 0.01855287569573284
6 0.5093945720250521 0.040352504638218926 0.0073068893528183704 0.021335807050092765
6 0.604384133611691 0.045454545454545456 0.01774530271398747 0.04267161410018553
6 0.5929018789144049 0.06354359925788497 0.014613778705636741 0.043599257884972174
2 0.647964509394572 0.28061224489795916 0.020354906054279746 0.026901669758812616
2 0.670929018789144 0.2676252319109462 0.017223382045929016 0.03246753246753247
2 0.7249478079331941 0.5528756957328386 0.018789144050104383 0.04081632653061225
0 0.6936325678496867 0.4953617810760668 0.012526096033402922 0.03339517625231911
