8 0.7946428571428571 0.7995238095238095 0.047857142857142855 0.19904761904761906
5 0.7639285714285714 0.5342857142857143 0.03642857142857143 0.11238095238095239
5 0.5403571428571429 0.6771428571428572 0.06642857142857143 0.09523809523809523
5 0.7078571428571429 0.42142857142857143 0.03 0.06190476190476191
5 0.7696428571428572 0.25476190476190474 0.017857142857142856 0.03142857142857143
8 0.7771428571428571 0.30714285714285716 0.022857142857142857 0.06
3 0.6446428571428572 0.539047619047619 0.03214285714285714 0.047619047619047616
3 0.40714285714285714 0.8095238095238095 0.06571428571428571 0.07238095238095238
3 0.7296428571428571 0.2719047619047619 0.012142857142857143 0.018095238095238095
3 0.5317857142857143 0.17904761904761904 0.012142857142857143 0.013333333333333332
3 0.5464285714285714 0.15904761904761905 0.011428571428571429 0.011428571428571429
3 0.7846428571428572 0.10428571428571429 0.007857142857142858 0.010476190476190476
3 0.8089285714285714 0.08190476190476191 0.010714285714285714 0.005714285714285714
3 0.8575 0.07476190476190477 0.0064285714285714285 0.004761904761904762
3 0.8364285714285714 0.08714285714285715 0.007142857142857143 0.006666666666666666
5 0.7692857142857142 0.13142857142857142 0.011428571428571429 0.017142857142857144
1 0.7396428571428572 0.1819047619047619 0.005 0.005714285714285714
9 0.7392857142857143 0.18476190476190477 0.004285714285714286 0.007619047619047619
3 0.9446428571428571 0.22952380952380952 0.020714285714285713 0.013333333333333332
3 0.95 0.24904761904761905 0.02 0.010476190476190476
3 0.9542857142857143 0.259047619047619 0.022857142857142857 0.009523809523809525
3 0.9578571428571429 0.2671428571428571 0.022857142857142857 0.012380952380952381
3 0.9625 0.27904761904761904 0.02642857142857143 0.009523809523809525
4 0.9403571428571429 0.21666666666666667 0.020714285714285713 0.012380952380952381
3 0.9371428571428572 0.20952380952380953 0.02 0.007619047619047619
3 0.935 0.2042857142857143 0.02142857142857143 0.008571428571428572
3 0.9278571428571428 0.18523809523809523 0.014285714285714285 0.010476190476190476
3 0.9267857142857143 0.17904761904761904 0.015 0.007619047619047619
3 0.9875 0.23761904761904762 0.015 0.018095238095238095
3 0.9742857142857143 0.21523809523809523 0.012857142857142857 0.017142857142857144
4 0.6271428571428571 0.08952380952380952 0.007142857142857143 0.009523809523809525
3 0.6103571428571428 0.11952380952380952 0.007857142857142858 0.006666666666666666
4 0.6367857142857143 0.08190476190476191 0.005 0.009523809523809525
4 0.6321428571428571 0.08523809523809524 0.005714285714285714 0.008571428571428572
5 0.28785714285714287 0.1595238095238095 0.02142857142857143 0.012380952380952381
5 0.8496428571428571 0.049523809523809526 0.015 0.015238095238095238
4 0.49964285714285717 0.17666666666666667 0.010714285714285714 0.012380952380952381
1 0.7992857142857143 0.3038095238095238 0.004285714285714286 0.007619047619047619
9 0.7971428571428572 0.30714285714285716 0.002857142857142857 0.008571428571428572
4 0.9078571428571428 0.09428571428571429 0.012857142857142857 0.007619047619047619
0 0.52 0.17 0.002857142857142857 0.008571428571428572
