3 0.4667857142857143 0.67 0.07214285714285715 0.054285714285714284
3 0.6242857142857143 0.7395238095238095 0.07714285714285714 0.06571428571428571
3 0.7671428571428571 0.5966666666666667 0.07 0.05238095238095238
3 0.6292857142857143 0.49952380952380954 0.04 0.037142857142857144
3 0.30142857142857143 0.5771428571428572 0.04285714285714286 0.0419047619047619
3 0.35214285714285715 0.49523809523809526 0.047142857142857146 0.03619047619047619
3 0.27214285714285713 0.4719047619047619 0.032857142857142856 0.029523809523809525
3 0.25392857142857145 0.42952380952380953 0.025 0.024761904761904763
3 0.5496428571428571 0.40714285714285714 0.012142857142857143 0.021904761904761906
3 0.5521428571428572 0.38476190476190475 0.012857142857142857 0.022857142857142857
3 0.5525 0.36428571428571427 0.015 0.02
3 0.5414285714285715 0.3238095238095238 0.011428571428571429 0.02095238095238095
3 0.545 0.2695238095238095 0.01 0.013333333333333332
3 0.5589285714285714 0.25 0.013571428571428571 0.014285714285714285
3 0.5821428571428572 0.2419047619047619 0.007142857142857143 0.015238095238095238
3 0.925 0.7195238095238096 0.09714285714285714 0.05047619047619047
3 0.9217857142857143 0.6542857142857142 0.075 0.04
0 0.29964285714285716 0.9076190476190477 0.025 0.04
0 0.175 0.7014285714285714 0.017142857142857144 0.03142857142857143
3 0.155 0.3395238095238095 0.018571428571428572 0.018095238095238095
3 0.08785714285714286 0.3319047619047619 0.017142857142857144 0.02
0 0.5696428571428571 0.4542857142857143 0.005 0.02095238095238095
1 0.24642857142857144 0.3419047619047619 0.007142857142857143 0.009523809523809525
1 0.37142857142857144 0.4247619047619048 0.007142857142857143 0.009523809523809525
1 0.475 0.39714285714285713 0.005714285714285714 0.009523809523809525
1 0.4392857142857143 0.4319047619047619 0.005714285714285714 0.010476190476190476
1 0.4521428571428571 0.4419047619047619 0.007142857142857143 0.009523809523809525
9 0.475 0.40190476190476193 0.007142857142857143 0.011428571428571429
9 0.4517857142857143 0.4471428571428571 0.010714285714285714 0.010476190476190476
9 0.43892857142857145 0.43714285714285717 0.010714285714285714 0.009523809523809525
9 0.3717857142857143 0.42952380952380953 0.012142857142857143 0.009523809523809525
9 0.24642857142857144 0.34714285714285714 0.01 0.010476190476190476
4 0.5303571428571429 0.3919047619047619 0.017857142857142856 0.039047619047619046
