9 0.021659707724425884 0.3079777365491651 0.010960334029227557 0.016697588126159554
5 0.036273486430062625 0.3942486085343228 0.07254697286012525 0.1391465677179963
5 0.16466597077244258 0.550556586270872 0.04958246346555323 0.075139146567718
6 0.2904488517745302 0.5134508348794063 0.04018789144050104 0.05287569573283859
5 0.03549060542797494 0.764378478664193 0.06471816283924843 0.16697588126159554
5 0.4558977035490605 0.8084415584415584 0.09237995824634655 0.13636363636363635
3 0.795929018789144 0.4350649350649351 0.04906054279749478 0.0575139146567718
9 0.8507306889352817 0.4953617810760668 0.026096033402922752 0.0352504638218924
9 0.2085073068893528 0.5139146567717996 0.008872651356993735 0.0352504638218924
1 0.02218162839248434 0.300556586270872 0.006784968684759916 0.01855287569573284
