4 0.095 0.7819047619047619 0.015714285714285715 0.04
4 0.06142857142857143 0.9147619047619048 0.022857142857142857 0.04476190476190476
3 0.07392857142857143 0.849047619047619 0.016428571428571428 0.02761904761904762
3 0.06535714285714286 0.8771428571428571 0.019285714285714285 0.03238095238095238
3 0.05035714285714286 0.9595238095238096 0.025 0.04476190476190476
3 0.0425 0.99 0.020714285714285713 0.018095238095238095
3 0.23 0.7295238095238096 0.011428571428571429 0.022857142857142857
3 0.39464285714285713 0.8152380952380952 0.017857142857142856 0.03238095238095238
3 0.365 0.7647619047619048 0.022857142857142857 0.015238095238095238
3 0.36714285714285716 0.8042857142857143 0.027142857142857142 0.018095238095238095
3 0.36892857142857144 0.82 0.02642857142857143 0.015238095238095238
4 0.37214285714285716 0.8338095238095238 0.027142857142857142 0.018095238095238095
3 0.37142857142857144 0.8495238095238096 0.025714285714285714 0.017142857142857144
3 0.37892857142857145 0.8971428571428571 0.02642857142857143 0.015238095238095238
3 0.36964285714285716 0.789047619047619 0.025 0.014285714285714285
3 0.3846428571428571 0.9771428571428571 0.012142857142857143 0.024761904761904763
3 0.7175 0.9647619047619047 0.039285714285714285 0.030476190476190476
4 0.7775 0.8542857142857143 0.030714285714285715 0.03238095238095238
4 0.7421428571428571 0.8195238095238095 0.027142857142857142 0.02761904761904762
4 0.6721428571428572 0.8119047619047619 0.027142857142857142 0.021904761904761906
4 0.7689285714285714 0.9171428571428571 0.02642857142857143 0.024761904761904763
3 0.7528571428571429 0.9023809523809524 0.032857142857142856 0.029523809523809525
3 0.74 0.8919047619047619 0.03 0.02761904761904762
3 0.7267857142857143 0.8723809523809524 0.03214285714285714 0.030476190476190476
3 0.71 0.86 0.03 0.026666666666666665
3 0.6964285714285714 0.8471428571428572 0.03 0.02761904761904762
3 0.6846428571428571 0.8295238095238096 0.027857142857142858 0.024761904761904763
3 0.6589285714285714 0.7895238095238095 0.013571428571428571 0.02095238095238095
3 0.6664285714285715 0.8 0.012857142857142857 0.013333333333333332
