3 0.36392857142857143 0.5190476190476191 0.08214285714285714 0.04380952380952381
3 0.28214285714285714 0.48428571428571426 0.07 0.04476190476190476
3 0.20464285714285715 0.46523809523809523 0.06785714285714285 0.04285714285714286
3 0.1375 0.4419047619047619 0.062142857142857146 0.0380952380952381
3 0.07642857142857143 0.4219047619047619 0.06714285714285714 0.04380952380952381
3 0.48428571428571426 0.4319047619047619 0.06428571428571428 0.03142857142857143
3 0.6321428571428571 0.44952380952380955 0.06285714285714286 0.03428571428571429
3 0.7853571428571429 0.45476190476190476 0.029285714285714286 0.04666666666666667
3 0.8321428571428572 0.4595238095238095 0.03 0.04285714285714286
3 0.7878571428571428 0.4 0.024285714285714285 0.030476190476190476
3 0.8292857142857143 0.39904761904761904 0.022857142857142857 0.030476190476190476
3 0.7925 0.3476190476190476 0.017857142857142856 0.022857142857142857
3 0.8296428571428571 0.3395238095238095 0.015 0.025714285714285714
3 0.7989285714285714 0.3242857142857143 0.015 0.02
3 0.8253571428571429 0.3038095238095238 0.013571428571428571 0.017142857142857144
3 0.8767857142857143 0.30428571428571427 0.015 0.012380952380952381
3 0.8928571428571429 0.3019047619047619 0.014285714285714285 0.015238095238095238
3 0.9353571428571429 0.36952380952380953 0.02214285714285714 0.022857142857142857
3 0.8203571428571429 0.26666666666666666 0.010714285714285714 0.015238095238095238
3 0.8346428571428571 0.2571428571428571 0.009285714285714286 0.009523809523809525
3 0.5103571428571428 0.40476190476190477 0.05357142857142857 0.04
3 0.4446428571428571 0.4042857142857143 0.03785714285714286 0.039047619047619046
4 0.4014285714285714 0.4666666666666667 0.06 0.047619047619047616
3 0.4467857142857143 0.4623809523809524 0.05928571428571429 0.04476190476190476
3 0.34464285714285714 0.44 0.062142857142857146 0.0380952380952381
3 0.24142857142857144 0.41714285714285715 0.06 0.047619047619047616
3 0.18964285714285714 0.40523809523809523 0.055 0.04285714285714286
3 0.027142857142857142 0.4038095238095238 0.054285714285714284 0.04380952380952381
3 0.06285714285714286 0.3676190476190476 0.05857142857142857 0.04
3 0.09678571428571428 0.37714285714285717 0.055 0.0419047619047619
3 0.1467857142857143 0.3914285714285714 0.047857142857142855 0.03619047619047619
3 0.3289285714285714 0.38 0.04642857142857143 0.0419047619047619
3 0.35928571428571426 0.38476190476190475 0.03857142857142857 0.04380952380952381
3 0.3871428571428571 0.3942857142857143 0.04 0.04
3 0.41678571428571426 0.3995238095238095 0.04214285714285714 0.04285714285714286
3 0.5242857142857142 0.39714285714285713 0.04428571428571428 0.04
3 0.5325 0.39 0.047857142857142855 0.037142857142857144
3 0.5439285714285714 0.3819047619047619 0.04214285714285714 0.030476190476190476
4 0.5664285714285714 0.36238095238095236 0.04285714285714286 0.035238095238095235
3 0.6496428571428572 0.4319047619047619 0.055 0.040952380952380955
0 0.5175 0.4795238095238095 0.012142857142857143 0.037142857142857144
0 0.5292857142857142 0.4776190476190476 0.01 0.03333333333333333
0 0.7275 0.48428571428571426 0.015 0.035238095238095235
0 0.8914285714285715 0.59 0.018571428571428572 0.04476190476190476
0 0.9478571428571428 0.6195238095238095 0.014285714285714285 0.04666666666666667
0 0.9042857142857142 0.5714285714285714 0.015714285714285715 0.0380952380952381
3 0.044642857142857144 0.6942857142857143 0.08928571428571429 0.08761904761904762
3 0.03785714285714286 0.3 0.03571428571428571 0.03428571428571429
3 0.5828571428571429 0.3514285714285714 0.03857142857142857 0.024761904761904763
3 0.5903571428571428 0.34476190476190477 0.03357142857142857 0.024761904761904763
3 0.595 0.33904761904761904 0.03571428571428571 0.024761904761904763
3 0.6017857142857143 0.3323809523809524 0.03357142857142857 0.02095238095238095
3 0.6096428571428572 0.3295238095238095 0.03214285714285714 0.024761904761904763
3 0.6128571428571429 0.3242857142857143 0.03142857142857143 0.02
3 0.6317857142857143 0.31 0.030714285714285715 0.02
3 0.6614285714285715 0.3919047619047619 0.045714285714285714 0.029523809523809525
2 0.5871428571428572 0.43714285714285717 0.012857142857142857 0.02095238095238095
2 0.67 0.46190476190476193 0.02142857142857143 0.01904761904761905
3 0.7728571428571429 0.2895238095238095 0.011428571428571429 0.01904761904761905
3 0.8 0.2823809523809524 0.011428571428571429 0.012380952380952381
3 0.8021428571428572 0.2719047619047619 0.01 0.014285714285714285
3 0.8167857142857143 0.23761904761904762 0.0064285714285714285 0.008571428571428572
3 0.8175 0.24523809523809523 0.007857142857142858 0.010476190476190476
5 0.805 0.24 0.01 0.01904761904761905
3 0.81 0.2219047619047619 0.007142857142857143 0.007619047619047619
3 0.8717857142857143 0.2619047619047619 0.0064285714285714285 0.009523809523809525
3 0.8667857142857143 0.2542857142857143 0.007857142857142858 0.007619047619047619
0 0.8214285714285714 0.20952380952380953 0.002857142857142857 0.005714285714285714
0 0.8442857142857143 0.24904761904761905 0.002857142857142857 0.008571428571428572
