5 0.6496428571428572 0.12428571428571429 0.020714285714285713 0.035238095238095235
5 0.4875 0.23142857142857143 0.016428571428571428 0.03238095238095238
5 0.6846428571428571 0.12428571428571429 0.012142857142857143 0.02761904761904762
4 0.3175 0.15761904761904763 0.007857142857142858 0.01619047619047619
4 0.3246428571428571 0.1619047619047619 0.007857142857142858 0.015238095238095238
3 0.3339285714285714 0.1619047619047619 0.0064285714285714285 0.009523809523809525
3 0.5717857142857142 0.5071428571428571 0.02214285714285714 0.035238095238095235
3 0.5014285714285714 0.3295238095238095 0.014285714285714285 0.024761904761904763
3 0.45714285714285713 0.20952380952380953 0.01 0.015238095238095238
3 0.45035714285714284 0.1295238095238095 0.0064285714285714285 0.009523809523809525
3 0.4492857142857143 0.08666666666666667 0.005714285714285714 0.009523809523809525
9 0.5142857142857142 0.3871428571428571 0.005714285714285714 0.014285714285714285
9 0.5392857142857143 0.38952380952380955 0.007142857142857143 0.017142857142857144
9 0.49964285714285717 0.2714285714285714 0.005 0.011428571428571429
2 0.47714285714285715 0.18714285714285714 0.002857142857142857 0.010476190476190476
0 0.4664285714285714 0.14666666666666667 0.002857142857142857 0.007619047619047619
1 0.5396428571428571 0.3871428571428571 0.005 0.012380952380952381
1 0.5142857142857142 0.38476190476190475 0.004285714285714286 0.011428571428571429
5 0.46 0.04904761904761905 0.005714285714285714 0.010476190476190476
