0 0.39714285714285713 0.8590476190476191 0.01 0.015238095238095238
0 0.41535714285714287 0.8542857142857143 0.010714285714285714 0.015238095238095238
3 0.5096428571428572 0.8723809523809524 0.04214285714285714 0.08761904761904762
3 0.47214285714285714 0.7747619047619048 0.03 0.09238095238095238
0 0.3939285714285714 0.6542857142857142 0.012142857142857143 0.015238095238095238
9 0.42178571428571426 0.5552380952380952 0.010714285714285714 0.03428571428571429
1 0.42214285714285715 0.5547619047619048 0.01 0.018095238095238095
9 0.345 0.6366666666666667 0.02 0.02
0 0.34285714285714286 0.6395238095238095 0.01 0.012380952380952381
0 0.32035714285714284 0.5947619047619047 0.010714285714285714 0.010476190476190476
0 0.33214285714285713 0.5776190476190476 0.014285714285714285 0.012380952380952381
0 0.35714285714285715 0.4338095238095238 0.01 0.010476190476190476
0 0.35 0.38904761904761903 0.011428571428571429 0.008571428571428572
9 0.3221428571428571 0.39714285714285713 0.014285714285714285 0.011428571428571429
6 0.38035714285714284 0.3219047619047619 0.017857142857142856 0.049523809523809526
0 0.40464285714285714 0.31761904761904763 0.009285714285714286 0.012380952380952381
0 0.4878571428571429 0.34904761904761905 0.01 0.010476190476190476
0 0.4942857142857143 0.4238095238095238 0.008571428571428572 0.009523809523809525
0 0.48 0.43714285714285717 0.01 0.015238095238095238
9 0.37392857142857144 0.2342857142857143 0.027857142857142858 0.015238095238095238
0 0.355 0.18714285714285714 0.01 0.014285714285714285
0 0.3975 0.1919047619047619 0.010714285714285714 0.018095238095238095
0 0.4117857142857143 0.1519047619047619 0.012142857142857143 0.02
3 0.47964285714285715 0.1838095238095238 0.030714285714285715 0.09142857142857143
0 0.345 0.10952380952380952 0.007142857142857143 0.015238095238095238
0 0.34214285714285714 0.014761904761904763 0.007142857142857143 0.023809523809523808
0 0.35428571428571426 0.024761904761904763 0.01 0.01904761904761905
9 0.38785714285714284 0.009523809523809525 0.024285714285714285 0.013333333333333332
9 0.3796428571428571 0.04238095238095238 0.025 0.01619047619047619
9 0.38 0.1219047619047619 0.022857142857142857 0.017142857142857144
9 0.45 0.04238095238095238 0.01 0.039047619047619046
0 0.5028571428571429 0.1 0.008571428571428572 0.024761904761904763
2 0.5339285714285714 0.1719047619047619 0.02214285714285714 0.012380952380952381
2 0.5367857142857143 0.16 0.02214285714285714 0.017142857142857144
3 0.5271428571428571 0.19952380952380952 0.05714285714285714 0.035238095238095235
9 0.37214285714285716 0.45476190476190476 0.022857142857142857 0.012380952380952381
1 0.5071428571428571 0.4695238095238095 0.01 0.015238095238095238
1 0.5221428571428571 0.4623809523809524 0.01 0.012380952380952381
1 0.52 0.5119047619047619 0.012857142857142857 0.012380952380952381
1 0.5253571428571429 0.5471428571428572 0.009285714285714286 0.010476190476190476
