3 0.0415 0.78 0.052000000000000005 0.032
3 0.08275 0.7586666666666666 0.029500000000000002 0.036
3 0.11800000000000001 0.7516666666666666 0.036000000000000004 0.046
3 0.14425 0.7506666666666666 0.0415 0.04666666666666666
3 0.17475000000000002 0.7456666666666666 0.0445 0.041999999999999996
2 0.29925 0.7556666666666666 0.0175 0.012666666666666666
1 0.29975 0.7516666666666666 0.0085 0.018
9 0.3405 0.7656666666666666 0.015 0.015333333333333332
1 0.342 0.7616666666666666 0.009000000000000001 0.016666666666666666
3 0.41675 0.9746666666666667 0.0605 0.04533333333333333
3 0.077 0.6936666666666667 0.02 0.033999999999999996
3 0.09525 0.6926666666666667 0.0205 0.04133333333333333
3 0.2205 0.6596666666666666 0.015 0.03266666666666666
3 0.24275 0.6606666666666666 0.0165 0.03333333333333333
3 0.264 0.6556666666666666 0.014 0.02733333333333333
3 0.2615 0.6296666666666666 0.013000000000000001 0.028666666666666667
3 0.2425 0.6336666666666666 0.015 0.026
3 0.2235 0.6326666666666666 0.015 0.022666666666666665
3 0.266 0.5976666666666667 0.013000000000000001 0.020666666666666667
1 0.45 0.5646666666666667 0.005 0.013333333333333332
2 0.45025 0.5686666666666667 0.0075 0.013333333333333332
3 0.418 0.507 0.014 0.018
3 0.31475000000000003 0.22366666666666665 0.0045000000000000005 0.006
3 0.324 0.22766666666666666 0.004 0.004666666666666666
3 0.32425 0.22266666666666665 0.0035 0.005333333333333333
3 0.30625 0.23266666666666666 0.0035 0.004
3 0.30425 0.22466666666666665 0.0035 0.004
3 0.3035 0.22799999999999998 0.004 0.004
3 0.30225 0.23066666666666666 0.0035 0.004
3 0.3 0.23666666666666666 0.004 0.005333333333333333
3 0.3065 0.25066666666666665 0.005 0.005333333333333333
3 0.29675 0.24566666666666667 0.0035 0.004666666666666666
3 0.30075 0.26366666666666666 0.0055 0.006
3 0.29725 0.25366666666666665 0.0045000000000000005 0.006
3 0.291 0.25966666666666666 0.004 0.004666666666666666
5 0.30975 0.21566666666666667 0.0125 0.006
0 0.291 0.2776666666666667 0.002 0.006
0 0.32275 0.30266666666666664 0.0025 0.005333333333333333
0 0.3265 0.31766666666666665 0.002 0.006
0 0.3295 0.32966666666666666 0.002 0.007333333333333333
0 0.34700000000000003 0.37066666666666664 0.003 0.009333333333333332
3 0.294 0.30966666666666665 0.006 0.007333333333333333
3 0.2785 0.2906666666666667 0.006 0.006666666666666666
3 0.273 0.30466666666666664 0.005 0.006666666666666666
3 0.27275 0.30866666666666664 0.0055 0.005333333333333333
3 0.28225 0.34199999999999997 0.006500000000000001 0.008
0 0.309 0.26466666666666666 0.003 0.005333333333333333
0 0.30225 0.25866666666666666 0.0025 0.005333333333333333
0 0.29675 0.26966666666666667 0.0025 0.006
3 0.3035 0.35766666666666663 0.008 0.01
3 0.27525 0.36666666666666664 0.006500000000000001 0.009333333333333332
3 0.2755 0.35766666666666663 0.007 0.007333333333333333
3 0.28175 0.39266666666666666 0.0125 0.013333333333333332
4 0.28300000000000003 0.40299999999999997 0.012 0.014
3 0.292 0.4136666666666666 0.013000000000000001 0.012666666666666666
0 0.292 0.389 0.002 0.01
0 0.28575 0.38266666666666665 0.0025 0.010666666666666666
0 0.35925 0.39466666666666667 0.0025 0.009333333333333332
1 0.3295 0.36166666666666664 0.002 0.004666666666666666
9 0.329 0.365 0.003 0.006
0 0.27975 0.32166666666666666 0.0015 0.006
4 0.28425 0.42066666666666663 0.0195 0.013333333333333332
3 0.28425 0.43166666666666664 0.0105 0.016666666666666666
3 0.29 0.446 0.017 0.016
0 0.273 0.4666666666666667 0.003 0.009333333333333332
0 0.28 0.4696666666666667 0.003 0.011333333333333332
3 0.29025 0.4726666666666666 0.0115 0.016
3 0.44375000000000003 0.46366666666666667 0.0245 0.014
3 0.44125000000000003 0.45666666666666667 0.021500000000000002 0.010666666666666666
3 0.459 0.45066666666666666 0.01 0.017333333333333333
3 0.47075 0.45766666666666667 0.0135 0.012666666666666666
3 0.49425 0.45566666666666666 0.0225 0.012666666666666666
3 0.48825 0.44966666666666666 0.021500000000000002 0.011333333333333332
4 0.50275 0.43566666666666665 0.0115 0.016666666666666666
3 0.51225 0.43566666666666665 0.0115 0.011333333333333332
3 0.51925 0.44366666666666665 0.0145 0.014
3 0.525 0.43166666666666664 0.005 0.012666666666666666
3 0.50525 0.4696666666666667 0.0225 0.011333333333333332
3 0.51025 0.4746666666666666 0.0245 0.013333333333333332
4 0.526 0.48866666666666664 0.02 0.018666666666666665
3 0.5397500000000001 0.49666666666666665 0.0245 0.014666666666666666
3 0.5417500000000001 0.5116666666666666 0.0155 0.015333333333333332
3 0.554 0.527 0.017 0.022
3 0.56875 0.5446666666666666 0.0205 0.02
3 0.5855 0.5636666666666666 0.022 0.02333333333333333
3 0.6072500000000001 0.5786666666666667 0.0175 0.024
3 0.5725 0.5876666666666667 0.016 0.024666666666666667
3 0.55625 0.6036666666666667 0.035500000000000004 0.020666666666666667
3 0.52075 0.6036666666666667 0.0335 0.020666666666666667
3 0.52875 0.6146666666666667 0.035500000000000004 0.02
3 0.538 0.6256666666666666 0.035 0.02333333333333333
3 0.584 0.6076666666666667 0.022 0.024666666666666667
3 0.581 0.6276666666666666 0.015 0.03266666666666666
3 0.6032500000000001 0.6276666666666666 0.0225 0.024666666666666667
3 0.6195 0.6226666666666666 0.024 0.024
3 0.62825 0.596 0.0305 0.024
3 0.6375000000000001 0.5813333333333334 0.034 0.02
3 0.6925 0.5706666666666667 0.026000000000000002 0.016
3 0.71675 0.5666666666666667 0.0205 0.018666666666666665
3 0.7332500000000001 0.5596666666666666 0.029500000000000002 0.020666666666666667
3 0.7535000000000001 0.6186666666666667 0.036000000000000004 0.024
3 0.712 0.6026666666666667 0.028 0.022666666666666665
3 0.7305 0.5996666666666667 0.025 0.020666666666666667
3 0.74875 0.5966666666666667 0.0265 0.025333333333333333
3 0.76625 0.5946666666666667 0.0275 0.024
3 0.784 0.5916666666666667 0.03 0.02333333333333333
3 0.7965 0.5886666666666667 0.029 0.022666666666666665
3 0.81625 0.5656666666666667 0.035500000000000004 0.018
3 0.88875 0.5916666666666667 0.0335 0.022
3 0.8515 0.5656666666666667 0.032 0.019333333333333334
3 0.8805000000000001 0.5576666666666666 0.029 0.016666666666666666
3 0.8565 0.5406666666666666 0.033 0.021333333333333333
3 0.8260000000000001 0.5436666666666666 0.016 0.018
0 0.80875 0.5446666666666666 0.0045000000000000005 0.014666666666666666
3 0.8935000000000001 0.5376666666666666 0.028 0.019333333333333334
3 0.93275 0.5499999999999999 0.0285 0.016
3 0.9097500000000001 0.5546666666666666 0.029500000000000002 0.014666666666666666
3 0.9715 0.6696666666666666 0.039 0.028666666666666667
1 0.9177500000000001 0.64 0.006500000000000001 0.016
2 0.9165 0.6436666666666666 0.012 0.011333333333333332
3 0.9365 0.605 0.035 0.018
3 0.95225 0.5836666666666667 0.0365 0.019333333333333334
3 0.963 0.5446666666666666 0.031 0.017333333333333333
0 0.9655 0.5326666666666666 0.005 0.010666666666666666
0 0.962 0.5306666666666666 0.005 0.010666666666666666
3 0.9187500000000001 0.531 0.0325 0.018
3 0.9235 0.525 0.031 0.014
3 0.9380000000000001 0.5106666666666666 0.032 0.018666666666666665
3 0.968 0.5076666666666666 0.03 0.019333333333333334
3 0.978 0.516 0.035 0.016
0 0.9895 0.5216666666666666 0.006 0.015333333333333332
3 0.993 0.5086666666666666 0.013000000000000001 0.013333333333333332
3 0.99075 0.5446666666666666 0.0175 0.026666666666666665
3 0.98575 0.5746666666666667 0.0275 0.022666666666666665
3 0.787 0.6866666666666666 0.037 0.025333333333333333
3 0.74925 0.7736666666666666 0.0475 0.03266666666666666
3 0.8605 0.8156666666666667 0.046 0.03266666666666666
3 0.8552500000000001 0.8566666666666667 0.051500000000000004 0.03333333333333333
3 0.9375 0.8066666666666666 0.049 0.034666666666666665
3 0.97575 0.7776666666666666 0.043500000000000004 0.03133333333333333
3 0.62625 0.9199999999999999 0.0555 0.04
3 0.60675 0.8836666666666666 0.0475 0.035333333333333335
3 0.614 0.7626666666666666 0.047 0.03333333333333333
0 0.60575 0.6656666666666666 0.0045000000000000005 0.016666666666666666
0 0.62 0.6749999999999999 0.004 0.018
2 0.674 0.6476666666666666 0.013000000000000001 0.01
1 0.6725 0.643 0.004 0.014
3 0.63625 0.6206666666666667 0.0205 0.026666666666666665
3 0.014 0.9126666666666666 0.028 0.04
3 0.53325 0.9873333333333333 0.0365 0.024
3 0.47625 0.4026666666666667 0.0195 0.013333333333333332
3 0.50075 0.4076666666666667 0.0205 0.011333333333333332
3 0.4385 0.419 0.019 0.01
3 0.4855 0.44266666666666665 0.024 0.012
3 0.52375 0.4686666666666667 0.0075 0.013333333333333332
0 0.4165 0.45566666666666666 0.003 0.012666666666666666
0 0.468 0.492 0.003 0.012
0 0.4645 0.49466666666666664 0.003 0.012
0 0.4645 0.49266666666666664 0.003 0.012
3 0.49825 0.497 0.0155 0.018
3 0.50825 0.5106666666666666 0.0165 0.016
3 0.51975 0.5256666666666666 0.0195 0.02733333333333333
3 0.533 0.5456666666666666 0.018000000000000002 0.018
0 0.588 0.5743333333333334 0.004 0.014
3 0.74925 0.5516666666666666 0.0315 0.02333333333333333
3 0.76125 0.5426666666666666 0.0345 0.025333333333333333
3 0.7915 0.6126666666666667 0.037 0.021333333333333333
3 0.34175 0.33699999999999997 0.0055 0.01
3 0.33775 0.32366666666666666 0.0105 0.015333333333333332
3 0.3335 0.30866666666666664 0.009000000000000001 0.013333333333333332
3 0.332 0.29666666666666663 0.007 0.012
5 0.3675 0.38566666666666666 0.006 0.011333333333333332
5 0.354 0.37466666666666665 0.006 0.010666666666666666
