3 0.3345 0.6236666666666666 0.15 0.10333333333333333
3 0.54525 0.5576666666666666 0.1365 0.10066666666666667
1 0.6155 0.6356666666666666 0.029 0.04733333333333333
1 0.62675 0.6386666666666666 0.0235 0.042666666666666665
9 0.614 0.6376666666666666 0.055 0.043333333333333335
3 0.907 0.7726666666666666 0.185 0.12133333333333333
1 0.8542500000000001 0.5856666666666667 0.029500000000000002 0.05533333333333333
1 0.89825 0.6336666666666666 0.0245 0.043333333333333335
9 0.8505 0.5816666666666667 0.057 0.03666666666666667
2 0.88775 0.6386666666666666 0.0505 0.034666666666666665
