0 0.5839285714285715 0.8147208121827411 0.005 0.02284263959390863
0 0.5778571428571428 0.8147208121827411 0.005714285714285714 0.025380710659898477
3 0.6646428571428571 0.7874365482233502 0.03214285714285714 0.06218274111675126
3 0.6271428571428571 0.5805837563451777 0.022857142857142857 0.031725888324873094
3 0.5825 0.5279187817258882 0.017857142857142856 0.025380710659898477
4 0.5428571428571428 0.3927664974619289 0.011428571428571429 0.021573604060913704
3 0.5692857142857143 0.3692893401015228 0.012857142857142857 0.015228426395939085
3 0.605 0.3178934010152284 0.012857142857142857 0.019035532994923856
3 0.5417857142857143 0.29441624365482233 0.007857142857142858 0.012690355329949238
8 0.5203571428571429 0.27347715736040606 0.015 0.03426395939086294
8 0.4992857142857143 0.258248730964467 0.011428571428571429 0.029187817258883246
3 0.48464285714285715 0.24555837563451774 0.012142857142857143 0.011421319796954314
3 0.5067857142857143 0.25507614213197966 0.009285714285714286 0.012690355329949238
3 0.5153571428571428 0.24936548223350252 0.007857142857142858 0.008883248730964466
3 0.5321428571428571 0.23350253807106597 0.01 0.01015228426395939
