6 0.06714285714285714 0.03190476190476191 0.017142857142857144 0.025714285714285714
1 0.06892857142857142 0.029047619047619048 0.005 0.014285714285714285
9 0.085 0.004761904761904762 0.015714285714285715 0.009523809523809525
3 0.019285714285714285 0.611904761904762 0.03857142857142857 0.04285714285714286
9 0.016428571428571428 0.6547619047619048 0.024285714285714285 0.035238095238095235
7 0.05142857142857143 0.6619047619047619 0.045714285714285714 0.03238095238095238
7 0.17285714285714285 0.5647619047619048 0.04857142857142857 0.04
1 0.18 0.5642857142857143 0.01 0.01619047619047619
0 0.27535714285714286 0.8242857142857143 0.012142857142857143 0.023809523809523808
1 0.2646428571428571 0.8071428571428572 0.015 0.02
2 0.2739285714285714 0.8276190476190476 0.020714285714285713 0.030476190476190476
9 0.265 0.8147619047619048 0.017142857142857144 0.04285714285714286
1 0.49392857142857144 0.7442857142857143 0.012142857142857143 0.02
9 0.4925 0.7495238095238095 0.012142857142857143 0.05333333333333333
5 0.6017857142857143 0.6347619047619047 0.035 0.10571428571428572
3 0.5425 0.5552380952380952 0.025 0.07047619047619047
3 0.585 0.4014285714285714 0.022857142857142857 0.06
1 0.3792857142857143 0.42 0.01 0.013333333333333332
1 0.4014285714285714 0.4123809523809524 0.01 0.015238095238095238
1 0.43464285714285716 0.3852380952380952 0.009285714285714286 0.01619047619047619
9 0.3796428571428571 0.4247619047619048 0.010714285714285714 0.022857142857142857
9 0.4017857142857143 0.41714285714285715 0.012142857142857143 0.026666666666666665
9 0.4367857142857143 0.3919047619047619 0.012142857142857143 0.02761904761904762
3 0.46035714285714285 0.24 0.027857142857142858 0.047619047619047616
3 0.5546428571428571 0.2195238095238095 0.017857142857142856 0.04285714285714286
3 0.5971428571428572 0.13666666666666666 0.017142857142857144 0.04476190476190476
3 0.44892857142857145 0.06952380952380953 0.017857142857142856 0.03428571428571429
5 0.5192857142857142 0.05 0.022857142857142857 0.037142857142857144
1 0.5221428571428571 0.11761904761904762 0.007142857142857143 0.01619047619047619
9 0.5225 0.12380952380952381 0.0064285714285714285 0.01904761904761905
1 0.5296428571428572 0.002380952380952381 0.005 0.006666666666666666
9 0.5296428571428572 0.007142857142857143 0.007857142857142858 0.014285714285714285
5 0.6742857142857143 0.012380952380952381 0.02 0.026666666666666665
1 0.7121428571428572 0.08523809523809524 0.007142857142857143 0.014285714285714285
9 0.7114285714285714 0.09 0.007142857142857143 0.02
9 0.9567857142857142 0.3171428571428571 0.02214285714285714 0.022857142857142857
3 0.925 0.2995238095238095 0.027142857142857142 0.04476190476190476
3 0.9417857142857143 0.35714285714285715 0.03785714285714286 0.05142857142857143
3 0.9821428571428571 0.48238095238095235 0.03428571428571429 0.06380952380952382
9 0.10464285714285715 0.9423809523809524 0.03785714285714286 0.021904761904761906
