4 0.095 0.06027918781725888 0.05 0.06218274111675126
3 0.1367857142857143 0.050761421319796954 0.047857142857142855 0.055837563451776644
3 0.10892857142857143 0.17703045685279187 0.047857142857142855 0.05964467005076142
4 0.16 0.2214467005076142 0.05714285714285714 0.07233502538071065
3 0.21964285714285714 0.282994923857868 0.055 0.07106598984771573
5 0.2517857142857143 0.14403553299492386 0.07785714285714286 0.11294416243654821
0 0.2325 0.06916243654822335 0.007857142857142858 0.024111675126903553
0 0.2517857142857143 0.07423857868020305 0.005 0.019035532994923856
0 0.2975 0.12182741116751268 0.010714285714285714 0.027918781725888322
0 0.295 0.20241116751269034 0.008571428571428572 0.031725888324873094
0 0.3003571428571429 0.21002538071065988 0.0064285714285714285 0.026649746192893398
3 0.3175 0.34644670050761417 0.060714285714285714 0.048223350253807105
3 0.4117857142857143 0.3642131979695431 0.05785714285714286 0.07614213197969542
9 0.3117857142857143 0.19416243654822332 0.017857142857142856 0.04568527918781726
9 0.31785714285714284 0.20050761421319796 0.017142857142857144 0.048223350253807105
9 0.325 0.2081218274111675 0.022857142857142857 0.04568527918781726
9 0.3339285714285714 0.21256345177664973 0.020714285714285713 0.049492385786802026
9 0.33964285714285714 0.21637055837563451 0.017857142857142856 0.04695431472081218
9 0.3475 0.22715736040609136 0.017857142857142856 0.04568527918781726
9 0.35428571428571426 0.2296954314720812 0.017142857142857144 0.04568527918781726
9 0.36178571428571427 0.23350253807106597 0.015 0.04060913705583756
9 0.3675 0.24175126903553298 0.015 0.03934010152284264
9 0.37642857142857145 0.24936548223350252 0.02 0.04187817258883248
9 0.38285714285714284 0.25507614213197966 0.017142857142857144 0.04568527918781726
9 0.3917857142857143 0.26776649746192893 0.017857142857142856 0.03807106598984771
9 0.39785714285714285 0.266497461928934 0.017142857142857144 0.04568527918781726
9 0.40714285714285714 0.2798223350253807 0.014285714285714285 0.04187817258883248
9 0.4142857142857143 0.28743654822335024 0.014285714285714285 0.03680203045685279
9 0.42428571428571427 0.28870558375634514 0.018571428571428572 0.04695431472081218
9 0.4303571428571429 0.29568527918781723 0.015 0.04314720812182741
9 0.43535714285714283 0.3045685279187817 0.015 0.04314720812182741
9 0.4421428571428571 0.31535532994923854 0.012857142857142857 0.03680203045685279
0 0.2646428571428571 0.40609137055837563 0.009285714285714286 0.027918781725888322
0 0.2596428571428571 0.42005076142131975 0.007857142857142858 0.02284263959390863
0 0.2842857142857143 0.46700507614213194 0.01 0.03045685279187817
0 0.27464285714285713 0.4942893401015228 0.007857142857142858 0.026649746192893398
0 0.30714285714285716 0.5463197969543147 0.007142857142857143 0.024111675126903553
0 0.3914285714285714 0.45685279187817257 0.008571428571428572 0.025380710659898477
0 0.3717857142857143 0.506979695431472 0.012142857142857143 0.021573604060913704
0 0.35464285714285715 0.5767766497461928 0.007857142857142858 0.024111675126903553
0 0.39035714285714285 0.5463197969543147 0.0064285714285714285 0.021573604060913704
0 0.4164285714285714 0.6046954314720812 0.01 0.021573604060913704
0 0.43892857142857145 0.5780456852791878 0.009285714285714286 0.021573604060913704
0 0.44 0.5520304568527918 0.008571428571428572 0.025380710659898477
0 0.4446428571428571 0.5361675126903553 0.007857142857142858 0.021573604060913704
0 0.20142857142857143 0.848984771573604 0.008571428571428572 0.02284263959390863
0 0.21214285714285713 0.8496192893401014 0.012857142857142857 0.019035532994923856
3 0.6775 0.6833756345177664 0.045 0.10532994923857868
3 0.7171428571428572 0.4111675126903553 0.04 0.08375634517766496
5 0.7525 0.12563451776649745 0.06785714285714285 0.21573604060913704
0 0.7 0.18210659898477155 0.01 0.026649746192893398
0 0.6942857142857143 0.1516497461928934 0.01 0.026649746192893398
0 0.6542857142857142 0.3102791878172589 0.007142857142857143 0.031725888324873094
0 0.6114285714285714 0.3610406091370558 0.008571428571428572 0.029187817258883246
0 0.49714285714285716 0.30203045685279184 0.01 0.02284263959390863
0 0.5071428571428571 0.2931472081218274 0.007142857142857143 0.027918781725888322
0 0.5171428571428571 0.4441624365482233 0.01 0.027918781725888322
0 0.5446428571428571 0.424492385786802 0.009285714285714286 0.026649746192893398
1 0.5367857142857143 0.43718274111675126 0.0064285714285714285 0.011421319796954314
0 0.49892857142857144 0.45685279187817257 0.0064285714285714285 0.02284263959390863
0 0.5021428571428571 0.46510152284263956 0.007142857142857143 0.029187817258883246
0 0.5125 0.47842639593908626 0.005 0.025380710659898477
0 0.5096428571428572 0.49682741116751267 0.009285714285714286 0.029187817258883246
0 0.5192857142857142 0.5019035532994923 0.007142857142857143 0.024111675126903553
0 0.51 0.5348984771573604 0.01 0.029187817258883246
3 0.8153571428571429 0.08248730964467005 0.030714285714285715 0.06345177664974619
3 0.7992857142857143 0.25253807106598986 0.03571428571428571 0.07614213197969542
4 0.8846428571428572 0.6573604060913705 0.047857142857142855 0.12182741116751268
8 0.7914285714285715 0.8686548223350253 0.10428571428571429 0.26015228426395937
2 0.4592857142857143 0.508248730964467 0.015714285714285715 0.026649746192893398
