3 0.5167857142857143 0.42385786802030456 0.027857142857142858 0.07360406091370558
3 0.4875 0.2049492385786802 0.015 0.03426395939086294
5 0.2367857142857143 0.45050761421319796 0.04071428571428572 0.08629441624365482
3 0.10678571428571429 0.5920050761421319 0.055 0.03680203045685279
0 0.12464285714285714 0.47842639593908626 0.005 0.025380710659898477
8 0.11178571428571428 0.4955583756345177 0.03214285714285714 0.06218274111675126
3 0.1575 0.47842639593908626 0.025 0.035532994923857864
3 0.17035714285714285 0.4498730964467005 0.023571428571428573 0.029187817258883246
3 0.11785714285714285 0.17703045685279187 0.024285714285714285 0.024111675126903553
4 0.04 0.19543147208121825 0.025714285714285714 0.025380710659898477
3 0.43214285714285716 0.029187817258883246 0.004285714285714286 0.005076142131979695
8 0.43785714285714283 0.05837563451776649 0.02 0.02030456852791878
3 0.43535714285714283 0.1281725888324873 0.009285714285714286 0.015228426395939085
4 0.445 0.09390862944162436 0.008571428571428572 0.015228426395939085
4 0.4521428571428571 0.06408629441624365 0.007142857142857143 0.011421319796954314
3 0.45964285714285713 0.055837563451776644 0.007857142857142858 0.0076142131979695426
3 0.48964285714285716 0.050761421319796954 0.007857142857142858 0.01015228426395939
8 0.59 0.24238578680203043 0.05 0.04314720812182741
4 0.595 0.33883248730964466 0.017142857142857144 0.035532994923857864
4 0.6446428571428572 0.24936548223350252 0.012142857142857143 0.016497461928934008
3 0.6525 0.33502538071065985 0.015 0.02284263959390863
8 0.7242857142857143 0.6586294416243654 0.06285714285714286 0.08121827411167512
3 0.7321428571428571 0.5507614213197969 0.03 0.048223350253807105
3 0.7546428571428572 0.5190355329949238 0.029285714285714286 0.04314720812182741
3 0.615 0.6199238578680203 0.018571428571428572 0.06218274111675126
3 0.6821428571428572 0.891497461928934 0.03 0.09771573604060912
0 0.7371428571428571 0.8496192893401014 0.007142857142857143 0.03680203045685279
0 0.8325 0.7791878172588832 0.005 0.03807106598984771
3 0.99 0.40736040609137053 0.018571428571428572 0.027918781725888322
