3 0.36178571428571427 0.3352380952380952 0.017857142857142856 0.017142857142857144
3 0.37214285714285716 0.3819047619047619 0.022857142857142857 0.02857142857142857
3 0.47785714285714287 0.40476190476190477 0.015714285714285715 0.022857142857142857
3 0.4675 0.39 0.015 0.02
3 0.33035714285714285 0.42238095238095236 0.035 0.02
3 0.3442857142857143 0.37952380952380954 0.014285714285714285 0.02
3 0.3975 0.46714285714285714 0.025 0.021904761904761906
3 0.40464285714285714 0.4866666666666667 0.017857142857142856 0.022857142857142857
3 0.41464285714285715 0.5019047619047619 0.02214285714285714 0.03238095238095238
3 0.42 0.5671428571428572 0.025714285714285714 0.04666666666666667
4 0.42142857142857143 0.7219047619047619 0.04428571428571428 0.08761904761904762
3 0.4175 0.8114285714285714 0.04928571428571429 0.09523809523809523
3 0.42 0.9247619047619048 0.055714285714285716 0.10857142857142857
5 0.6975 0.8152380952380952 0.09214285714285714 0.15047619047619049
3 0.5996428571428571 0.611904761904762 0.035 0.040952380952380955
3 0.545 0.5019047619047619 0.02857142857142857 0.03428571428571429
3 0.5103571428571428 0.44952380952380955 0.023571428571428573 0.024761904761904763
