4 0.03496868475991649 0.29035250463821893 0.03653444676409186 0.07606679035250465
7 0.07385177453027139 0.27319109461966606 0.019311064718162838 0.043599257884972174
3 0.08794363256784968 0.31307977736549164 0.03496868475991649 0.07699443413729128
3 0.11691022964509393 0.3102968460111317 0.031315240083507306 0.07142857142857142
3 0.1490083507306889 0.3112244897959184 0.03183716075156576 0.075139146567718
3 0.17614822546972858 0.31307977736549164 0.03392484342379958 0.07699443413729128
4 0.20615866388308976 0.31539888682745826 0.033402922755741124 0.06307977736549165
3 0.2322546972860125 0.3269944341372913 0.03653444676409186 0.07328385899814471
3 0.2604384133611691 0.3362708719851577 0.031315240083507306 0.075139146567718
3 0.28783924843423797 0.33719851576994436 0.03183716075156576 0.07328385899814471
3 0.31732776617954067 0.34415584415584416 0.031315240083507306 0.07792207792207792
3 0.3483820459290188 0.3469387755102041 0.02974947807933194 0.0705009276437848
9 0.3744780793319415 0.3580705009276438 0.009916492693110646 0.03153988868274583
3 0.40266179540709807 0.3580705009276438 0.028705636743215027 0.07606679035250465
3 0.42980167014613774 0.35667903525046385 0.023486430062630476 0.08256029684601113
3 0.4566805845511482 0.35992578849721707 0.024008350730688934 0.07421150278293136
4 0.48382045929018785 0.37291280148423006 0.024008350730688934 0.08348794063079777
4 0.5206158663883089 0.3710575139146568 0.023486430062630476 0.08905380333951762
4 0.5806367432150312 0.3877551020408163 0.023486430062630476 0.08534322820037106
6 0.5534968684759916 0.3747680890538033 0.023486430062630476 0.06307977736549165
2 0.5394050104384133 0.37569573283859 0.007828810020876827 0.03896103896103896
3 0.6398747390396659 0.3974953617810761 0.025052192066805843 0.08070500927643785
2 0.7257306889352818 0.3979591836734694 0.007828810020876827 0.0352504638218924
9 0.7450417536534446 0.40584415584415584 0.009916492693110646 0.026901669758812616
3 0.6803235908141961 0.4461966604823748 0.05375782881002087 0.04452690166975881
3 0.6876304801670146 0.4958256029684601 0.05897703549060542 0.043599257884972174
3 0.7027661795407097 0.5384972170686456 0.06315240083507306 0.04730983302411874
3 0.6077766179540709 0.511595547309833 0.05897703549060542 0.05287569573283859
4 0.6610125260960333 0.5946196660482375 0.05271398747390396 0.05194805194805195
5 0.7366910229645093 0.5867346938775511 0.0777661795407098 0.07328385899814471
9 0.7257306889352818 0.6572356215213359 0.02766179540709812 0.021335807050092765
3 0.8209812108559498 0.5816326530612245 0.06889352818371607 0.05380333951762523
9 0.8864822546972859 0.5324675324675324 0.013048016701461376 0.04452690166975881
3 0.4984342379958246 0.48794063079777367 0.05949895615866388 0.04823747680890538
3 0.3843945720250522 0.4735621521335807 0.062108559498956155 0.045454545454545456
9 0.4138830897703549 0.5162337662337663 0.010438413361169102 0.039888682745825604
9 0.4138830897703549 0.5584415584415584 0.016701461377870562 0.03710575139146568
9 0.45720250521920663 0.5162337662337663 0.020876826722338204 0.026901669758812616
4 0.4806889352818371 0.5742115027829313 0.050104384133611686 0.05194805194805195
3 0.3713465553235908 0.5575139146567718 0.05897703549060542 0.05194805194805195
9 0.3418580375782881 0.4902597402597403 0.016701461377870562 0.030612244897959183
6 0.3363778705636743 0.5282931354359925 0.013048016701461376 0.030612244897959183
7 0.32254697286012524 0.5176252319109462 0.01774530271398747 0.05009276437847866
6 0.2794885177453027 0.4642857142857143 0.03079331941544885 0.039888682745825604
9 0.23851774530271397 0.48098330241187387 0.019832985386221292 0.03432282003710575
3 0.2606993736951983 0.5320037105751392 0.06106471816283924 0.05102040816326531
3 0.174321503131524 0.4332096474953618 0.056367432150313146 0.04452690166975881
5 0.147964509394572 0.5060296846011132 0.0767223382045929 0.06586270871985157
3 0.06315240083507306 0.41465677179962895 0.0615866388308977 0.04823747680890538
3 0.0360125260960334 0.4930426716141002 0.0615866388308977 0.05102040816326531
9 0.2340814196242171 0.6985157699443414 0.010960334029227557 0.011131725417439703
9 0.261482254697286 0.6961966604823748 0.0073068893528183704 0.02319109461966605
9 0.2727035490605428 0.7017625231910947 0.0057411273486430055 0.0176252319109462
9 0.2802713987473904 0.7068645640074211 0.006263048016701461 0.020408163265306124
9 0.2899269311064718 0.7091836734693878 0.0057411273486430055 0.013914656771799629
9 0.2938413361169102 0.7040816326530612 0.0073068893528183704 0.03153988868274583
9 0.3034968684759916 0.7096474953617811 0.006784968684759916 0.011131725417439703
9 0.31132567849686843 0.7064007421150278 0.0057411273486430055 0.01948051948051948
9 0.3186325678496868 0.7087198515769945 0.008872651356993735 0.016697588126159554
9 0.3306367432150313 0.7119666048237477 0.006784968684759916 0.01948051948051948
9 0.33898747390396655 0.7059369202226345 0.007828810020876827 0.03153988868274583
9 0.34551148225469724 0.7045454545454546 0.005219206680584551 0.0287569573283859
9 0.35203549060542794 0.7087198515769945 0.008872651356993735 0.04267161410018553
9 0.3648225469728601 0.7230983302411874 0.0073068893528183704 0.021335807050092765
9 0.3736951983298538 0.7156771799628943 0.009394572025052192 0.03432282003710575
9 0.3856993736951983 0.7226345083487941 0.0073068893528183704 0.02411873840445269
9 0.3971816283924843 0.7263450834879407 0.008350730688935281 0.022263450834879406
9 0.4047494780793319 0.7244897959183674 0.007828810020876827 0.027829313543599257
9 0.41936325678496866 0.7258812615955473 0.020354906054279746 0.03246753246753247
9 0.39405010438413357 0.6646567717996289 0.022964509394572022 0.021335807050092765
0 0.3914405010438413 0.6567717996289425 0.008350730688935281 0.020408163265306124
9 0.45511482254697283 0.7170686456400742 0.026096033402922752 0.020408163265306124
1 0.45511482254697283 0.7068645640074211 0.009394572025052192 0.022263450834879406
1 0.7267745302713987 0.6512059369202227 0.010960334029227557 0.025974025974025976
