3 0.36714285714285716 0.42714285714285716 0.02 0.039047619047619046
3 0.3825 0.4990476190476191 0.020714285714285713 0.04
3 0.44142857142857145 0.4195238095238095 0.02 0.037142857142857144
3 0.4742857142857143 0.9671428571428572 0.037142857142857144 0.06380952380952382
3 0.5778571428571428 0.9019047619047619 0.041428571428571426 0.08761904761904762
3 0.6046428571428571 0.9809523809523809 0.035 0.03619047619047619
5 0.39964285714285713 0.6166666666666667 0.027857142857142858 0.07142857142857142
5 0.39035714285714285 0.5452380952380952 0.030714285714285715 0.07714285714285714
4 0.43214285714285716 0.7576190476190476 0.03428571428571429 0.07904761904761905
4 0.4496428571428571 0.8647619047619047 0.035 0.08952380952380952
0 0.6 0.8123809523809524 0.01 0.017142857142857144
0 0.4142857142857143 0.5247619047619048 0.007142857142857143 0.015238095238095238
0 0.365 0.3342857142857143 0.005714285714285714 0.017142857142857144
0 0.37214285714285716 0.3395238095238095 0.004285714285714286 0.010476190476190476
9 0.37714285714285717 0.4714285714285714 0.015714285714285715 0.015238095238095238
9 0.3742857142857143 0.4595238095238095 0.015714285714285715 0.012380952380952381
9 0.3725 0.4519047619047619 0.017857142857142856 0.012380952380952381
