4 0.2317857142857143 0.6770304568527918 0.035 0.05710659898477157
4 0.20964285714285713 0.6326142131979695 0.03785714285714286 0.052030456852791875
3 0.4342857142857143 0.29251269035532995 0.014285714285714285 0.04187817258883248
3 0.5089285714285714 0.5583756345177665 0.016428571428571428 0.07360406091370558
3 0.405 0.6370558375634517 0.018571428571428572 0.06598984771573603
3 0.4617857142857143 0.4098984771573604 0.013571428571428571 0.050761421319796954
3 0.5017857142857143 0.30203045685279184 0.010714285714285714 0.055837563451776644
3 0.4475 0.1884517766497462 0.012142857142857143 0.03680203045685279
3 0.47214285714285714 0.11230964467005075 0.012857142857142857 0.03934010152284264
3 0.5221428571428571 0.19416243654822332 0.012857142857142857 0.048223350253807105
3 0.43642857142857144 0.891497461928934 0.018571428571428572 0.07741116751269035
3 0.48464285714285715 0.8071065989847716 0.017857142857142856 0.09137055837563451
3 0.57 0.3102791878172589 0.012857142857142857 0.05964467005076142
4 0.43892857142857145 0.44035532994923854 0.012142857142857143 0.04568527918781726
3 0.615 0.5260152284263959 0.012857142857142857 0.06472081218274112
8 0.6153571428571428 0.08312182741116751 0.02214285714285714 0.10025380710659898
4 0.6289285714285714 0.4111675126903553 0.016428571428571428 0.055837563451776644
