3 0.29214285714285715 0.5691624365482233 0.017142857142857144 0.04695431472081218
3 0.2621428571428571 0.5951776649746192 0.015714285714285715 0.048223350253807105
3 0.2646428571428571 0.5412436548223349 0.015 0.03934010152284264
3 0.2689285714285714 0.3426395939086294 0.016428571428571428 0.03045685279187817
3 0.20464285714285715 0.20558375634517764 0.012142857142857143 0.02030456852791878
3 0.25535714285714284 0.17005076142131978 0.010714285714285714 0.015228426395939085
3 0.27714285714285714 0.18337563451776648 0.012857142857142857 0.019035532994923856
3 0.24964285714285714 0.13895939086294415 0.012142857142857143 0.011421319796954314
3 0.5971428571428572 0.5564720812182741 0.017142857142857144 0.03934010152284264
3 0.6064285714285714 0.49809644670050757 0.015714285714285715 0.03934010152284264
3 0.665 0.3889593908629441 0.012857142857142857 0.031725888324873094
3 0.6346428571428572 0.4898477157360406 0.015 0.04060913705583756
3 0.6525 0.5970812182741116 0.015 0.049492385786802026
3 0.62 0.6002538071065989 0.017142857142857144 0.04568527918781726
3 0.6264285714285714 0.5545685279187816 0.015714285714285715 0.04060913705583756
3 0.7464285714285714 0.5875634517766497 0.018571428571428572 0.04060913705583756
3 0.7828571428571428 0.6903553299492385 0.017142857142857144 0.050761421319796954
3 0.8139285714285714 0.973984771573604 0.027857142857142858 0.049492385786802026
5 0.6553571428571429 0.5361675126903553 0.019285714285714285 0.07741116751269035
3 0.5642857142857143 0.5634517766497461 0.017142857142857144 0.04314720812182741
3 0.36464285714285716 0.49365482233502533 0.017857142857142856 0.032994923857868015
5 0.3167857142857143 0.36167512690355325 0.017857142857142856 0.04568527918781726
3 0.105 0.013959390862944161 0.01 0.01015228426395939
3 0.15892857142857142 0.05837563451776649 0.010714285714285714 0.01015228426395939
3 0.15714285714285714 0.046319796954314714 0.01 0.011421319796954314
3 0.17892857142857144 0.06091370558375634 0.010714285714285714 0.012690355329949238
3 0.20642857142857143 0.08629441624365482 0.011428571428571429 0.012690355329949238
3 0.19642857142857142 0.09137055837563451 0.008571428571428572 0.012690355329949238
4 0.13535714285714287 0.039974619289340096 0.010714285714285714 0.011421319796954314
3 0.07964285714285714 0.0069796954314720805 0.009285714285714286 0.008883248730964466
3 0.019285714285714285 0.08502538071065989 0.02 0.01015228426395939
3 0.014642857142857143 0.08312182741116751 0.015 0.011421319796954314
3 0.019642857142857142 0.09390862944162436 0.015 0.012690355329949238
3 0.027142857142857142 0.09390862944162436 0.02 0.012690355329949238
3 0.031785714285714285 0.09961928934010152 0.017857142857142856 0.013959390862944161
3 0.010357142857142856 0.4181472081218274 0.02214285714285714 0.029187817258883246
5 0.205 0.10913705583756345 0.025714285714285714 0.032994923857868015
6 0.22142857142857142 0.49238578680203043 0.01 0.03045685279187817
1 0.5292857142857142 0.7151015228426395 0.007142857142857143 0.021573604060913704
1 0.5175 0.6967005076142131 0.0064285714285714285 0.02284263959390863
9 0.5296428571428572 0.7208121827411167 0.009285714285714286 0.025380710659898477
9 0.5171428571428571 0.7017766497461928 0.01 0.02284263959390863
5 0.45 0.052030456852791875 0.03571428571428571 0.025380710659898477
4 0.029642857142857144 0.5095177664974619 0.03785714285714286 0.031725888324873094
3 0.024642857142857143 0.6757614213197969 0.04928571428571429 0.04187817258883248
3 0.016428571428571428 0.708756345177665 0.032857142857142856 0.03934010152284264
0 0.003928571428571429 0.4625634517766497 0.007857142857142858 0.031725888324873094
