3 0.43714285714285717 0.014285714285714285 0.01 0.022857142857142857
0 0.41892857142857143 0.012380952380952381 0.0035714285714285713 0.013333333333333332
4 0.4992857142857143 0.026666666666666665 0.011428571428571429 0.024761904761904763
3 0.4975 0.049523809523809526 0.010714285714285714 0.022857142857142857
4 0.435 0.035238095238095235 0.01 0.024761904761904763
4 0.43392857142857144 0.06190476190476191 0.012142857142857143 0.030476190476190476
3 0.49785714285714283 0.07238095238095238 0.011428571428571429 0.022857142857142857
3 0.49964285714285717 0.09904761904761905 0.012142857142857143 0.024761904761904763
5 0.5064285714285715 0.12238095238095238 0.03 0.02
3 0.4325 0.11142857142857143 0.012142857142857143 0.026666666666666665
3 0.4303571428571429 0.13904761904761906 0.015 0.030476190476190476
3 0.42928571428571427 0.16952380952380952 0.012857142857142857 0.030476190476190476
3 0.49964285714285717 0.17238095238095238 0.015 0.026666666666666665
9 0.5 0.1919047619047619 0.012857142857142857 0.012380952380952381
9 0.5014285714285714 0.2119047619047619 0.012857142857142857 0.012380952380952381
9 0.4 0.22476190476190477 0.004285714285714286 0.015238095238095238
9 0.5021428571428571 0.25666666666666665 0.012857142857142857 0.012380952380952381
9 0.5042857142857143 0.26476190476190475 0.012857142857142857 0.009523809523809525
9 0.5021428571428571 0.2723809523809524 0.017142857142857144 0.011428571428571429
9 0.5025 0.2838095238095238 0.015 0.015238095238095238
3 0.4992857142857143 0.23761904761904762 0.014285714285714285 0.029523809523809525
3 0.425 0.24 0.017142857142857144 0.03619047619047619
0 0.4342857142857143 0.2695238095238095 0.004285714285714286 0.015238095238095238
1 0.44285714285714284 0.3223809523809524 0.004285714285714286 0.010476190476190476
0 0.4925 0.36142857142857143 0.005 0.01619047619047619
9 0.4425 0.3252380952380952 0.005 0.021904761904761906
9 0.5021428571428571 0.3495238095238095 0.014285714285714285 0.013333333333333332
9 0.5217857142857143 0.39666666666666667 0.007857142857142858 0.02
9 0.5621428571428572 0.4519047619047619 0.01 0.02
9 0.5696428571428571 0.4595238095238095 0.012142857142857143 0.018095238095238095
9 0.58 0.46190476190476193 0.01 0.02095238095238095
7 0.47214285714285714 0.32666666666666666 0.01 0.03238095238095238
3 0.49964285714285717 0.3076190476190476 0.015 0.03619047619047619
3 0.42392857142857143 0.2795238095238095 0.015 0.037142857142857144
3 0.4225 0.3647619047619048 0.016428571428571428 0.04
3 0.5042857142857143 0.3819047619047619 0.015714285714285715 0.0380952380952381
3 0.4203571428571429 0.40714285714285714 0.016428571428571428 0.04857142857142857
3 0.42 0.31761904761904763 0.017142857142857144 0.040952380952380955
3 0.41964285714285715 0.46190476190476193 0.017857142857142856 0.049523809523809526
3 0.41535714285714287 0.5147619047619048 0.017857142857142856 0.05047619047619047
4 0.4139285714285714 0.5747619047619048 0.017857142857142856 0.05238095238095238
3 0.415 0.6419047619047619 0.017142857142857144 0.047619047619047616
3 0.5228571428571429 0.6742857142857143 0.018571428571428572 0.05523809523809524
3 0.5325 0.84 0.025 0.07238095238095238
1 0.4278571428571429 0.9838095238095238 0.008571428571428572 0.013333333333333332
9 0.4275 0.9852380952380952 0.009285714285714286 0.02761904761904762
9 0.6578571428571428 0.45666666666666667 0.005714285714285714 0.02
3 0.6121428571428571 0.4676190476190476 0.04 0.024761904761904763
3 0.7125 0.4866666666666667 0.045 0.02095238095238095
