8 0.16964285714285715 0.1548223350253807 0.007857142857142858 0.015228426395939085
0 0.20392857142857143 0.2182741116751269 0.002142857142857143 0.0076142131979695426
3 0.19714285714285715 0.22335025380710657 0.007142857142857143 0.0076142131979695426
0 0.2342857142857143 0.25444162436548223 0.002857142857142857 0.008883248730964466
3 0.23464285714285715 0.2760152284263959 0.007857142857142858 0.011421319796954314
3 0.1825 0.2728426395939086 0.012142857142857143 0.017766497461928932
0 0.18 0.3147208121827411 0.004285714285714286 0.012690355329949238
0 0.19714285714285715 0.34581218274111675 0.002857142857142857 0.011421319796954314
0 0.1975 0.3477157360406091 0.002142857142857143 0.01015228426395939
0 0.20035714285714284 0.3508883248730964 0.002142857142857143 0.011421319796954314
0 0.2025 0.3515228426395939 0.002142857142857143 0.01015228426395939
0 0.20392857142857143 0.3635786802030457 0.002142857142857143 0.011421319796954314
0 0.25214285714285717 0.357233502538071 0.002857142857142857 0.011421319796954314
0 0.2067857142857143 0.4295685279187817 0.002142857142857143 0.011421319796954314
3 0.24428571428571427 0.3902284263959391 0.02142857142857143 0.013959390862944161
3 0.2839285714285714 0.3794416243654822 0.017857142857142856 0.012690355329949238
4 0.3325 0.4213197969543147 0.015 0.02284263959390863
4 0.29214285714285715 0.43337563451776645 0.012857142857142857 0.019035532994923856
4 0.26785714285714285 0.46510152284263956 0.012857142857142857 0.024111675126903553
4 0.30214285714285716 0.45050761421319796 0.012857142857142857 0.02284263959390863
3 0.24428571428571427 0.45177664974619286 0.012857142857142857 0.02030456852791878
3 0.2617857142857143 0.4441624365482233 0.012142857142857143 0.02030456852791878
0 0.36392857142857143 0.42005076142131975 0.002142857142857143 0.015228426395939085
0 0.365 0.4181472081218274 0.002857142857142857 0.013959390862944161
0 0.42428571428571427 0.5241116751269035 0.002857142857142857 0.015228426395939085
3 0.3625 0.48477157360406087 0.015 0.025380710659898477
3 0.3921428571428571 0.5647208121827411 0.017142857142857144 0.03045685279187817
4 0.4225 0.7271573604060914 0.017857142857142856 0.04568527918781726
5 0.5396428571428571 0.947969543147208 0.045 0.10152284263959391
0 0.5496428571428571 0.890228426395939 0.005 0.024111675126903553
3 0.4764285714285714 0.9676395939086294 0.025714285714285714 0.06218274111675126
0 0.2592857142857143 0.9765228426395939 0.005714285714285714 0.026649746192893398
2 0.23964285714285713 0.9771573604060912 0.005 0.027918781725888322
0 0.2475 0.8286802030456852 0.005 0.02284263959390863
0 0.25285714285714284 0.8178934010152283 0.004285714285714286 0.021573604060913704
0 0.2117857142857143 0.765228426395939 0.005 0.02030456852791878
0 0.24392857142857144 0.8134517766497461 0.005 0.02284263959390863
0 0.2525 0.7430203045685279 0.005 0.024111675126903553
1 0.105 0.8413705583756345 0.007142857142857143 0.02284263959390863
1 0.11642857142857142 0.8388324873096447 0.007142857142857143 0.025380710659898477
1 0.08214285714285714 0.8508883248730964 0.007142857142857143 0.021573604060913704
1 0.095 0.8464467005076142 0.008571428571428572 0.017766497461928932
1 0.0675 0.8217005076142131 0.007857142857142858 0.021573604060913704
0 0.15928571428571428 0.5228426395939086 0.005714285714285714 0.015228426395939085
0 0.16214285714285714 0.5101522842639593 0.005714285714285714 0.02030456852791878
0 0.1475 0.516497461928934 0.005 0.02030456852791878
0 0.1425 0.5374365482233502 0.0064285714285714285 0.016497461928934008
0 0.13 0.5399746192893401 0.007142857142857143 0.021573604060913704
0 0.11678571428571428 0.5507614213197969 0.0064285714285714285 0.017766497461928932
0 0.10964285714285714 0.5532994923857868 0.005 0.012690355329949238
0 0.11428571428571428 0.5456852791878172 0.005714285714285714 0.017766497461928932
0 0.10428571428571429 0.5323604060913705 0.002857142857142857 0.016497461928934008
0 0.10464285714285715 0.5463197969543147 0.005 0.021573604060913704
0 0.0975 0.5361675126903553 0.005 0.016497461928934008
0 0.0525 0.8401015228426395 0.009285714285714286 0.025380710659898477
0 0.02035714285714286 0.8515228426395939 0.009285714285714286 0.027918781725888322
0 0.031785714285714285 0.9600253807106598 0.009285714285714286 0.026649746192893398
0 0.052142857142857144 0.9194162436548222 0.007142857142857143 0.024111675126903553
1 0.07464285714285715 0.9752538071065989 0.007857142857142858 0.024111675126903553
1 0.08035714285714286 0.8965736040609137 0.007857142857142858 0.016497461928934008
