4 0.020615866388308975 0.4930426716141002 0.03914405010438413 0.036178107606679034
3 0.13230688935281837 0.9670686456400742 0.05271398747390396 0.06029684601113173
3 0.16362212943632568 0.9383116883116883 0.05480167014613778 0.07328385899814471
3 0.272964509394572 0.8079777365491652 0.044885177453027135 0.06493506493506494
6 0.2674843423799582 0.7481447124304267 0.02974947807933194 0.06029684601113173
3 0.36638830897703545 0.7064007421150278 0.04175365344467641 0.04730983302411874
4 0.4029227557411273 0.6651205936920223 0.03444676409185803 0.04452690166975881
3 0.4566805845511482 0.5923005565862709 0.033402922755741124 0.036178107606679034
3 0.43736951983298533 0.6076066790352505 0.03549060542797494 0.03896103896103896
3 0.4830375782881002 0.5686456400742115 0.03705636743215031 0.0352504638218924
3 0.4887787056367432 0.5477736549165121 0.03496868475991649 0.030612244897959183
3 0.5036534446764092 0.5333951762523191 0.03444676409185803 0.029684601113172542
3 0.6289144050104384 0.287569573283859 0.021920668058455113 0.016697588126159554
3 0.6286534446764092 0.2792207792207792 0.017223382045929016 0.012987012987012988
3 0.6390918580375782 0.2717996289424861 0.020354906054279746 0.01855287569573284
3 0.6456158663883089 0.2662337662337662 0.018789144050104383 0.014842300556586271
3 0.6495302713987473 0.2634508348794063 0.017223382045929016 0.014842300556586271
3 0.6534446764091857 0.2532467532467533 0.016701461377870562 0.012987012987012988
3 0.6597077244258872 0.24860853432282004 0.014613778705636741 0.012987012987012988
3 0.6644050104384133 0.2430426716141002 0.016701461377870562 0.014842300556586271
3 0.8037578288100208 0.1920222634508349 0.008350730688935281 0.011131725417439703
4 0.7674843423799582 0.16233766233766234 0.007828810020876827 0.016697588126159554
3 0.790187891440501 0.16743970315398887 0.006263048016701461 0.010204081632653062
3 0.8071503131524007 0.1679035250463822 0.0057411273486430055 0.011131725417439703
3 0.7633089770354905 0.18274582560296845 0.015135699373695197 0.011131725417439703
3 0.7640918580375782 0.17764378478664195 0.016701461377870562 0.012059369202226345
3 0.7797494780793318 0.18923933209647495 0.014613778705636741 0.011131725417439703
3 0.780010438413361 0.1859925788497217 0.015135699373695197 0.012059369202226345
3 0.782098121085595 0.18042671614100186 0.016179540709812108 0.013914656771799629
3 0.8162839248434237 0.1702226345083488 0.0073068893528183704 0.012059369202226345
3 0.6954592901878913 0.2017625231910946 0.012004175365344467 0.010204081632653062
0 0.7312108559498955 0.1841372912801484 0.0031315240083507304 0.008348794063079777
3 0.7617432150313151 0.1280148423005566 0.007828810020876827 0.0074211502782931356
3 0.9451983298538621 0.29035250463821893 0.025052192066805843 0.01855287569573284
3 0.9410229645093945 0.27133580705009275 0.022964509394572022 0.015769944341372914
