3 0.50925 0.2886666666666667 0.0115 0.006666666666666666
4 0.51225 0.2846666666666667 0.0145 0.009333333333333332
4 0.52125 0.2836666666666667 0.0155 0.01
4 0.524 0.2786666666666667 0.017 0.010666666666666666
4 0.54125 0.27366666666666667 0.0135 0.01
4 0.543 0.26966666666666667 0.013000000000000001 0.008666666666666666
4 0.555 0.26766666666666666 0.006 0.011333333333333332
3 0.5357500000000001 0.2776666666666667 0.0125 0.01
4 0.55 0.2846666666666667 0.016 0.013333333333333332
4 0.5565 0.29033333333333333 0.015 0.01
3 0.55275 0.27466666666666667 0.006500000000000001 0.008
3 0.561 0.27666666666666667 0.01 0.008
3 0.56375 0.2816666666666667 0.0075 0.008666666666666666
3 0.5750000000000001 0.2856666666666667 0.015 0.008666666666666666
3 0.58425 0.2896666666666667 0.0135 0.008666666666666666
4 0.5865 0.2826666666666667 0.007 0.012
4 0.58725 0.29366666666666663 0.0085 0.011333333333333332
4 0.54325 0.32966666666666666 0.0085 0.015333333333333332
4 0.5397500000000001 0.33866666666666667 0.0105 0.017333333333333333
4 0.537 0.35866666666666663 0.011 0.017333333333333333
4 0.5745 0.33166666666666667 0.01 0.018
3 0.5760000000000001 0.29566666666666663 0.007 0.011333333333333332
3 0.56375 0.29866666666666664 0.0085 0.010666666666666666
3 0.5625 0.31066666666666665 0.009000000000000001 0.010666666666666666
3 0.5755 0.31166666666666665 0.01 0.012666666666666666
3 0.54975 0.30166666666666664 0.0095 0.011333333333333332
3 0.54625 0.31666666666666665 0.0105 0.010666666666666666
3 0.54825 0.30766666666666664 0.0085 0.011333333333333332
3 0.57475 0.32466666666666666 0.0085 0.012
3 0.57225 0.344 0.0105 0.012
3 0.5495 0.3466666666666667 0.014 0.014666666666666666
3 0.53725 0.373 0.0135 0.014
3 0.5325 0.38466666666666666 0.016 0.017333333333333333
3 0.5720000000000001 0.375 0.02 0.014
3 0.57025 0.388 0.0115 0.016
9 0.57625 0.35966666666666663 0.0055 0.008666666666666666
3 0.44475000000000003 0.4086666666666667 0.0245 0.013333333333333332
0 0.41875 0.409 0.0045000000000000005 0.014
1 0.46525 0.40166666666666667 0.0045000000000000005 0.007333333333333333
1 0.4635 0.39966666666666667 0.004 0.007333333333333333
1 0.467 0.39966666666666667 0.005 0.008666666666666666
4 0.507 0.383 0.015 0.018
3 0.51325 0.4066666666666667 0.029500000000000002 0.016
0 0.53625 0.40166666666666667 0.006500000000000001 0.015333333333333332
0 0.52675 0.41866666666666663 0.0045000000000000005 0.014666666666666666
3 0.5710000000000001 0.41566666666666663 0.025 0.015333333333333332
3 0.56925 0.42566666666666664 0.0245 0.020666666666666667
3 0.56175 0.44166666666666665 0.0165 0.020666666666666667
3 0.56325 0.4646666666666667 0.0175 0.026666666666666665
9 0.56625 0.48366666666666663 0.0075 0.016666666666666666
9 0.55775 0.48066666666666663 0.0085 0.012
3 0.55625 0.5006666666666667 0.0175 0.03333333333333333
4 0.50625 0.47966666666666663 0.0165 0.02733333333333333
0 0.56525 0.4056666666666667 0.0035 0.011333333333333332
0 0.5640000000000001 0.4046666666666667 0.004 0.013333333333333332
0 0.5720000000000001 0.39866666666666667 0.005 0.012
0 0.579 0.4076666666666667 0.004 0.012666666666666666
0 0.5835 0.411 0.004 0.014
0 0.59025 0.41666666666666663 0.0045000000000000005 0.014666666666666666
0 0.589 0.41466666666666663 0.006 0.014666666666666666
0 0.51325 0.43366666666666664 0.0055 0.014
0 0.52025 0.43766666666666665 0.0045000000000000005 0.015333333333333332
0 0.51925 0.43366666666666664 0.0045000000000000005 0.014
0 0.52275 0.43366666666666664 0.0035 0.012666666666666666
1 0.52875 0.43166666666666664 0.0045000000000000005 0.011333333333333332
9 0.52975 0.43866666666666665 0.006500000000000001 0.010666666666666666
2 0.52475 0.44166666666666665 0.006500000000000001 0.011333333333333332
0 0.5475 0.446 0.004 0.016
5 0.51025 0.44766666666666666 0.0155 0.02733333333333333
3 0.265 0.6606666666666666 0.051000000000000004 0.03333333333333333
3 0.34575 0.5806666666666667 0.0455 0.029333333333333333
4 0.3575 0.5526666666666666 0.046 0.032
3 0.34725 0.7296666666666667 0.0385 0.066
3 0.49125 0.5256666666666666 0.021500000000000002 0.033999999999999996
0 0.51025 0.5266666666666666 0.006500000000000001 0.021333333333333333
3 0.48675 0.5616666666666666 0.0195 0.03266666666666666
3 0.46125 0.6536666666666666 0.0365 0.051333333333333335
3 0.43925000000000003 0.7226666666666667 0.0315 0.06533333333333333
3 0.52225 0.7226666666666667 0.0285 0.06266666666666666
3 0.549 0.7866666666666666 0.033 0.06933333333333333
3 0.485 0.7916666666666666 0.032 0.07533333333333334
3 0.41550000000000004 0.8226666666666667 0.042 0.08666666666666667
1 0.47850000000000004 0.6739999999999999 0.01 0.02
1 0.50525 0.6716666666666666 0.0095 0.019333333333333334
9 0.50475 0.6766666666666666 0.0105 0.032
9 0.47775 0.6849999999999999 0.0105 0.03
1 0.4025 0.9636666666666667 0.013000000000000001 0.019333333333333334
0 0.41050000000000003 0.9366666666666666 0.013000000000000001 0.032
3 0.62025 0.9513333333333333 0.043500000000000004 0.096
3 0.62075 0.8079999999999999 0.0365 0.08
2 0.6715 0.6986666666666667 0.021 0.028
5 0.61175 0.708 0.0345 0.104
0 0.57275 0.5366666666666666 0.0075 0.02
0 0.62425 0.5486666666666666 0.006500000000000001 0.022666666666666665
4 0.626 0.4656666666666667 0.015 0.035333333333333335
0 0.64775 0.45666666666666667 0.0045000000000000005 0.016
0 0.64325 0.45566666666666666 0.0035 0.01
9 0.6225 0.43266666666666664 0.005 0.013333333333333332
0 0.614 0.39466666666666667 0.004 0.013333333333333332
0 0.61625 0.39666666666666667 0.0035 0.012
0 0.6215 0.40166666666666667 0.004 0.015333333333333332
0 0.63325 0.4136666666666666 0.0055 0.016666666666666666
0 0.63625 0.41466666666666663 0.0045000000000000005 0.012
0 0.642 0.4026666666666667 0.005 0.017333333333333333
0 0.64675 0.39466666666666667 0.0045000000000000005 0.016
0 0.6515 0.39366666666666666 0.004 0.015333333333333332
9 0.65625 0.42166666666666663 0.0105 0.011333333333333332
0 0.6567500000000001 0.38266666666666665 0.0035 0.014666666666666666
0 0.66 0.38766666666666666 0.004 0.015333333333333332
1 0.6607500000000001 0.3486666666666667 0.0035 0.008
1 0.6675 0.35666666666666663 0.004 0.010666666666666666
1 0.66125 0.33666666666666667 0.0045000000000000005 0.008
2 0.6607500000000001 0.35466666666666663 0.0045000000000000005 0.006666666666666666
2 0.66725 0.361 0.0045000000000000005 0.01
2 0.66025 0.3416666666666667 0.0035 0.008666666666666666
0 0.66825 0.3466666666666667 0.0035 0.012
0 0.67125 0.32766666666666666 0.0035 0.011333333333333332
0 0.686 0.32266666666666666 0.003 0.012
0 0.6980000000000001 0.31466666666666665 0.003 0.008
3 0.685 0.34099999999999997 0.014 0.014
4 0.69375 0.33066666666666666 0.0135 0.017333333333333333
0 0.69925 0.32166666666666666 0.0035 0.008666666666666666
4 0.66725 0.29966666666666664 0.0115 0.011333333333333332
4 0.677 0.30166666666666664 0.01 0.01
