3 0.7875 0.7227157360406091 0.029285714285714286 0.05964467005076142
3 0.25535714285714284 0.6865482233502538 0.020714285714285713 0.04060913705583756
3 0.46785714285714286 0.5564720812182741 0.02 0.0748730964467005
3 0.49714285714285716 0.8096446700507614 0.027142857142857142 0.10659898477157359
5 0.5296428571428572 0.45748730964467 0.015 0.05964467005076142
3 0.6171428571428571 0.4098984771573604 0.012857142857142857 0.035532994923857864
3 0.6321428571428571 0.3889593908629441 0.01 0.029187817258883246
3 0.6667857142857143 0.38515228426395937 0.013571428571428571 0.026649746192893398
3 0.53 0.22842639593908629 0.017142857142857144 0.02284263959390863
5 0.46714285714285714 0.299492385786802 0.02 0.06598984771573603
5 0.38 0.291243654822335 0.012857142857142857 0.026649746192893398
0 0.22464285714285714 0.43908629441624364 0.005 0.017766497461928932
8 0.1925 0.3559644670050761 0.020714285714285713 0.049492385786802026
3 0.22464285714285714 0.35850253807106597 0.015 0.026649746192893398
3 0.2325 0.33502538071065985 0.013571428571428571 0.02284263959390863
0 0.30714285714285716 0.3559644670050761 0.002857142857142857 0.021573604060913704
0 0.3125 0.3496192893401015 0.0035714285714285713 0.016497461928934008
8 0.2767857142857143 0.3312182741116751 0.02214285714285714 0.055837563451776644
0 0.195 0.383248730964467 0.004285714285714286 0.02030456852791878
5 0.32785714285714285 0.25507614213197966 0.025714285714285714 0.035532994923857864
5 0.3375 0.2246192893401015 0.025 0.02284263959390863
4 0.31214285714285717 0.10088832487309644 0.012857142857142857 0.016497461928934008
3 0.32535714285714284 0.08883248730964466 0.009285714285714286 0.0076142131979695426
8 0.37214285714285716 0.042512690355329945 0.007142857142857143 0.016497461928934008
8 0.37392857142857144 0.019035532994923856 0.007857142857142858 0.025380710659898477
3 0.43892857142857145 0.02030456852791878 0.0064285714285714285 0.012690355329949238
3 0.4514285714285714 0.02284263959390863 0.005714285714285714 0.012690355329949238
3 0.8667857142857143 0.43337563451776645 0.02214285714285714 0.024111675126903553
