7 0.12656576200417535 0.812152133580705 0.05375782881002087 0.14192949907235622
7 0.09446764091858037 0.6340445269016698 0.06054279749478079 0.10667903525046382
7 0.14431106471816282 0.5213358070500927 0.06315240083507306 0.1150278293135436
6 0.25260960334029225 0.7328385899814471 0.07828810020876827 0.08348794063079777
9 0.28183716075156573 0.6957328385899815 0.04906054279749478 0.04081632653061225
7 0.2781837160751566 0.6479591836734694 0.07098121085594988 0.06029684601113173
4 0.2925365344467641 0.5584415584415584 0.10281837160751564 0.09090909090909091
4 0.2927974947807933 0.48237476808905383 0.08768267223382045 0.07977736549165121
3 0.318893528183716 0.4174397031539889 0.08455114822546972 0.07421150278293136
7 0.3118475991649269 0.362708719851577 0.056889352818371604 0.05194805194805195
6 0.27113778705636743 0.300556586270872 0.04331941544885177 0.0575139146567718
4 0.4642484342379958 0.31586270871985156 0.07045929018789143 0.06957328385899815
3 0.467901878914405 0.38636363636363635 0.08402922755741127 0.08070500927643785
3 0.47520876826722336 0.47263450834879406 0.08611691022964509 0.075139146567718
3 0.48042797494780787 0.550556586270872 0.10177453027139874 0.08070500927643785
3 0.4532881002087682 0.6410018552875696 0.09655532359081419 0.08905380333951762
8 0.5621085594989561 0.8158627087198516 0.06263048016701461 0.3163265306122449
5 0.6406576200417536 0.865491651205937 0.06419624217118998 0.23562152133580705
9 0.7745302713987473 0.8061224489795918 0.044885177453027135 0.03896103896103896
7 0.7494780793319414 0.7509276437847866 0.06263048016701461 0.075139146567718
3 0.7210334029227556 0.5593692022263451 0.0975991649269311 0.08905380333951762
3 0.7098121085594988 0.48794063079777367 0.08872651356993735 0.07421150278293136
3 0.7087682672233819 0.413265306122449 0.09081419624217119 0.06586270871985157
5 0.7155532359081419 0.349721706864564 0.10438413361169101 0.08534322820037106
6 0.6252609603340291 0.2741187384044527 0.029227557411273482 0.08812615955473098
6 0.5357515657620041 0.22170686456400743 0.02661795407098121 0.06307977736549165
9 0.5052192066805845 0.19387755102040816 0.022964509394572022 0.03339517625231911
3 0.8128914405010438 0.07142857142857142 0.06941544885177452 0.0575139146567718
7 0.7179018789144049 0.041743970315398886 0.04018789144050104 0.05194805194805195
9 0.647964509394572 0.21567717996289426 0.023486430062630476 0.026901669758812616
9 0.6531837160751565 0.19990723562152135 0.03183716075156576 0.03246753246753247
9 0.6792797494780792 0.05009276437847866 0.012004175365344467 0.03896103896103896
0 0.6317849686847599 0.03385899814471243 0.006784968684759916 0.030612244897959183
9 0.5829853862212943 0.0705009276437848 0.011482254697286011 0.03896103896103896
9 0.5568893528183716 0.0663265306122449 0.012526096033402922 0.039888682745825604
2 0.5657620041753653 0.08719851576994435 0.011482254697286011 0.03896103896103896
9 0.5292275574112735 0.07374768089053803 0.013569937369519832 0.03803339517625232
9 0.5167014613778705 0.06029684601113173 0.012526096033402922 0.04267161410018553
9 0.4885177453027139 0.06076066790352505 0.009394572025052192 0.039888682745825604
9 0.45824634655532354 0.06539888682745826 0.010438413361169102 0.03432282003710575
9 0.4493736951983298 0.05797773654916512 0.012526096033402922 0.045454545454545456
7 0.5013048016701461 0.06307977736549165 0.020354906054279746 0.061224489795918366
0 0.4733820459290187 0.13589981447124305 0.009394572025052192 0.045454545454545456
0 0.47051148225469724 0.1261595547309833 0.012004175365344467 0.04267161410018553
7 0.46033402922755734 0.10667903525046382 0.037578288100208766 0.05380333951762523
9 0.418580375782881 0.08719851576994435 0.020876826722338204 0.03153988868274583
9 0.40057411273486426 0.07653061224489796 0.02139874739039666 0.026901669758812616
9 0.4044885177453027 0.059369202226345084 0.020876826722338204 0.029684601113172542
9 0.4008350730688935 0.039888682745825604 0.010438413361169102 0.03710575139146568
9 0.394572025052192 0.03710575139146568 0.009394572025052192 0.04081632653061225
9 0.35334029227557406 0.04267161410018553 0.020876826722338204 0.03339517625231911
9 0.3295929018789144 0.03200371057513915 0.012004175365344467 0.039888682745825604
0 0.2807933194154488 0.17578849721706866 0.011482254697286011 0.043599257884972174
0 0.2758350730688935 0.03200371057513915 0.012004175365344467 0.036178107606679034
0 0.2682672233820459 0.039888682745825604 0.016701461377870562 0.03896103896103896
9 0.2693110647181628 0.04220779220779221 0.020876826722338204 0.0287569573283859
1 0.22651356993736949 0.06307977736549165 0.012526096033402922 0.03896103896103896
6 0.23460334029227556 0.06725417439703155 0.03496868475991649 0.03432282003710575
1 0.21737995824634654 0.11038961038961038 0.010960334029227557 0.0352504638218924
1 0.22546972860125258 0.1303339517625232 0.010438413361169102 0.0287569573283859
9 0.22651356993736949 0.13868274582560297 0.025052192066805843 0.03246753246753247
9 0.22416492693110646 0.10807050092764378 0.03705636743215031 0.043599257884972174
7 0.2048538622129436 0.1808905380333952 0.02766179540709812 0.08348794063079777
9 0.12212943632567848 0.15166975881261596 0.025052192066805843 0.036178107606679034
1 0.043580375782881 0.12291280148423006 0.016179540709812108 0.030612244897959183
9 0.04801670146137787 0.1280148423005566 0.030271398747390394 0.029684601113172542
7 0.028966597077244256 0.15816326530612246 0.05480167014613778 0.0640074211502783
0 0.05297494780793319 0.015769944341372914 0.016179540709812108 0.03153988868274583
1 0.07437369519832984 0.03153988868274583 0.013048016701461376 0.03339517625231911
9 0.0767223382045929 0.036178107606679034 0.026096033402922752 0.029684601113172542
9 0.1033402922755741 0.04406307977736549 0.021920668058455113 0.03432282003710575
9 0.1109081419624217 0.05241187384044527 0.019311064718162838 0.03432282003710575
9 0.11951983298538621 0.06215213358070501 0.020876826722338204 0.04081632653061225
9 0.12865344467640918 0.037569573283859 0.019311064718162838 0.036178107606679034
