8 0.0625 0.6453045685279187 0.08214285714285714 0.133248730964467
3 0.4 0.3889593908629441 0.03 0.04441624365482233
4 0.48714285714285716 0.2899746192893401 0.017142857142857144 0.04441624365482233
3 0.5217857142857143 0.2645939086294416 0.012142857142857143 0.03680203045685279
3 0.4567857142857143 0.24555837563451774 0.013571428571428571 0.031725888324873094
3 0.4525 0.14022842639593908 0.015 0.024111675126903553
3 0.5225 0.16878172588832485 0.012142857142857143 0.025380710659898477
3 0.46714285714285714 0.09390862944162436 0.01 0.01015228426395939
3 0.5175 0.06345177664974619 0.007857142857142858 0.012690355329949238
3 0.5292857142857142 0.04568527918781726 0.007142857142857143 0.01015228426395939
3 0.5071428571428571 0.04187817258883248 0.005714285714285714 0.0076142131979695426
3 0.4992857142857143 0.053299492385786795 0.007142857142857143 0.0076142131979695426
3 0.47785714285714287 0.04695431472081218 0.005714285714285714 0.005076142131979695
3 0.49392857142857144 0.04885786802030456 0.005 0.006345177664974619
3 0.58 0.3299492385786802 0.011428571428571429 0.02284263959390863
5 0.5775 0.3115482233502538 0.015 0.031725888324873094
8 0.6514285714285715 0.33248730964467005 0.04 0.04060913705583756
3 0.6553571428571429 0.30710659898477155 0.013571428571428571 0.02284263959390863
3 0.6742857142857143 0.29441624365482233 0.014285714285714285 0.02030456852791878
3 0.6671428571428571 0.2836294416243655 0.014285714285714285 0.021573604060913704
5 0.35678571428571426 0.25888324873096447 0.020714285714285713 0.04568527918781726
3 0.30892857142857144 0.27411167512690354 0.012142857142857143 0.02030456852791878
3 0.8525 0.25571065989847713 0.02214285714285714 0.016497461928934008
3 0.8903571428571428 0.3229695431472081 0.027857142857142858 0.026649746192893398
