3 0.040357142857142855 0.23761904761904762 0.08214285714285714 0.08476190476190476
3 0.04428571428571428 0.16428571428571428 0.08857142857142856 0.06952380952380953
3 0.21142857142857144 0.03428571428571429 0.06571428571428571 0.06857142857142857
3 0.23285714285714285 0.10952380952380952 0.07142857142857142 0.11428571428571428
3 0.3167857142857143 0.14 0.07071428571428572 0.10666666666666666
3 0.42464285714285716 0.07428571428571429 0.06928571428571428 0.08761904761904762
3 0.12464285714285714 0.3619047619047619 0.08071428571428571 0.16
3 0.35214285714285715 0.2571428571428571 0.08285714285714285 0.1295238095238095
3 0.2975 0.3819047619047619 0.085 0.17714285714285713
3 0.4067857142857143 0.43714285714285717 0.09928571428571428 0.1676190476190476
3 0.35 0.6347619047619047 0.10857142857142857 0.2276190476190476
3 0.1417857142857143 0.6338095238095238 0.09785714285714285 0.22
3 0.41714285714285715 0.909047619047619 0.12428571428571429 0.18
3 0.51 0.76 0.13142857142857142 0.25142857142857145
0 0.6789285714285714 0.7852380952380953 0.027857142857142858 0.06571428571428571
3 0.7071428571428572 0.6795238095238095 0.15 0.24095238095238095
0 0.5214285714285715 0.4638095238095238 0.018571428571428572 0.05714285714285714
4 0.6078571428571429 0.4452380952380952 0.10714285714285714 0.14761904761904762
3 0.5178571428571429 0.26666666666666666 0.09142857142857143 0.14666666666666667
3 0.46714285714285714 0.16 0.07285714285714286 0.09523809523809523
3 0.15285714285714286 0.9414285714285714 0.12428571428571429 0.11523809523809524
