3 0.44892857142857145 0.45904761904761904 0.07928571428571428 0.16
2 0.10285714285714286 0.32904761904761903 0.04428571428571428 0.03333333333333333
3 0.033928571428571426 0.36666666666666664 0.06785714285714285 0.08
9 0.20035714285714284 0.4866666666666667 0.035 0.06666666666666667
0 0.25642857142857145 0.5895238095238096 0.022857142857142857 0.049523809523809526
1 0.35714285714285715 0.4119047619047619 0.017142857142857144 0.04476190476190476
2 0.36214285714285716 0.4195238095238095 0.045714285714285714 0.03333333333333333
3 0.08 0.08476190476190476 0.1 0.05714285714285714
3 0.06428571428571428 0.12761904761904763 0.10285714285714286 0.06476190476190476
5 0.03678571428571428 0.16714285714285715 0.07214285714285715 0.10761904761904761
9 0.8621428571428571 0.8871428571428571 0.06714285714285714 0.040952380952380955
9 0.8428571428571429 0.8171428571428572 0.06571428571428571 0.049523809523809526
4 0.9496428571428571 0.8023809523809524 0.09928571428571428 0.17238095238095238
9 0.8003571428571429 0.4942857142857143 0.04928571428571429 0.03428571428571429
9 0.82 0.6923809523809524 0.06428571428571428 0.04380952380952381
9 0.8078571428571428 0.6419047619047619 0.05714285714285714 0.0419047619047619
9 0.8092857142857143 0.5966666666666667 0.07 0.04285714285714286
9 0.8 0.5476190476190477 0.05857142857142857 0.047619047619047616
9 0.805 0.5223809523809524 0.05714285714285714 0.035238095238095235
1 0.8189285714285715 0.5476190476190477 0.025 0.030476190476190476
3 0.9246428571428571 0.034761904761904765 0.08785714285714286 0.06
3 0.88 0.012380952380952381 0.09 0.026666666666666665
0 0.9396428571428571 0.49238095238095236 0.03214285714285714 0.04
0 0.9746428571428571 0.45714285714285713 0.027857142857142858 0.045714285714285714
0 0.9875 0.4614285714285714 0.023571428571428573 0.04476190476190476
9 0.8321428571428572 0.7619047619047619 0.06285714285714286 0.0380952380952381
0 0.8928571428571429 0.7614285714285715 0.03857142857142857 0.037142857142857144
0 0.8967857142857143 0.939047619047619 0.047857142857142855 0.0380952380952381
0 0.9421428571428572 0.9252380952380952 0.03 0.037142857142857144
0 0.9292857142857143 0.9352380952380952 0.03142857142857143 0.03238095238095238
1 0.9089285714285714 0.9738095238095238 0.030714285714285715 0.040952380952380955
9 0.8871428571428571 0.9747619047619047 0.07 0.04857142857142857
1 0.9596428571428571 0.9442857142857143 0.04214285714285714 0.035238095238095235
0 0.9596428571428571 0.9795238095238096 0.045 0.039047619047619046
0 0.3525 0.9323809523809524 0.02642857142857143 0.0380952380952381
1 0.28785714285714287 0.43666666666666665 0.02142857142857143 0.04476190476190476
9 0.28785714285714287 0.44904761904761903 0.032857142857142856 0.058095238095238096
1 0.29678571428571426 0.6423809523809524 0.02642857142857143 0.035238095238095235
9 0.29928571428571427 0.6542857142857142 0.06857142857142857 0.04
9 0.29928571428571427 0.7395238095238095 0.07 0.037142857142857144
9 0.29464285714285715 0.7823809523809524 0.055 0.039047619047619046
9 0.30714285714285716 0.8314285714285714 0.06 0.03238095238095238
1 0.31214285714285717 0.4552380952380952 0.022857142857142857 0.03238095238095238
0 0.3442857142857143 0.5571428571428572 0.03 0.045714285714285714
0 0.3317857142857143 0.5452380952380952 0.02214285714285714 0.040952380952380955
1 0.30964285714285716 0.5995238095238096 0.025 0.02761904761904762
1 0.29642857142857143 0.6871428571428572 0.024285714285714285 0.029523809523809525
9 0.3025 0.6923809523809524 0.065 0.026666666666666665
9 0.31535714285714284 0.6071428571428571 0.055 0.037142857142857144
9 0.31464285714285717 0.4642857142857143 0.04214285714285714 0.040952380952380955
9 0.32035714285714284 0.49476190476190474 0.05357142857142857 0.035238095238095235
9 0.3167857142857143 0.5195238095238095 0.04642857142857143 0.02761904761904762
9 0.3125 0.5466666666666666 0.039285714285714285 0.03238095238095238
1 0.2875 0.8966666666666666 0.03785714285714286 0.02761904761904762
9 0.29892857142857143 0.8866666666666667 0.07357142857142857 0.04
