6 0.9506784968684759 0.3942486085343228 0.03183716075156576 0.04452690166975881
3 0.7045929018789143 0.4225417439703154 0.038622129436325675 0.05844155844155844
3 0.6722338204592901 0.4457328385899815 0.037578288100208766 0.06771799628942486
3 0.6017745302713987 0.48283858998144713 0.051148225469728595 0.05658627087198516
3 0.5754175365344467 0.5051020408163266 0.03810020876826722 0.05658627087198516
3 0.5341858037578288 0.5255102040816326 0.04436325678496868 0.05844155844155844
6 0.5054801670146137 0.563543599257885 0.012004175365344467 0.0287569573283859
6 0.512787056367432 0.5398886827458256 0.01826722338204593 0.01855287569573284
6 0.5174843423799582 0.5584415584415584 0.016179540709812108 0.020408163265306124
3 0.4512004175365344 0.5769944341372912 0.04123173277661795 0.0705009276437848
1 0.4000521920668058 0.5802411873840445 0.007828810020876827 0.01948051948051948
1 0.41153444676409184 0.614100185528757 0.007828810020876827 0.016697588126159554
1 0.4170146137787056 0.5932282003710575 0.008350730688935281 0.021335807050092765
1 0.39483298538622125 0.6159554730983302 0.008872651356993735 0.020408163265306124
1 0.3966597077244258 0.6173469387755102 0.0041753653444676405 0.010204081632653062
1 0.4063152400835073 0.5974025974025974 0.006784968684759916 0.016697588126159554
1 0.39692066805845505 0.5964749536178108 0.007828810020876827 0.012987012987012988
1 0.40892484342379953 0.5853432282003711 0.006784968684759916 0.020408163265306124
3 0.36847599164926925 0.6261595547309833 0.031315240083507306 0.07792207792207792
3 0.3387265135699373 0.6470315398886828 0.03549060542797494 0.08256029684601113
9 0.22964509394572022 0.6697588126159555 0.022964509394572022 0.025974025974025976
3 0.10960334029227556 0.7903525046382189 0.04906054279749478 0.0705009276437848
3 0.4433716075156576 0.87847866419295 0.05793319415448851 0.07792207792207792
3 0.44598121085594983 0.9721706864564008 0.062108559498956155 0.05194805194805195
3 0.28862212943632565 0.9072356215213359 0.06889352818371607 0.06493506493506494
3 0.2927974947807933 0.9698515769944341 0.06367432150313151 0.05844155844155844
