3 0.19285714285714287 0.5452380952380952 0.03857142857142857 0.025714285714285714
3 0.6117857142857143 0.5214285714285715 0.03214285714285714 0.02761904761904762
3 0.49464285714285716 0.3352380952380952 0.010714285714285714 0.015238095238095238
5 0.4764285714285714 0.2276190476190476 0.008571428571428572 0.022857142857142857
3 0.4692857142857143 0.1895238095238095 0.005714285714285714 0.007619047619047619
5 0.34964285714285714 0.23714285714285716 0.015 0.017142857142857144
2 0.48464285714285715 0.2619047619047619 0.005 0.007619047619047619
3 0.385 0.1819047619047619 0.012857142857142857 0.007619047619047619
3 0.3817857142857143 0.19904761904761906 0.012142857142857143 0.007619047619047619
3 0.42964285714285716 0.23476190476190475 0.015 0.010476190476190476
3 0.42892857142857144 0.23 0.015 0.010476190476190476
2 0.4617857142857143 0.22142857142857142 0.0035714285714285713 0.008571428571428572
2 0.46214285714285713 0.19714285714285715 0.002857142857142857 0.007619047619047619
