3 0.18449895615866385 0.9151205936920223 0.05897703549060542 0.05658627087198516
4 0.23094989561586637 0.838126159554731 0.04540709812108559 0.05658627087198516
3 0.272964509394572 0.74860853432282 0.04801670146137787 0.05194805194805195
3 0.2967118997912317 0.7179962894248608 0.04331941544885177 0.04267161410018553
3 0.32828810020876825 0.6804267161410019 0.045929018789144044 0.043599257884972174
3 0.33350730688935276 0.648886827458256 0.04175365344467641 0.039888682745825604
3 0.3517745302713987 0.62569573283859 0.039665970772442584 0.03432282003710575
3 0.8447286012526095 0.400278293135436 0.032881002087682666 0.026901669758812616
3 0.4741649269311064 0.30612244897959184 0.023486430062630476 0.01855287569573284
3 0.4739039665970772 0.2982374768089054 0.015657620041753653 0.015769944341372914
3 0.4830375782881002 0.28710575139146566 0.02139874739039666 0.01948051948051948
3 0.4900835073068893 0.2792207792207792 0.01774530271398747 0.012987012987012988
3 0.49347599164926925 0.2755102040816327 0.01826722338204593 0.014842300556586271
3 0.4963465553235908 0.2653061224489796 0.016701461377870562 0.011131725417439703
3 0.5028705636743215 0.26159554730983303 0.015135699373695197 0.012987012987012988
3 0.5070459290187891 0.2537105751391466 0.016179540709812108 0.013914656771799629
3 0.635438413361169 0.1859925788497217 0.007828810020876827 0.010204081632653062
4 0.5996868475991649 0.15862708719851576 0.0073068893528183704 0.016697588126159554
3 0.597599164926931 0.1730055658627087 0.016701461377870562 0.012059369202226345
3 0.6200417536534446 0.16233766233766234 0.006263048016701461 0.011131725417439703
3 0.6359603340292275 0.16280148423005567 0.0057411273486430055 0.010204081632653062
3 0.6437891440501043 0.163265306122449 0.0057411273486430055 0.011131725417439703
3 0.6129958246346555 0.1859925788497217 0.014091858037578286 0.010204081632653062
3 0.6132567849686847 0.18274582560296845 0.012526096033402922 0.012987012987012988
3 0.613517745302714 0.17532467532467533 0.014091858037578286 0.011131725417439703
3 0.595250521920668 0.18274582560296845 0.013048016701461376 0.011131725417439703
3 0.5965553235908141 0.1794990723562152 0.014613778705636741 0.008348794063079777
3 0.5341858037578288 0.20871985157699444 0.012004175365344467 0.011131725417439703
3 0.9279749478079331 0.3427643784786642 0.016701461377870562 0.021335807050092765
3 0.938152400835073 0.31910946196660483 0.028705636743215027 0.020408163265306124
3 0.924321503131524 0.300556586270872 0.022964509394572022 0.016697588126159554
3 0.7784446764091857 0.3107606679035251 0.02139874739039666 0.016697588126159554
3 0.7784446764091857 0.30241187384044527 0.023486430062630476 0.01855287569573284
3 0.7713987473903966 0.27319109461966606 0.021920668058455113 0.0176252319109462
3 0.7643528183716074 0.25463821892393323 0.01826722338204593 0.013914656771799629
3 0.9078810020876826 0.7903525046382189 0.06315240083507306 0.0575139146567718
