3 0.05 0.009517766497461928 0.01 0.019035532994923856
3 0.0325 0.046319796954314714 0.010714285714285714 0.024111675126903553
3 0.0625 0.07296954314720812 0.012142857142857143 0.029187817258883246
3 0.0425 0.1484771573604061 0.012142857142857143 0.027918781725888322
3 0.07928571428571428 0.2049492385786802 0.01 0.026649746192893398
3 0.047142857142857146 0.2645939086294416 0.012857142857142857 0.031725888324873094
0 0.009642857142857142 0.04568527918781726 0.002142857142857143 0.0076142131979695426
0 0.015357142857142857 0.07868020304568528 0.0035714285714285713 0.0076142131979695426
3 0.075 0.10342639593908629 0.01 0.026649746192893398
3 0.09964285714285714 0.12436548223350252 0.012142857142857143 0.032994923857868015
4 0.11714285714285715 0.2112944162436548 0.012857142857142857 0.03934010152284264
3 0.08035714285714286 0.28172588832487305 0.012142857142857143 0.027918781725888322
3 0.06464285714285714 0.3293147208121827 0.012142857142857143 0.03426395939086294
3 0.14392857142857143 0.43845177664974616 0.013571428571428571 0.04187817258883248
3 0.085 0.5412436548223349 0.012857142857142857 0.04187817258883248
3 0.0825 0.43274111675126903 0.015 0.03807106598984771
0 0.012142857142857143 0.5031725888324873 0.007142857142857143 0.013959390862944161
0 0.20892857142857144 0.4682741116751269 0.0035714285714285713 0.01015228426395939
3 0.16 0.633248730964467 0.014285714285714285 0.050761421319796954
3 0.08964285714285715 0.6732233502538071 0.015 0.052030456852791875
0 0.23214285714285715 0.6351522842639593 0.005714285714285714 0.016497461928934008
0 0.22714285714285715 0.6440355329949238 0.002857142857142857 0.008883248730964466
0 0.2275 0.6744923857868019 0.005 0.011421319796954314
3 0.1742857142857143 0.8128172588832486 0.018571428571428572 0.06472081218274112
3 0.06464285714285714 0.7626903553299492 0.017857142857142856 0.06598984771573603
3 0.09214285714285714 0.9308375634517766 0.017142857142857144 0.06725888324873096
3 0.21214285714285713 0.9701776649746192 0.017142857142857144 0.05710659898477157
0 0.007142857142857143 0.9359137055837563 0.007142857142857143 0.011421319796954314
3 0.30964285714285716 0.04441624365482233 0.009285714285714286 0.025380710659898477
3 0.41964285714285715 0.07423857868020305 0.020714285714285713 0.021573604060913704
3 0.3767857142857143 0.016497461928934008 0.010714285714285714 0.025380710659898477
0 0.33214285714285713 0.012690355329949238 0.002857142857142857 0.01015228426395939
4 0.36642857142857144 0.09327411167512689 0.025714285714285714 0.029187817258883246
0 0.3067857142857143 0.12309644670050761 0.002142857142857143 0.012690355329949238
0 0.31642857142857145 0.18083756345177662 0.002857142857142857 0.013959390862944161
0 0.3142857142857143 0.16751269035532992 0.002857142857142857 0.01015228426395939
0 0.30714285714285716 0.16878172588832485 0.002857142857142857 0.012690355329949238
0 0.31 0.18210659898477155 0.004285714285714286 0.016497461928934008
0 0.305 0.17703045685279187 0.004285714285714286 0.016497461928934008
0 0.29714285714285715 0.18337563451776648 0.002857142857142857 0.011421319796954314
0 0.28285714285714286 0.2011421319796954 0.002857142857142857 0.011421319796954314
8 0.40214285714285714 0.11675126903553298 0.05714285714285714 0.055837563451776644
0 0.42678571428571427 0.13388324873096447 0.002142857142857143 0.011421319796954314
0 0.3921428571428571 0.15228426395939085 0.002857142857142857 0.0076142131979695426
0 0.37892857142857145 0.15609137055837563 0.002142857142857143 0.01015228426395939
0 0.3821428571428571 0.15355329949238578 0.002857142857142857 0.01015228426395939
0 0.4278571428571429 0.16243654822335024 0.002857142857142857 0.01015228426395939
0 0.42464285714285716 0.1649746192893401 0.002142857142857143 0.01015228426395939
0 0.37535714285714283 0.1884517766497462 0.002142857142857143 0.011421319796954314
0 0.3717857142857143 0.1916243654822335 0.002142857142857143 0.012690355329949238
1 0.2953571428571429 0.22398477157360405 0.0064285714285714285 0.0038071065989847713
1 0.285 0.21763959390862941 0.002857142857142857 0.008883248730964466
1 0.295 0.21637055837563451 0.007142857142857143 0.0038071065989847713
1 0.29428571428571426 0.21002538071065988 0.004285714285714286 0.0038071065989847713
1 0.28785714285714287 0.22208121827411165 0.007142857142857143 0.005076142131979695
1 0.28464285714285714 0.2112944162436548 0.005 0.006345177664974619
1 0.28785714285714287 0.20748730964467005 0.004285714285714286 0.008883248730964466
1 0.2892857142857143 0.2151015228426396 0.002857142857142857 0.0038071065989847713
1 0.2953571428571429 0.23413705583756345 0.0035714285714285713 0.006345177664974619
1 0.2975 0.24175126903553298 0.005 0.006345177664974619
0 0.3025 0.23984771573604058 0.0035714285714285713 0.01015228426395939
0 0.34964285714285714 0.24048223350253806 0.002142857142857143 0.013959390862944161
0 0.33964285714285714 0.2480964467005076 0.005 0.013959390862944161
0 0.4228571428571429 0.2442893401015228 0.002857142857142857 0.011421319796954314
1 0.42714285714285716 0.22652284263959388 0.002857142857142857 0.006345177664974619
1 0.42 0.22842639593908629 0.002857142857142857 0.005076142131979695
1 0.4164285714285714 0.22588832487309643 0.002857142857142857 0.005076142131979695
1 0.41214285714285714 0.22208121827411165 0.002857142857142857 0.005076142131979695
1 0.40964285714285714 0.22208121827411165 0.002142857142857143 0.0076142131979695426
0 0.3171428571428571 0.2931472081218274 0.002857142857142857 0.0076142131979695426
0 0.31464285714285717 0.2969543147208122 0.002142857142857143 0.01015228426395939
1 0.40285714285714286 0.2975888324873096 0.004285714285714286 0.006345177664974619
1 0.3992857142857143 0.299492385786802 0.004285714285714286 0.0076142131979695426
1 0.3625 0.31535532994923854 0.0035714285714285713 0.008883248730964466
1 0.36214285714285716 0.34581218274111675 0.002857142857142857 0.006345177664974619
1 0.35928571428571426 0.348984771573604 0.002857142857142857 0.005076142131979695
1 0.35214285714285715 0.3546954314720812 0.002857142857142857 0.006345177664974619
1 0.35892857142857143 0.3413705583756345 0.0035714285714285713 0.005076142131979695
1 0.35714285714285715 0.3147208121827411 0.002857142857142857 0.01015228426395939
0 0.35285714285714287 0.34581218274111675 0.002857142857142857 0.011421319796954314
0 0.35642857142857143 0.348984771573604 0.002857142857142857 0.01015228426395939
0 0.3489285714285714 0.3508883248730964 0.0035714285714285713 0.011421319796954314
0 0.36428571428571427 0.3927664974619289 0.002857142857142857 0.011421319796954314
0 0.36142857142857143 0.39403553299492383 0.002857142857142857 0.011421319796954314
1 0.375 0.40862944162436543 0.002857142857142857 0.005076142131979695
1 0.37 0.40736040609137053 0.002857142857142857 0.0076142131979695426
1 0.3675 0.4029187817258883 0.002142857142857143 0.006345177664974619
1 0.37464285714285717 0.3972081218274111 0.002142857142857143 0.0076142131979695426
1 0.37142857142857144 0.39911167512690354 0.002857142857142857 0.006345177664974619
1 0.3775 0.4378172588832487 0.0064285714285714285 0.0076142131979695426
1 0.41678571428571426 0.4593908629441624 0.0035714285714285713 0.005076142131979695
1 0.41214285714285714 0.4612944162436548 0.002857142857142857 0.0038071065989847713
1 0.38 0.4498730964467005 0.002857142857142857 0.006345177664974619
1 0.37714285714285717 0.45050761421319796 0.002857142857142857 0.0076142131979695426
1 0.5203571428571429 0.4168781725888325 0.0064285714285714285 0.011421319796954314
1 0.52 0.41307106598984766 0.004285714285714286 0.006345177664974619
1 0.5042857142857143 0.39847715736040606 0.002857142857142857 0.0076142131979695426
1 0.5089285714285714 0.39974619289340096 0.0035714285714285713 0.005076142131979695
1 0.5071428571428571 0.39403553299492383 0.004285714285714286 0.0038071065989847713
1 0.5125 0.4041878172588832 0.0035714285714285713 0.008883248730964466
1 0.5092857142857142 0.40862944162436543 0.002857142857142857 0.0076142131979695426
1 0.505 0.40609137055837563 0.002857142857142857 0.0076142131979695426
1 0.5325 0.4022842639593908 0.002142857142857143 0.01015228426395939
1 0.5364285714285715 0.4029187817258883 0.002857142857142857 0.008883248730964466
1 0.5392857142857143 0.40038071065989844 0.0014285714285714286 0.008883248730964466
1 0.5496428571428571 0.391497461928934 0.002142857142857143 0.008883248730964466
1 0.5614285714285714 0.3889593908629441 0.002857142857142857 0.006345177664974619
1 0.5971428571428572 0.3680203045685279 0.002857142857142857 0.01015228426395939
0 0.5667857142857143 0.39530456852791873 0.0035714285714285713 0.013959390862944161
0 0.5542857142857143 0.39530456852791873 0.002857142857142857 0.013959390862944161
1 0.5421428571428571 0.39911167512690354 0.002857142857142857 0.008883248730964466
1 0.5292857142857142 0.4041878172588832 0.0014285714285714286 0.008883248730964466
1 0.5646428571428571 0.3838832487309644 0.002142857142857143 0.008883248730964466
0 0.5578571428571428 0.3876903553299492 0.002857142857142857 0.013959390862944161
1 0.5921428571428572 0.3699238578680203 0.002857142857142857 0.008883248730964466
1 0.6003571428571428 0.3661167512690355 0.002142857142857143 0.008883248730964466
1 0.6039285714285715 0.3635786802030457 0.002142857142857143 0.008883248730964466
1 0.6067857142857143 0.3629441624365482 0.002142857142857143 0.01015228426395939
1 0.5696428571428571 0.3826142131979695 0.002142857142857143 0.011421319796954314
1 0.5721428571428572 0.383248730964467 0.002857142857142857 0.01015228426395939
1 0.5746428571428571 0.38007614213197966 0.002142857142857143 0.011421319796954314
0 0.43892857142857145 0.20875634517766495 0.0035714285714285713 0.011421319796954314
1 0.47214285714285714 0.19923857868020303 0.002857142857142857 0.0076142131979695426
1 0.4675 0.19543147208121825 0.002142857142857143 0.0025380710659898475
1 0.46464285714285714 0.1979695431472081 0.002142857142857143 0.0076142131979695426
1 0.4767857142857143 0.19098984771573602 0.0035714285714285713 0.006345177664974619
1 0.48428571428571426 0.19543147208121825 0.002857142857142857 0.0025380710659898475
1 0.4853571428571429 0.1846446700507614 0.002142857142857143 0.0038071065989847713
1 0.49392857142857144 0.18718274111675126 0.002142857142857143 0.006345177664974619
1 0.48892857142857143 0.1897208121827411 0.002142857142857143 0.0038071065989847713
1 0.5203571428571429 0.16878172588832485 0.002142857142857143 0.0076142131979695426
1 0.5821428571428572 0.1878172588832487 0.002857142857142857 0.0076142131979695426
1 0.5792857142857143 0.18908629441624364 0.004285714285714286 0.0076142131979695426
1 0.5764285714285714 0.1916243654822335 0.004285714285714286 0.0076142131979695426
0 0.5521428571428572 0.19035532994923857 0.002857142857142857 0.01015228426395939
0 0.5546428571428571 0.19225888324873094 0.002142857142857143 0.006345177664974619
0 0.5717857142857142 0.10469543147208121 0.002142857142857143 0.008883248730964466
0 0.5671428571428572 0.09835025380710659 0.002857142857142857 0.011421319796954314
0 0.43214285714285716 0.16370558375634517 0.002857142857142857 0.01015228426395939
0 0.49714285714285716 0.02728426395939086 0.002857142857142857 0.008883248730964466
0 0.5821428571428572 0.012690355329949238 0.002857142857142857 0.015228426395939085
0 0.5775 0.03236040609137056 0.002142857142857143 0.008883248730964466
0 0.4828571428571429 0.050761421319796954 0.002857142857142857 0.01015228426395939
0 0.47964285714285715 0.050761421319796954 0.002142857142857143 0.012690355329949238
3 0.49892857142857144 0.03743654822335025 0.020714285714285713 0.024111675126903553
4 0.4446428571428571 0.059010152284263956 0.025 0.029187817258883246
4 0.47035714285714286 0.049492385786802026 0.025 0.027918781725888322
8 0.4525 0.03236040609137056 0.055 0.05456852791878172
0 0.6164285714285714 0.038705583756345176 0.002857142857142857 0.011421319796954314
0 0.6275 0.028553299492385786 0.0035714285714285713 0.011421319796954314
0 0.5739285714285715 0.049492385786802026 0.0035714285714285713 0.012690355329949238
0 0.6514285714285715 0.042512690355329945 0.002857142857142857 0.011421319796954314
0 0.6621428571428571 0.038705583756345176 0.002857142857142857 0.011421319796954314
0 0.6446428571428572 0.05710659898477157 0.002142857142857143 0.01015228426395939
0 0.6414285714285715 0.05837563451776649 0.002857142857142857 0.01015228426395939
0 0.6353571428571428 0.06916243654822335 0.002142857142857143 0.011421319796954314
0 0.7414285714285714 0.039974619289340096 0.002857142857142857 0.016497461928934008
0 0.7021428571428572 0.08756345177664974 0.002857142857142857 0.012690355329949238
0 0.685 0.08375634517766496 0.004285714285714286 0.012690355329949238
0 0.6696428571428571 0.10977157360406091 0.002142857142857143 0.011421319796954314
0 0.66 0.12690355329949238 0.002857142857142857 0.012690355329949238
0 0.6392857142857142 0.12182741116751268 0.002857142857142857 0.01015228426395939
0 0.6703571428571429 0.1916243654822335 0.0035714285714285713 0.012690355329949238
0 0.7117857142857142 0.09517766497461928 0.002142857142857143 0.012690355329949238
1 0.6753571428571429 0.09327411167512689 0.002142857142857143 0.008883248730964466
1 0.6792857142857143 0.09771573604060912 0.002857142857142857 0.01015228426395939
1 0.6814285714285714 0.10088832487309644 0.002857142857142857 0.006345177664974619
1 0.6728571428571428 0.10215736040609136 0.004285714285714286 0.006345177664974619
0 0.7089285714285715 0.09898477157360405 0.002142857142857143 0.01015228426395939
1 0.6403571428571428 0.1383248730964467 0.002142857142857143 0.005076142131979695
1 0.64 0.13261421319796954 0.002857142857142857 0.008883248730964466
1 0.6378571428571429 0.13197969543147206 0.002857142857142857 0.0076142131979695426
1 0.6142857142857143 0.08312182741116751 0.002857142857142857 0.0038071065989847713
1 0.6646428571428571 0.1979695431472081 0.002142857142857143 0.0076142131979695426
1 0.6642857142857143 0.1897208121827411 0.002857142857142857 0.006345177664974619
1 0.6614285714285715 0.18908629441624364 0.0014285714285714286 0.0076142131979695426
1 0.6778571428571428 0.22652284263959388 0.002857142857142857 0.006345177664974619
1 0.6921428571428572 0.2519035532994924 0.004285714285714286 0.011421319796954314
1 0.6867857142857143 0.24619289340101522 0.0035714285714285713 0.0076142131979695426
1 0.7096428571428571 0.21256345177664973 0.002142857142857143 0.006345177664974619
1 0.7064285714285714 0.20558375634517764 0.004285714285714286 0.0025380710659898475
1 0.7246428571428571 0.2309644670050761 0.005 0.01015228426395939
1 0.735 0.2652284263959391 0.002857142857142857 0.0076142131979695426
1 0.7414285714285714 0.266497461928934 0.004285714285714286 0.005076142131979695
1 0.7375 0.2595177664974619 0.005 0.006345177664974619
0 0.6271428571428571 0.17576142131979694 0.002857142857142857 0.008883248730964466
0 0.6321428571428571 0.1979695431472081 0.002857142857142857 0.012690355329949238
0 0.6378571428571429 0.20685279187817257 0.002857142857142857 0.01015228426395939
0 0.6346428571428572 0.20431472081218272 0.002142857142857143 0.012690355329949238
0 0.6314285714285715 0.17703045685279187 0.0014285714285714286 0.011421319796954314
0 0.6521428571428571 0.22398477157360405 0.002857142857142857 0.006345177664974619
0 0.6542857142857142 0.2309644670050761 0.002857142857142857 0.0076142131979695426
0 0.66 0.2442893401015228 0.002857142857142857 0.008883248730964466
0 0.6642857142857143 0.24936548223350252 0.002857142857142857 0.008883248730964466
0 0.655 0.2442893401015228 0.002857142857142857 0.011421319796954314
0 0.6617857142857143 0.299492385786802 0.0035714285714285713 0.01015228426395939
0 0.6764285714285714 0.3109137055837563 0.002857142857142857 0.01015228426395939
0 0.6764285714285714 0.3229695431472081 0.002857142857142857 0.008883248730964466
1 0.6646428571428571 0.2760152284263959 0.005 0.008883248730964466
1 0.6614285714285715 0.2639593908629441 0.004285714285714286 0.01015228426395939
1 0.665 0.2652284263959391 0.002857142857142857 0.005076142131979695
1 0.6821428571428572 0.2893401015228426 0.002857142857142857 0.0076142131979695426
1 0.6778571428571428 0.2836294416243655 0.002857142857142857 0.006345177664974619
1 0.6375 0.3496192893401015 0.0035714285714285713 0.011421319796954314
1 0.645 0.34200507614213194 0.004285714285714286 0.006345177664974619
1 0.6221428571428571 0.35342639593908626 0.002857142857142857 0.006345177664974619
1 0.6253571428571428 0.3515228426395939 0.0035714285714285713 0.01015228426395939
1 0.63 0.3515228426395939 0.004285714285714286 0.005076142131979695
0 0.6296428571428572 0.35850253807106597 0.002142857142857143 0.011421319796954314
0 0.8846428571428572 0.5241116751269035 0.002142857142857143 0.015228426395939085
0 0.8389285714285715 0.39530456852791873 0.0035714285714285713 0.013959390862944161
0 0.8321428571428572 0.391497461928934 0.004285714285714286 0.011421319796954314
0 0.8292857142857143 0.3876903553299492 0.004285714285714286 0.011421319796954314
0 0.8339285714285715 0.3794416243654822 0.005 0.012690355329949238
0 0.8417857142857142 0.38071065989847713 0.005 0.012690355329949238
0 0.8446428571428571 0.391497461928934 0.005 0.016497461928934008
0 0.845 0.3838832487309644 0.004285714285714286 0.011421319796954314
0 0.8175 0.3299492385786802 0.0035714285714285713 0.012690355329949238
0 0.82 0.3280456852791878 0.002857142857142857 0.011421319796954314
0 0.81 0.3375634517766497 0.004285714285714286 0.012690355329949238
0 0.8021428571428572 0.33375634517766495 0.002857142857142857 0.015228426395939085
0 0.8089285714285714 0.2969543147208122 0.005 0.012690355329949238
0 0.8064285714285714 0.2899746192893401 0.002857142857142857 0.011421319796954314
0 0.8025 0.299492385786802 0.0035714285714285713 0.01015228426395939
0 0.8242857142857143 0.3178934010152284 0.002857142857142857 0.008883248730964466
0 0.8214285714285714 0.30837563451776645 0.004285714285714286 0.012690355329949238
0 0.8264285714285714 0.3128172588832487 0.002857142857142857 0.008883248730964466
0 0.8242857142857143 0.3096446700507614 0.002857142857142857 0.0076142131979695426
1 0.805 0.35850253807106597 0.002857142857142857 0.006345177664974619
1 0.8025 0.3546954314720812 0.005 0.008883248730964466
1 0.7692857142857142 0.3261421319796954 0.002857142857142857 0.01015228426395939
1 0.7664285714285715 0.324238578680203 0.002857142857142857 0.006345177664974619
1 0.7971428571428572 0.33185279187817257 0.002857142857142857 0.006345177664974619
1 0.7892857142857143 0.3305837563451776 0.002857142857142857 0.006345177664974619
1 0.8021428571428572 0.3096446700507614 0.002857142857142857 0.005076142131979695
1 0.7564285714285715 0.30203045685279184 0.002857142857142857 0.005076142131979695
1 0.7539285714285714 0.2975888324873096 0.0035714285714285713 0.008883248730964466
0 0.8125 0.23350253807106597 0.005 0.01015228426395939
0 0.8071428571428572 0.23730964467005075 0.002857142857142857 0.012690355329949238
0 0.8042857142857143 0.23540609137055835 0.002857142857142857 0.008883248730964466
0 0.8 0.24175126903553298 0.002857142857142857 0.011421319796954314
0 0.7946428571428571 0.2480964467005076 0.005 0.011421319796954314
0 0.8425 0.2049492385786802 0.005 0.016497461928934008
0 0.8246428571428571 0.18908629441624364 0.005 0.012690355329949238
0 0.8725 0.15736040609137056 0.005 0.012690355329949238
0 0.8921428571428571 0.2715736040609137 0.004285714285714286 0.012690355329949238
0 0.7942857142857143 0.2296954314720812 0.002857142857142857 0.012690355329949238
0 0.8042857142857143 0.22398477157360405 0.002857142857142857 0.011421319796954314
0 0.8 0.22081218274111675 0.002857142857142857 0.012690355329949238
0 0.7971428571428572 0.2214467005076142 0.002857142857142857 0.008883248730964466
0 0.7946428571428571 0.22588832487309643 0.002142857142857143 0.01015228426395939
0 0.8021428571428572 0.13769035532994922 0.005714285714285714 0.016497461928934008
0 0.8178571428571428 0.12563451776649745 0.004285714285714286 0.012690355329949238
0 0.8221428571428572 0.11104060913705582 0.004285714285714286 0.011421319796954314
0 0.8139285714285714 0.11675126903553298 0.005 0.012690355329949238
0 0.8217857142857142 0.08756345177664974 0.0035714285714285713 0.012690355329949238
0 0.8328571428571429 0.08058375634517766 0.002857142857142857 0.008883248730964466
0 0.8314285714285714 0.07931472081218273 0.002857142857142857 0.008883248730964466
0 0.7546428571428572 0.10596446700507614 0.002142857142857143 0.013959390862944161
0 0.7514285714285714 0.10723350253807105 0.004285714285714286 0.013959390862944161
1 0.8753571428571428 0.12436548223350252 0.0035714285714285713 0.0076142131979695426
1 0.8725 0.12182741116751268 0.005 0.01015228426395939
1 0.8596428571428572 0.09200507614213198 0.005 0.006345177664974619
1 0.8567857142857143 0.09010152284263959 0.005 0.005076142131979695
1 0.855 0.08502538071065989 0.002857142857142857 0.0076142131979695426
1 0.8539285714285715 0.08439086294416243 0.005 0.008883248730964466
1 0.8471428571428572 0.052030456852791875 0.002857142857142857 0.0076142131979695426
1 0.8514285714285714 0.052030456852791875 0.004285714285714286 0.005076142131979695
1 0.85 0.04314720812182741 0.002857142857142857 0.005076142131979695
0 0.8121428571428572 0.03109137055837563 0.002857142857142857 0.008883248730964466
1 0.7878571428571428 0.11802030456852791 0.002857142857142857 0.0076142131979695426
1 0.7846428571428572 0.11675126903553298 0.002142857142857143 0.0076142131979695426
0 0.7771428571428571 0.009517766497461928 0.004285714285714286 0.011421319796954314
0 0.7728571428571429 0.0069796954314720805 0.002857142857142857 0.013959390862944161
0 0.7517857142857143 0.026649746192893398 0.0035714285714285713 0.012690355329949238
0 0.8242857142857143 0.006345177664974619 0.002857142857142857 0.012690355329949238
0 0.8871428571428571 0.012690355329949238 0.002857142857142857 0.01015228426395939
0 0.8825 0.011421319796954314 0.0035714285714285713 0.01015228426395939
1 0.8296428571428571 0.01015228426395939 0.002142857142857143 0.005076142131979695
0 0.8978571428571429 0.174492385786802 0.004285714285714286 0.011421319796954314
0 0.9021428571428571 0.17956852791878172 0.002857142857142857 0.013959390862944161
0 0.9128571428571428 0.21383248730964466 0.004285714285714286 0.008883248730964466
0 0.9203571428571429 0.23223350253807104 0.0035714285714285713 0.012690355329949238
0 0.9192857142857143 0.22017766497461927 0.004285714285714286 0.011421319796954314
0 0.9178571428571428 0.2531725888324873 0.005714285714285714 0.013959390862944161
0 0.9628571428571429 0.16751269035532992 0.004285714285714286 0.015228426395939085
0 0.9667857142857142 0.1681472081218274 0.0035714285714285713 0.011421319796954314
0 0.9664285714285714 0.18654822335025378 0.005714285714285714 0.015228426395939085
0 0.98 0.2049492385786802 0.002857142857142857 0.011421319796954314
0 0.9842857142857143 0.20368020304568527 0.002857142857142857 0.008883248730964466
0 0.9521428571428572 0.2652284263959391 0.004285714285714286 0.012690355329949238
1 0.9271428571428572 0.2246192893401015 0.007142857142857143 0.01015228426395939
0 0.895 0.3508883248730964 0.007142857142857143 0.011421319796954314
0 0.9017857142857143 0.4428934010152284 0.005 0.012690355329949238
0 0.8975 0.350253807106599 0.005 0.012690355329949238
0 0.9046428571428572 0.4378172588832487 0.005 0.01015228426395939
0 0.9078571428571428 0.4365482233502538 0.004285714285714286 0.012690355329949238
0 0.9053571428571429 0.4308375634517766 0.0035714285714285713 0.011421319796954314
0 0.9089285714285714 0.42703045685279184 0.0035714285714285713 0.011421319796954314
0 0.96 0.44670050761421315 0.002857142857142857 0.01015228426395939
1 0.9653571428571428 0.45050761421319796 0.0035714285714285713 0.01015228426395939
1 0.9603571428571429 0.391497461928934 0.0035714285714285713 0.006345177664974619
1 0.9671428571428572 0.4682741116751269 0.002857142857142857 0.0076142131979695426
