3 0.09107515657620041 0.4457328385899815 0.07985386221294362 0.07699443413729128
3 0.06184759916492692 0.5166975881261595 0.07359081419624217 0.061224489795918366
3 0.02766179540709812 0.7286641929499073 0.052192066805845504 0.14192949907235622
1 0.22912317327766177 0.35482374768089053 0.013569937369519832 0.021335807050092765
1 0.22546972860125258 0.35714285714285715 0.006263048016701461 0.011131725417439703
3 0.2531315240083507 0.2430426716141002 0.04279749478079332 0.1150278293135436
2 0.3549060542797494 0.32606679035250463 0.011482254697286011 0.03803339517625232
9 0.3669102296450939 0.3293135435992579 0.009394572025052192 0.0352504638218924
9 0.4590292275574112 0.2949907235621521 0.009916492693110646 0.04081632653061225
9 0.44024008350730687 0.31864564007421153 0.009916492693110646 0.039888682745825604
9 0.42588726513569936 0.36038961038961037 0.009394572025052192 0.03803339517625232
3 0.3068893528183716 0.4907235621521336 0.06471816283924843 0.06493506493506494
9 0.6017745302713987 0.3682745825602968 0.008350730688935281 0.03710575139146568
9 0.6148225469728601 0.3678107606679035 0.0073068893528183704 0.03803339517625232
1 0.6683194154488518 0.35992578849721707 0.019311064718162838 0.01855287569573284
1 0.6683194154488518 0.39935064935064934 0.016179540709812108 0.026901669758812616
3 0.48669102296450933 0.33719851576994436 0.04123173277661795 0.12523191094619665
3 0.7763569937369519 0.46335807050092764 0.04227557411273486 0.11410018552875696
3 0.8538622129436325 0.5060296846011132 0.038622129436325675 0.11410018552875696
3 0.6764091858037578 0.6938775510204082 0.044885177453027135 0.137291280148423
3 0.720250521920668 0.7193877551020408 0.04175365344467641 0.1345083487940631
3 0.7586116910229644 0.7541743970315399 0.04227557411273486 0.13543599257884972
3 0.7985386221294363 0.7847866419294991 0.044885177453027135 0.13543599257884972
3 0.8546450939457202 0.8232838589981447 0.04331941544885177 0.13079777365491652
3 0.8982254697286012 0.8260667903525046 0.04697286012526095 0.1345083487940631
