4 0.12964285714285714 0.4076190476190476 0.08785714285714286 0.09523809523809523
4 0.32035714285714284 0.5823809523809523 0.07642857142857143 0.07904761904761905
5 0.18178571428571427 0.5595238095238095 0.10214285714285715 0.11333333333333333
4 0.0775 0.7952380952380952 0.07357142857142857 0.10666666666666666
3 0.3317857142857143 0.7076190476190476 0.09357142857142857 0.11047619047619048
3 0.225 0.49238095238095236 0.09142857142857143 0.09523809523809523
3 0.047142857142857146 0.11714285714285715 0.08285714285714285 0.08761904761904762
3 0.11428571428571428 0.8452380952380952 0.08571428571428572 0.13047619047619047
3 0.19178571428571428 0.9266666666666666 0.08214285714285714 0.14476190476190476
3 0.15214285714285714 0.8819047619047619 0.08285714285714285 0.13523809523809524
4 0.04 0.7638095238095238 0.08142857142857143 0.1180952380952381
3 0.02035714285714286 0.7119047619047619 0.04214285714285714 0.0980952380952381
3 0.23892857142857143 0.95 0.07357142857142857 0.0980952380952381
3 0.2892857142857143 0.9695238095238096 0.05 0.05714285714285714
4 0.5842857142857143 0.959047619047619 0.054285714285714284 0.07809523809523809
3 0.735 0.8614285714285714 0.07857142857142857 0.1457142857142857
3 0.7392857142857143 0.24714285714285714 0.07142857142857142 0.11714285714285715
6 0.12214285714285714 0.07428571428571429 0.047142857142857146 0.047619047619047616
0 0.11964285714285715 0.05714285714285714 0.015 0.024761904761904763
0 0.28285714285714286 0.2019047619047619 0.011428571428571429 0.024761904761904763
2 0.3003571428571429 0.2195238095238095 0.030714285714285715 0.02761904761904762
0 0.36214285714285716 0.1595238095238095 0.01 0.035238095238095235
0 0.4714285714285714 0.1442857142857143 0.011428571428571429 0.035238095238095235
0 0.4617857142857143 0.17714285714285713 0.012142857142857143 0.02857142857142857
0 0.46964285714285714 0.10714285714285714 0.012142857142857143 0.029523809523809525
0 0.3467857142857143 0.1 0.019285714285714285 0.03238095238095238
0 0.3889285714285714 0.06428571428571428 0.013571428571428571 0.035238095238095235
0 0.4853571428571429 0.10142857142857142 0.012142857142857143 0.02761904761904762
0 0.4614285714285714 0.08714285714285715 0.01 0.02761904761904762
4 0.18714285714285714 0.034761904761904765 0.07285714285714286 0.06952380952380953
4 0.30964285714285716 0.10666666666666666 0.09214285714285714 0.10476190476190476
7 0.3575 0.09523809523809523 0.045 0.04380952380952381
0 0.32785714285714285 0.051904761904761905 0.015714285714285715 0.02761904761904762
0 0.575 0.2123809523809524 0.012857142857142857 0.030476190476190476
9 0.4275 0.24142857142857144 0.02214285714285714 0.021904761904761906
6 0.40214285714285714 0.17714285714285713 0.055714285714285716 0.047619047619047616
0 0.42142857142857143 0.1742857142857143 0.017142857142857144 0.02095238095238095
0 0.3921428571428571 0.1519047619047619 0.012857142857142857 0.02
1 0.37285714285714283 0.16476190476190475 0.01 0.02095238095238095
5 0.5121428571428571 0.2638095238095238 0.12285714285714286 0.12380952380952381
4 0.6046428571428571 0.3519047619047619 0.075 0.08285714285714285
0 0.5914285714285714 0.2795238095238095 0.012857142857142857 0.02761904761904762
0 0.6028571428571429 0.27380952380952384 0.011428571428571429 0.02761904761904762
0 0.7371428571428571 0.33904761904761904 0.015714285714285715 0.024761904761904763
0 0.78 0.4142857142857143 0.018571428571428572 0.022857142857142857
0 0.665 0.2671428571428571 0.01 0.029523809523809525
1 0.5725 0.12476190476190477 0.009285714285714286 0.024761904761904763
1 0.7621428571428571 0.4638095238095238 0.017142857142857144 0.024761904761904763
9 0.7567857142857143 0.4595238095238095 0.03214285714285714 0.04666666666666667
0 0.8067857142857143 0.37952380952380954 0.017857142857142856 0.021904761904761906
0 0.7025 0.24 0.015 0.03238095238095238
0 0.84 0.029523809523809525 0.022857142857142857 0.04
0 0.8589285714285714 0.017142857142857144 0.017857142857142856 0.03428571428571429
0 0.7942857142857143 0.32904761904761903 0.017142857142857144 0.02761904761904762
5 0.8142857142857143 0.25761904761904764 0.09714285714285714 0.1457142857142857
0 0.47 0.7252380952380952 0.014285714285714285 0.025714285714285714
1 0.49464285714285716 0.9676190476190476 0.012142857142857143 0.022857142857142857
1 0.5053571428571428 0.9247619047619048 0.016428571428571428 0.030476190476190476
9 0.5078571428571429 0.9252380952380952 0.03 0.037142857142857144
9 0.49714285714285716 0.9619047619047619 0.024285714285714285 0.03238095238095238
7 0.3464285714285714 0.9495238095238095 0.05857142857142857 0.06476190476190476
0 0.3975 0.959047619047619 0.016428571428571428 0.03238095238095238
0 0.3525 0.9871428571428571 0.012142857142857143 0.021904761904761906
0 0.37785714285714284 0.9495238095238095 0.014285714285714285 0.02095238095238095
0 0.36678571428571427 0.9695238095238096 0.015 0.024761904761904763
