0 0.20142857142857143 0.5114285714285715 0.017142857142857144 0.030476190476190476
0 0.21535714285714286 0.5219047619047619 0.015 0.024761904761904763
0 0.35035714285714287 0.5119047619047619 0.0064285714285714285 0.018095238095238095
0 0.34964285714285714 0.5295238095238095 0.007857142857142858 0.02095238095238095
0 0.3525 0.5623809523809524 0.005 0.02
0 0.3464285714285714 0.7242857142857143 0.008571428571428572 0.02
0 0.3375 0.7214285714285714 0.009285714285714286 0.018095238095238095
0 0.34785714285714286 0.7619047619047619 0.01 0.01904761904761905
0 0.36 0.7790476190476191 0.012857142857142857 0.013333333333333332
0 0.3439285714285714 0.2976190476190476 0.007857142857142858 0.018095238095238095
0 0.3342857142857143 0.33476190476190476 0.007142857142857143 0.018095238095238095
0 0.3367857142857143 0.37666666666666665 0.007857142857142858 0.02
9 0.32535714285714284 0.7476190476190476 0.023571428571428573 0.015238095238095238
9 0.3492857142857143 0.7666666666666667 0.008571428571428572 0.03619047619047619
9 0.35964285714285715 0.7814285714285715 0.012142857142857143 0.035238095238095235
9 0.3271428571428571 0.5914285714285714 0.017142857142857144 0.01904761904761905
3 0.8296428571428571 0.21142857142857144 0.015 0.030476190476190476
3 0.9064285714285715 0.22904761904761906 0.041428571428571426 0.02
3 0.9596428571428571 0.2319047619047619 0.045 0.02
3 0.9917857142857143 0.2338095238095238 0.015 0.021904761904761906
3 0.8925 0.2642857142857143 0.03357142857142857 0.02
3 0.8525 0.2642857142857143 0.04071428571428572 0.02
3 0.8446428571428571 0.2752380952380952 0.03785714285714286 0.022857142857142857
3 0.8342857142857143 0.2995238095238095 0.041428571428571426 0.02
3 0.835 0.3142857142857143 0.04428571428571428 0.01904761904761905
3 0.8289285714285715 0.34523809523809523 0.04357142857142857 0.025714285714285714
3 0.8275 0.36714285714285716 0.047857142857142855 0.03142857142857143
3 0.8221428571428572 0.3823809523809524 0.05 0.03142857142857143
3 0.8153571428571429 0.4023809523809524 0.045 0.02761904761904762
3 0.8071428571428572 0.4419047619047619 0.05 0.03238095238095238
3 0.8021428571428572 0.4642857142857143 0.06 0.037142857142857144
3 0.7921428571428571 0.5042857142857143 0.05285714285714286 0.040952380952380955
3 0.7896428571428571 0.5295238095238095 0.055 0.03238095238095238
3 0.7814285714285715 0.5771428571428572 0.05857142857142857 0.0419047619047619
4 0.7846428571428572 0.5495238095238095 0.052142857142857144 0.03428571428571429
4 0.8021428571428572 0.48523809523809525 0.06285714285714286 0.040952380952380955
4 0.8142857142857143 0.4219047619047619 0.05 0.030476190476190476
4 0.8328571428571429 0.32761904761904764 0.04285714285714286 0.026666666666666665
4 0.8371428571428572 0.2819047619047619 0.04 0.02857142857142857
3 0.5675 0.549047619047619 0.05785714285714286 0.037142857142857144
3 0.5671428571428572 0.5795238095238096 0.054285714285714284 0.037142857142857144
3 0.6096428571428572 0.61 0.055 0.037142857142857144
3 0.6746428571428571 0.6414285714285715 0.05785714285714286 0.05047619047619047
3 0.745 0.6838095238095238 0.04285714285714286 0.045714285714285714
3 0.8 0.6271428571428571 0.05714285714285714 0.05238095238095238
3 0.8567857142857143 0.66 0.04928571428571429 0.049523809523809526
3 0.8121428571428572 0.7295238095238096 0.06 0.06285714285714286
3 0.7442857142857143 0.7914285714285715 0.05857142857142857 0.05904761904761905
3 0.7364285714285714 0.8342857142857143 0.07571428571428572 0.06285714285714286
3 0.7339285714285714 0.8695238095238095 0.062142857142857146 0.047619047619047616
3 0.9675 0.8395238095238096 0.06357142857142857 0.06571428571428571
3 0.9610714285714286 0.9709523809523809 0.07642857142857143 0.05619047619047619
3 0.9621428571428572 0.789047619047619 0.07285714285714286 0.07333333333333333
3 0.9821428571428571 0.7423809523809524 0.03428571428571429 0.04476190476190476
3 0.9203571428571429 0.6971428571428572 0.06357142857142857 0.06285714285714286
4 0.7646428571428572 0.7547619047619047 0.062142857142857146 0.06190476190476191
1 0.31214285714285717 0.5419047619047619 0.007142857142857143 0.009523809523809525
