4 0.4425 0.05714285714285714 0.027857142857142858 0.08
3 0.6446428571428572 0.09761904761904762 0.030714285714285715 0.07523809523809524
3 0.6096428571428572 0.16 0.035 0.07238095238095238
1 0.605 0.15476190476190477 0.012857142857142857 0.02
0 0.6942857142857143 0.04666666666666667 0.011428571428571429 0.024761904761904763
3 0.6478571428571429 0.012380952380952381 0.025714285714285714 0.026666666666666665
3 0.5553571428571429 0.1 0.023571428571428573 0.049523809523809526
4 0.6346428571428572 0.2947619047619048 0.035 0.09047619047619047
3 0.6239285714285714 0.4076190476190476 0.035 0.09333333333333334
3 0.5775 0.3852380952380952 0.029285714285714286 0.08285714285714285
6 0.4114285714285714 0.22714285714285715 0.047142857142857146 0.04476190476190476
4 0.6171428571428571 0.5871428571428572 0.037142857142857144 0.1
4 0.6125 0.909047619047619 0.03357142857142857 0.10571428571428572
3 0.6096428571428572 0.76 0.039285714285714285 0.10476190476190476
3 0.5303571428571429 0.6795238095238095 0.035 0.11523809523809524
3 0.5103571428571428 0.5119047619047619 0.03357142857142857 0.09428571428571429
3 0.23714285714285716 0.9623809523809523 0.07714285714285714 0.07333333333333333
3 0.3425 0.7376190476190476 0.045 0.11523809523809524
3 0.2621428571428571 0.8252380952380952 0.09285714285714286 0.054285714285714284
3 0.30214285714285716 0.5747619047619048 0.07714285714285714 0.05238095238095238
4 0.33964285714285714 0.42714285714285716 0.055 0.06
9 0.27964285714285714 0.6095238095238096 0.027857142857142858 0.017142857142857144
2 0.3767857142857143 0.4776190476190476 0.010714285714285714 0.03142857142857143
2 0.3578571428571429 0.34476190476190477 0.024285714285714285 0.015238095238095238
9 0.4642857142857143 0.08428571428571428 0.012857142857142857 0.037142857142857144
9 0.5 0.14714285714285713 0.01 0.037142857142857144
1 0.46464285714285714 0.08 0.012142857142857143 0.02857142857142857
1 0.4992857142857143 0.14666666666666667 0.008571428571428572 0.026666666666666665
1 0.37714285714285717 0.4742857142857143 0.012857142857142857 0.017142857142857144
0 0.4742857142857143 0.10142857142857142 0.007142857142857143 0.02
9 0.47964285714285715 0.11761904761904762 0.019285714285714285 0.037142857142857144
0 0.4878571428571429 0.10428571428571429 0.008571428571428572 0.02
1 0.6421428571428571 0.4866666666666667 0.01 0.015238095238095238
0 0.5596428571428571 0.43476190476190474 0.007857142857142858 0.018095238095238095
1 0.5375 0.3223809523809524 0.012142857142857143 0.01619047619047619
9 0.5367857142857143 0.3271428571428571 0.007857142857142858 0.035238095238095235
2 0.34035714285714286 0.17714285714285713 0.020714285714285713 0.015238095238095238
2 0.36964285714285716 0.20476190476190476 0.02214285714285714 0.015238095238095238
0 0.39964285714285713 0.25142857142857145 0.007857142857142858 0.022857142857142857
0 0.4114285714285714 0.25142857142857145 0.01 0.02095238095238095
0 0.4064285714285714 0.2752380952380952 0.011428571428571429 0.01904761904761905
0 0.41714285714285715 0.2719047619047619 0.007142857142857143 0.02
0 0.42464285714285716 0.30904761904761907 0.010714285714285714 0.02761904761904762
0 0.43714285714285717 0.31666666666666665 0.01 0.025714285714285714
0 0.43642857142857144 0.37142857142857144 0.01 0.024761904761904763
0 0.4175 0.46190476190476193 0.009285714285714286 0.02095238095238095
0 0.395 0.4519047619047619 0.01 0.023809523809523808
0 0.4064285714285714 0.45380952380952383 0.01 0.021904761904761906
5 0.3742857142857143 0.14714285714285713 0.09571428571428571 0.08476190476190476
5 0.3775 0.1138095238095238 0.085 0.07904761904761905
