8 0.5796428571428571 0.689047619047619 0.045 0.08857142857142856
3 0.5314285714285715 0.9414285714285714 0.03857142857142857 0.08857142857142856
3 0.7442857142857143 0.7538095238095238 0.032857142857142856 0.05238095238095238
3 0.5542857142857143 0.5566666666666666 0.014285714285714285 0.02761904761904762
3 0.5925 0.9666666666666667 0.04214285714285714 0.06476190476190476
3 0.5628571428571428 0.6242857142857143 0.02 0.02761904761904762
3 0.58 0.5542857142857143 0.017142857142857144 0.022857142857142857
3 0.5864285714285714 0.49142857142857144 0.011428571428571429 0.017142857142857144
3 0.5842857142857143 0.4423809523809524 0.008571428571428572 0.012380952380952381
3 0.595 0.40190476190476193 0.007142857142857143 0.007619047619047619
3 0.5971428571428572 0.4095238095238095 0.007142857142857143 0.007619047619047619
3 0.595 0.3923809523809524 0.01 0.007619047619047619
3 0.5867857142857142 0.3842857142857143 0.0035714285714285713 0.004761904761904762
3 0.5975 0.3514285714285714 0.005 0.007619047619047619
9 0.4875 0.6971428571428572 0.007857142857142858 0.024761904761904763
1 0.4875 0.6842857142857143 0.005 0.012380952380952381
3 0.5717857142857142 0.5819047619047619 0.017857142857142856 0.02857142857142857
3 0.5917857142857142 0.4714285714285714 0.010714285714285714 0.013333333333333332
8 0.5703571428571429 0.49952380952380954 0.012142857142857143 0.02761904761904762
0 0.5839285714285715 0.4247619047619048 0.002142857142857143 0.009523809523809525
0 0.58 0.4247619047619048 0.0014285714285714286 0.009523809523809525
9 0.5753571428571429 0.42666666666666664 0.002142857142857143 0.007619047619047619
9 0.5792857142857143 0.4095238095238095 0.002857142857142857 0.007619047619047619
9 0.5853571428571429 0.41714285714285715 0.0035714285714285713 0.007619047619047619
9 0.5896428571428571 0.37523809523809526 0.002142857142857143 0.007619047619047619
1 0.5896428571428571 0.3742857142857143 0.005 0.007619047619047619
1 0.5796428571428571 0.40714285714285714 0.002142857142857143 0.004761904761904762
1 0.5853571428571429 0.4147619047619048 0.002142857142857143 0.002857142857142857
1 0.5753571428571429 0.42238095238095236 0.002142857142857143 0.004761904761904762
1 0.6771428571428572 0.4471428571428571 0.002857142857142857 0.004761904761904762
9 0.6767857142857143 0.4519047619047619 0.005 0.012380952380952381
3 0.6475 0.3914285714285714 0.005 0.005714285714285714
3 0.6346428571428572 0.37666666666666665 0.005 0.006666666666666666
3 0.6242857142857143 0.3519047619047619 0.004285714285714286 0.004761904761904762
3 0.6217857142857143 0.3376190476190476 0.0035714285714285713 0.004761904761904762
3 0.63 0.3476190476190476 0.002857142857142857 0.0038095238095238095
9 0.7821428571428571 0.7019047619047619 0.015714285714285715 0.009523809523809525
