2 0.5028571428571429 0.48714285714285716 0.03 0.02761904761904762
9 0.5764285714285714 0.4895238095238095 0.02857142857142857 0.022857142857142857
6 0.3167857142857143 0.6166666666666667 0.025 0.05238095238095238
2 0.6692857142857143 0.49476190476190474 0.027142857142857142 0.029523809523809525
3 0.6275 0.5914285714285714 0.09357142857142857 0.05333333333333333
3 0.5067857142857143 0.5819047619047619 0.085 0.049523809523809526
3 0.8446428571428571 0.6995238095238095 0.07785714285714286 0.11333333333333333
3 0.9317857142857143 0.6438095238095238 0.08214285714285714 0.10476190476190476
9 0.82 0.5014285714285714 0.03 0.035238095238095235
2 0.19 0.48714285714285716 0.015714285714285715 0.03142857142857143
9 0.0175 0.6195238095238095 0.027857142857142858 0.04666666666666667
5 0.18714285714285714 0.5566666666666666 0.16285714285714287 0.1
3 0.044642857142857144 0.6647619047619048 0.08928571428571429 0.11047619047619048
0 0.42928571428571427 0.549047619047619 0.012857142857142857 0.037142857142857144
0 0.36714285714285716 0.5723809523809524 0.01 0.03238095238095238
3 0.6021428571428571 0.7023809523809523 0.05285714285714286 0.13047619047619047
