3 0.3775 0.7742857142857142 0.035 0.09523809523809523
7 0.4828571428571429 0.6023809523809524 0.03 0.07333333333333333
3 0.39785714285714285 0.5847619047619048 0.032857142857142856 0.047619047619047616
3 0.42928571428571427 0.4119047619047619 0.02142857142857143 0.029523809523809525
3 0.5221428571428571 0.2895238095238095 0.012857142857142857 0.02095238095238095
4 0.3914285714285714 0.6571428571428571 0.032857142857142856 0.08952380952380952
0 0.21642857142857141 0.2642857142857143 0.005714285714285714 0.012380952380952381
0 0.21214285714285713 0.2623809523809524 0.005714285714285714 0.012380952380952381
0 0.3628571428571429 0.19476190476190477 0.004285714285714286 0.004761904761904762
3 0.5171428571428571 0.12476190476190477 0.004285714285714286 0.007619047619047619
0 0.48892857142857143 0.2276190476190476 0.0035714285714285713 0.011428571428571429
0 0.515 0.19666666666666666 0.002857142857142857 0.010476190476190476
0 0.5146428571428572 0.2276190476190476 0.002142857142857143 0.011428571428571429
0 0.5171428571428571 0.22523809523809524 0.002857142857142857 0.008571428571428572
9 0.5821428571428572 0.24523809523809523 0.005714285714285714 0.012380952380952381
9 0.5896428571428571 0.24714285714285714 0.005 0.012380952380952381
3 0.4492857142857143 0.3047619047619048 0.015714285714285715 0.024761904761904763
3 0.6814285714285714 0.28476190476190477 0.015714285714285715 0.022857142857142857
0 0.5753571428571429 0.7947619047619048 0.012142857142857143 0.029523809523809525
1 0.505 0.7266666666666667 0.012857142857142857 0.017142857142857144
1 0.4275 0.6638095238095238 0.010714285714285714 0.01904761904761905
9 0.4278571428571429 0.6776190476190476 0.012857142857142857 0.03333333333333333
9 0.5067857142857143 0.7342857142857143 0.012142857142857143 0.04
