4 0.0425 0.9152380952380952 0.039285714285714285 0.022857142857142857
3 0.19678571428571429 0.8747619047619047 0.02642857142857143 0.04476190476190476
3 0.01 0.7066666666666667 0.02 0.024761904761904763
3 0.21214285714285713 0.4219047619047619 0.03 0.017142857142857144
4 0.34214285714285714 0.5242857142857142 0.03 0.02
4 0.41464285714285715 0.5576190476190476 0.03785714285714286 0.023809523809523808
4 0.5653571428571429 0.2638095238095238 0.012142857142857143 0.03619047619047619
3 0.5117857142857143 0.19476190476190477 0.012142857142857143 0.037142857142857144
3 0.5503571428571429 0.047142857142857146 0.012142857142857143 0.02761904761904762
3 0.5603571428571429 0.4423809523809524 0.013571428571428571 0.035238095238095235
3 0.42 0.46714285714285714 0.03428571428571429 0.021904761904761906
3 0.4521428571428571 0.2642857142857143 0.027142857142857142 0.02761904761904762
3 0.6246428571428572 0.28714285714285714 0.027857142857142858 0.021904761904761906
3 0.6167857142857143 0.5042857142857143 0.030714285714285715 0.035238095238095235
3 0.6139285714285714 0.559047619047619 0.03357142857142857 0.024761904761904763
3 0.6121428571428571 0.65 0.015714285714285715 0.04857142857142857
3 0.37 0.9171428571428571 0.03857142857142857 0.024761904761904763
0 0.5592857142857143 0.91 0.007142857142857143 0.01619047619047619
0 0.5375 0.5019047619047619 0.005 0.009523809523809525
0 0.47928571428571426 0.31238095238095237 0.005714285714285714 0.017142857142857144
0 0.5967857142857143 0.3047619047619048 0.005 0.015238095238095238
3 0.78 0.3242857142857143 0.03 0.02
3 0.7878571428571428 0.21476190476190476 0.014285714285714285 0.037142857142857144
3 0.6796428571428571 0.77 0.035 0.02761904761904762
3 0.785 0.7176190476190476 0.022857142857142857 0.04285714285714286
3 0.8096428571428571 0.7142857142857143 0.02214285714285714 0.047619047619047616
3 0.8296428571428571 0.7123809523809523 0.020714285714285713 0.047619047619047616
3 0.8478571428571429 0.7147619047619047 0.02 0.04476190476190476
3 0.8667857142857143 0.7166666666666667 0.017857142857142856 0.05238095238095238
3 0.8825 0.7 0.017857142857142856 0.047619047619047616
3 0.9025 0.7276190476190476 0.016428571428571428 0.049523809523809526
3 0.9275 0.7195238095238096 0.020714285714285713 0.05047619047619047
3 0.9521428571428572 0.7247619047619047 0.02 0.049523809523809526
3 0.9728571428571429 0.7323809523809524 0.018571428571428572 0.047619047619047616
3 0.7678571428571429 0.7052380952380952 0.022857142857142857 0.04476190476190476
3 0.765 0.66 0.03428571428571429 0.04
3 0.675 0.68 0.024285714285714285 0.0419047619047619
3 0.7014285714285714 0.7019047619047619 0.024285714285714285 0.047619047619047616
3 0.5917857142857142 0.63 0.015 0.04476190476190476
3 0.6525 0.6671428571428571 0.020714285714285713 0.037142857142857144
3 0.6421428571428571 0.9019047619047619 0.04 0.030476190476190476
3 0.625 0.9347619047619048 0.03857142857142857 0.025714285714285714
3 0.6217857142857143 0.4519047619047619 0.015 0.039047619047619046
3 0.6196428571428572 0.40190476190476193 0.015 0.0419047619047619
3 0.63 0.6166666666666667 0.03142857142857143 0.02761904761904762
3 0.7253571428571428 0.7047619047619048 0.025 0.049523809523809526
4 0.75 0.71 0.02142857142857143 0.040952380952380955
4 0.5903571428571428 0.6842857142857143 0.015 0.04476190476190476
4 0.6189285714285714 0.7219047619047619 0.03214285714285714 0.03238095238095238
4 0.6278571428571429 0.6695238095238095 0.017142857142857144 0.049523809523809526
4 0.6317857142857143 0.8242857142857143 0.019285714285714285 0.05047619047619047
5 0.58 0.8119047619047619 0.017142857142857144 0.06
5 0.72 0.6576190476190477 0.047142857142857146 0.029523809523809525
5 0.8889285714285714 0.7914285714285715 0.04642857142857143 0.026666666666666665
4 0.9442857142857143 0.7819047619047619 0.045714285714285714 0.024761904761904763
3 0.6314285714285715 0.8695238095238095 0.037142857142857144 0.026666666666666665
3 0.6396428571428572 0.9766666666666667 0.04214285714285714 0.029523809523809525
9 0.42 0.86 0.007142857142857143 0.026666666666666665
9 0.425 0.8719047619047618 0.007142857142857143 0.025714285714285714
