3 0.98 0.6190476190476191 0.032857142857142856 0.03428571428571429
3 0.74 0.25476190476190474 0.007142857142857143 0.008571428571428572
5 0.7571428571428571 0.2619047619047619 0.02 0.009523809523809525
5 0.7292857142857143 0.2419047619047619 0.014285714285714285 0.009523809523809525
5 0.61 0.3 0.02 0.024761904761904763
5 0.65 0.27714285714285714 0.024285714285714285 0.024761904761904763
5 0.5978571428571429 0.3252380952380952 0.011428571428571429 0.02
3 0.5617857142857143 0.25523809523809526 0.005 0.007619047619047619
3 0.5967857142857143 0.36904761904761907 0.007857142857142858 0.012380952380952381
5 0.5846428571428571 0.47 0.012142857142857143 0.029523809523809525
8 0.59 0.5495238095238095 0.018571428571428572 0.06285714285714286
9 0.6189285714285714 0.6519047619047619 0.0064285714285714285 0.02
1 0.6192857142857143 0.6471428571428571 0.005714285714285714 0.014285714285714285
3 0.4064285714285714 0.36523809523809525 0.024285714285714285 0.014285714285714285
5 0.3875 0.4023809523809524 0.035 0.02761904761904762
3 0.3296428571428571 0.5 0.029285714285714286 0.01904761904761905
3 0.3192857142857143 0.5214285714285715 0.03 0.02
3 0.30714285714285716 0.54 0.03 0.01904761904761905
3 0.295 0.5623809523809524 0.03 0.02
3 0.22428571428571428 0.659047619047619 0.04285714285714286 0.026666666666666665
3 0.1175 0.7119047619047619 0.03785714285714286 0.05238095238095238
3 0.1392857142857143 0.6719047619047619 0.03428571428571429 0.035238095238095235
3 0.1925 0.6123809523809524 0.03214285714285714 0.03238095238095238
3 0.19464285714285715 0.7114285714285714 0.035 0.03619047619047619
3 0.1675 0.7490476190476191 0.039285714285714285 0.03333333333333333
3 0.08392857142857142 0.8723809523809524 0.06785714285714285 0.047619047619047616
3 0.02892857142857143 0.9747619047619047 0.05785714285714286 0.04476190476190476
5 0.9803571428571428 0.6823809523809524 0.02642857142857143 0.035238095238095235
