8 0.43214285714285716 0.5558375634517766 0.05 0.11928934010152284
4 0.42714285714285716 0.4942893401015228 0.022857142857142857 0.031725888324873094
3 0.3339285714285714 0.3692893401015228 0.016428571428571428 0.017766497461928932
3 0.2767857142857143 0.3559644670050761 0.015 0.016497461928934008
3 0.2671428571428571 0.26776649746192893 0.012857142857142857 0.012690355329949238
3 0.24428571428571427 0.30710659898477155 0.012857142857142857 0.015228426395939085
3 0.12785714285714286 0.2049492385786802 0.01 0.008883248730964466
3 0.10928571428571429 0.19923857868020303 0.011428571428571429 0.01015228426395939
3 0.027142857142857142 0.18654822335025378 0.01 0.0076142131979695426
3 0.011785714285714287 0.20558375634517764 0.012142857142857143 0.0076142131979695426
3 0.005357142857142857 0.17005076142131978 0.009285714285714286 0.012690355329949238
3 0.011428571428571429 0.13071065989847716 0.007142857142857143 0.0076142131979695426
3 0.022857142857142857 0.10977157360406091 0.005714285714285714 0.006345177664974619
3 0.0025 0.11865482233502538 0.005 0.006345177664974619
3 0.35892857142857143 0.14593908629441624 0.005 0.0076142131979695426
8 0.3921428571428571 0.1548223350253807 0.024285714285714285 0.015228426395939085
8 0.4392857142857143 0.1364213197969543 0.022857142857142857 0.013959390862944161
8 0.4642857142857143 0.1364213197969543 0.022857142857142857 0.013959390862944161
