3 0.66 0.6042857142857143 0.07285714285714286 0.06
3 0.7803571428571429 0.6347619047619047 0.105 0.06761904761904762
3 0.4875 0.56 0.052142857142857144 0.047619047619047616
3 0.43464285714285716 0.5619047619047619 0.045 0.047619047619047616
3 0.4742857142857143 0.4919047619047619 0.03428571428571429 0.029523809523809525
3 0.4775 0.46714285714285714 0.030714285714285715 0.02761904761904762
3 0.36464285714285716 0.4219047619047619 0.017857142857142856 0.01904761904761905
3 0.3442857142857143 0.3995238095238095 0.012857142857142857 0.012380952380952381
3 0.3175 0.42714285714285716 0.016428571428571428 0.018095238095238095
3 0.3314285714285714 0.44142857142857145 0.018571428571428572 0.02
3 0.3525 0.4676190476190476 0.023571428571428573 0.024761904761904763
3 0.37 0.4847619047619048 0.022857142857142857 0.030476190476190476
3 0.3867857142857143 0.5052380952380953 0.025 0.03333333333333333
3 0.40964285714285714 0.5252380952380953 0.03785714285714286 0.037142857142857144
3 0.3992857142857143 0.47904761904761906 0.027142857142857142 0.02857142857142857
3 0.4203571428571429 0.49523809523809526 0.035 0.04
4 0.4525 0.5195238095238095 0.03785714285714286 0.04666666666666667
3 0.9542857142857143 0.7947619047619048 0.09 0.10952380952380952
1 0.2567857142857143 0.8095238095238095 0.027857142857142858 0.06285714285714286
9 0.25535714285714284 0.8295238095238096 0.019285714285714285 0.05714285714285714
