5 0.6128571428571429 0.40714285714285714 0.06285714285714286 0.02
8 0.30642857142857144 0.4676190476190476 0.045714285714285714 0.024761904761904763
3 0.2642857142857143 0.41714285714285715 0.02142857142857143 0.017142857142857144
3 0.18 0.43523809523809526 0.02 0.01904761904761905
4 0.5171428571428571 0.2319047619047619 0.012857142857142857 0.02761904761904762
3 0.5371428571428571 0.22952380952380952 0.01 0.030476190476190476
4 0.6914285714285714 0.20952380952380953 0.024285714285714285 0.017142857142857144
4 0.7628571428571429 0.18761904761904763 0.011428571428571429 0.03619047619047619
4 0.7617857142857143 0.11238095238095239 0.012142857142857143 0.03238095238095238
4 0.5792857142857143 0.30238095238095236 0.012857142857142857 0.035238095238095235
4 0.34214285714285714 0.2723809523809524 0.01 0.03238095238095238
3 0.33 0.25 0.008571428571428572 0.023809523809523808
3 0.3539285714285714 0.22380952380952382 0.013571428571428571 0.030476190476190476
5 0.28035714285714286 0.75 0.06357142857142857 0.03333333333333333
5 0.66 0.7047619047619048 0.03 0.022857142857142857
3 0.6078571428571429 0.7295238095238096 0.024285714285714285 0.013333333333333332
3 0.6928571428571428 0.6942857142857143 0.024285714285714285 0.015238095238095238
8 0.8139285714285714 0.45476190476190476 0.047857142857142855 0.02761904761904762
3 0.745 0.4342857142857143 0.027142857142857142 0.015238095238095238
3 0.89 0.44 0.024285714285714285 0.015238095238095238
3 0.9375 0.43952380952380954 0.025 0.012380952380952381
3 0.92 0.41523809523809524 0.024285714285714285 0.013333333333333332
3 0.9767857142857143 0.4095238095238095 0.02642857142857143 0.013333333333333332
3 0.8817857142857143 0.4142857142857143 0.02642857142857143 0.015238095238095238
3 0.6725 0.16666666666666666 0.012142857142857143 0.03238095238095238
3 0.5571428571428572 0.36952380952380953 0.02 0.024761904761904763
3 0.79 0.2695238095238095 0.011428571428571429 0.030476190476190476
4 0.5971428571428572 0.33904761904761904 0.01 0.03238095238095238
3 0.5167857142857143 0.37238095238095237 0.009285714285714286 0.022857142857142857
3 0.9189285714285714 0.26 0.02214285714285714 0.013333333333333332
3 0.9464285714285714 0.2523809523809524 0.02 0.015238095238095238
3 0.8753571428571428 0.26142857142857145 0.020714285714285713 0.03142857142857143
3 0.8471428571428572 0.26 0.012857142857142857 0.03238095238095238
4 0.8153571428571429 0.2195238095238095 0.019285714285714285 0.014285714285714285
3 0.8521428571428571 0.1919047619047619 0.012857142857142857 0.029523809523809525
5 0.83 0.319047619047619 0.047142857142857146 0.024761904761904763
5 0.895 0.25952380952380955 0.027142857142857142 0.037142857142857144
6 0.9178571428571428 0.24904761904761905 0.015714285714285715 0.012380952380952381
3 0.8128571428571428 0.26476190476190475 0.012857142857142857 0.02857142857142857
3 0.8246428571428571 0.29904761904761906 0.015 0.02857142857142857
3 0.7039285714285715 0.32761904761904764 0.025 0.015238095238095238
3 0.6764285714285714 0.3295238095238095 0.022857142857142857 0.015238095238095238
4 0.6803571428571429 0.3442857142857143 0.023571428571428573 0.012380952380952381
3 0.08642857142857142 0.24666666666666667 0.024285714285714285 0.011428571428571429
3 0.10678571428571429 0.27 0.023571428571428573 0.012380952380952381
9 0.16535714285714287 0.49666666666666665 0.007857142857142858 0.004761904761904762
9 0.33 0.43476190476190474 0.007142857142857143 0.004761904761904762
9 0.33785714285714286 0.43666666666666665 0.007142857142857143 0.004761904761904762
6 0.43964285714285717 0.4142857142857143 0.017857142857142856 0.009523809523809525
9 0.39964285714285713 0.3495238095238095 0.010714285714285714 0.005714285714285714
9 0.4114285714285714 0.36714285714285716 0.011428571428571429 0.012380952380952381
