8 0.5092857142857142 0.7066666666666667 0.012857142857142857 0.024761904761904763
8 0.535 0.7042857142857143 0.012857142857142857 0.02
8 0.5596428571428571 0.7042857142857143 0.015 0.023809523809523808
8 0.47214285714285714 0.7066666666666667 0.01 0.024761904761904763
8 0.46 0.7076190476190476 0.01 0.024761904761904763
8 0.4471428571428571 0.7095238095238096 0.01 0.02095238095238095
8 0.4325 0.7095238095238096 0.009285714285714286 0.024761904761904763
8 0.44892857142857145 0.6952380952380952 0.02214285714285714 0.017142857142857144
8 0.36714285714285716 0.7166666666666667 0.027142857142857142 0.02
8 0.3846428571428571 0.7276190476190476 0.027857142857142858 0.01904761904761905
3 0.35892857142857143 0.729047619047619 0.016428571428571428 0.010476190476190476
3 0.4175 0.7347619047619047 0.016428571428571428 0.008571428571428572
3 0.48714285714285716 0.7271428571428571 0.017142857142857144 0.010476190476190476
3 0.5492857142857143 0.7266666666666667 0.017142857142857144 0.011428571428571429
3 0.49214285714285716 0.7666666666666667 0.02 0.013333333333333332
3 0.48714285714285716 0.7571428571428571 0.017142857142857144 0.009523809523809525
5 0.6453571428571429 0.7171428571428572 0.017857142857142856 0.009523809523809525
3 0.5689285714285715 0.6866666666666666 0.009285714285714286 0.007619047619047619
3 0.49964285714285717 0.6871428571428572 0.007857142857142858 0.010476190476190476
3 0.5589285714285714 0.6852380952380952 0.007857142857142858 0.010476190476190476
3 0.8 0.7171428571428572 0.015714285714285715 0.009523809523809525
3 0.7839285714285714 0.9742857142857143 0.02642857142857143 0.030476190476190476
3 0.8271428571428572 0.9323809523809524 0.02 0.026666666666666665
3 0.6592857142857143 0.8571428571428571 0.012857142857142857 0.02095238095238095
3 0.6592857142857143 0.8742857142857143 0.027142857142857142 0.015238095238095238
3 0.6653571428571429 0.8866666666666667 0.029285714285714286 0.015238095238095238
3 0.6721428571428572 0.8976190476190476 0.027142857142857142 0.014285714285714285
3 0.6771428571428572 0.9095238095238095 0.025714285714285714 0.015238095238095238
3 0.6875 0.9219047619047619 0.029285714285714286 0.017142857142857144
3 0.6928571428571428 0.9376190476190476 0.03428571428571429 0.023809523809523808
3 0.6753571428571429 0.9538095238095238 0.03214285714285714 0.02
3 0.6914285714285714 0.9876190476190476 0.037142857142857144 0.01904761904761905
3 0.6825 0.97 0.035 0.02
3 0.7467857142857143 0.8966666666666666 0.017857142857142856 0.025714285714285714
3 0.8775 0.9538095238095238 0.015 0.023809523809523808
3 0.8821428571428571 0.9923809523809524 0.024285714285714285 0.013333333333333332
4 0.8242857142857143 0.9933333333333333 0.022857142857142857 0.011428571428571429
4 0.9096428571428572 0.9942857142857143 0.017857142857142856 0.009523809523809525
3 0.7646428571428572 0.9071428571428571 0.017857142857142856 0.02
3 0.7871428571428571 0.9147619047619048 0.017142857142857144 0.023809523809523808
3 0.8071428571428572 0.9247619047619048 0.017142857142857144 0.024761904761904763
3 0.8514285714285714 0.9447619047619048 0.017142857142857144 0.030476190476190476
3 0.33214285714285713 0.7766666666666666 0.02 0.012380952380952381
3 0.36642857142857144 0.8495238095238096 0.02 0.017142857142857144
3 0.4325 0.7942857142857143 0.010714285714285714 0.015238095238095238
3 0.36142857142857143 0.799047619047619 0.01 0.01904761904761905
3 0.33464285714285713 0.8019047619047619 0.012142857142857143 0.015238095238095238
4 0.3467857142857143 0.8014285714285714 0.009285714285714286 0.02
3 0.37214285714285716 0.799047619047619 0.01 0.01904761904761905
3 0.48392857142857143 0.79 0.009285714285714286 0.02
3 0.49714285714285716 0.7895238095238095 0.01 0.017142857142857144
3 0.5092857142857142 0.7876190476190477 0.011428571428571429 0.013333333333333332
4 0.5203571428571429 0.7852380952380953 0.010714285714285714 0.01619047619047619
3 0.5325 0.7847619047619048 0.012142857142857143 0.015238095238095238
5 0.31464285714285717 0.7971428571428572 0.027857142857142858 0.030476190476190476
3 0.73 0.8766666666666667 0.017142857142857144 0.02761904761904762
