4 0.405 0.8013959390862944 0.017142857142857144 0.03426395939086294
8 0.005 0.6890862944162436 0.011428571428571429 0.02284263959390863
5 0.031785714285714285 0.6008883248730964 0.027857142857142858 0.021573604060913704
5 0.06678571428571428 0.5552030456852791 0.015 0.03426395939086294
5 0.0825 0.49809644670050757 0.013571428571428571 0.031725888324873094
5 0.125 0.5057106598984771 0.027142857142857142 0.024111675126903553
5 0.1225 0.515228426395939 0.025 0.025380710659898477
4 0.030357142857142857 0.5203045685279187 0.019285714285714285 0.012690355329949238
5 0.06714285714285714 0.5190355329949238 0.022857142857142857 0.02030456852791878
3 0.0575 0.5583756345177665 0.010714285714285714 0.017766497461928932
3 0.056428571428571425 0.58248730964467 0.01 0.02030456852791878
4 0.07142857142857142 0.5780456852791878 0.012857142857142857 0.026649746192893398
3 0.07964285714285714 0.5545685279187816 0.012142857142857143 0.02030456852791878
3 0.08428571428571428 0.5805837563451777 0.011428571428571429 0.024111675126903553
4 0.10892857142857143 0.5571065989847716 0.012142857142857143 0.02284263959390863
4 0.1 0.5545685279187816 0.012857142857142857 0.025380710659898477
4 0.09142857142857143 0.5520304568527918 0.014285714285714285 0.02284263959390863
4 0.09964285714285714 0.515228426395939 0.017857142857142856 0.015228426395939085
0 0.3175 0.2531725888324873 0.002142857142857143 0.008883248730964466
1 0.3264285714285714 0.2442893401015228 0.002857142857142857 0.006345177664974619
4 0.37464285714285717 0.30583756345177665 0.007857142857142858 0.017766497461928932
4 0.3775 0.31535532994923854 0.012142857142857143 0.013959390862944161
4 0.38 0.32170050761421315 0.012857142857142857 0.013959390862944161
4 0.38285714285714284 0.32550761421319796 0.011428571428571429 0.013959390862944161
4 0.38535714285714284 0.3305837563451776 0.013571428571428571 0.013959390862944161
4 0.3871428571428571 0.3362944162436548 0.014285714285714285 0.015228426395939085
4 0.39 0.3413705583756345 0.012857142857142857 0.015228426395939085
4 0.3925 0.34644670050761417 0.012142857142857143 0.015228426395939085
4 0.395 0.3508883248730964 0.012857142857142857 0.016497461928934008
4 0.39714285714285713 0.35850253807106597 0.012857142857142857 0.013959390862944161
4 0.4014285714285714 0.3623096446700507 0.014285714285714285 0.016497461928934008
3 0.40714285714285714 0.3743654822335025 0.014285714285714285 0.012690355329949238
4 0.41 0.3794416243654822 0.012857142857142857 0.015228426395939085
8 0.43785714285714283 0.4359137055837563 0.015714285714285715 0.021573604060913704
4 0.345 0.31535532994923854 0.012857142857142857 0.016497461928934008
8 0.34 0.32043147208121825 0.015714285714285715 0.021573604060913704
8 0.3296428571428571 0.33185279187817257 0.017857142857142856 0.021573604060913704
8 0.3242857142857143 0.3362944162436548 0.014285714285714285 0.02030456852791878
8 0.3142857142857143 0.3496192893401015 0.015714285714285715 0.021573604060913704
8 0.3028571428571429 0.3623096446700507 0.015714285714285715 0.021573604060913704
8 0.29285714285714287 0.3756345177664974 0.017142857142857144 0.02030456852791878
8 0.28714285714285714 0.38071065989847713 0.017142857142857144 0.02030456852791878
8 0.2792857142857143 0.38642131979695427 0.017142857142857144 0.021573604060913704
8 0.27285714285714285 0.39530456852791873 0.017142857142857144 0.019035532994923856
8 0.28 0.41243654822335024 0.03857142857142857 0.035532994923857864
8 0.3 0.45812182741116747 0.04 0.04060913705583756
8 0.3264285714285714 0.516497461928934 0.03571428571428571 0.04060913705583756
8 0.3389285714285714 0.5501269035532994 0.035 0.03680203045685279
8 0.35428571428571426 0.5818527918781725 0.025714285714285714 0.04441624365482233
8 0.28214285714285714 0.6865482233502538 0.05285714285714286 0.032994923857868015
3 0.23214285714285715 0.6465736040609137 0.007142857142857143 0.024111675126903553
0 0.25642857142857145 0.732233502538071 0.002857142857142857 0.01015228426395939
0 0.25892857142857145 0.7347715736040609 0.002142857142857143 0.01015228426395939
0 0.21642857142857141 0.7557106598984771 0.002857142857142857 0.011421319796954314
0 0.21678571428571428 0.7563451776649746 0.002142857142857143 0.01015228426395939
5 0.3367857142857143 0.36738578680203043 0.017857142857142856 0.029187817258883246
5 0.3439285714285714 0.38071065989847713 0.017857142857142856 0.027918781725888322
5 0.34714285714285714 0.38832487309644664 0.02 0.03045685279187817
8 0.34964285714285714 0.3978426395939086 0.02214285714285714 0.029187817258883246
5 0.35464285714285715 0.40164974619289334 0.017857142857142856 0.026649746192893398
5 0.3578571428571429 0.40736040609137053 0.018571428571428572 0.027918781725888322
5 0.36142857142857143 0.4143401015228426 0.02 0.029187817258883246
5 0.36428571428571427 0.4232233502538071 0.017142857142857144 0.024111675126903553
8 0.36678571428571427 0.43210659898477155 0.017857142857142856 0.026649746192893398
5 0.37714285714285717 0.4543147208121827 0.02 0.03045685279187817
5 0.38142857142857145 0.4612944162436548 0.02 0.031725888324873094
5 0.3917857142857143 0.482233502538071 0.020714285714285713 0.03045685279187817
5 0.3992857142857143 0.48667512690355325 0.024285714285714285 0.03934010152284264
8 0.4042857142857143 0.49682741116751267 0.02 0.031725888324873094
8 0.3867857142857143 0.4727157360406091 0.020714285714285713 0.031725888324873094
4 0.4142857142857143 0.46637055837563446 0.018571428571428572 0.024111675126903553
8 0.40785714285714286 0.45812182741116747 0.018571428571428572 0.025380710659898477
8 0.4025 0.449238578680203 0.019285714285714285 0.025380710659898477
8 0.39964285714285713 0.4416243654822335 0.017857142857142856 0.025380710659898477
8 0.3525 0.35850253807106597 0.017857142857142856 0.024111675126903553
8 0.35535714285714287 0.3635786802030457 0.017857142857142856 0.021573604060913704
8 0.3603571428571429 0.3680203045685279 0.017857142857142856 0.02030456852791878
8 0.36464285714285716 0.37309644670050757 0.017857142857142856 0.025380710659898477
8 0.36892857142857144 0.3794416243654822 0.017857142857142856 0.025380710659898477
8 0.37642857142857145 0.391497461928934 0.02 0.021573604060913704
8 0.37892857142857145 0.39847715736040606 0.017857142857142856 0.02284263959390863
8 0.3821428571428571 0.4149746192893401 0.017142857142857144 0.025380710659898477
8 0.3889285714285714 0.4181472081218274 0.017857142857142856 0.024111675126903553
8 0.3921428571428571 0.42703045685279184 0.017142857142857144 0.026649746192893398
8 0.39464285714285713 0.43718274111675126 0.017857142857142856 0.024111675126903553
