3 0.30964285714285716 0.17322335025380708 0.007857142857142858 0.026649746192893398
8 0.32535714285714284 0.1548223350253807 0.015 0.053299492385786795
3 0.32035714285714284 0.22842639593908629 0.009285714285714286 0.027918781725888322
3 0.3489285714285714 0.5869289340101522 0.010714285714285714 0.03680203045685279
8 0.47464285714285714 0.8058375634517766 0.025 0.10152284263959391
3 0.47964285714285715 0.7690355329949238 0.012142857142857143 0.035532994923857864
4 0.49464285714285716 0.8362944162436547 0.012142857142857143 0.04060913705583756
3 0.5046428571428572 0.8959390862944162 0.015 0.03807106598984771
3 0.515 0.9600253807106598 0.012857142857142857 0.04441624365482233
8 0.49892857142857144 0.949238578680203 0.027857142857142858 0.09898477157360405
8 0.4828571428571429 0.9663705583756345 0.02142857142857143 0.06472081218274112
8 0.5671428571428572 0.9086294416243654 0.01 0.06852791878172589
3 0.5825 0.9168781725888324 0.007857142857142858 0.03934010152284264
4 0.585 0.47906091370558374 0.01 0.03426395939086294
3 0.5967857142857143 0.2766497461928934 0.007857142857142858 0.027918781725888322
5 0.5917857142857142 0.36167512690355325 0.010714285714285714 0.04314720812182741
5 0.6317857142857143 0.25253807106598986 0.015 0.04060913705583756
8 0.6292857142857143 0.31408629441624364 0.012857142857142857 0.07233502538071065
3 0.6264285714285714 0.22017766497461927 0.015714285714285715 0.016497461928934008
8 0.6146428571428572 0.09327411167512689 0.015 0.06979695431472081
3 0.6192857142857143 0.038705583756345176 0.008571428571428572 0.024111675126903553
3 0.6217857142857143 0.011421319796954314 0.007857142857142858 0.02284263959390863
