2 0.242 0.9646666666666667 0.009000000000000001 0.024
1 0.242 0.961 0.007 0.018
3 0.33875 0.9249999999999999 0.029500000000000002 0.066
0 0.2255 0.9786666666666667 0.008 0.025333333333333333
2 0.22175 0.9276666666666666 0.0085 0.026
1 0.222 0.9226666666666666 0.006 0.022666666666666665
2 0.27175 0.8956666666666666 0.0195 0.016666666666666666
2 0.277 0.8846666666666666 0.017 0.014666666666666666
1 0.2765 0.8756666666666666 0.008 0.022
1 0.2705 0.892 0.01 0.016
1 0.508 0.9066666666666666 0.008 0.02
1 0.42525 0.8156666666666667 0.006500000000000001 0.022
1 0.53925 0.7236666666666667 0.006500000000000001 0.015333333333333332
1 0.5445 0.7166666666666667 0.006 0.016
1 0.5367500000000001 0.6526666666666666 0.0045000000000000005 0.013333333333333332
1 0.536 0.5996666666666667 0.005 0.015333333333333332
1 0.538 0.5756666666666667 0.004 0.012666666666666666
1 0.5407500000000001 0.5499999999999999 0.0045000000000000005 0.012
1 0.5387500000000001 0.532 0.0045000000000000005 0.012
1 0.54525 0.45366666666666666 0.0035 0.01
1 0.53 0.42766666666666664 0.003 0.011333333333333332
1 0.5357500000000001 0.4066666666666667 0.0035 0.009333333333333332
1 0.54475 0.38366666666666666 0.0035 0.008666666666666666
1 0.376 0.5546666666666666 0.004 0.010666666666666666
1 0.40425 0.49366666666666664 0.0035 0.01
1 0.39425 0.49066666666666664 0.0025 0.009333333333333332
1 0.34400000000000003 0.6606666666666666 0.006 0.013333333333333332
1 0.334 0.6616666666666666 0.005 0.014
1 0.31725000000000003 0.6856666666666666 0.006500000000000001 0.015333333333333332
1 0.28700000000000003 0.7426666666666667 0.005 0.014666666666666666
1 0.30775 0.7386666666666667 0.0055 0.017333333333333333
2 0.28725 0.7476666666666666 0.0055 0.015333333333333332
2 0.3075 0.7406666666666667 0.008 0.013333333333333332
2 0.42675 0.8166666666666667 0.0175 0.014666666666666666
2 0.31675000000000003 0.6859999999999999 0.006500000000000001 0.016
2 0.3345 0.6676666666666666 0.005 0.014
2 0.34400000000000003 0.6676666666666666 0.005 0.011333333333333332
2 0.376 0.5586666666666666 0.004 0.013333333333333332
2 0.3945 0.49466666666666664 0.004 0.012
2 0.40425 0.49566666666666664 0.0035 0.01
2 0.54475 0.38666666666666666 0.0035 0.010666666666666666
2 0.5355 0.4106666666666667 0.003 0.008
2 0.53075 0.43066666666666664 0.0035 0.006666666666666666
2 0.545 0.45666666666666667 0.004 0.009333333333333332
2 0.53925 0.5356666666666666 0.0045000000000000005 0.011333333333333332
2 0.5405 0.5539999999999999 0.005 0.008
2 0.538 0.5786666666666667 0.005 0.012
2 0.5357500000000001 0.6016666666666667 0.0045000000000000005 0.015333333333333332
2 0.537 0.6566666666666666 0.005 0.017333333333333333
2 0.5377500000000001 0.7276666666666667 0.0155 0.01
2 0.5455 0.7176666666666667 0.013000000000000001 0.01
2 0.50775 0.9106666666666666 0.0125 0.018666666666666665
3 0.69375 0.7496666666666666 0.0445 0.02733333333333333
3 0.68275 0.7126666666666667 0.0395 0.024
3 0.55525 0.6196666666666667 0.0135 0.026
3 0.384 0.7166666666666667 0.023 0.04133333333333333
3 0.3775 0.6616666666666666 0.018000000000000002 0.035333333333333335
3 0.41625 0.5736666666666667 0.0165 0.028666666666666667
3 0.335 0.6316666666666666 0.019 0.03266666666666666
3 0.34500000000000003 0.6046666666666667 0.02 0.025333333333333333
3 0.35375 0.5776666666666667 0.0175 0.02733333333333333
3 0.3635 0.5536666666666666 0.017 0.02333333333333333
3 0.3805 0.5056666666666666 0.016 0.024666666666666667
3 0.39275 0.4686666666666667 0.0145 0.02
3 0.38625 0.48866666666666664 0.0155 0.022666666666666665
3 0.40125 0.449 0.0135 0.018
3 0.41000000000000003 0.425 0.011 0.018
3 0.4165 0.407 0.01 0.014
4 0.421 0.39366666666666666 0.01 0.018
3 0.4305 0.36866666666666664 0.01 0.014666666666666666
3 0.4995 0.38666666666666666 0.009000000000000001 0.013333333333333332
3 0.48 0.33066666666666666 0.008 0.012
8 0.48225 0.27466666666666667 0.0115 0.021333333333333333
3 0.556 0.5926666666666667 0.013000000000000001 0.025333333333333333
3 0.5535 0.5686666666666667 0.014 0.025333333333333333
3 0.554 0.5489999999999999 0.013000000000000001 0.022
3 0.55425 0.5246666666666666 0.0135 0.021333333333333333
3 0.55425 0.5046666666666666 0.0105 0.018666666666666665
3 0.555 0.48566666666666664 0.011 0.016666666666666666
3 0.5545 0.4696666666666667 0.01 0.015333333333333332
0 0.5785 0.5136666666666666 0.004 0.014
0 0.5725 0.5576666666666666 0.004 0.014
3 0.52225 0.45366666666666666 0.0105 0.016666666666666666
3 0.5535 0.43766666666666665 0.009000000000000001 0.015333333333333332
3 0.55425 0.426 0.0095 0.016
3 0.55425 0.4126666666666666 0.0075 0.012
3 0.5405 0.37066666666666664 0.01 0.013333333333333332
3 0.552 0.38266666666666665 0.009000000000000001 0.012
3 0.5760000000000001 0.37066666666666664 0.008 0.013333333333333332
3 0.554 0.33566666666666667 0.008 0.011333333333333332
3 0.5675 0.33766666666666667 0.016 0.011333333333333332
3 0.55425 0.32666666666666666 0.0055 0.008
3 0.55475 0.319 0.006500000000000001 0.01
3 0.555 0.31066666666666665 0.006 0.009333333333333332
3 0.5545 0.30266666666666664 0.007 0.008
3 0.55475 0.29666666666666663 0.006500000000000001 0.008
3 0.5555 0.29166666666666663 0.007 0.008666666666666666
3 0.55475 0.2846666666666667 0.006500000000000001 0.008
3 0.55525 0.2786666666666667 0.0055 0.008
3 0.5555 0.27466666666666667 0.006 0.006666666666666666
3 0.56775 0.32766666666666666 0.0135 0.008666666666666666
3 0.57075 0.323 0.0155 0.01
3 0.5665 0.31466666666666665 0.012 0.009333333333333332
3 0.56775 0.30566666666666664 0.0125 0.008666666666666666
3 0.5285 0.29966666666666664 0.007 0.011333333333333332
3 0.4625 0.27566666666666667 0.007 0.008666666666666666
3 0.46025 0.2816666666666667 0.006500000000000001 0.008666666666666666
3 0.4585 0.2876666666666667 0.006 0.008666666666666666
8 0.45275 0.29966666666666664 0.0145 0.02733333333333333
3 0.44875 0.31666666666666665 0.0085 0.012
0 0.46075 0.307 0.0025 0.01
1 0.45225 0.32466666666666666 0.0025 0.008
2 0.452 0.32766666666666666 0.003 0.007333333333333333
0 0.55275 0.6736666666666666 0.0055 0.018
3 0.3645 0.236 0.006 0.008
3 0.34850000000000003 0.24666666666666665 0.01 0.006666666666666666
3 0.8632500000000001 0.31266666666666665 0.0195 0.012
3 0.24975 0.35566666666666663 0.0125 0.012666666666666666
