0 0.17892857142857144 0.6819047619047619 0.039285714285714285 0.07047619047619047
0 0.054642857142857146 0.7219047619047619 0.06785714285714285 0.07238095238095238
0 0.43964285714285717 0.7642857142857142 0.03785714285714286 0.05238095238095238
0 0.4225 0.5847619047619048 0.047857142857142855 0.07238095238095238
0 0.28714285714285714 0.56 0.027142857142857142 0.07047619047619047
0 0.2025 0.5919047619047619 0.060714285714285714 0.058095238095238096
0 0.12535714285714286 0.5719047619047619 0.056428571428571425 0.07714285714285714
0 0.23285714285714285 0.43238095238095237 0.03857142857142857 0.07238095238095238
0 0.29678571428571426 0.4319047619047619 0.029285714285714286 0.06761904761904762
0 0.33714285714285713 0.3438095238095238 0.022857142857142857 0.0761904761904762
0 0.46464285714285714 0.45904761904761904 0.035 0.06285714285714286
0 0.46714285714285714 0.3819047619047619 0.024285714285714285 0.05523809523809524
0 0.47214285714285714 0.2752380952380952 0.017142857142857144 0.05333333333333333
0 0.36464285714285716 0.3019047619047619 0.027857142857142858 0.047619047619047616
0 0.31892857142857145 0.26 0.017857142857142856 0.05714285714285714
0 0.2 0.3119047619047619 0.045714285714285714 0.05238095238095238
0 0.13392857142857142 0.24952380952380954 0.029285714285714286 0.06476190476190476
0 0.08214285714285714 0.3219047619047619 0.032857142857142856 0.06666666666666667
0 0.11 0.37952380952380954 0.037142857142857144 0.06571428571428571
0 0.04642857142857143 0.4247619047619048 0.037142857142857144 0.0761904761904762
0 0.07714285714285714 0.8352380952380952 0.05714285714285714 0.06476190476190476
0 0.21928571428571428 0.38666666666666666 0.037142857142857144 0.05714285714285714
1 0.18142857142857144 0.21 0.018571428571428572 0.054285714285714284
1 0.19964285714285715 0.21523809523809523 0.025 0.047619047619047616
2 0.11928571428571429 0.20952380952380953 0.05714285714285714 0.04
2 0.31214285714285717 0.20238095238095238 0.017142857142857144 0.04857142857142857
2 0.3775 0.20904761904761904 0.025 0.05238095238095238
2 0.3896428571428571 0.1895238095238095 0.017857142857142856 0.05333333333333333
2 0.46464285714285714 0.20952380952380953 0.039285714285714285 0.05714285714285714
2 0.5567857142857143 0.20714285714285716 0.017857142857142856 0.05047619047619047
0 0.5096428571428572 0.05 0.019285714285714285 0.05047619047619047
0 0.555 0.03428571428571429 0.017142857142857144 0.05523809523809524
0 0.5346428571428572 0.019523809523809523 0.017857142857142856 0.039047619047619046
0 0.48035714285714287 0.02238095238095238 0.017857142857142856 0.04666666666666667
0 0.6646428571428571 0.0719047619047619 0.017857142857142856 0.07333333333333333
0 0.71 0.041428571428571426 0.014285714285714285 0.06380952380952382
0 0.6789285714285714 0.016666666666666666 0.016428571428571428 0.03333333333333333
0 0.88 0.19238095238095237 0.022857142857142857 0.06476190476190476
2 0.8853571428571428 0.04666666666666667 0.029285714285714286 0.047619047619047616
9 0.9064285714285715 0.04428571428571428 0.037142857142857144 0.037142857142857144
9 0.89 0.017142857142857144 0.04 0.03238095238095238
2 0.9242857142857143 0.019523809523809523 0.03142857142857143 0.037142857142857144
2 0.9775 0.5766666666666667 0.04357142857142857 0.09238095238095238
2 0.5321428571428571 0.9 0.08714285714285715 0.05904761904761905
2 0.4142857142857143 0.9271428571428572 0.08857142857142856 0.05047619047619047
1 0.35535714285714287 0.8566666666666667 0.029285714285714286 0.05619047619047619
2 0.035 0.9742857142857143 0.07142857142857142 0.047619047619047616
2 0.03678571428571428 0.9223809523809524 0.07357142857142857 0.035238095238095235
0 0.5689285714285715 0.6966666666666667 0.027857142857142858 0.07714285714285714
1 0.5553571428571429 0.43238095238095237 0.03642857142857143 0.05142857142857143
