0 0.15785714285714286 0.5133248730964467 0.01 0.03680203045685279
0 0.15464285714285714 0.4746192893401015 0.010714285714285714 0.035532994923857864
0 0.165 0.4777918781725888 0.011428571428571429 0.03426395939086294
0 0.17142857142857143 0.46510152284263956 0.012857142857142857 0.04187817258883248
0 0.36964285714285716 0.45304568527918776 0.015 0.03807106598984771
0 0.3871428571428571 0.47208121827411165 0.012857142857142857 0.035532994923857864
0 0.4278571428571429 0.4879441624365482 0.011428571428571429 0.026649746192893398
0 0.5821428571428572 0.4473350253807106 0.01 0.03426395939086294
0 0.59 0.4511421319796954 0.01 0.03426395939086294
0 0.5921428571428572 0.4682741116751269 0.007142857142857143 0.035532994923857864
3 0.8428571428571429 0.5501269035532994 0.07428571428571429 0.0748730964467005
0 0.8289285714285715 0.3210659898477157 0.012142857142857143 0.035532994923857864
