3 0.5553571428571429 0.6167512690355329 0.016428571428571428 0.055837563451776644
3 0.51 0.5653553299492385 0.017142857142857144 0.049492385786802026
3 0.48214285714285715 0.42385786802030456 0.012857142857142857 0.027918781725888322
3 0.47 0.3439086294416243 0.01 0.027918781725888322
3 0.49 0.3045685279187817 0.011428571428571429 0.02284263959390863
3 0.52 0.30774111675126903 0.012857142857142857 0.029187817258883246
3 0.5578571428571428 0.348984771573604 0.011428571428571429 0.03045685279187817
3 0.5546428571428571 0.18083756345177662 0.007857142857142858 0.021573604060913704
3 0.5125 0.04568527918781726 0.009285714285714286 0.015228426395939085
3 0.54 0.025380710659898477 0.007142857142857143 0.015228426395939085
4 0.5342857142857143 0.449238578680203 0.012857142857142857 0.04568527918781726
4 0.5542857142857143 0.14720812182741116 0.008571428571428572 0.03045685279187817
4 0.5525 0.11230964467005075 0.005 0.024111675126903553
3 0.5521428571428572 0.03616751269035533 0.007142857142857143 0.021573604060913704
3 0.5275 0.06091370558375634 0.0064285714285714285 0.015228426395939085
9 0.5396428571428571 0.33375634517766495 0.005 0.015228426395939085
0 0.5396428571428571 0.3299492385786802 0.002142857142857143 0.012690355329949238
0 0.4525 0.9892131979695431 0.007857142857142858 0.016497461928934008
0 0.28285714285714286 0.9784263959390862 0.008571428571428572 0.027918781725888322
8 0.5571428571428572 0.24682741116751267 0.017142857142857144 0.08502538071065989
8 0.45714285714285713 0.2836294416243655 0.022857142857142857 0.08248730964467005
