0 0.585 0.8047619047619048 0.01 0.01904761904761905
0 0.5825 0.7395238095238095 0.007857142857142858 0.014285714285714285
5 0.5628571428571428 0.6823809523809524 0.02142857142857143 0.058095238095238096
0 0.53 0.6147619047619047 0.008571428571428572 0.01619047619047619
3 0.6453571428571429 0.6647619047619048 0.04928571428571429 0.04
3 0.655 0.5942857142857143 0.06857142857142857 0.04380952380952381
0 0.5953571428571428 0.6866666666666666 0.010714285714285714 0.015238095238095238
9 0.4967857142857143 0.5371428571428571 0.027857142857142858 0.017142857142857144
1 0.49392857142857144 0.5371428571428571 0.015 0.015238095238095238
0 0.5171428571428571 0.5447619047619048 0.01 0.017142857142857144
0 0.49464285714285716 0.44142857142857145 0.012142857142857143 0.014285714285714285
0 0.5689285714285715 0.47904761904761906 0.009285714285714286 0.011428571428571429
9 0.435 0.4714285714285714 0.012857142857142857 0.024761904761904763
9 0.4514285714285714 0.4676190476190476 0.02142857142857143 0.03238095238095238
0 0.38142857142857145 0.31761904761904763 0.01 0.01619047619047619
9 0.3675 0.26 0.019285714285714285 0.03238095238095238
2 0.40214285714285714 0.17476190476190476 0.022857142857142857 0.025714285714285714
9 0.41964285714285715 0.12714285714285714 0.012142857142857143 0.037142857142857144
6 0.3896428571428571 0.15476190476190477 0.035 0.02
0 0.4567857142857143 0.4014285714285714 0.015 0.018095238095238095
