3 0.21285714285714286 0.7024111675126903 0.041428571428571426 0.07233502538071065
3 0.23464285714285715 0.648477157360406 0.04071428571428572 0.06091370558375634
3 0.4625 0.6383248730964467 0.02214285714285714 0.07360406091370558
3 0.49785714285714283 0.7176395939086294 0.014285714285714285 0.08248730964467005
3 0.5196428571428572 0.4955583756345177 0.017857142857142856 0.06472081218274112
3 0.46035714285714285 0.482233502538071 0.02214285714285714 0.07360406091370558
3 0.35714285714285715 0.5450507614213198 0.022857142857142857 0.05456852791878172
3 0.5571428571428572 0.15038071065989847 0.017142857142857144 0.052030456852791875
3 0.44 0.23921319796954313 0.02 0.04695431472081218
3 0.5796428571428571 0.048223350253807105 0.015 0.04568527918781726
3 0.6296428571428572 0.02982233502538071 0.015 0.049492385786802026
3 0.5503571428571429 0.2982233502538071 0.019285714285714285 0.05837563451776649
4 0.49 0.4752538071065989 0.02 0.06725888324873096
3 0.5871428571428572 0.16941624365482233 0.02 0.06218274111675126
9 0.5121428571428571 0.3496192893401015 0.007142857142857143 0.03680203045685279
1 0.5121428571428571 0.34517766497461927 0.005714285714285714 0.02030456852791878
0 0.007142857142857143 0.012690355329949238 0.007142857142857143 0.02284263959390863
4 0.6778571428571428 0.08565989847715735 0.03428571428571429 0.031725888324873094
4 0.6842857142857143 0.06345177664974619 0.032857142857142856 0.032994923857868015
4 0.8196428571428571 0.24746192893401014 0.047857142857142855 0.035532994923857864
4 0.8253571428571429 0.22208121827411165 0.03785714285714286 0.027918781725888322
3 0.38035714285714284 0.973984771573604 0.027857142857142858 0.049492385786802026
0 0.6146428571428572 0.24175126903553298 0.005 0.021573604060913704
0 0.6421428571428571 0.09771573604060912 0.004285714285714286 0.017766497461928932
0 0.6446428571428572 0.09835025380710659 0.005 0.021573604060913704
9 0.7942857142857143 0.8052030456852791 0.008571428571428572 0.03934010152284264
9 0.8317857142857142 0.8172588832487309 0.0064285714285714285 0.03807106598984771
3 0.4853571428571429 0.019035532994923856 0.015 0.03807106598984771
