4 0.31675000000000003 0.9556666666666667 0.025500000000000002 0.05933333333333333
3 0.326 0.9016666666666666 0.023 0.05266666666666667
0 0.34425 0.9316666666666666 0.0045000000000000005 0.016666666666666666
2 0.343 0.9416666666666667 0.005 0.016666666666666666
3 0.33675 0.8396666666666667 0.0225 0.048666666666666664
9 0.3015 0.7996666666666666 0.005 0.016666666666666666
3 0.34575 0.7936666666666666 0.0195 0.041999999999999996
2 0.337 0.7646666666666666 0.007 0.014666666666666666
0 0.36225 0.775 0.0075 0.018
9 0.363 0.7736666666666666 0.014 0.011333333333333332
4 0.354 0.7496666666666666 0.019 0.04066666666666666
1 0.37925000000000003 0.7456666666666666 0.0055 0.014
9 0.379 0.7506666666666666 0.005 0.014666666666666666
3 0.36 0.7116666666666667 0.016 0.03266666666666666
3 0.3665 0.6726666666666666 0.017 0.03333333333333333
3 0.40800000000000003 0.708 0.016 0.036
3 0.432 0.6716666666666666 0.015 0.03133333333333333
4 0.4585 0.6416666666666666 0.015 0.035333333333333335
3 0.37275 0.6276666666666666 0.0145 0.02733333333333333
1 0.40625 0.6156666666666667 0.0035 0.012666666666666666
9 0.406 0.6186666666666667 0.004 0.013333333333333332
4 0.3785 0.602 0.015 0.028
3 0.36325 0.5906666666666667 0.0135 0.025333333333333333
3 0.36925 0.5656666666666667 0.0135 0.024666666666666667
1 0.39 0.596 0.004 0.012
1 0.39175 0.589 0.0045000000000000005 0.014
1 0.38825 0.5706666666666667 0.0035 0.010666666666666666
1 0.3945 0.5526666666666666 0.004 0.009333333333333332
1 0.395 0.5526666666666666 0.006 0.010666666666666666
2 0.39 0.5996666666666667 0.004 0.011333333333333332
2 0.392 0.5916666666666667 0.004 0.011333333333333332
2 0.38825 0.5746666666666667 0.0035 0.010666666666666666
9 0.3945 0.5556666666666666 0.005 0.011333333333333332
0 0.396 0.5806666666666667 0.003 0.014666666666666666
4 0.4025 0.5806666666666667 0.016 0.025333333333333333
3 0.32825 0.6216666666666667 0.0305 0.018
3 0.34700000000000003 0.5746666666666667 0.014 0.025333333333333333
3 0.33175 0.5736666666666667 0.0155 0.02333333333333333
4 0.316 0.5676666666666667 0.015 0.024666666666666667
1 0.31525000000000003 0.5246666666666666 0.0035 0.006666666666666666
9 0.31 0.5276666666666666 0.004 0.011333333333333332
4 0.329 0.5216666666666666 0.014 0.02333333333333333
4 0.34325 0.5216666666666666 0.0115 0.019333333333333334
3 0.3565 0.5216666666666666 0.012 0.018
3 0.35675 0.5026666666666666 0.0115 0.018666666666666665
4 0.39 0.5266666666666666 0.011 0.018666666666666665
0 0.41400000000000003 0.4746666666666666 0.004 0.013333333333333332
3 0.37925000000000003 0.49366666666666664 0.0195 0.020666666666666667
3 0.43325 0.49266666666666664 0.0115 0.024
3 0.4485 0.45466666666666666 0.009000000000000001 0.016
0 0.3795 0.44766666666666666 0.003 0.011333333333333332
0 0.3825 0.44766666666666666 0.003 0.008666666666666666
3 0.3565 0.45266666666666666 0.024 0.012
4 0.35725 0.44466666666666665 0.021500000000000002 0.012
3 0.357 0.43966666666666665 0.023 0.011333333333333332
9 0.3555 0.42466666666666664 0.007 0.006666666666666666
3 0.3615 0.41566666666666663 0.02 0.01
0 0.36275 0.412 0.0025 0.008
3 0.3615 0.4096666666666667 0.021 0.01
3 0.36475 0.4046666666666667 0.0185 0.009333333333333332
3 0.36925 0.39966666666666667 0.0205 0.01
3 0.3685 0.39366666666666666 0.012 0.008666666666666666
3 0.376 0.381 0.02 0.01
0 0.39475 0.38366666666666666 0.0025 0.008666666666666666
0 0.39325 0.4056666666666667 0.0025 0.011333333333333332
3 0.37775000000000003 0.37266666666666665 0.0175 0.009333333333333332
3 0.38225000000000003 0.36266666666666664 0.0185 0.009333333333333332
4 0.38225000000000003 0.35766666666666663 0.0145 0.008666666666666666
3 0.38375000000000004 0.35466666666666663 0.0175 0.009333333333333332
3 0.3865 0.3446666666666667 0.017 0.009333333333333332
4 0.38675 0.3406666666666667 0.0165 0.008
3 0.38975 0.33766666666666667 0.0155 0.008666666666666666
3 0.3915 0.33466666666666667 0.016 0.008
3 0.39325 0.33166666666666667 0.0155 0.008666666666666666
3 0.39375 0.32866666666666666 0.0165 0.008
4 0.393 0.32466666666666666 0.015 0.009333333333333332
4 0.39375 0.32266666666666666 0.0155 0.008
3 0.3945 0.31866666666666665 0.014 0.008
0 0.39025 0.30266666666666664 0.0025 0.008
0 0.386 0.29766666666666663 0.002 0.007333333333333333
3 0.3655 0.33666666666666667 0.011 0.008
3 0.365 0.32466666666666666 0.015 0.008
4 0.364 0.32066666666666666 0.016 0.009333333333333332
4 0.3655 0.31666666666666665 0.015 0.008
3 0.3695 0.30566666666666664 0.015 0.008666666666666666
9 0.369 0.30066666666666664 0.008 0.005333333333333333
9 0.37125 0.31266666666666665 0.0055 0.009333333333333332
9 0.364 0.30966666666666665 0.008 0.007333333333333333
4 0.37825000000000003 0.2836666666666667 0.0125 0.007333333333333333
3 0.37925000000000003 0.2826666666666667 0.0145 0.006666666666666666
3 0.3795 0.2796666666666667 0.014 0.006
4 0.38075000000000003 0.27799999999999997 0.0115 0.008
4 0.3815 0.27466666666666667 0.013000000000000001 0.006666666666666666
3 0.383 0.27166666666666667 0.014 0.006
3 0.38425 0.26966666666666667 0.0115 0.007333333333333333
3 0.385 0.26766666666666666 0.013000000000000001 0.007333333333333333
4 0.38575 0.26566666666666666 0.0105 0.006
4 0.38525 0.26266666666666666 0.0125 0.006666666666666666
3 0.385 0.26166666666666666 0.012 0.006
4 0.38675 0.25966666666666666 0.0125 0.007333333333333333
4 0.38825 0.25566666666666665 0.0135 0.008666666666666666
3 0.38725 0.25766666666666665 0.0135 0.006
3 0.3895 0.25366666666666665 0.012 0.006
3 0.39075 0.25066666666666665 0.0115 0.006666666666666666
4 0.39175 0.24766666666666665 0.0115 0.007333333333333333
4 0.39575 0.26566666666666666 0.006500000000000001 0.011333333333333332
3 0.394 0.24566666666666667 0.012 0.006
3 0.3945 0.24366666666666667 0.011 0.006
0 0.3735 0.27066666666666667 0.001 0.006666666666666666
0 0.39675 0.259 0.0015 0.006
0 0.39975 0.26866666666666666 0.0015 0.006666666666666666
3 0.4205 0.8746666666666666 0.019 0.052
3 0.43325 0.7836666666666666 0.0175 0.041999999999999996
3 0.52575 0.6416666666666666 0.0145 0.024666666666666667
3 0.57325 0.6356666666666666 0.0145 0.026
3 0.56825 0.6076666666666667 0.0145 0.02333333333333333
4 0.56075 0.5666666666666667 0.0135 0.021333333333333333
4 0.552 0.5056666666666666 0.01 0.014
4 0.555 0.5266666666666666 0.011 0.018666666666666665
3 0.558 0.5466666666666666 0.011 0.018666666666666665
3 0.59675 0.774 0.0205 0.036
4 0.5905 0.7336666666666667 0.016 0.02733333333333333
8 0.62925 0.8736666666666666 0.0625 0.134
1 0.58275 0.7949999999999999 0.0045000000000000005 0.01
2 0.5825 0.7966666666666666 0.005 0.018666666666666665
2 0.6355000000000001 0.7336666666666667 0.008 0.018
2 0.61175 0.6416666666666666 0.0115 0.011333333333333332
2 0.6135 0.6366666666666666 0.005 0.013333333333333332
2 0.602 0.5806666666666667 0.004 0.012
2 0.58625 0.6176666666666667 0.0095 0.011333333333333332
2 0.58775 0.6206666666666667 0.0105 0.009333333333333332
0 0.57025 0.46266666666666667 0.0035 0.013333333333333332
0 0.5375 0.5066666666666666 0.003 0.012
4 0.5437500000000001 0.46299999999999997 0.0105 0.014
3 0.54025 0.44266666666666665 0.0095 0.013333333333333332
0 0.54475 0.39166666666666666 0.0025 0.01
4 0.53125 0.38166666666666665 0.0075 0.011333333333333332
3 0.53 0.37266666666666665 0.007 0.009333333333333332
4 0.52875 0.364 0.0075 0.012
4 0.52575 0.349 0.0075 0.01
3 0.52675 0.35666666666666663 0.0075 0.009333333333333332
3 0.5245 0.3406666666666667 0.006 0.009333333333333332
3 0.5235 0.33266666666666667 0.006 0.006666666666666666
3 0.5225 0.32766666666666666 0.006 0.007333333333333333
3 0.51825 0.30066666666666664 0.006500000000000001 0.008
4 0.51725 0.29366666666666663 0.006500000000000001 0.007333333333333333
4 0.516 0.2876666666666667 0.005 0.007333333333333333
4 0.515 0.2816666666666667 0.006 0.006
1 0.51225 0.32466666666666666 0.0015 0.005333333333333333
2 0.512 0.327 0.002 0.006
1 0.51 0.2826666666666667 0.002 0.005333333333333333
2 0.50975 0.2836666666666667 0.0015 0.004666666666666666
0 0.507 0.29266666666666663 0.002 0.006666666666666666
0 0.504 0.27066666666666667 0.002 0.006666666666666666
0 0.51125 0.26566666666666666 0.0015 0.007333333333333333
1 0.508 0.259 0.001 0.006
9 0.50875 0.26 0.0015 0.004
3 0.452 0.39666666666666667 0.008 0.013333333333333332
3 0.41350000000000003 0.39466666666666667 0.008 0.013333333333333332
3 0.41475 0.38566666666666666 0.0085 0.011333333333333332
3 0.418 0.36266666666666664 0.008 0.010666666666666666
8 0.439 0.377 0.013000000000000001 0.033999999999999996
1 0.4275 0.36166666666666664 0.002 0.007333333333333333
1 0.427 0.3506666666666667 0.003 0.008
9 0.427 0.35266666666666663 0.002 0.006666666666666666
9 0.42775 0.36366666666666664 0.0025 0.007333333333333333
1 0.43275 0.3506666666666667 0.0035 0.006666666666666666
1 0.43275 0.357 0.0025 0.006
9 0.4325 0.35266666666666663 0.003 0.005333333333333333
9 0.43225 0.35766666666666663 0.0035 0.006
3 0.4425 0.35266666666666663 0.008 0.010666666666666666
3 0.4655 0.35366666666666663 0.007 0.011333333333333332
4 0.4545 0.36566666666666664 0.009000000000000001 0.012666666666666666
4 0.456 0.3456666666666667 0.007 0.011333333333333332
4 0.456 0.31666666666666665 0.007 0.010666666666666666
4 0.458 0.29866666666666664 0.007 0.010666666666666666
4 0.47825 0.29966666666666664 0.0045000000000000005 0.007333333333333333
4 0.4875 0.2886666666666667 0.006 0.008
4 0.48725 0.27466666666666667 0.0055 0.006666666666666666
3 0.46625 0.32066666666666666 0.006500000000000001 0.009333333333333332
3 0.4475 0.30166666666666664 0.006 0.008666666666666666
3 0.46725 0.30066666666666664 0.006500000000000001 0.008
3 0.45775 0.2816666666666667 0.006500000000000001 0.007333333333333333
3 0.468 0.27066666666666667 0.006 0.008
4 0.452 0.27366666666666667 0.006 0.007333333333333333
4 0.45125 0.26166666666666666 0.0055 0.006
4 0.47825 0.26566666666666666 0.0055 0.006
3 0.486 0.26266666666666666 0.005 0.006666666666666666
3 0.49325 0.25866666666666666 0.0045000000000000005 0.006666666666666666
3 0.485 0.25266666666666665 0.004 0.005333333333333333
3 0.47775 0.24566666666666667 0.0045000000000000005 0.004666666666666666
3 0.485 0.24266666666666667 0.004 0.005333333333333333
3 0.48675 0.23566666666666666 0.0045000000000000005 0.007333333333333333
3 0.46225 0.23566666666666666 0.0055 0.004666666666666666
3 0.47150000000000003 0.22566666666666665 0.004 0.006
4 0.49425 0.25066666666666665 0.0055 0.006666666666666666
4 0.491 0.24366666666666667 0.005 0.006
4 0.46875 0.242 0.0055 0.008
4 0.468 0.21666666666666665 0.005 0.008
3 0.47525 0.21466666666666667 0.0045000000000000005 0.005333333333333333
3 0.45925 0.22866666666666666 0.0045000000000000005 0.005333333333333333
3 0.46275 0.21366666666666667 0.0045000000000000005 0.004666666666666666
4 0.4955 0.23966666666666667 0.004 0.004666666666666666
3 0.50275 0.23766666666666666 0.0045000000000000005 0.006
3 0.4245 0.32766666666666666 0.007 0.01
3 0.42525 0.31566666666666665 0.0075 0.01
3 0.428 0.29966666666666664 0.007 0.008666666666666666
4 0.43075 0.29466666666666663 0.0055 0.006666666666666666
3 0.43475 0.26566666666666666 0.0045000000000000005 0.007333333333333333
3 0.43675 0.25566666666666665 0.0055 0.007333333333333333
4 0.23 0.32966666666666666 0.014 0.008666666666666666
4 0.24275 0.33566666666666667 0.0155 0.008666666666666666
4 0.2215 0.32366666666666666 0.014 0.008666666666666666
3 0.2335 0.32666666666666666 0.013000000000000001 0.009333333333333332
3 0.2475 0.324 0.016 0.008
3 0.24575 0.32866666666666666 0.0145 0.006666666666666666
3 0.2525 0.326 0.013000000000000001 0.008
0 0.008 0.6936666666666667 0.007 0.016666666666666666
3 0.01225 0.6819999999999999 0.0245 0.032
3 0.03075 0.6526666666666666 0.025500000000000002 0.030666666666666665
3 0.0655 0.6496666666666666 0.022 0.028666666666666667
3 0.04575 0.6246666666666666 0.0185 0.026666666666666665
3 0.035750000000000004 0.6046666666666667 0.0235 0.021333333333333333
9 0.6455 0.37666666666666665 0.003 0.008
9 0.65525 0.38366666666666666 0.0045000000000000005 0.008666666666666666
9 0.6607500000000001 0.38366666666666666 0.0035 0.007333333333333333
