4 0.555 0.3527918781725888 0.022857142857142857 0.04060913705583756
4 0.3225 0.5126903553299492 0.016428571428571428 0.04568527918781726
3 0.6964285714285714 0.5336294416243654 0.018571428571428572 0.049492385786802026
3 0.3246428571428571 0.6243654822335025 0.017857142857142856 0.055837563451776644
3 0.3578571428571429 0.174492385786802 0.017142857142857144 0.03426395939086294
3 0.32285714285714284 0.4727157360406091 0.012857142857142857 0.031725888324873094
3 0.02035714285714286 0.3769035532994924 0.019285714285714285 0.032994923857868015
4 0.09214285714285714 0.4029187817258883 0.03428571428571429 0.029187817258883246
3 0.12964285714285714 0.3826142131979695 0.03214285714285714 0.03680203045685279
4 0.1742857142857143 0.36040609137055835 0.03857142857142857 0.03045685279187817
8 0.43964285714285717 0.5361675126903553 0.052142857142857144 0.13578680203045684
8 0.3914285714285714 0.5272842639593909 0.032857142857142856 0.14086294416243653
8 0.5796428571428571 0.24175126903553298 0.045 0.07994923857868019
8 0.64 0.17385786802030456 0.04428571428571428 0.06852791878172589
5 0.5989285714285715 0.16370558375634517 0.04214285714285714 0.048223350253807105
8 0.2517857142857143 0.5767766497461928 0.02642857142857143 0.10025380710659898
8 0.24 0.6465736040609137 0.02 0.08502538071065989
8 0.27285714285714285 0.5926395939086294 0.024285714285714285 0.08121827411167512
8 0.2767857142857143 0.516497461928934 0.020714285714285713 0.07106598984771573
8 0.23464285714285715 0.7633248730964466 0.025 0.10532994923857868
8 0.325 0.7068527918781725 0.022857142857142857 0.11675126903553298
8 0.27214285714285713 0.6846446700507614 0.024285714285714285 0.10279187817258882
8 0.27464285714285713 0.43908629441624364 0.019285714285714285 0.08629441624365482
8 0.8671428571428571 0.03236040609137056 0.05 0.04441624365482233
8 0.48464285714285715 0.43210659898477155 0.04214285714285714 0.12309644670050761
8 0.37714285714285717 0.42195431472081213 0.03 0.12055837563451775
