1 0.8246428571428571 0.05142857142857143 0.007857142857142858 0.02095238095238095
1 0.8292857142857143 0.08714285714285715 0.01 0.018095238095238095
1 0.835 0.11666666666666667 0.011428571428571429 0.018095238095238095
1 0.8439285714285715 0.12714285714285714 0.0064285714285714285 0.02
0 0.7771428571428571 0.34476190476190477 0.01 0.015238095238095238
0 0.3871428571428571 0.1619047619047619 0.01 0.030476190476190476
0 0.6971428571428572 0.8552380952380952 0.012857142857142857 0.011428571428571429
0 0.2117857142857143 0.7523809523809524 0.019285714285714285 0.017142857142857144
0 0.15964285714285714 0.549047619047619 0.015 0.021904761904761906
9 0.10142857142857142 0.741904761904762 0.024285714285714285 0.047619047619047616
9 0.11214285714285714 0.7514285714285714 0.027142857142857142 0.045714285714285714
9 0.13142857142857142 0.7595238095238095 0.02142857142857143 0.04476190476190476
9 0.15392857142857141 0.7495238095238095 0.02642857142857143 0.047619047619047616
9 0.1692857142857143 0.7547619047619047 0.025714285714285714 0.05238095238095238
9 0.13178571428571428 0.6647619047619048 0.035 0.0380952380952381
9 0.17714285714285713 0.5871428571428572 0.027142857142857142 0.037142857142857144
9 0.225 0.6171428571428571 0.017142857142857144 0.0419047619047619
9 0.25785714285714284 0.5676190476190476 0.03857142857142857 0.026666666666666665
9 0.2675 0.5219047619047619 0.03785714285714286 0.024761904761904763
9 0.2839285714285714 0.48714285714285716 0.03785714285714286 0.037142857142857144
9 0.20142857142857143 0.4919047619047619 0.025714285714285714 0.04476190476190476
9 0.21892857142857142 0.3919047619047619 0.029285714285714286 0.018095238095238095
9 0.31392857142857145 0.41714285714285715 0.03357142857142857 0.02857142857142857
9 0.3142857142857143 0.3952380952380952 0.032857142857142856 0.024761904761904763
9 0.3514285714285714 0.31666666666666665 0.03142857142857143 0.029523809523809525
9 0.3625 0.2823809523809524 0.027857142857142858 0.029523809523809525
9 0.36964285714285716 0.25666666666666665 0.027857142857142858 0.02761904761904762
9 0.37714285714285717 0.23476190476190475 0.027142857142857142 0.025714285714285714
9 0.38535714285714284 0.19714285714285715 0.030714285714285715 0.030476190476190476
9 0.8275 0.03238095238095238 0.027857142857142858 0.024761904761904763
0 0.7917857142857143 0.4342857142857143 0.015 0.024761904761904763
9 0.8021428571428572 0.43523809523809526 0.014285714285714285 0.0380952380952381
9 0.6771428571428572 0.6719047619047619 0.03 0.03333333333333333
9 0.605 0.9271428571428572 0.04 0.02
3 0.5278571428571428 0.9519047619047619 0.05714285714285714 0.09428571428571429
3 0.6721428571428572 0.7395238095238095 0.037142857142857144 0.1
3 0.5567857142857143 0.819047619047619 0.047857142857142855 0.09904761904761905
3 0.30178571428571427 0.5847619047619048 0.05785714285714286 0.11238095238095239
3 0.335 0.4742857142857143 0.055714285714285716 0.10285714285714286
3 0.37642857142857145 0.36142857142857143 0.05285714285714286 0.09238095238095238
5 0.6289285714285714 0.4723809523809524 0.04214285714285714 0.11047619047619048
3 0.6992857142857143 0.5123809523809524 0.07285714285714286 0.0761904761904762
5 0.4142857142857143 0.259047619047619 0.05 0.09714285714285714
3 0.4446428571428571 0.17666666666666667 0.03785714285714286 0.08285714285714285
3 0.6696428571428571 0.2776190476190476 0.04214285714285714 0.09238095238095238
3 0.6828571428571428 0.19714285714285715 0.04285714285714286 0.08
3 0.7664285714285715 0.1819047619047619 0.032857142857142856 0.06857142857142857
3 0.7042857142857143 0.09952380952380953 0.037142857142857144 0.07714285714285714
3 0.7128571428571429 0.024761904761904763 0.037142857142857144 0.049523809523809526
3 0.4975 0.02761904761904762 0.04214285714285714 0.05714285714285714
