3 0.05964285714285714 0.21142857142857144 0.027857142857142858 0.022857142857142857
3 0.11892857142857143 0.20904761904761904 0.030714285714285715 0.023809523809523808
3 0.11964285714285715 0.22904761904761906 0.029285714285714286 0.014285714285714285
3 0.0625 0.2342857142857143 0.027857142857142858 0.02095238095238095
4 0.2817857142857143 0.1538095238095238 0.027857142857142858 0.023809523809523808
3 0.07892857142857143 0.4342857142857143 0.03214285714285714 0.017142857142857144
3 0.20035714285714284 0.4552380952380952 0.015 0.0380952380952381
4 0.2317857142857143 0.4666666666666667 0.03214285714285714 0.017142857142857144
3 0.2646428571428571 0.4542857142857143 0.015 0.03238095238095238
3 0.3242857142857143 0.45714285714285713 0.02857142857142857 0.015238095238095238
3 0.3225 0.4990476190476191 0.027857142857142858 0.015238095238095238
3 0.27 0.4990476190476191 0.014285714285714285 0.03619047619047619
3 0.26785714285714285 0.5776190476190476 0.014285714285714285 0.037142857142857144
3 0.3246428571428571 0.5195238095238095 0.027857142857142858 0.018095238095238095
3 0.3217857142857143 0.539047619047619 0.027857142857142858 0.015238095238095238
3 0.32535714285714284 0.5571428571428572 0.029285714285714286 0.015238095238095238
3 0.32535714285714284 0.5938095238095238 0.025 0.01619047619047619
3 0.3271428571428571 0.6171428571428571 0.024285714285714285 0.015238095238095238
3 0.3325 0.6914285714285714 0.027857142857142858 0.01904761904761905
3 0.33214285714285713 0.7119047619047619 0.027142857142857142 0.018095238095238095
4 0.3367857142857143 0.7547619047619047 0.023571428571428573 0.02
5 0.335 0.7771428571428571 0.03 0.022857142857142857
5 0.33785714285714286 0.8176190476190476 0.027142857142857142 0.02
5 0.39035714285714285 0.8295238095238096 0.016428571428571428 0.047619047619047616
3 0.3917857142857143 0.6823809523809524 0.013571428571428571 0.035238095238095235
3 0.3921428571428571 0.7371428571428571 0.012857142857142857 0.0380952380952381
5 0.3896428571428571 0.7723809523809524 0.012142857142857143 0.030476190476190476
3 0.39035714285714285 0.6319047619047619 0.013571428571428571 0.037142857142857144
4 0.3917857142857143 0.9419047619047619 0.012142857142857143 0.030476190476190476
3 0.3489285714285714 0.9695238095238096 0.02642857142857143 0.022857142857142857
3 0.3028571428571429 0.9319047619047619 0.02857142857142857 0.021904761904761906
3 0.3917857142857143 0.9866666666666667 0.012142857142857143 0.024761904761904763
4 0.5578571428571428 0.7923809523809524 0.012857142857142857 0.04
3 0.5767857142857142 0.7819047619047619 0.012142857142857143 0.03428571428571429
3 0.5939285714285715 0.7719047619047619 0.010714285714285714 0.035238095238095235
3 0.5421428571428571 0.9766666666666667 0.03 0.02761904761904762
3 0.6046428571428571 0.7014285714285714 0.017857142857142856 0.037142857142857144
3 0.6096428571428572 0.5995238095238096 0.012142857142857143 0.037142857142857144
3 0.6314285714285715 0.5819047619047619 0.024285714285714285 0.022857142857142857
3 0.5475 0.5876190476190476 0.012142857142857143 0.03428571428571429
3 0.5389285714285714 0.5476190476190477 0.027857142857142858 0.02857142857142857
5 0.6125 0.5019047619047619 0.015 0.04
3 0.6096428571428572 0.4595238095238095 0.015 0.039047619047619046
3 0.57 0.4442857142857143 0.017142857142857144 0.037142857142857144
3 0.58 0.38142857142857145 0.014285714285714285 0.037142857142857144
3 0.6342857142857142 0.3295238095238095 0.027142857142857142 0.022857142857142857
3 0.45964285714285713 0.32761904761904764 0.027857142857142858 0.015238095238095238
5 0.5471428571428572 0.30428571428571427 0.1 0.037142857142857144
3 0.9021428571428571 0.39380952380952383 0.017142857142857144 0.037142857142857144
3 0.6839285714285714 0.19904761904761906 0.025 0.01904761904761905
3 0.7153571428571428 0.25476190476190474 0.027857142857142858 0.02
9 0.15678571428571428 0.29714285714285715 0.010714285714285714 0.009523809523809525
9 0.2 0.29428571428571426 0.011428571428571429 0.007619047619047619
9 0.195 0.2619047619047619 0.01 0.007619047619047619
9 0.275 0.27 0.011428571428571429 0.010476190476190476
9 0.275 0.3742857142857143 0.012857142857142857 0.007619047619047619
9 0.3364285714285714 0.36904761904761907 0.012857142857142857 0.012380952380952381
9 0.5225 0.23 0.007857142857142858 0.02
9 0.42214285714285715 0.3638095238095238 0.012857142857142857 0.009523809523809525
9 0.5317857142857143 0.3738095238095238 0.010714285714285714 0.010476190476190476
9 0.5964285714285714 0.41714285714285715 0.005714285714285714 0.015238095238095238
9 0.5921428571428572 0.3547619047619048 0.01 0.014285714285714285
9 0.5996428571428571 0.34 0.007857142857142858 0.007619047619047619
9 0.6721428571428572 0.3295238095238095 0.01 0.007619047619047619
9 0.6264285714285714 0.35904761904761906 0.005714285714285714 0.015238095238095238
9 0.6189285714285714 0.4066666666666667 0.0064285714285714285 0.015238095238095238
9 0.6421428571428571 0.4276190476190476 0.012857142857142857 0.011428571428571429
9 0.8117857142857143 0.319047619047619 0.012142857142857143 0.007619047619047619
9 0.8821428571428571 0.3142857142857143 0.01 0.007619047619047619
9 0.9164285714285715 0.31 0.008571428571428572 0.008571428571428572
3 0.9375 0.33 0.029285714285714286 0.01619047619047619
3 0.9721428571428572 0.3295238095238095 0.027142857142857142 0.017142857142857144
9 0.5667857142857143 0.8790476190476191 0.005 0.015238095238095238
9 0.5846428571428571 0.8719047619047618 0.005 0.02
9 0.5675 0.9638095238095238 0.005 0.013333333333333332
9 0.6089285714285714 0.9119047619047619 0.012142857142857143 0.008571428571428572
9 0.37714285714285717 0.6452380952380953 0.005714285714285714 0.01619047619047619
9 0.36178571428571427 0.42904761904761907 0.007857142857142858 0.014285714285714285
9 0.2892857142857143 0.39476190476190476 0.01 0.008571428571428572
0 0.08714285714285715 0.2776190476190476 0.01 0.008571428571428572
0 0.2792857142857143 0.2423809523809524 0.008571428571428572 0.010476190476190476
0 0.30714285714285716 0.6242857142857143 0.007142857142857143 0.004761904761904762
