5 0.6146428571428572 0.8142857142857143 0.08071428571428571 0.19238095238095237
3 0.3675 0.9195238095238095 0.052142857142857144 0.13238095238095238
3 0.3817857142857143 0.7838095238095238 0.05357142857142857 0.10857142857142857
4 0.3896428571428571 0.6747619047619048 0.047857142857142855 0.1
3 0.5628571428571428 0.5195238095238095 0.03 0.058095238095238096
4 0.4064285714285714 0.4614285714285714 0.025714285714285714 0.05238095238095238
3 0.5296428571428572 0.36666666666666664 0.03214285714285714 0.049523809523809526
3 0.40714285714285714 0.36428571428571427 0.03 0.04285714285714286
3 0.505 0.28523809523809524 0.022857142857142857 0.037142857142857144
3 0.48178571428571426 0.21761904761904763 0.019285714285714285 0.023809523809523808
4 0.4739285714285714 0.19 0.017857142857142856 0.029523809523809525
3 0.4625 0.18 0.017857142857142856 0.024761904761904763
3 0.4025 0.3352380952380952 0.020714285714285713 0.026666666666666665
3 0.39785714285714285 0.30952380952380953 0.03 0.030476190476190476
3 0.3425 0.2438095238095238 0.035 0.022857142857142857
3 0.36 0.17904761904761904 0.011428571428571429 0.024761904761904763
3 0.3875 0.18476190476190477 0.016428571428571428 0.026666666666666665
3 0.38392857142857145 0.1676190476190476 0.013571428571428571 0.01904761904761905
3 0.3796428571428571 0.1519047619047619 0.012142857142857143 0.018095238095238095
3 0.37642857142857145 0.13904761904761906 0.011428571428571429 0.015238095238095238
3 0.26285714285714284 0.2752380952380952 0.037142857142857144 0.02095238095238095
