4 0.58475 0.32866666666666666 0.0105 0.009333333333333332
4 0.5760000000000001 0.32566666666666666 0.009000000000000001 0.008666666666666666
3 0.56975 0.369 0.0195 0.006
4 0.5545 0.32966666666666666 0.011 0.007333333333333333
3 0.5525 0.32166666666666666 0.014 0.007333333333333333
3 0.54925 0.315 0.0105 0.006
3 0.5417500000000001 0.31066666666666665 0.0045000000000000005 0.005333333333333333
4 0.61025 0.36266666666666664 0.0105 0.013333333333333332
3 0.47950000000000004 0.29166666666666663 0.009000000000000001 0.004666666666666666
3 0.47750000000000004 0.30066666666666664 0.007 0.006666666666666666
3 0.47150000000000003 0.31666666666666665 0.005 0.006666666666666666
4 0.4825 0.36466666666666664 0.007 0.013333333333333332
5 0.467 0.35566666666666663 0.01 0.018
5 0.46625 0.36566666666666664 0.006500000000000001 0.014
0 0.6105 0.39599999999999996 0.004 0.012
0 0.6022500000000001 0.39599999999999996 0.0035 0.012
5 0.5962500000000001 0.41666666666666663 0.0335 0.024
4 0.603 0.43966666666666665 0.024 0.018
3 0.59775 0.43566666666666665 0.021500000000000002 0.011333333333333332
4 0.6455 0.46299999999999997 0.019 0.018
3 0.6605 0.45499999999999996 0.019 0.018
3 0.678 0.45366666666666666 0.016 0.018
3 0.671 0.5206666666666666 0.042 0.021333333333333333
3 0.69475 0.5796666666666667 0.0505 0.026
3 0.7075 0.6476666666666666 0.066 0.03266666666666666
3 0.39425 0.5016666666666667 0.0195 0.024666666666666667
0 0.58 0.3466666666666667 0.003 0.009333333333333332
3 0.5675 0.36466666666666664 0.016 0.009333333333333332
3 0.5670000000000001 0.36066666666666664 0.016 0.006666666666666666
3 0.5685 0.35766666666666663 0.017 0.007333333333333333
3 0.56575 0.3506666666666667 0.0165 0.006666666666666666
3 0.56275 0.3466666666666667 0.0145 0.005333333333333333
3 0.5640000000000001 0.3436666666666667 0.015 0.007333333333333333
3 0.56 0.3416666666666667 0.013000000000000001 0.007333333333333333
3 0.55975 0.33766666666666667 0.0145 0.007333333333333333
3 0.61075 0.352 0.0175 0.008
