0 0.14142857142857143 0.05774111675126903 0.002857142857142857 0.008883248730964466
0 0.15964285714285714 0.06535532994923858 0.002142857142857143 0.006345177664974619
0 0.14892857142857144 0.07296954314720812 0.0035714285714285713 0.008883248730964466
0 0.1492857142857143 0.09454314720812182 0.004285714285714286 0.011421319796954314
0 0.14464285714285716 0.09581218274111675 0.002142857142857143 0.008883248730964466
0 0.1425 0.12563451776649745 0.0035714285714285713 0.0076142131979695426
0 0.13964285714285715 0.12880710659898476 0.002142857142857143 0.008883248730964466
0 0.155 0.14276649746192893 0.002857142857142857 0.006345177664974619
0 0.16642857142857143 0.15038071065989847 0.002857142857142857 0.006345177664974619
0 0.1667857142857143 0.12309644670050761 0.002142857142857143 0.0076142131979695426
0 0.155 0.15989847715736039 0.002857142857142857 0.005076142131979695
0 0.1475 0.16370558375634517 0.002142857142857143 0.0076142131979695426
0 0.15142857142857144 0.16243654822335024 0.002857142857142857 0.0076142131979695426
0 0.15892857142857142 0.1681472081218274 0.002142857142857143 0.008883248730964466
0 0.16178571428571428 0.17005076142131978 0.0035714285714285713 0.012690355329949238
0 0.17 0.149746192893401 0.002857142857142857 0.012690355329949238
0 0.17785714285714285 0.31535532994923854 0.004285714285714286 0.011421319796954314
0 0.1692857142857143 0.32170050761421315 0.002857142857142857 0.008883248730964466
0 0.19464285714285715 0.299492385786802 0.002142857142857143 0.0076142131979695426
0 0.19428571428571428 0.315989847715736 0.002857142857142857 0.01015228426395939
0 0.19392857142857142 0.35977157360406087 0.0035714285714285713 0.011421319796954314
0 0.2092857142857143 0.47715736040609136 0.002857142857142857 0.0076142131979695426
0 0.13964285714285715 0.46002538071065985 0.005 0.006345177664974619
0 0.12035714285714286 0.5088832487309645 0.005 0.012690355329949238
0 0.11464285714285714 0.5336294416243654 0.002142857142857143 0.006345177664974619
0 0.12 0.5399746192893401 0.002857142857142857 0.008883248730964466
0 0.12642857142857142 0.5482233502538071 0.004285714285714286 0.0076142131979695426
0 0.13142857142857142 0.549492385786802 0.004285714285714286 0.0076142131979695426
0 0.1367857142857143 0.5450507614213198 0.0035714285714285713 0.008883248730964466
0 0.14 0.5431472081218274 0.002857142857142857 0.01015228426395939
0 0.14964285714285713 0.5780456852791878 0.005 0.008883248730964466
0 0.1525 0.6002538071065989 0.005 0.012690355329949238
0 0.15714285714285714 0.5786802030456852 0.002857142857142857 0.01015228426395939
0 0.15642857142857142 0.5678934010152283 0.002857142857142857 0.006345177664974619
0 0.1717857142857143 0.5520304568527918 0.0035714285714285713 0.0076142131979695426
0 0.16785714285714284 0.5532994923857868 0.004285714285714286 0.01015228426395939
0 0.12892857142857142 0.58248730964467 0.0035714285714285713 0.012690355329949238
0 0.06 0.6097715736040609 0.004285714285714286 0.006345177664974619
0 0.13892857142857143 0.6307106598984771 0.005 0.0076142131979695426
0 0.13964285714285715 0.6180203045685279 0.005 0.0076142131979695426
0 0.11214285714285714 0.6510152284263959 0.002857142857142857 0.01015228426395939
0 0.105 0.6465736040609137 0.002857142857142857 0.008883248730964466
0 0.085 0.6560913705583756 0.005714285714285714 0.01015228426395939
0 0.1125 0.6427664974619289 0.005 0.008883248730964466
0 0.1375 0.649746192893401 0.0064285714285714285 0.01015228426395939
0 0.1325 0.6554568527918782 0.0035714285714285713 0.006345177664974619
0 0.18214285714285713 0.7125634517766497 0.004285714285714286 0.008883248730964466
0 0.18142857142857144 0.7220812182741116 0.004285714285714286 0.0076142131979695426
0 0.22464285714285714 0.6637055837563451 0.005 0.0076142131979695426
0 0.2275 0.6694162436548223 0.0035714285714285713 0.006345177664974619
0 0.23285714285714285 0.6744923857868019 0.002857142857142857 0.008883248730964466
0 0.23642857142857143 0.6821065989847716 0.002857142857142857 0.008883248730964466
0 0.2292857142857143 0.7093908629441624 0.004285714285714286 0.0076142131979695426
0 0.225 0.7125634517766497 0.002857142857142857 0.008883248730964466
0 0.25 0.6649746192893401 0.002857142857142857 0.01015228426395939
0 0.15464285714285714 0.8635786802030456 0.005 0.008883248730964466
0 0.14964285714285713 0.8597715736040609 0.005 0.006345177664974619
0 0.1475 0.8673857868020304 0.005 0.006345177664974619
0 0.13428571428571429 0.8845177664974618 0.007142857142857143 0.0076142131979695426
0 0.1275 0.8857868020304568 0.0035714285714285713 0.005076142131979695
0 0.1667857142857143 0.83248730964467 0.0035714285714285713 0.0076142131979695426
0 0.2025 0.7766497461928933 0.005 0.01015228426395939
0 0.19714285714285715 0.7766497461928933 0.002857142857142857 0.0076142131979695426
0 0.18428571428571427 0.7563451776649746 0.004285714285714286 0.0076142131979695426
5 0.1275 0.9530456852791878 0.06357142857142857 0.09137055837563451
0 0.29 0.8876903553299492 0.005714285714285714 0.013959390862944161
0 0.3271428571428571 0.833756345177665 0.004285714285714286 0.01015228426395939
0 0.32285714285714284 0.8102791878172588 0.005714285714285714 0.011421319796954314
0 0.3175 0.8204314720812182 0.005 0.008883248730964466
0 0.31214285714285717 0.8147208121827411 0.004285714285714286 0.01015228426395939
0 0.35714285714285715 0.7912436548223349 0.002857142857142857 0.011421319796954314
0 0.35214285714285715 0.7836294416243654 0.002857142857142857 0.008883248730964466
0 0.3489285714285714 0.7810913705583755 0.002142857142857143 0.008883248730964466
0 0.3539285714285714 0.824238578680203 0.0035714285714285713 0.008883248730964466
0 0.3625 0.8178934010152283 0.005 0.008883248730964466
0 0.35214285714285715 0.8178934010152283 0.002857142857142857 0.006345177664974619
0 0.37214285714285716 0.8432741116751269 0.002857142857142857 0.008883248730964466
0 0.3817857142857143 0.833756345177665 0.0035714285714285713 0.01015228426395939
0 0.3871428571428571 0.8299492385786802 0.004285714285714286 0.0076142131979695426
0 0.39464285714285713 0.7874365482233502 0.002142857142857143 0.006345177664974619
0 0.40535714285714286 0.7519035532994923 0.0035714285714285713 0.008883248730964466
0 0.4014285714285714 0.7887055837563451 0.004285714285714286 0.008883248730964466
0 0.40964285714285714 0.8077411167512689 0.002142857142857143 0.008883248730964466
0 0.41285714285714287 0.815989847715736 0.004285714285714286 0.01015228426395939
0 0.4225 0.8007614213197969 0.0035714285714285713 0.012690355329949238
0 0.3489285714285714 0.883248730964467 0.005 0.012690355329949238
0 0.3896428571428571 0.8876903553299492 0.005 0.008883248730964466
0 0.3425 0.8965736040609137 0.0035714285714285713 0.006345177664974619
0 0.34464285714285714 0.9035532994923857 0.002142857142857143 0.005076142131979695
0 0.33785714285714286 0.899746192893401 0.004285714285714286 0.0076142131979695426
0 0.35214285714285715 0.9213197969543147 0.002857142857142857 0.0076142131979695426
0 0.35678571428571426 0.9282994923857867 0.0035714285714285713 0.008883248730964466
0 0.35285714285714287 0.9327411167512689 0.002857142857142857 0.0076142131979695426
0 0.31892857142857145 0.9467005076142131 0.0035714285714285713 0.0025380710659898475
0 0.30464285714285716 0.9581218274111675 0.002142857142857143 0.01015228426395939
0 0.2892857142857143 0.9403553299492385 0.004285714285714286 0.0076142131979695426
3 0.37392857142857144 0.9384517766497461 0.03214285714285714 0.04441624365482233
3 0.4067857142857143 0.8940355329949238 0.027857142857142858 0.04187817258883248
3 0.33964285714285714 0.9847715736040609 0.03214285714285714 0.027918781725888322
3 0.23285714285714285 0.8756345177664974 0.03 0.035532994923857864
0 0.3796428571428571 0.70748730964467 0.002142857142857143 0.011421319796954314
0 0.37535714285714283 0.7043147208121827 0.0035714285714285713 0.01015228426395939
0 0.42214285714285715 0.7195431472081217 0.002857142857142857 0.012690355329949238
0 0.4025 0.5799492385786802 0.0035714285714285713 0.01015228426395939
0 0.4225 0.5977157360406091 0.002142857142857143 0.0076142131979695426
0 0.3625 0.5875634517766497 0.005 0.012690355329949238
0 0.30142857142857143 0.6453045685279187 0.002857142857142857 0.006345177664974619
0 0.3246428571428571 0.5939086294416244 0.002142857142857143 0.01015228426395939
0 0.3225 0.5958121827411167 0.002142857142857143 0.008883248730964466
0 0.3175 0.5691624365482233 0.005 0.008883248730964466
0 0.28214285714285714 0.5520304568527918 0.002857142857142857 0.0076142131979695426
0 0.275 0.5558375634517766 0.002857142857142857 0.012690355329949238
4 0.40964285714285714 0.482233502538071 0.030714285714285715 0.035532994923857864
0 0.28785714285714287 0.5107868020304568 0.002857142857142857 0.011421319796954314
0 0.2867857142857143 0.47969543147208116 0.0035714285714285713 0.01015228426395939
0 0.3275 0.3045685279187817 0.002142857142857143 0.012690355329949238
0 0.35678571428571426 0.4232233502538071 0.0035714285714285713 0.011421319796954314
3 0.3225 0.31979695431472077 0.013571428571428571 0.032994923857868015
3 0.30214285714285716 0.21256345177664973 0.012857142857142857 0.031725888324873094
3 0.29642857142857143 0.17258883248730963 0.012857142857142857 0.04314720812182741
3 0.2842857142857143 0.11611675126903552 0.01 0.03426395939086294
0 0.2867857142857143 0.14784263959390861 0.0035714285714285713 0.011421319796954314
4 0.27785714285714286 0.08756345177664974 0.01 0.027918781725888322
0 0.5096428571428572 0.07296954314720812 0.002142857142857143 0.008883248730964466
0 0.5075 0.07296954314720812 0.002142857142857143 0.008883248730964466
0 0.5771428571428572 0.004441624365482233 0.002857142857142857 0.008883248730964466
0 0.5939285714285715 0.049492385786802026 0.002142857142857143 0.0076142131979695426
0 0.59 0.04758883248730964 0.002857142857142857 0.008883248730964466
0 0.5817857142857142 0.04378172588832487 0.002142857142857143 0.008883248730964466
0 0.5796428571428571 0.053299492385786795 0.002142857142857143 0.005076142131979695
0 0.5771428571428572 0.052030456852791875 0.002857142857142857 0.0076142131979695426
0 0.5728571428571428 0.05710659898477157 0.002857142857142857 0.0076142131979695426
0 0.5921428571428572 0.06408629441624365 0.002857142857142857 0.008883248730964466
0 0.5896428571428571 0.06408629441624365 0.002142857142857143 0.011421319796954314
0 0.5775 0.06725888324873096 0.002142857142857143 0.0076142131979695426
0 0.5821428571428572 0.07296954314720812 0.002857142857142857 0.011421319796954314
0 0.5867857142857142 0.07677664974619289 0.002142857142857143 0.008883248730964466
0 0.5842857142857143 0.08185279187817258 0.002857142857142857 0.008883248730964466
0 0.5889285714285715 0.09263959390862943 0.002142857142857143 0.01015228426395939
0 0.5596428571428571 0.021573604060913704 0.002142857142857143 0.01015228426395939
0 0.5546428571428571 0.021573604060913704 0.002142857142857143 0.0076142131979695426
0 0.5571428571428572 0.03616751269035533 0.002857142857142857 0.006345177664974619
0 0.5539285714285714 0.03743654822335025 0.002142857142857143 0.008883248730964466
0 0.56 0.17005076142131978 0.002857142857142857 0.015228426395939085
0 0.5778571428571428 0.2531725888324873 0.002857142857142857 0.011421319796954314
0 0.5846428571428571 0.23984771573604058 0.002142857142857143 0.01015228426395939
4 0.555 0.33312182741116747 0.022857142857142857 0.026649746192893398
4 0.5596428571428571 0.34644670050761417 0.02214285714285714 0.027918781725888322
4 0.5642857142857143 0.3610406091370558 0.024285714285714285 0.026649746192893398
4 0.5675 0.3756345177664974 0.025 0.027918781725888322
4 0.5725 0.391497461928934 0.03214285714285714 0.03426395939086294
4 0.44035714285714284 0.4625634517766497 0.029285714285714286 0.03426395939086294
0 0.5796428571428571 0.4746192893401015 0.002142857142857143 0.012690355329949238
0 0.5764285714285714 0.47335025380710655 0.002857142857142857 0.01015228426395939
0 0.5725 0.4708121827411167 0.002142857142857143 0.01015228426395939
0 0.5564285714285714 0.4955583756345177 0.004285714285714286 0.013959390862944161
0 0.5239285714285714 0.5203045685279187 0.0035714285714285713 0.01015228426395939
0 0.5628571428571428 0.5678934010152283 0.004285714285714286 0.011421319796954314
0 0.4675 0.5951776649746192 0.005 0.012690355329949238
0 0.45714285714285713 0.5545685279187816 0.002857142857142857 0.012690355329949238
0 0.4517857142857143 0.557741116751269 0.002142857142857143 0.006345177664974619
0 0.42464285714285716 0.6110406091370558 0.002142857142857143 0.011421319796954314
0 0.425 0.6021573604060914 0.002857142857142857 0.006345177664974619
0 0.5078571428571429 0.6269035532994923 0.002857142857142857 0.0076142131979695426
0 0.51 0.6376903553299492 0.002857142857142857 0.008883248730964466
0 0.4642857142857143 0.6586294416243654 0.002857142857142857 0.01015228426395939
0 0.4475 0.7176395939086294 0.002142857142857143 0.008883248730964466
0 0.4496428571428571 0.7233502538071065 0.002142857142857143 0.0076142131979695426
0 0.44785714285714284 0.7373096446700507 0.002857142857142857 0.0076142131979695426
0 0.445 0.7347715736040609 0.002857142857142857 0.0076142131979695426
0 0.5025 0.7335025380710659 0.005 0.01015228426395939
0 0.4525 0.7519035532994923 0.002142857142857143 0.006345177664974619
0 0.5528571428571428 0.6782994923857868 0.0014285714285714286 0.011421319796954314
0 0.5496428571428571 0.6757614213197969 0.002142857142857143 0.011421319796954314
0 0.5296428571428572 0.7404822335025381 0.005 0.011421319796954314
0 0.4446428571428571 0.7639593908629441 0.002142857142857143 0.0076142131979695426
0 0.4471428571428571 0.7709390862944162 0.002857142857142857 0.006345177664974619
0 0.43214285714285716 0.8350253807106598 0.004285714285714286 0.0076142131979695426
0 0.5071428571428571 0.8413705583756345 0.004285714285714286 0.0076142131979695426
4 0.4875 0.7887055837563451 0.029285714285714286 0.04187817258883248
3 0.45535714285714285 0.825507614213198 0.027857142857142858 0.04441624365482233
8 0.56 0.7138324873096447 0.03857142857142857 0.06218274111675126
3 0.5153571428571428 0.9416243654822334 0.025 0.05837563451776649
3 0.54 0.9035532994923857 0.024285714285714285 0.055837563451776644
3 0.555 0.8889593908629441 0.022857142857142857 0.049492385786802026
3 0.5667857142857143 0.8667512690355329 0.025 0.050761421319796954
3 0.6021428571428571 0.8153553299492385 0.025714285714285714 0.04695431472081218
4 0.6271428571428571 0.6516497461928934 0.03 0.04187817258883248
4 0.59 0.6541878172588832 0.025714285714285714 0.03680203045685279
0 0.655 0.6313451776649746 0.002857142857142857 0.008883248730964466
0 0.6089285714285714 0.5977157360406091 0.002142857142857143 0.01015228426395939
0 0.605 0.6034263959390862 0.002857142857142857 0.008883248730964466
0 0.655 0.6269035532994923 0.002857142857142857 0.0076142131979695426
0 0.6678571428571428 0.6148477157360406 0.002857142857142857 0.008883248730964466
0 0.6696428571428571 0.6059644670050761 0.002142857142857143 0.006345177664974619
0 0.6803571428571429 0.6465736040609137 0.0035714285714285713 0.008883248730964466
0 0.6771428571428572 0.6478426395939085 0.002857142857142857 0.008883248730964466
0 0.6789285714285714 0.6611675126903552 0.0035714285714285713 0.012690355329949238
0 0.6996428571428571 0.6516497461928934 0.002142857142857143 0.008883248730964466
0 0.7028571428571428 0.6453045685279187 0.004285714285714286 0.013959390862944161
0 0.6864285714285714 0.574238578680203 0.002857142857142857 0.006345177664974619
0 0.7146428571428571 0.6376903553299492 0.002142857142857143 0.011421319796954314
0 0.7121428571428572 0.6300761421319796 0.002857142857142857 0.008883248730964466
0 0.7114285714285714 0.6757614213197969 0.004285714285714286 0.011421319796954314
0 0.6942857142857143 0.6808375634517766 0.002857142857142857 0.008883248730964466
0 0.6971428571428572 0.6770304568527918 0.002857142857142857 0.011421319796954314
0 0.6921428571428572 0.515228426395939 0.004285714285714286 0.012690355329949238
0 0.6246428571428572 0.5425126903553299 0.002142857142857143 0.008883248730964466
0 0.6246428571428572 0.5361675126903553 0.005 0.006345177664974619
0 0.6228571428571429 0.5310913705583756 0.004285714285714286 0.008883248730964466
0 0.6203571428571428 0.523477157360406 0.0035714285714285713 0.008883248730964466
0 0.6664285714285715 0.4143401015228426 0.004285714285714286 0.008883248730964466
0 0.7146428571428571 0.4486040609137055 0.002142857142857143 0.006345177664974619
0 0.7196428571428571 0.46002538071065985 0.002142857142857143 0.008883248730964466
0 0.61 0.40862944162436543 0.002857142857142857 0.0076142131979695426
0 0.6167857142857143 0.391497461928934 0.005 0.008883248730964466
0 0.6017857142857143 0.40038071065989844 0.002142857142857143 0.006345177664974619
0 0.605 0.39847715736040606 0.002857142857142857 0.012690355329949238
0 0.6096428571428572 0.36675126903553296 0.002142857142857143 0.01015228426395939
0 0.6146428571428572 0.36548223350253806 0.002142857142857143 0.01015228426395939
0 0.6146428571428572 0.3527918781725888 0.002142857142857143 0.0076142131979695426
0 0.6446428571428572 0.3692893401015228 0.002142857142857143 0.01015228426395939
0 0.6875 0.3546954314720812 0.002142857142857143 0.013959390862944161
0 0.6975 0.33185279187817257 0.002142857142857143 0.008883248730964466
0 0.6946428571428571 0.32741116751269034 0.002142857142857143 0.0076142131979695426
0 0.69 0.30203045685279184 0.002857142857142857 0.0076142131979695426
0 0.6967857142857142 0.3147208121827411 0.002142857142857143 0.012690355329949238
0 0.6478571428571429 0.3280456852791878 0.002857142857142857 0.008883248730964466
0 0.6442857142857142 0.324238578680203 0.002857142857142857 0.008883248730964466
0 0.6289285714285714 0.299492385786802 0.0035714285714285713 0.01015228426395939
0 0.625 0.299492385786802 0.002857142857142857 0.0076142131979695426
0 0.6414285714285715 0.27538071065989844 0.002857142857142857 0.0076142131979695426
0 0.6671428571428571 0.3102791878172589 0.002857142857142857 0.006345177664974619
0 0.6646428571428571 0.30837563451776645 0.002142857142857143 0.0076142131979695426
0 0.6596428571428572 0.28045685279187815 0.002142857142857143 0.01015228426395939
0 0.6678571428571428 0.2569796954314721 0.002857142857142857 0.011421319796954314
0 0.665 0.26078680203045684 0.002857142857142857 0.011421319796954314
0 0.6071428571428571 0.30837563451776645 0.002857142857142857 0.0076142131979695426
0 0.6096428571428572 0.30076142131979694 0.002142857142857143 0.0076142131979695426
0 0.5975 0.2982233502538071 0.002142857142857143 0.01015228426395939
0 0.6171428571428571 0.2798223350253807 0.002857142857142857 0.006345177664974619
0 0.6764285714285714 0.3229695431472081 0.002857142857142857 0.006345177664974619
0 0.6671428571428571 0.2347715736040609 0.002857142857142857 0.0076142131979695426
0 0.6546428571428572 0.26205583756345174 0.002142857142857143 0.006345177664974619
0 0.6567857142857143 0.26078680203045684 0.002142857142857143 0.011421319796954314
0 0.6578571428571428 0.2531725888324873 0.002857142857142857 0.008883248730964466
0 0.6621428571428571 0.29568527918781723 0.002857142857142857 0.012690355329949238
0 0.6596428571428572 0.291243654822335 0.002142857142857143 0.006345177664974619
3 0.6996428571428571 0.2918781725888325 0.017857142857142856 0.03045685279187817
3 0.6575 0.1979695431472081 0.015 0.025380710659898477
3 0.6446428571428572 0.16624365482233502 0.015 0.027918781725888322
3 0.6475 0.05266497461928934 0.015 0.03426395939086294
3 0.6989285714285715 0.15989847715736039 0.016428571428571428 0.03045685279187817
4 0.6203571428571428 0.10977157360406091 0.019285714285714285 0.03680203045685279
0 0.615 0.0019035532994923856 0.002857142857142857 0.0038071065989847713
0 0.6192857142857143 0.0038071065989847713 0.002857142857142857 0.0076142131979695426
0 0.6267857142857143 0.0069796954314720805 0.002142857142857143 0.0038071065989847713
0 0.6389285714285714 0.016497461928934008 0.002142857142857143 0.005076142131979695
0 0.6446428571428572 0.02728426395939086 0.002142857142857143 0.008883248730964466
0 0.6467857142857143 0.016497461928934008 0.002142857142857143 0.01015228426395939
0 0.6396428571428572 0.026649746192893398 0.002142857142857143 0.0076142131979695426
0 0.6367857142857143 0.028553299492385786 0.002142857142857143 0.013959390862944161
0 0.6639285714285714 0.07043147208121826 0.0035714285714285713 0.008883248730964466
0 0.6764285714285714 0.08121827411167512 0.002857142857142857 0.01015228426395939
0 0.6792857142857143 0.08121827411167512 0.002857142857142857 0.01015228426395939
0 0.6964285714285714 0.12563451776649745 0.002857142857142857 0.01015228426395939
0 0.6442857142857142 0.19289340101522842 0.002857142857142857 0.012690355329949238
0 0.6396428571428572 0.19416243654822332 0.002142857142857143 0.01015228426395939
0 0.6325 0.19543147208121825 0.002142857142857143 0.0076142131979695426
0 0.6525 0.36167512690355325 0.002142857142857143 0.01015228426395939
0 0.65 0.3635786802030457 0.002857142857142857 0.013959390862944161
3 0.825 0.9308375634517766 0.03 0.052030456852791875
5 0.7275 0.9194162436548222 0.04214285714285714 0.08502538071065989
8 0.7196428571428571 0.8401015228426395 0.04214285714285714 0.08375634517766496
8 0.7989285714285714 0.9771573604060912 0.03357142857142857 0.04060913705583756
0 0.745 0.9758883248730964 0.005714285714285714 0.01015228426395939
0 0.8496428571428571 0.9206852791878172 0.005 0.008883248730964466
0 0.8503571428571428 0.9321065989847716 0.005 0.008883248730964466
0 0.8571428571428571 0.9625634517766497 0.002857142857142857 0.006345177664974619
0 0.8271428571428572 0.8864213197969543 0.005714285714285714 0.011421319796954314
0 0.8296428571428571 0.8546954314720812 0.005 0.008883248730964466
0 0.8378571428571429 0.8401015228426395 0.004285714285714286 0.01015228426395939
0 0.8278571428571428 0.815989847715736 0.004285714285714286 0.005076142131979695
0 0.8203571428571429 0.825507614213198 0.005 0.011421319796954314
0 0.8239285714285715 0.8413705583756345 0.005 0.0076142131979695426
0 0.76 0.6516497461928934 0.002857142857142857 0.011421319796954314
0 0.7396428571428572 0.7176395939086294 0.002142857142857143 0.008883248730964466
0 0.7439285714285714 0.7138324873096447 0.0035714285714285713 0.013959390862944161
0 0.7642857142857142 0.6732233502538071 0.002857142857142857 0.006345177664974619
0 0.7592857142857142 0.6903553299492385 0.002857142857142857 0.01015228426395939
0 0.7614285714285715 0.6846446700507614 0.002857142857142857 0.008883248730964466
0 0.7639285714285714 0.6833756345177664 0.002142857142857143 0.008883248730964466
0 0.83 0.6154822335025381 0.002857142857142857 0.01015228426395939
0 0.8114285714285714 0.6021573604060914 0.002857142857142857 0.008883248730964466
0 0.7614285714285715 0.5996192893401014 0.002857142857142857 0.011421319796954314
0 0.7639285714285714 0.6205583756345178 0.002142857142857143 0.0076142131979695426
0 0.7675 0.6186548223350253 0.0035714285714285713 0.011421319796954314
0 0.7821428571428571 0.5418781725888324 0.002857142857142857 0.01015228426395939
0 0.7946428571428571 0.5520304568527918 0.002142857142857143 0.01015228426395939
0 0.7975 0.5456852791878172 0.005 0.01015228426395939
0 0.79 0.5532994923857868 0.002857142857142857 0.005076142131979695
0 0.7892857142857143 0.5444162436548223 0.002857142857142857 0.01015228426395939
0 0.7971428571428572 0.5862944162436547 0.002857142857142857 0.0076142131979695426
0 0.7967857142857143 0.5774111675126903 0.002142857142857143 0.0076142131979695426
0 0.7939285714285714 0.581218274111675 0.002142857142857143 0.01015228426395939
0 0.7967857142857143 0.5970812182741116 0.0035714285714285713 0.008883248730964466
0 0.7871428571428571 0.5862944162436547 0.002857142857142857 0.01015228426395939
0 0.7817857142857143 0.5799492385786802 0.002142857142857143 0.0076142131979695426
3 0.7439285714285714 0.3876903553299492 0.019285714285714285 0.03680203045685279
0 0.7814285714285715 0.2969543147208122 0.002857142857142857 0.01015228426395939
0 0.7753571428571429 0.299492385786802 0.0035714285714285713 0.0076142131979695426
3 0.89 0.2696700507614213 0.02142857142857143 0.03680203045685279
3 0.9089285714285714 0.3039340101522842 0.020714285714285713 0.03680203045685279
3 0.9364285714285714 0.3496192893401015 0.022857142857142857 0.03680203045685279
3 0.9625 0.3959390862944162 0.02642857142857143 0.04314720812182741
4 0.9621428571428572 0.42703045685279184 0.027142857142857142 0.04695431472081218
9 0.9264285714285714 0.6192893401015228 0.008571428571428572 0.012690355329949238
9 0.97 0.706218274111675 0.01 0.013959390862944161
9 0.9775 0.7151015228426395 0.015 0.016497461928934008
3 0.8628571428571429 0.6510152284263959 0.027142857142857142 0.04568527918781726
5 0.9096428571428572 0.7398477157360406 0.047857142857142855 0.07868020304568528
0 0.9628571428571429 0.765228426395939 0.007142857142857143 0.01015228426395939
0 0.8725 0.7360406091370558 0.0035714285714285713 0.01015228426395939
0 0.895 0.7576142131979695 0.007142857142857143 0.01015228426395939
0 0.8925 0.7690355329949238 0.005 0.01015228426395939
0 0.8864285714285715 0.6034263959390862 0.005714285714285714 0.006345177664974619
0 0.8853571428571428 0.6123096446700507 0.005 0.006345177664974619
0 0.8878571428571429 0.6161167512690355 0.005714285714285714 0.008883248730964466
0 0.9746428571428571 0.8191624365482233 0.007857142857142858 0.008883248730964466
0 0.9642857142857143 0.9270304568527918 0.007142857142857143 0.011421319796954314
0 0.9696428571428571 0.9308375634517766 0.005 0.008883248730964466
0 0.8753571428571428 0.9206852791878172 0.0064285714285714285 0.008883248730964466
0 0.8542857142857143 0.949238578680203 0.005714285714285714 0.01015228426395939
