3 0.5014285714285714 0.94 0.13857142857142857 0.1180952380952381
3 0.009285714285714286 0.7347619047619047 0.017142857142857144 0.06380952380952382
3 0.0625 0.6966666666666667 0.052142857142857144 0.07904761904761905
3 0.03892857142857143 0.569047619047619 0.035 0.04666666666666667
3 0.12964285714285714 0.69 0.052142857142857144 0.06571428571428571
3 0.21785714285714286 0.6547619047619048 0.05142857142857143 0.06952380952380953
4 0.21392857142857144 0.5176190476190476 0.05357142857142857 0.035238095238095235
3 0.29428571428571426 0.4795238095238095 0.05714285714285714 0.03333333333333333
4 0.31892857142857145 0.45904761904761904 0.039285714285714285 0.02857142857142857
3 0.3414285714285714 0.4471428571428571 0.04285714285714286 0.02761904761904762
3 0.4117857142857143 0.9266666666666666 0.13642857142857143 0.13333333333333333
3 0.5692857142857143 0.8147619047619048 0.11857142857142858 0.10761904761904761
3 0.7017857142857142 0.7495238095238095 0.09785714285714285 0.09523809523809523
4 0.8042857142857143 0.6776190476190476 0.08285714285714285 0.09047619047619047
3 0.8778571428571429 0.6290476190476191 0.06857142857142857 0.07333333333333333
3 0.9421428571428572 0.5938095238095238 0.06571428571428571 0.06
0 0.29178571428571426 0.6114285714285714 0.015 0.0380952380952381
0 0.345 0.6719047619047619 0.017142857142857144 0.04476190476190476
0 0.35928571428571426 0.6638095238095238 0.012857142857142857 0.0380952380952381
2 0.36214285714285716 0.49476190476190474 0.022857142857142857 0.02
2 0.3821428571428571 0.4738095238095238 0.02 0.023809523809523808
2 0.4175 0.48238095238095235 0.02214285714285714 0.018095238095238095
9 0.41464285714285715 0.4342857142857143 0.017857142857142856 0.017142857142857144
9 0.21714285714285714 0.4576190476190476 0.012857142857142857 0.014285714285714285
0 0.2814285714285714 0.3852380952380952 0.005714285714285714 0.01619047619047619
0 0.2517857142857143 0.40714285714285714 0.0064285714285714285 0.02
3 0.3375 0.3738095238095238 0.015 0.02
0 0.33785714285714286 0.35714285714285715 0.005714285714285714 0.015238095238095238
0 0.3742857142857143 0.35714285714285715 0.007142857142857143 0.02095238095238095
3 0.39535714285714285 0.3519047619047619 0.035 0.02
3 0.38785714285714284 0.34523809523809523 0.025714285714285714 0.014285714285714285
3 0.3792857142857143 0.34476190476190477 0.03 0.015238095238095238
3 0.37142857142857144 0.3419047619047619 0.025714285714285714 0.017142857142857144
3 0.3603571428571429 0.33666666666666667 0.02214285714285714 0.014285714285714285
3 0.355 0.33380952380952383 0.024285714285714285 0.01619047619047619
3 0.3492857142857143 0.3295238095238095 0.027142857142857142 0.015238095238095238
3 0.345 0.32666666666666666 0.027142857142857142 0.017142857142857144
4 0.3417857142857143 0.31952380952380954 0.030714285714285715 0.02
3 0.4092857142857143 0.33904761904761904 0.037142857142857144 0.017142857142857144
3 0.38 0.32666666666666666 0.02857142857142857 0.013333333333333332
3 0.3821428571428571 0.3223809523809524 0.027142857142857142 0.010476190476190476
3 0.3578571428571429 0.31666666666666665 0.022857142857142857 0.014285714285714285
3 0.7503571428571428 0.38 0.030714285714285715 0.024761904761904763
8 0.5114285714285715 0.3376190476190476 0.04857142857142857 0.03142857142857143
3 0.4525 0.32142857142857145 0.025 0.01619047619047619
4 0.4417857142857143 0.3171428571428571 0.023571428571428573 0.015238095238095238
3 0.43535714285714283 0.31666666666666665 0.02214285714285714 0.012380952380952381
3 0.42464285714285716 0.3119047619047619 0.025 0.014285714285714285
3 0.41464285714285715 0.31 0.017857142857142856 0.012380952380952381
3 0.40285714285714286 0.30428571428571427 0.022857142857142857 0.012380952380952381
0 0.8328571428571429 0.5695238095238095 0.01 0.0419047619047619
9 0.8914285714285715 0.4471428571428571 0.02 0.029523809523809525
0 0.8892857142857142 0.4452380952380952 0.008571428571428572 0.02761904761904762
3 0.37642857142857145 0.4114285714285714 0.04 0.022857142857142857
3 0.40285714285714286 0.39904761904761904 0.03142857142857143 0.01904761904761905
