3 0.13714285714285715 0.6971428571428572 0.13285714285714287 0.12
3 0.3842857142857143 0.6166666666666667 0.11714285714285715 0.10761904761904761
3 0.2542857142857143 0.4819047619047619 0.09142857142857143 0.08
3 0.365 0.4438095238095238 0.07714285714285714 0.05523809523809524
3 0.6346428571428572 0.42714285714285716 0.052142857142857144 0.05047619047619047
3 0.5546428571428571 0.3823809523809524 0.045 0.037142857142857144
3 0.5221428571428571 0.3719047619047619 0.05 0.039047619047619046
0 0.45714285714285713 0.3819047619047619 0.01 0.03238095238095238
0 0.4667857142857143 0.38761904761904764 0.009285714285714286 0.03619047619047619
0 0.47464285714285714 0.38666666666666666 0.007857142857142858 0.02857142857142857
5 0.5039285714285714 0.6738095238095239 0.255 0.2923809523809524
3 0.7364285714285714 0.29714285714285715 0.05 0.0380952380952381
3 0.025 0.5519047619047619 0.05 0.07714285714285714
