3 0.15714285714285714 0.42952380952380953 0.027142857142857142 0.017142857142857144
3 0.2092857142857143 0.4023809523809524 0.03142857142857143 0.018095238095238095
3 0.3196428571428571 0.42714285714285716 0.027857142857142858 0.018095238095238095
3 0.0067857142857142855 0.39380952380952383 0.013571428571428571 0.01619047619047619
3 0.005357142857142857 0.4142857142857143 0.012142857142857143 0.017142857142857144
3 0.005 0.4342857142857143 0.011428571428571429 0.015238095238095238
3 0.3489285714285714 0.4847619047619048 0.02642857142857143 0.015238095238095238
3 0.3492857142857143 0.40476190476190477 0.027142857142857142 0.015238095238095238
3 0.3992857142857143 0.4866666666666667 0.027142857142857142 0.015238095238095238
3 0.42714285714285716 0.40190476190476193 0.03 0.02095238095238095
3 0.555 0.13952380952380952 0.012857142857142857 0.03333333333333333
3 0.5725 0.14714285714285713 0.013571428571428571 0.035238095238095235
3 0.5775 0.40904761904761905 0.020714285714285713 0.03333333333333333
3 0.6 0.41714285714285715 0.014285714285714285 0.04
3 0.6142857142857143 0.3995238095238095 0.015714285714285715 0.035238095238095235
3 0.6575 0.3647619047619048 0.013571428571428571 0.03428571428571429
3 0.6792857142857143 0.36238095238095236 0.017142857142857144 0.039047619047619046
3 0.6975 0.3547619047619048 0.015 0.037142857142857144
4 0.7121428571428572 0.34714285714285714 0.017142857142857144 0.037142857142857144
3 0.7446428571428572 0.3419047619047619 0.012142857142857143 0.03619047619047619
3 0.7567857142857143 0.32666666666666666 0.015 0.03619047619047619
4 0.7567857142857143 0.25761904761904764 0.020714285714285713 0.029523809523809525
3 0.7425 0.22142857142857142 0.016428571428571428 0.037142857142857144
3 0.7303571428571428 0.17714285714285713 0.019285714285714285 0.03428571428571429
5 0.7221428571428572 0.13238095238095238 0.015714285714285715 0.04
4 0.7242857142857143 0.007619047619047619 0.017142857142857144 0.017142857142857144
3 0.82 0.2919047619047619 0.02142857142857143 0.021904761904761906
3 0.8239285714285715 0.30952380952380953 0.02642857142857143 0.022857142857142857
3 0.8117857142857143 0.3319047619047619 0.02214285714285714 0.02
3 0.83 0.33904761904761904 0.02142857142857143 0.03238095238095238
3 0.8514285714285714 0.3442857142857143 0.024285714285714285 0.025714285714285714
5 0.6653571428571429 0.46190476190476193 0.035 0.024761904761904763
3 0.6896428571428571 0.45 0.015 0.037142857142857144
3 0.7039285714285715 0.4438095238095238 0.017857142857142856 0.03619047619047619
3 0.7175 0.4423809523809524 0.012142857142857143 0.02761904761904762
5 0.7503571428571428 0.43952380952380954 0.03642857142857143 0.02761904761904762
3 0.7425 0.42 0.025 0.02095238095238095
3 0.7928571428571428 0.5042857142857143 0.011428571428571429 0.035238095238095235
3 0.8571428571428571 0.4038095238095238 0.024285714285714285 0.022857142857142857
3 0.8628571428571429 0.4195238095238095 0.025714285714285714 0.021904761904761906
3 0.8739285714285714 0.45666666666666667 0.027857142857142858 0.021904761904761906
3 0.7964285714285714 0.5466666666666666 0.012857142857142857 0.03238095238095238
5 0.8117857142857143 0.6442857142857142 0.017857142857142856 0.04476190476190476
3 0.8164285714285714 0.6971428571428572 0.012857142857142857 0.0380952380952381
4 0.8203571428571429 0.7442857142857143 0.016428571428571428 0.035238095238095235
3 0.8589285714285714 0.71 0.027857142857142858 0.021904761904761906
3 0.9071428571428571 0.74 0.027142857142857142 0.024761904761904763
5 0.8364285714285714 0.8642857142857143 0.024285714285714285 0.05238095238095238
5 0.8846428571428572 0.86 0.029285714285714286 0.02857142857142857
5 0.8921428571428571 0.9042857142857142 0.03 0.021904761904761906
4 0.8942857142857142 0.9252380952380952 0.02142857142857143 0.02
4 0.9017857142857143 0.9471428571428572 0.027857142857142858 0.025714285714285714
3 0.9028571428571428 0.97 0.02857142857142857 0.02
3 0.9046428571428572 0.9895238095238095 0.027857142857142858 0.01904761904761905
3 0.8225 0.18761904761904763 0.02642857142857143 0.024761904761904763
3 0.8271428571428572 0.2138095238095238 0.022857142857142857 0.023809523809523808
3 0.8214285714285714 0.1619047619047619 0.02142857142857143 0.01904761904761905
3 0.6475 0.52 0.015 0.04
3 0.6496428571428572 0.5619047619047619 0.012142857142857143 0.03238095238095238
3 0.6217857142857143 0.6666666666666666 0.015 0.04
3 0.6028571428571429 0.6814285714285714 0.012857142857142857 0.03333333333333333
3 0.6292857142857143 0.7171428571428572 0.012857142857142857 0.0380952380952381
4 0.6525 0.7242857142857143 0.016428571428571428 0.04476190476190476
4 0.6496428571428572 0.7790476190476191 0.012142857142857143 0.03619047619047619
3 0.6371428571428571 0.7966666666666666 0.012857142857142857 0.035238095238095235
3 0.6475 0.919047619047619 0.013571428571428571 0.0380952380952381
9 0.6146428571428572 0.3323809523809524 0.009285714285714286 0.017142857142857144
9 0.6425 0.35428571428571426 0.009285714285714286 0.015238095238095238
9 0.6728571428571428 0.39904761904761904 0.012857142857142857 0.007619047619047619
9 0.6246428571428572 0.3742857142857143 0.007857142857142858 0.017142857142857144
9 0.5821428571428572 0.2795238095238095 0.007142857142857143 0.012380952380952381
9 0.5846428571428571 0.2219047619047619 0.005 0.015238095238095238
9 0.5125 0.40190476190476193 0.009285714285714286 0.013333333333333332
9 0.48 0.4 0.008571428571428572 0.015238095238095238
9 0.46464285714285714 0.43714285714285717 0.010714285714285714 0.009523809523809525
9 0.3467857142857143 0.4595238095238095 0.016428571428571428 0.012380952380952381
9 0.6425 0.8538095238095238 0.007857142857142858 0.021904761904761906
9 0.655 0.8247619047619048 0.007142857142857143 0.017142857142857144
0 0.8246428571428571 0.8019047619047619 0.009285714285714286 0.009523809523809525
0 0.9475 0.7019047619047619 0.009285714285714286 0.009523809523809525
0 0.7325 0.1538095238095238 0.0064285714285714285 0.010476190476190476
3 0.8496428571428571 0.5371428571428571 0.03214285714285714 0.024761904761904763
