0 0.5314285714285715 0.8271428571428572 0.025714285714285714 0.06761904761904762
0 0.5721428571428572 0.8571428571428571 0.015714285714285715 0.0380952380952381
1 0.5746428571428571 0.8066666666666666 0.02214285714285714 0.047619047619047616
1 0.5596428571428571 0.7047619047619048 0.025 0.049523809523809526
0 0.83 0.4766666666666667 0.03 0.06
0 0.6842857142857143 0.5495238095238095 0.02 0.06095238095238095
0 0.6346428571428572 0.52 0.015 0.047619047619047616
0 0.7371428571428571 0.3842857142857143 0.022857142857142857 0.06
0 0.7414285714285714 0.3547619047619048 0.014285714285714285 0.035238095238095235
0 0.7478571428571429 0.17714285714285713 0.012857142857142857 0.049523809523809526
0 0.93 0.31952380952380954 0.024285714285714285 0.05047619047619047
0 0.91 0.3242857142857143 0.017142857142857144 0.035238095238095235
0 0.5728571428571428 0.41714285714285715 0.018571428571428572 0.05523809523809524
0 0.34464285714285714 0.4576190476190476 0.017857142857142856 0.05619047619047619
0 0.35464285714285715 0.45 0.015 0.04285714285714286
0 0.2042857142857143 0.36714285714285716 0.02857142857142857 0.058095238095238096
0 0.21928571428571428 0.3619047619047619 0.02142857142857143 0.0419047619047619
0 0.23285714285714285 0.33666666666666667 0.02857142857142857 0.05238095238095238
0 0.42464285714285716 0.42904761904761907 0.02214285714285714 0.054285714285714284
0 0.4375 0.4 0.015 0.04
0 0.4392857142857143 0.38142857142857145 0.018571428571428572 0.05619047619047619
3 0.09142857142857143 0.25952380952380955 0.09714285714285714 0.06952380952380953
3 0.4667857142857143 0.3495238095238095 0.11642857142857142 0.08761904761904762
3 0.6046428571428571 0.36714285714285716 0.10785714285714286 0.07714285714285714
3 0.6214285714285714 0.1419047619047619 0.08285714285714285 0.05523809523809524
0 0.03428571428571429 0.11238095238095239 0.02 0.04380952380952381
0 0.5446428571428571 0.12238095238095238 0.015 0.04476190476190476
