3 0.205 0.054285714285714284 0.03 0.03238095238095238
3 0.1875 0.019523809523809523 0.029285714285714286 0.03333333333333333
4 0.08214285714285714 0.31476190476190474 0.032857142857142856 0.04476190476190476
4 0.09928571428571428 0.30714285714285716 0.02 0.03142857142857143
4 0.22535714285714287 0.11476190476190476 0.029285714285714286 0.03333333333333333
3 0.27 0.17238095238095238 0.03142857142857143 0.026666666666666665
3 0.2889285714285714 0.14714285714285713 0.025 0.04285714285714286
3 0.30428571428571427 0.13428571428571429 0.024285714285714285 0.04
3 0.29428571428571426 0.1895238095238095 0.02857142857142857 0.0380952380952381
3 0.5071428571428571 0.4738095238095238 0.012857142857142857 0.04476190476190476
8 0.4521428571428571 0.37714285714285717 0.05714285714285714 0.07428571428571429
8 0.45535714285714285 0.43142857142857144 0.03642857142857143 0.06476190476190476
4 0.5378571428571428 0.5895238095238096 0.02 0.0380952380952381
5 0.6121428571428571 0.7242857142857143 0.05714285714285714 0.1
4 0.3167857142857143 0.07476190476190477 0.017857142857142856 0.035238095238095235
3 0.0375 0.25666666666666665 0.02642857142857143 0.04476190476190476
3 0.2764285714285714 0.07666666666666666 0.025714285714285714 0.040952380952380955
3 0.35035714285714287 0.1019047619047619 0.02214285714285714 0.04
3 0.6203571428571428 0.36714285714285716 0.020714285714285713 0.04285714285714286
3 0.5996428571428571 0.5442857142857143 0.02214285714285714 0.037142857142857144
3 0.6571428571428571 0.6571428571428571 0.017142857142857144 0.03238095238095238
3 0.6442857142857142 0.5819047619047619 0.024285714285714285 0.04
3 0.6742857142857143 0.6390476190476191 0.025714285714285714 0.0419047619047619
3 0.6942857142857143 0.6338095238095238 0.02142857142857143 0.040952380952380955
3 0.8764285714285714 0.87 0.02142857142857143 0.040952380952380955
3 0.8589285714285714 0.9671428571428572 0.013571428571428571 0.04285714285714286
3 0.9142857142857143 0.8414285714285714 0.02142857142857143 0.04285714285714286
3 0.9821428571428571 0.6419047619047619 0.03 0.03238095238095238
3 0.8967857142857143 0.44952380952380955 0.027857142857142858 0.0380952380952381
3 0.6092857142857143 0.5142857142857142 0.024285714285714285 0.04
3 0.3692857142857143 0.24714285714285714 0.02142857142857143 0.040952380952380955
3 0.4367857142857143 0.20952380952380953 0.027857142857142858 0.04
3 0.5017857142857143 0.12904761904761905 0.02642857142857143 0.04476190476190476
3 0.5539285714285714 0.17238095238095238 0.020714285714285713 0.04
3 0.5889285714285715 0.23142857142857143 0.025 0.04
3 0.6142857142857143 0.28476190476190477 0.022857142857142857 0.03619047619047619
3 0.6442857142857142 0.33714285714285713 0.027142857142857142 0.0419047619047619
3 0.8053571428571429 0.25952380952380955 0.02214285714285714 0.02761904761904762
3 0.48928571428571427 0.02238095238095238 0.017142857142857144 0.040952380952380955
5 0.5346428571428572 0.12476190476190477 0.03214285714285714 0.047619047619047616
4 0.6167857142857143 0.14 0.030714285714285715 0.04
3 0.6871428571428572 0.07428571428571429 0.027142857142857142 0.03238095238095238
3 0.7625 0.16476190476190475 0.02214285714285714 0.0419047619047619
3 0.7842857142857143 0.21 0.02 0.035238095238095235
4 0.8842857142857142 0.5371428571428571 0.03142857142857143 0.030476190476190476
4 0.9164285714285715 0.42523809523809525 0.022857142857142857 0.03142857142857143
3 0.8471428571428572 0.3423809523809524 0.022857142857142857 0.035238095238095235
3 0.8021428571428572 0.37142857142857144 0.027142857142857142 0.03238095238095238
3 0.8289285714285715 0.3047619047619048 0.016428571428571428 0.0380952380952381
3 0.8121428571428572 0.3914285714285714 0.02 0.02857142857142857
4 0.8214285714285714 0.4142857142857143 0.022857142857142857 0.03238095238095238
3 0.83 0.43142857142857144 0.022857142857142857 0.024761904761904763
3 0.8389285714285715 0.45 0.025 0.029523809523809525
3 0.8478571428571429 0.46476190476190476 0.025714285714285714 0.03238095238095238
3 0.8575 0.48238095238095235 0.02642857142857143 0.029523809523809525
3 0.8671428571428571 0.5038095238095238 0.027142857142857142 0.03428571428571429
3 0.9467857142857142 0.44476190476190475 0.027857142857142858 0.0380952380952381
4 0.9471428571428572 0.4 0.032857142857142856 0.03238095238095238
9 0.22035714285714286 0.14952380952380953 0.007857142857142858 0.015238095238095238
0 0.7071428571428572 0.9795238095238096 0.005714285714285714 0.012380952380952381
0 0.6039285714285715 0.8942857142857142 0.005 0.013333333333333332
0 0.6046428571428571 0.6595238095238095 0.005 0.006666666666666666
0 0.47214285714285714 0.4742857142857143 0.002857142857142857 0.009523809523809525
9 0.6521428571428571 0.6847619047619048 0.01 0.015238095238095238
1 0.6546428571428572 0.6871428571428572 0.005 0.004761904761904762
0 0.8017857142857143 0.5895238095238096 0.005 0.007619047619047619
0 0.91 0.7323809523809524 0.007142857142857143 0.007619047619047619
0 0.8692857142857143 0.7547619047619047 0.008571428571428572 0.004761904761904762
0 0.8796428571428572 0.7423809523809524 0.007857142857142858 0.012380952380952381
0 0.8964285714285715 0.7247619047619047 0.008571428571428572 0.009523809523809525
0 0.9142857142857143 0.5252380952380953 0.008571428571428572 0.006666666666666666
0 0.9142857142857143 0.5219047619047619 0.008571428571428572 0.007619047619047619
0 0.8364285714285714 0.5995238095238096 0.007142857142857143 0.006666666666666666
0 0.82 0.6047619047619047 0.004285714285714286 0.0038095238095238095
3 0.9875 0.6947619047619048 0.023571428571428573 0.029523809523809525
3 0.9935714285714285 0.7195238095238096 0.011428571428571429 0.021904761904761906
0 0.9796428571428571 0.4695238095238095 0.009285714285714286 0.007619047619047619
3 0.9910714285714286 0.39 0.016428571428571428 0.037142857142857144
0 0.9189285714285714 0.8852380952380953 0.009285714285714286 0.008571428571428572
0 0.9867857142857143 0.981904761904762 0.007857142857142858 0.007619047619047619
0 0.9842857142857143 0.9742857142857143 0.007142857142857143 0.007619047619047619
0 0.9578571428571429 0.9323809523809524 0.007142857142857143 0.007619047619047619
0 0.9746428571428571 0.9466666666666667 0.010714285714285714 0.007619047619047619
0 0.9714285714285714 0.92 0.011428571428571429 0.007619047619047619
0 0.9842857142857143 0.9495238095238095 0.008571428571428572 0.009523809523809525
0 0.955 0.8852380952380953 0.007142857142857143 0.010476190476190476
0 0.9321428571428572 0.8666666666666667 0.007142857142857143 0.009523809523809525
0 0.9960714285714286 0.8271428571428572 0.0064285714285714285 0.004761904761904762
