8 0.6496428571428572 0.09898477157360405 0.055 0.055837563451776644
8 0.5739285714285715 0.141497461928934 0.056428571428571425 0.05964467005076142
8 0.48142857142857143 0.19416243654822332 0.08571428571428572 0.09390862944162436
8 0.3842857142857143 0.25380710659898476 0.07285714285714286 0.07106598984771573
8 0.7767857142857143 0.02728426395939086 0.06642857142857143 0.05710659898477157
4 0.15464285714285714 0.39403553299492383 0.05928571428571429 0.052030456852791875
4 0.03 0.47715736040609136 0.06142857142857143 0.05837563451776649
3 0.09785714285714285 0.4346446700507614 0.05714285714285714 0.052030456852791875
3 0.07642857142857143 0.1878172588832487 0.024285714285714285 0.04568527918781726
3 0.029642857142857144 0.20685279187817257 0.025 0.04568527918781726
3 0.10642857142857143 0.14022842639593908 0.017142857142857144 0.031725888324873094
3 0.085 0.1465736040609137 0.02 0.03934010152284264
3 0.06285714285714286 0.15736040609137056 0.02 0.035532994923857864
3 0.0425 0.1630710659898477 0.020714285714285713 0.031725888324873094
3 0.02214285714285714 0.18337563451776648 0.02 0.03934010152284264
8 0.6978571428571428 0.7563451776649746 0.14142857142857143 0.13197969543147206
4 0.01 0.21256345177664973 0.02 0.05456852791878172
3 0.007142857142857143 0.12753807106598983 0.014285714285714285 0.03934010152284264
3 0.04178571428571429 0.10659898477157359 0.020714285714285713 0.035532994923857864
9 0.0575 0.10469543147208121 0.009285714285714286 0.024111675126903553
9 0.06714285714285714 0.09835025380710659 0.01 0.021573604060913704
9 0.13892857142857143 0.06789340101522842 0.010714285714285714 0.024111675126903553
9 0.15214285714285714 0.061548223350253804 0.007142857142857143 0.021573604060913704
9 0.1467857142857143 0.06408629441624365 0.007857142857142858 0.029187817258883246
9 0.15928571428571428 0.059010152284263956 0.008571428571428572 0.029187817258883246
9 0.16214285714285714 0.050761421319796954 0.007142857142857143 0.017766497461928932
3 0.4442857142857143 0.038705583756345176 0.012857142857142857 0.03426395939086294
9 0.19392857142857142 0.3769035532994924 0.010714285714285714 0.035532994923857864
9 0.20392857142857143 0.3661167512690355 0.015 0.029187817258883246
9 0.21214285714285713 0.3635786802030457 0.01 0.026649746192893398
9 0.22392857142857142 0.3477157360406091 0.013571428571428571 0.035532994923857864
9 0.23392857142857143 0.3477157360406091 0.009285714285714286 0.02284263959390863
9 0.2417857142857143 0.3439086294416243 0.010714285714285714 0.02284263959390863
9 0.25392857142857145 0.3299492385786802 0.012142857142857143 0.03807106598984771
9 0.2642857142857143 0.3299492385786802 0.011428571428571429 0.03807106598984771
9 0.2814285714285714 0.315989847715736 0.012857142857142857 0.03045685279187817
9 0.2892857142857143 0.3128172588832487 0.011428571428571429 0.029187817258883246
9 0.29428571428571426 0.3064720812182741 0.012857142857142857 0.03680203045685279
9 0.3028571428571429 0.30774111675126903 0.011428571428571429 0.029187817258883246
9 0.3167857142857143 0.2963197969543147 0.016428571428571428 0.03426395939086294
9 0.3221428571428571 0.2899746192893401 0.01 0.029187817258883246
9 0.33035714285714285 0.28743654822335024 0.010714285714285714 0.03426395939086294
9 0.2175 0.35532994923857864 0.015 0.035532994923857864
9 0.24714285714285714 0.3362944162436548 0.012857142857142857 0.03045685279187817
9 0.2692857142857143 0.3280456852791878 0.014285714285714285 0.03426395939086294
9 0.2742857142857143 0.32043147208121825 0.014285714285714285 0.029187817258883246
0 0.20142857142857143 0.31916243654822335 0.007142857142857143 0.021573604060913704
0 0.0325 0.42703045685279184 0.012142857142857143 0.031725888324873094
0 0.18464285714285714 0.4612944162436548 0.012142857142857143 0.031725888324873094
0 0.3467857142857143 0.23350253807106597 0.007857142857142858 0.027918781725888322
0 0.42214285714285715 0.2049492385786802 0.007142857142857143 0.024111675126903553
0 0.41928571428571426 0.2049492385786802 0.002857142857142857 0.026649746192893398
0 0.3417857142857143 0.39847715736040606 0.005 0.025380710659898477
0 0.2789285714285714 0.45368020304568524 0.007857142857142858 0.026649746192893398
0 0.3339285714285714 0.40736040609137053 0.0064285714285714285 0.025380710659898477
0 0.5017857142857143 0.30076142131979694 0.005 0.025380710659898477
0 0.5421428571428571 0.17005076142131978 0.005714285714285714 0.02284263959390863
0 0.46535714285714286 0.06345177664974619 0.0035714285714285713 0.015228426395939085
0 0.6071428571428571 0.09581218274111675 0.007142857142857143 0.024111675126903553
0 0.5996428571428571 0.10723350253807105 0.005 0.021573604060913704
0 0.6403571428571428 0.08058375634517766 0.0064285714285714285 0.016497461928934008
0 0.29 0.03616751269035533 0.005714285714285714 0.021573604060913704
0 0.3125 0.16243654822335024 0.0035714285714285713 0.02030456852791878
0 0.2975 0.141497461928934 0.005 0.019035532994923856
0 0.5742857142857143 0.4860406091370558 0.008571428571428572 0.025380710659898477
0 0.4589285714285714 0.506979695431472 0.005 0.021573604060913704
0 0.43 0.515228426395939 0.008571428571428572 0.02030456852791878
0 0.4142857142857143 0.5272842639593909 0.008571428571428572 0.021573604060913704
0 0.4 0.5412436548223349 0.007142857142857143 0.024111675126903553
0 0.3889285714285714 0.5628172588832487 0.009285714285714286 0.024111675126903553
0 0.20964285714285713 0.8280456852791878 0.007857142857142858 0.024111675126903553
0 0.30642857142857144 0.8109137055837563 0.007142857142857143 0.03045685279187817
0 0.29964285714285716 0.8267766497461928 0.007857142857142858 0.021573604060913704
0 0.3271428571428571 0.9308375634517766 0.01 0.029187817258883246
0 0.305 0.9771573604060912 0.007142857142857143 0.025380710659898477
0 0.29892857142857143 0.9796954314720812 0.007857142857142858 0.02284263959390863
0 0.6796428571428571 0.8375634517766497 0.007857142857142858 0.03045685279187817
0 0.7317857142857143 0.8635786802030456 0.009285714285714286 0.029187817258883246
0 0.7325 0.8953045685279187 0.009285714285714286 0.024111675126903553
0 0.7153571428571428 0.822969543147208 0.010714285714285714 0.024111675126903553
0 0.6039285714285715 0.5241116751269035 0.0064285714285714285 0.02284263959390863
0 0.7278571428571429 0.1465736040609137 0.007142857142857143 0.021573604060913704
0 0.7389285714285714 0.14784263959390861 0.007857142857142858 0.021573604060913704
0 0.7471428571428571 0.14403553299492386 0.007142857142857143 0.024111675126903553
0 0.7571428571428571 0.1281725888324873 0.004285714285714286 0.025380710659898477
0 0.7521428571428571 0.13769035532994922 0.004285714285714286 0.026649746192893398
0 0.7278571428571429 0.575507614213198 0.007142857142857143 0.021573604060913704
0 0.7264285714285714 0.5666243654822335 0.008571428571428572 0.021573604060913704
0 0.715 0.8534263959390862 0.01 0.029187817258883246
9 0.5617857142857143 0.3629441624365482 0.010714285714285714 0.03045685279187817
0 0.5514285714285714 0.45368020304568524 0.008571428571428572 0.031725888324873094
0 0.4446428571428571 0.5019035532994923 0.005 0.021573604060913704
0 0.4471428571428571 0.524746192893401 0.007142857142857143 0.024111675126903553
0 0.3246428571428571 0.5095177664974619 0.007857142857142858 0.024111675126903553
0 0.31 0.506979695431472 0.007142857142857143 0.021573604060913704
0 0.31785714285714284 0.5107868020304568 0.005714285714285714 0.024111675126903553
0 0.30428571428571427 0.5272842639593909 0.007142857142857143 0.026649746192893398
0 0.3217857142857143 0.524746192893401 0.0064285714285714285 0.026649746192893398
9 0.5992857142857143 0.4765228426395939 0.011428571428571429 0.031725888324873094
9 0.6071428571428571 0.4746192893401015 0.01 0.032994923857868015
9 0.6146428571428572 0.4746192893401015 0.007857142857142858 0.027918781725888322
9 0.6196428571428572 0.4752538071065989 0.007857142857142858 0.026649746192893398
9 0.625 0.47144670050761417 0.01 0.029187817258883246
9 0.6328571428571429 0.4708121827411167 0.01 0.027918781725888322
9 0.64 0.4676395939086294 0.008571428571428572 0.026649746192893398
9 0.65 0.4689086294416243 0.008571428571428572 0.021573604060913704
9 0.6646428571428571 0.49238578680203043 0.012142857142857143 0.025380710659898477
9 0.6728571428571428 0.5190355329949238 0.01 0.03045685279187817
0 0.7375 0.1351522842639594 0.005 0.019035532994923856
3 0.8196428571428571 0.01015228426395939 0.025 0.02284263959390863
