3 0.2775 0.13380952380952382 0.02214285714285714 0.01619047619047619
3 0.365 0.10238095238095238 0.027142857142857142 0.02
3 0.33714285714285713 0.12238095238095238 0.027142857142857142 0.018095238095238095
3 0.4442857142857143 0.09952380952380953 0.03428571428571429 0.018095238095238095
3 0.6017857142857143 0.014761904761904763 0.013571428571428571 0.029523809523809525
3 0.62 0.03428571428571429 0.012857142857142857 0.03619047619047619
3 0.67 0.06428571428571428 0.012857142857142857 0.03333333333333333
3 0.69 0.06190476190476191 0.017142857142857144 0.0380952380952381
3 0.7092857142857143 0.054285714285714284 0.015714285714285715 0.0380952380952381
4 0.7239285714285715 0.04904761904761905 0.016428571428571428 0.040952380952380955
3 0.7571428571428571 0.0419047619047619 0.012857142857142857 0.0380952380952381
3 0.7689285714285714 0.029523809523809525 0.015 0.03428571428571429
5 0.6778571428571428 0.15523809523809523 0.03571428571428571 0.02857142857142857
3 0.7025 0.14714285714285713 0.015 0.035238095238095235
3 0.7171428571428572 0.14238095238095239 0.017142857142857144 0.037142857142857144
3 0.7314285714285714 0.14 0.011428571428571429 0.02857142857142857
3 0.8221428571428572 0.03380952380952381 0.022857142857142857 0.02
3 0.8421428571428572 0.039523809523809524 0.02 0.029523809523809525
3 0.8621428571428571 0.04476190476190476 0.025714285714285714 0.024761904761904763
3 0.7546428571428572 0.11952380952380952 0.027857142857142858 0.02
5 0.7625 0.13476190476190475 0.035 0.029523809523809525
3 0.8675 0.10142857142857142 0.025 0.025714285714285714
3 0.8746428571428572 0.11714285714285715 0.027857142857142858 0.022857142857142857
3 0.8853571428571428 0.1523809523809524 0.027857142857142858 0.024761904761904763
3 0.805 0.20142857142857143 0.012857142857142857 0.035238095238095235
3 0.8721428571428571 0.40190476190476193 0.027142857142857142 0.015238095238095238
3 0.9221428571428572 0.4338095238095238 0.022857142857142857 0.021904761904761906
3 0.8296428571428571 0.3871428571428571 0.015 0.035238095238095235
5 0.8242857142857143 0.33476190476190476 0.02142857142857143 0.039047619047619046
4 0.835 0.43666666666666665 0.012857142857142857 0.03142857142857143
5 0.85 0.5447619047619048 0.025714285714285714 0.049523809523809526
5 0.8989285714285714 0.5476190476190477 0.027857142857142858 0.02095238095238095
5 0.9053571428571429 0.589047619047619 0.030714285714285715 0.018095238095238095
4 0.9075 0.6095238095238096 0.025 0.01904761904761905
4 0.9164285714285715 0.6295238095238095 0.02857142857142857 0.022857142857142857
3 0.9171428571428571 0.6514285714285715 0.03 0.017142857142857144
3 0.9192857142857143 0.6719047619047619 0.02857142857142857 0.02
3 0.8628571428571429 0.6895238095238095 0.017142857142857144 0.03428571428571429
3 0.8567857142857143 0.2652380952380952 0.017857142857142856 0.035238095238095235
3 0.8621428571428571 0.23 0.027142857142857142 0.023809523809523808
3 0.8078571428571428 0.2419047619047619 0.014285714285714285 0.03238095238095238
3 0.9353571428571429 0.7442857142857143 0.020714285714285713 0.02
3 0.9378571428571428 0.7666666666666667 0.025714285714285714 0.01904761904761905
3 0.9442857142857143 0.8038095238095239 0.03142857142857143 0.022857142857142857
3 0.9475 0.8223809523809524 0.029285714285714286 0.02
3 0.9478571428571428 0.8442857142857143 0.02857142857142857 0.02
3 0.9539285714285715 0.8623809523809524 0.03214285714285714 0.02
3 0.7096428571428571 0.9514285714285714 0.015 0.04
0 0.7103571428571429 0.9838095238095238 0.009285714285714286 0.011428571428571429
3 0.6739285714285714 0.9552380952380952 0.016428571428571428 0.04380952380952381
3 0.7346428571428572 0.8514285714285714 0.027857142857142858 0.030476190476190476
3 0.7217857142857143 0.81 0.013571428571428571 0.035238095238095235
5 0.6992857142857143 0.8252380952380952 0.018571428571428572 0.05047619047619047
3 0.6925 0.7576190476190476 0.013571428571428571 0.040952380952380955
6 0.6917857142857143 0.6919047619047619 0.010714285714285714 0.025714285714285714
4 0.6721428571428572 0.5276190476190477 0.012857142857142857 0.03238095238095238
4 0.6728571428571428 0.4576190476190476 0.015714285714285715 0.04476190476190476
3 0.6414285714285715 0.37 0.011428571428571429 0.02761904761904762
4 0.6303571428571428 0.2876190476190476 0.012142857142857143 0.0380952380952381
3 0.645 0.2542857142857143 0.012857142857142857 0.03619047619047619
3 0.6614285714285715 0.21476190476190476 0.014285714285714285 0.037142857142857144
9 0.6325 0.3495238095238095 0.005 0.013333333333333332
9 0.6292857142857143 0.10380952380952381 0.005714285714285714 0.013333333333333332
9 0.6114285714285714 0.15904761904761905 0.011428571428571429 0.011428571428571429
9 0.5925 0.062380952380952384 0.005 0.012380952380952381
9 0.6567857142857143 0.05523809523809524 0.007857142857142858 0.015238095238095238
9 0.5303571428571429 0.1 0.005 0.015238095238095238
9 0.495 0.10142857142857142 0.008571428571428572 0.014285714285714285
