5 0.5689285714285715 0.765228426395939 0.04071428571428572 0.14213197969543145
3 0.9014285714285715 0.6675126903553299 0.02857142857142857 0.09137055837563451
8 0.7264285714285714 0.5469543147208121 0.022857142857142857 0.08121827411167512
3 0.6071428571428571 0.5272842639593909 0.02 0.052030456852791875
3 0.74 0.43845177664974616 0.017142857142857144 0.04695431472081218
3 0.6296428571428572 0.38071065989847713 0.017857142857142856 0.04060913705583756
3 0.8042857142857143 0.3756345177664974 0.024285714285714285 0.053299492385786795
3 0.6496428571428572 0.258248730964467 0.017857142857142856 0.029187817258883246
3 0.8246428571428571 0.11548223350253806 0.015 0.025380710659898477
3 0.9096428571428572 0.17766497461928932 0.017857142857142856 0.035532994923857864
3 0.8839285714285714 0.12944162436548223 0.013571428571428571 0.03045685279187817
3 0.8792857142857143 0.052030456852791875 0.011428571428571429 0.02030456852791878
3 0.8946428571428572 0.028553299492385786 0.012142857142857143 0.016497461928934008
3 0.8771428571428571 0.016497461928934008 0.01 0.02030456852791878
3 0.7214285714285714 0.053299492385786795 0.012857142857142857 0.02030456852791878
3 0.6846428571428571 0.039974619289340096 0.009285714285714286 0.013959390862944161
4 0.5771428571428572 0.06916243654822335 0.01 0.016497461928934008
3 0.5571428571428572 0.07550761421319796 0.01 0.013959390862944161
4 0.5489285714285714 0.07423857868020305 0.007857142857142858 0.011421319796954314
3 0.5321428571428571 0.11357868020304568 0.015714285714285715 0.013959390862944161
4 0.37285714285714283 0.28236040609137053 0.03 0.024111675126903553
5 0.39 0.2918781725888325 0.04428571428571428 0.03807106598984771
3 0.35642857142857143 0.31408629441624364 0.024285714285714285 0.019035532994923856
3 0.31892857142857145 0.33375634517766495 0.029285714285714286 0.02030456852791878
3 0.28535714285714286 0.34835025380710655 0.025 0.016497461928934008
3 0.2475 0.3661167512690355 0.025 0.019035532994923856
3 0.21428571428571427 0.3781725888324873 0.025714285714285714 0.02030456852791878
3 0.1625 0.3965736040609137 0.025 0.019035532994923856
3 0.11964285714285715 0.4232233502538071 0.025 0.019035532994923856
3 0.1025 0.40609137055837563 0.035 0.027918781725888322
4 0.07464285714285715 0.4422588832487309 0.04214285714285714 0.03680203045685279
9 0.062142857142857146 0.3794416243654822 0.014285714285714285 0.012690355329949238
9 0.06964285714285715 0.3610406091370558 0.015 0.013959390862944161
9 0.04428571428571428 0.39403553299492383 0.014285714285714285 0.013959390862944161
