9 0.42464285714285716 0.3295238095238095 0.029285714285714286 0.022857142857142857
4 0.5746428571428571 0.034761904761904765 0.03214285714285714 0.07142857142857142
9 0.6121428571428571 0.0419047619047619 0.022857142857142857 0.015238095238095238
9 0.6121428571428571 0.054285714285714284 0.024285714285714285 0.015238095238095238
7 0.6092857142857143 0.08142857142857143 0.032857142857142856 0.023809523809523808
3 0.6164285714285714 0.12428571428571429 0.027142857142857142 0.06761904761904762
0 0.6521428571428571 0.09904761904761905 0.007142857142857143 0.026666666666666665
0 0.6275 0.2814285714285714 0.009285714285714286 0.02
0 0.44892857142857145 0.67 0.007857142857142858 0.014285714285714285
0 0.46035714285714285 0.6623809523809524 0.012142857142857143 0.012380952380952381
0 0.13964285714285715 0.7823809523809524 0.015 0.012380952380952381
0 0.05785714285714286 0.799047619047619 0.012857142857142857 0.015238095238095238
0 0.6075 0.7542857142857143 0.012142857142857143 0.015238095238095238
9 0.5839285714285715 0.1442857142857143 0.020714285714285713 0.02
9 0.5892857142857143 0.16142857142857142 0.02142857142857143 0.018095238095238095
9 0.6064285714285714 0.2819047619047619 0.02 0.015238095238095238
9 0.5996428571428571 0.29 0.02214285714285714 0.029523809523809525
9 0.5721428571428572 0.28523809523809524 0.02 0.023809523809523808
9 0.5696428571428571 0.31666666666666665 0.025 0.023809523809523808
9 0.5746428571428571 0.3376190476190476 0.017857142857142856 0.014285714285714285
9 0.5714285714285714 0.3595238095238095 0.02142857142857143 0.014285714285714285
9 0.6046428571428571 0.40190476190476193 0.02214285714285714 0.024761904761904763
9 0.5989285714285715 0.4219047619047619 0.025 0.02095238095238095
9 0.5971428571428572 0.4419047619047619 0.017142857142857144 0.026666666666666665
9 0.9896428571428572 0.7795238095238095 0.019285714285714285 0.02
9 0.9371428571428572 0.7747619047619048 0.017142857142857144 0.04285714285714286
9 0.9214285714285714 0.7723809523809524 0.017142857142857144 0.0380952380952381
9 0.89 0.7723809523809524 0.014285714285714285 0.03238095238095238
9 0.8767857142857143 0.7747619047619048 0.015 0.04476190476190476
9 0.865 0.7752380952380953 0.012857142857142857 0.0419047619047619
9 0.8539285714285715 0.7752380952380953 0.015 0.04
9 0.8403571428571428 0.7795238095238095 0.016428571428571428 0.040952380952380955
9 0.7596428571428572 0.7823809523809524 0.015 0.035238095238095235
9 0.7464285714285714 0.7842857142857143 0.014285714285714285 0.035238095238095235
9 0.7189285714285715 0.7842857142857143 0.015 0.039047619047619046
9 0.7064285714285714 0.7871428571428571 0.012857142857142857 0.04476190476190476
9 0.6928571428571428 0.7852380952380953 0.015714285714285715 0.04476190476190476
9 0.6596428571428572 0.7876190476190477 0.02214285714285714 0.03619047619047619
9 0.63 0.7923809523809524 0.02 0.03428571428571429
9 0.6114285714285714 0.7942857142857143 0.012857142857142857 0.0380952380952381
9 0.5678571428571428 0.7971428571428572 0.012857142857142857 0.0380952380952381
9 0.5521428571428572 0.7976190476190477 0.012857142857142857 0.037142857142857144
9 0.5139285714285714 0.7995238095238095 0.010714285714285714 0.040952380952380955
9 0.47035714285714286 0.8042857142857143 0.012142857142857143 0.039047619047619046
9 0.4546428571428571 0.8047619047619048 0.012142857142857143 0.03619047619047619
9 0.44285714285714284 0.8066666666666666 0.012857142857142857 0.04
9 0.42392857142857143 0.8038095238095239 0.009285714285714286 0.0419047619047619
9 0.41464285714285715 0.8052380952380952 0.010714285714285714 0.04285714285714286
9 0.3875 0.809047619047619 0.009285714285714286 0.040952380952380955
9 0.3717857142857143 0.8138095238095238 0.012142857142857143 0.037142857142857144
9 0.36 0.8095238095238095 0.012857142857142857 0.04
9 0.34714285714285714 0.8123809523809524 0.012857142857142857 0.0380952380952381
9 0.33214285714285713 0.8119047619047619 0.01 0.04285714285714286
9 0.30464285714285716 0.8152380952380952 0.012142857142857143 0.0380952380952381
9 0.2875 0.8171428571428572 0.013571428571428571 0.0419047619047619
9 0.27464285714285713 0.8171428571428572 0.010714285714285714 0.04
9 0.26 0.819047619047619 0.012857142857142857 0.0419047619047619
9 0.24464285714285713 0.819047619047619 0.012142857142857143 0.0419047619047619
9 0.23392857142857143 0.8176190476190476 0.010714285714285714 0.037142857142857144
9 0.21464285714285714 0.8219047619047619 0.012142857142857143 0.04
9 0.19678571428571429 0.8195238095238095 0.012142857142857143 0.04476190476190476
9 0.1225 0.8242857142857143 0.012142857142857143 0.04285714285714286
9 0.08928571428571429 0.8323809523809523 0.014285714285714285 0.04
1 0.024285714285714285 0.8419047619047619 0.008571428571428572 0.009523809523809525
1 0.029642857142857144 0.8342857142857143 0.019285714285714285 0.015238095238095238
9 0.0275 0.8371428571428572 0.015 0.03428571428571429
9 0.075 0.5319047619047619 0.027142857142857142 0.02
3 0.24714285714285714 0.6423809523809524 0.07285714285714286 0.040952380952380955
4 0.3271428571428571 0.6395238095238095 0.06285714285714286 0.039047619047619046
3 0.4125 0.6376190476190476 0.06928571428571428 0.040952380952380955
4 0.735 0.6271428571428571 0.07 0.04666666666666667
3 0.8096428571428571 0.6171428571428571 0.07214285714285715 0.0419047619047619
3 0.8864285714285715 0.6123809523809524 0.06571428571428571 0.04
3 0.9696428571428571 0.6047619047619047 0.05928571428571429 0.04
3 0.555 0.4519047619047619 0.022857142857142857 0.08285714285714285
4 0.585 0.22142857142857142 0.05 0.07904761904761905
3 0.6239285714285714 0.19952380952380952 0.027857142857142858 0.07333333333333333
3 0.5771428571428572 0.10714285714285714 0.037142857142857144 0.054285714285714284
