0 0.7275 0.9511421319796953 0.012142857142857143 0.026649746192893398
8 0.9492857142857143 0.8375634517766497 0.1 0.2081218274111675
8 0.8267857142857142 0.9308375634517766 0.105 0.13578680203045684
0 0.5221428571428571 0.9124365482233502 0.007142857142857143 0.025380710659898477
0 0.495 0.8546954314720812 0.008571428571428572 0.031725888324873094
4 0.3075 0.9638324873096445 0.025 0.06979695431472081
1 0.1825 0.9651015228426395 0.005 0.021573604060913704
0 0.1825 0.9498730964467005 0.007857142857142858 0.026649746192893398
0 0.175 0.9010152284263959 0.01 0.03045685279187817
0 0.175 0.8058375634517766 0.01 0.035532994923857864
3 0.2596428571428571 0.7163705583756345 0.02214285714285714 0.0748730964467005
3 0.28785714285714287 0.6123096446700507 0.022857142857142857 0.05710659898477157
8 0.37535714285714283 0.6205583756345178 0.035 0.12690355329949238
4 0.41035714285714286 0.5736040609137055 0.02214285714285714 0.07360406091370558
4 0.43142857142857144 0.5126903553299492 0.02 0.06091370558375634
4 0.42714285714285716 0.4428934010152284 0.017142857142857144 0.055837563451776644
4 0.42178571428571426 0.3635786802030457 0.017857142857142856 0.06218274111675126
3 0.385 0.2563451776649746 0.022857142857142857 0.04314720812182741
0 0.30142857142857143 0.03362944162436548 0.004285714285714286 0.016497461928934008
5 0.30964285714285716 0.07614213197969542 0.027857142857142858 0.06091370558375634
5 0.33 0.1281725888324873 0.025714285714285714 0.05837563451776649
3 0.3539285714285714 0.16941624365482233 0.03357142857142857 0.031725888324873094
8 0.14392857142857143 0.09137055837563451 0.03642857142857143 0.10152284263959391
3 0.19 0.10088832487309644 0.015714285714285715 0.029187817258883246
3 0.24214285714285713 0.24175126903553298 0.017142857142857144 0.03680203045685279
0 0.10464285714285715 0.0031725888324873096 0.005 0.006345177664974619
0 0.10714285714285714 0.04568527918781726 0.005714285714285714 0.017766497461928932
0 0.11964285714285715 0.07677664974619289 0.005 0.021573604060913704
0 0.1175 0.08121827411167512 0.005 0.02030456852791878
0 0.11714285714285715 0.10850253807106598 0.007142857142857143 0.021573604060913704
0 0.12464285714285714 0.10469543147208121 0.005 0.016497461928934008
0 0.12214285714285714 0.09961928934010152 0.007142857142857143 0.021573604060913704
0 0.13392857142857142 0.10342639593908629 0.005 0.024111675126903553
0 0.11714285714285715 0.10723350253807105 0.005714285714285714 0.021573604060913704
0 0.11714285714285715 0.12182741116751268 0.007142857142857143 0.02284263959390863
0 0.1225 0.13895939086294415 0.005 0.019035532994923856
0 0.165 0.2969543147208122 0.007142857142857143 0.02030456852791878
0 0.16964285714285715 0.34644670050761417 0.007857142857142858 0.02284263959390863
0 0.19642857142857142 0.43527918781725883 0.005714285714285714 0.02284263959390863
0 0.185 0.47842639593908626 0.005714285714285714 0.03045685279187817
