3 0.4725 0.7342857142857143 0.04071428571428572 0.10476190476190476
3 0.5721428571428572 0.7142857142857143 0.03571428571428571 0.09523809523809523
3 0.5742857142857143 0.6223809523809524 0.03 0.07523809523809524
3 0.5375 0.5519047619047619 0.02642857142857143 0.06
3 0.5753571428571429 0.5366666666666666 0.029285714285714286 0.06190476190476191
3 0.46964285714285714 0.5214285714285715 0.029285714285714286 0.058095238095238096
3 0.5064285714285715 0.5071428571428571 0.03 0.06190476190476191
3 0.54 0.30238095238095236 0.015714285714285715 0.02761904761904762
3 0.6075 0.31238095238095237 0.015 0.024761904761904763
3 0.6092857142857143 0.2419047619047619 0.014285714285714285 0.02095238095238095
3 0.6092857142857143 0.18 0.017142857142857144 0.01904761904761905
0 0.3192857142857143 0.8114285714285714 0.02 0.04380952380952381
0 0.04928571428571429 0.7147619047619047 0.025714285714285714 0.03333333333333333
0 0.3492857142857143 0.5695238095238095 0.01 0.03428571428571429
9 0.3717857142857143 0.6847619047619048 0.017857142857142856 0.0380952380952381
1 0.3717857142857143 0.6723809523809524 0.012142857142857143 0.03238095238095238
1 0.39535714285714285 0.6842857142857143 0.012142857142857143 0.02761904761904762
1 0.42428571428571427 0.5952380952380952 0.012857142857142857 0.02095238095238095
2 0.42428571428571427 0.6047619047619047 0.012857142857142857 0.026666666666666665
2 0.3975 0.6923809523809524 0.013571428571428571 0.03238095238095238
5 0.5275 0.6642857142857143 0.045 0.12857142857142856
