3 0.09642857142857143 0.1895238095238095 0.024285714285714285 0.017142857142857144
3 0.09964285714285714 0.28904761904761905 0.027857142857142858 0.02
3 0.03428571428571429 0.4623809523809524 0.03 0.01619047619047619
3 0.12214285714285714 0.4419047619047619 0.032857142857142856 0.022857142857142857
3 0.49214285714285716 0.14666666666666667 0.02 0.03619047619047619
3 0.42178571428571426 0.3323809523809524 0.027857142857142858 0.015238095238095238
3 0.42214285714285715 0.3538095238095238 0.027142857142857142 0.018095238095238095
3 0.375 0.439047619047619 0.017142857142857144 0.04
3 0.39285714285714285 0.43142857142857144 0.015714285714285715 0.04
3 0.42 0.539047619047619 0.032857142857142856 0.02095238095238095
4 0.37285714285714283 0.5176190476190476 0.03 0.014285714285714285
5 0.4075 0.599047619047619 0.03785714285714286 0.024761904761904763
4 0.40535714285714286 0.6771428571428572 0.023571428571428573 0.017142857142857144
4 0.43464285714285716 0.6771428571428572 0.015 0.045714285714285714
4 0.48928571428571427 0.799047619047619 0.024285714285714285 0.015238095238095238
3 0.40214285714285714 0.719047619047619 0.03 0.02095238095238095
3 0.40464285714285714 0.6971428571428572 0.029285714285714286 0.017142857142857144
3 0.485 0.7023809523809523 0.02857142857142857 0.02
3 0.4853571428571429 0.7242857142857143 0.027857142857142858 0.02
5 0.49392857142857144 0.7552380952380953 0.03214285714285714 0.017142857142857144
5 0.48714285714285716 0.7738095238095238 0.027142857142857142 0.02
5 0.48964285714285716 0.6842857142857143 0.029285714285714286 0.02
3 0.5571428571428572 0.8942857142857142 0.012857142857142857 0.04
3 0.15214285714285714 0.909047619047619 0.027142857142857142 0.021904761904761906
4 0.18964285714285714 0.9152380952380952 0.030714285714285715 0.026666666666666665
3 0.99 0.8219047619047619 0.018571428571428572 0.04
3 0.8075 0.9114285714285715 0.029285714285714286 0.02095238095238095
3 0.9267857142857143 0.9414285714285714 0.03214285714285714 0.021904761904761906
4 0.9725 0.9314285714285714 0.035 0.01904761904761905
5 0.8478571428571429 0.9419047619047619 0.12 0.04
5 0.9292857142857143 0.9142857142857143 0.11428571428571428 0.04
3 0.8153571428571429 0.39476190476190476 0.029285714285714286 0.018095238095238095
3 0.8167857142857143 0.3719047619047619 0.027857142857142858 0.02
5 0.9475 0.2523809523809524 0.017857142857142856 0.047619047619047616
3 0.9725 0.25142857142857145 0.017857142857142856 0.0380952380952381
3 0.99 0.24666666666666667 0.012857142857142857 0.03428571428571429
3 0.7614285714285715 0.09952380952380953 0.02857142857142857 0.021904761904761906
3 0.7653571428571428 0.06428571428571428 0.02642857142857143 0.02
3 0.7721428571428571 0.04428571428571428 0.027142857142857142 0.018095238095238095
3 0.7721428571428571 0.01904761904761905 0.03 0.01904761904761905
3 0.4575 0.3252380952380952 0.015 0.037142857142857144
5 0.4392857142857143 0.1819047619047619 0.015714285714285715 0.045714285714285714
5 0.5171428571428571 0.051904761904761905 0.037142857142857144 0.04285714285714286
4 0.5217857142857143 0.14476190476190476 0.030714285714285715 0.017142857142857144
9 0.5675 0.8271428571428572 0.012142857142857143 0.012380952380952381
9 0.575 0.8871428571428571 0.005714285714285714 0.02
9 0.7989285714285714 0.8895238095238095 0.015 0.009523809523809525
9 0.7021428571428572 0.4738095238095238 0.007142857142857143 0.01619047619047619
9 0.71 0.34714285714285714 0.007142857142857143 0.018095238095238095
0 0.7303571428571428 0.3442857142857143 0.007857142857142858 0.012380952380952381
0 0.7253571428571428 0.5771428571428572 0.0064285714285714285 0.005714285714285714
0 0.7225 0.5814285714285714 0.0064285714285714285 0.008571428571428572
0 0.78 0.6066666666666667 0.007142857142857143 0.009523809523809525
0 0.78 0.62 0.005714285714285714 0.005714285714285714
0 0.7721428571428571 0.6495238095238095 0.007142857142857143 0.007619047619047619
0 0.7239285714285715 0.6214285714285714 0.009285714285714286 0.008571428571428572
0 0.73 0.87 0.01 0.012380952380952381
0 0.535 0.819047619047619 0.004285714285714286 0.013333333333333332
0 0.54 0.8219047619047619 0.005714285714285714 0.009523809523809525
4 0.17964285714285713 0.6390476190476191 0.02214285714285714 0.017142857142857144
