3 0.5825 0.40164974619289334 0.02214285714285714 0.05710659898477157
3 0.5478571428571428 0.4156091370558375 0.03142857142857143 0.0748730964467005
3 0.5196428571428572 0.7011421319796953 0.03214285714285714 0.06472081218274112
3 0.7246428571428571 0.9352791878172588 0.04214285714285714 0.04568527918781726
3 0.4092857142857143 0.10659898477157359 0.027142857142857142 0.07106598984771573
3 0.46964285714285714 0.06598984771573603 0.027857142857142858 0.07106598984771573
3 0.49714285714285716 0.2296954314720812 0.03 0.07106598984771573
3 0.4546428571428571 0.5583756345177665 0.03214285714285714 0.06345177664974619
3 0.535 0.5583756345177665 0.027142857142857142 0.06852791878172589
3 0.43214285714285716 0.03045685279187817 0.027142857142857142 0.06091370558375634
3 0.9764285714285714 0.9803299492385786 0.04285714285714286 0.03680203045685279
4 0.69 0.053299492385786795 0.02 0.06598984771573603
4 0.6746428571428571 0.03934010152284264 0.020714285714285713 0.06598984771573603
4 0.6592857142857143 0.03743654822335025 0.02 0.06725888324873096
4 0.6414285714285715 0.02982233502538071 0.02 0.05710659898477157
4 0.6225 0.026649746192893398 0.019285714285714285 0.053299492385786795
8 0.43535714285714283 0.28045685279187815 0.052142857142857144 0.14720812182741116
0 0.3225 0.4562182741116751 0.007857142857142858 0.011421319796954314
0 0.3289285714285714 0.5450507614213198 0.009285714285714286 0.011421319796954314
3 0.5171428571428571 0.881979695431472 0.022857142857142857 0.06345177664974619
0 0.8146428571428571 0.648477157360406 0.007857142857142858 0.01015228426395939
