3 0.3675 0.04505076142131979 0.017857142857142856 0.021573604060913704
3 0.365 0.11928934010152284 0.02 0.017766497461928932
4 0.3742857142857143 0.09517766497461928 0.022857142857142857 0.02284263959390863
4 0.3467857142857143 0.16243654822335024 0.025 0.02284263959390863
3 0.3317857142857143 0.20304568527918782 0.023571428571428573 0.02030456852791878
3 0.3196428571428571 0.22842639593908629 0.025 0.02284263959390863
3 0.2646428571428571 0.35215736040609136 0.025 0.021573604060913704
3 0.25535714285714284 0.3661167512690355 0.020714285714285713 0.019035532994923856
3 0.2425 0.39847715736040606 0.025 0.027918781725888322
0 0.2725 0.4010152284263959 0.005 0.012690355329949238
0 0.15535714285714286 0.6313451776649746 0.0064285714285714285 0.013959390862944161
0 0.15892857142857142 0.6269035532994923 0.005 0.01015228426395939
3 0.03142857142857143 0.6808375634517766 0.037142857142857144 0.03680203045685279
5 0.04178571428571429 0.6389593908629441 0.06642857142857143 0.05964467005076142
0 0.08178571428571428 0.6192893401015228 0.007857142857142858 0.02030456852791878
3 0.09035714285714286 0.9105329949238578 0.04071428571428572 0.03426395939086294
3 0.265 0.8876903553299492 0.032857142857142856 0.05456852791878172
3 0.2567857142857143 0.9796954314720812 0.039285714285714285 0.035532994923857864
1 0.5692857142857143 0.8838832487309644 0.01 0.013959390862944161
2 0.5671428571428572 0.8876903553299492 0.015714285714285715 0.016497461928934008
0 0.5278571428571428 0.822969543147208 0.004285714285714286 0.011421319796954314
0 0.565 0.8128172588832486 0.004285714285714286 0.013959390862944161
3 0.5439285714285714 0.012690355329949238 0.013571428571428571 0.027918781725888322
3 0.5275 0.10469543147208121 0.013571428571428571 0.029187817258883246
3 0.5075 0.1751269035532995 0.015 0.032994923857868015
3 0.48714285714285716 0.29885786802030456 0.017142857142857144 0.03934010152284264
3 0.47214285714285714 0.34835025380710655 0.015714285714285715 0.03934010152284264
8 0.48035714285714287 0.2531725888324873 0.03785714285714286 0.11040609137055837
4 0.4575 0.3312182741116751 0.019285714285714285 0.04568527918781726
3 0.44392857142857145 0.38071065989847713 0.017857142857142856 0.04060913705583756
3 0.45714285714285713 0.39974619289340096 0.017142857142857144 0.048223350253807105
3 0.4275 0.43718274111675126 0.02214285714285714 0.04441624365482233
3 0.4025 0.45050761421319796 0.020714285714285713 0.048223350253807105
3 0.40964285714285714 0.48350253807106597 0.02214285714285714 0.050761421319796954
3 0.3917857142857143 0.5361675126903553 0.017857142857142856 0.05456852791878172
3 0.3767857142857143 0.5951776649746192 0.023571428571428573 0.053299492385786795
8 0.4278571428571429 0.49175126903553296 0.03142857142857143 0.07741116751269035
8 0.3792857142857143 0.5114213197969543 0.03142857142857143 0.07614213197969542
8 0.33464285714285713 0.5850253807106599 0.03214285714285714 0.07614213197969542
3 0.3603571428571429 0.5818527918781725 0.02214285714285714 0.049492385786802026
4 0.405 0.5666243654822335 0.02142857142857143 0.05710659898477157
4 0.3725 0.6821065989847716 0.02214285714285714 0.05710659898477157
0 0.47035714285714286 0.6770304568527918 0.005 0.013959390862944161
4 0.655 0.9847715736040609 0.037142857142857144 0.027918781725888322
0 0.6703571428571429 0.025380710659898477 0.0035714285714285713 0.015228426395939085
0 0.6575 0.08375634517766496 0.002142857142857143 0.01015228426395939
0 0.6596428571428572 0.08248730964467005 0.002142857142857143 0.012690355329949238
0 0.6446428571428572 0.15989847715736039 0.002142857142857143 0.015228426395939085
0 0.6642857142857143 0.8800761421319796 0.004285714285714286 0.011421319796954314
0 0.6753571428571429 0.8857868020304568 0.005 0.012690355329949238
0 0.6753571428571429 0.8940355329949238 0.005 0.008883248730964466
0 0.6889285714285714 0.8889593908629441 0.005 0.011421319796954314
0 0.6992857142857143 0.9016497461928933 0.002857142857142857 0.011421319796954314
0 0.6978571428571428 0.9098984771573604 0.007142857142857143 0.015228426395939085
0 0.7675 0.949238578680203 0.007857142857142858 0.01015228426395939
0 0.7671428571428571 0.9638324873096445 0.007142857142857143 0.008883248730964466
0 0.7921428571428571 0.947969543147208 0.007142857142857143 0.012690355329949238
0 0.7903571428571429 0.9403553299492385 0.0064285714285714285 0.012690355329949238
