3 0.4825 0.6123809523809524 0.03785714285714286 0.07809523809523809
3 0.6867857142857143 0.7614285714285715 0.085 0.06571428571428571
3 0.4067857142857143 0.46476190476190476 0.04642857142857143 0.05714285714285714
3 0.4575 0.3942857142857143 0.04214285714285714 0.05142857142857143
3 0.4717857142857143 0.33 0.03642857142857143 0.040952380952380955
3 0.4225 0.38952380952380955 0.047857142857142855 0.05714285714285714
3 0.3625 0.4676190476190476 0.04928571428571429 0.05523809523809524
3 0.5871428571428572 0.22476190476190477 0.027142857142857142 0.03238095238095238
3 0.6092857142857143 0.19 0.02 0.02761904761904762
3 0.6271428571428571 0.13523809523809524 0.02 0.022857142857142857
3 0.5528571428571428 0.2638095238095238 0.02857142857142857 0.0419047619047619
3 0.49892857142857144 0.3314285714285714 0.02642857142857143 0.03238095238095238
4 0.5339285714285714 0.2842857142857143 0.025 0.037142857142857144
0 0.39035714285714285 0.2866666666666667 0.010714285714285714 0.024761904761904763
9 0.9064285714285715 0.5971428571428572 0.03142857142857143 0.024761904761904763
9 0.2742857142857143 0.4623809523809524 0.015714285714285715 0.035238095238095235
9 0.3 0.47904761904761906 0.022857142857142857 0.024761904761904763
1 0.9121428571428571 0.5876190476190476 0.015714285714285715 0.024761904761904763
1 0.3 0.4695238095238095 0.012857142857142857 0.022857142857142857
1 0.27464285714285713 0.4519047619047619 0.012142857142857143 0.029523809523809525
3 0.45964285714285713 0.9295238095238095 0.05071428571428571 0.13333333333333333
2 0.6871428571428572 0.9047619047619048 0.022857142857142857 0.045714285714285714
1 0.6875 0.8871428571428571 0.017857142857142856 0.035238095238095235
3 0.7664285714285715 0.0419047619047619 0.014285714285714285 0.015238095238095238
