4 0.46214285714285713 0.016666666666666666 0.007142857142857143 0.02
5 0.47214285714285714 0.09714285714285714 0.01 0.030476190476190476
8 0.5096428571428572 0.3395238095238095 0.017857142857142856 0.06
3 0.6917857142857143 0.6019047619047619 0.012142857142857143 0.030476190476190476
4 0.37892857142857145 0.8376190476190476 0.025 0.02761904761904762
4 0.375 0.861904761904762 0.022857142857142857 0.024761904761904763
3 0.36714285714285716 0.8938095238095238 0.027142857142857142 0.021904761904761906
3 0.36464285714285716 0.9147619047619048 0.025 0.02
3 0.3575 0.9719047619047619 0.025 0.02
3 0.35428571428571426 0.9914285714285714 0.02857142857142857 0.015238095238095238
3 0.41214285714285714 0.9342857142857143 0.012857142857142857 0.04
3 0.42464285714285716 0.9866666666666667 0.010714285714285714 0.024761904761904763
5 0.3921428571428571 0.7552380952380953 0.015714285714285715 0.049523809523809526
3 0.575 0.9914285714285714 0.01 0.015238095238095238
3 0.785 0.42523809523809525 0.02 0.014285714285714285
3 0.8421428571428572 0.5323809523809524 0.022857142857142857 0.013333333333333332
4 0.8417857142857142 0.5166666666666667 0.019285714285714285 0.014285714285714285
3 0.8378571428571429 0.5047619047619047 0.02 0.015238095238095238
4 0.8321428571428572 0.46476190476190476 0.022857142857142857 0.015238095238095238
3 0.8314285714285714 0.45 0.02 0.014285714285714285
5 0.8096428571428571 0.43523809523809526 0.017857142857142856 0.017142857142857144
3 0.8689285714285714 0.2642857142857143 0.016428571428571428 0.014285714285714285
4 0.8767857142857143 0.2752380952380952 0.016428571428571428 0.015238095238095238
