3 0.015 0.31523809523809526 0.03 0.030476190476190476
3 0.022857142857142857 0.40523809523809523 0.047142857142857146 0.04666666666666667
3 0.03428571428571429 0.38952380952380955 0.06857142857142857 0.04
3 0.04428571428571428 0.36238095238095236 0.06428571428571428 0.02761904761904762
3 0.15464285714285714 0.19714285714285715 0.047857142857142855 0.03238095238095238
3 0.1925 0.17238095238095238 0.035 0.022857142857142857
3 0.21285714285714286 0.2195238095238095 0.041428571428571426 0.02761904761904762
3 0.21964285714285714 0.2 0.03785714285714286 0.024761904761904763
3 0.2225 0.18428571428571427 0.045 0.021904761904761906
0 0.215 0.14476190476190476 0.01 0.024761904761904763
0 0.24392857142857144 0.1319047619047619 0.009285714285714286 0.021904761904761906
3 0.045 0.6176190476190476 0.09142857142857143 0.06952380952380953
3 0.15714285714285714 0.6152380952380953 0.13 0.07047619047619047
0 0.2225 0.58 0.019285714285714285 0.05333333333333333
0 0.3075 0.5371428571428571 0.017857142857142856 0.045714285714285714
0 0.0325 0.7619047619047619 0.03357142857142857 0.06476190476190476
6 0.027142857142857142 0.9047619047619048 0.05 0.07238095238095238
5 0.37714285714285717 0.939047619047619 0.2671428571428571 0.12
3 0.3653571428571429 0.8795238095238095 0.19071428571428573 0.12285714285714286
0 0.575 0.81 0.02 0.06190476190476191
4 0.33035714285714285 0.5947619047619047 0.10928571428571429 0.0980952380952381
4 0.44285714285714284 0.56 0.1 0.09523809523809523
0 0.4992857142857143 0.5442857142857143 0.012857142857142857 0.04476190476190476
0 0.5025 0.4614285714285714 0.015 0.04666666666666667
0 0.5167857142857143 0.4642857142857143 0.010714285714285714 0.04666666666666667
2 0.5175 0.4147619047619048 0.012142857142857143 0.029523809523809525
2 0.4925 0.29 0.009285714285714286 0.02
1 0.49214285714285716 0.27666666666666667 0.007142857142857143 0.02
1 0.5178571428571429 0.3995238095238095 0.011428571428571429 0.029523809523809525
0 0.4717857142857143 0.19 0.007857142857142858 0.018095238095238095
0 0.46964285714285714 0.1619047619047619 0.005 0.015238095238095238
0 0.47928571428571426 0.1619047619047619 0.007142857142857143 0.015238095238095238
0 0.4742857142857143 0.16142857142857142 0.002857142857142857 0.014285714285714285
0 0.4775 0.15142857142857144 0.007857142857142858 0.013333333333333332
0 0.4853571428571429 0.1595238095238095 0.005 0.012380952380952381
0 0.4825 0.1538095238095238 0.0064285714285714285 0.010476190476190476
0 0.46714285714285714 0.14 0.002857142857142857 0.013333333333333332
0 0.4742857142857143 0.13476190476190475 0.004285714285714286 0.014285714285714285
0 0.46464285714285714 0.1319047619047619 0.007857142857142858 0.01619047619047619
0 0.47214285714285714 0.12714285714285714 0.002857142857142857 0.012380952380952381
0 0.4675 0.11714285714285715 0.007857142857142858 0.015238095238095238
8 0.5328571428571428 0.04666666666666667 0.045714285714285714 0.013333333333333332
8 0.5746428571428571 0.047142857142857146 0.025 0.010476190476190476
8 0.5021428571428571 0.054285714285714284 0.015714285714285715 0.015238095238095238
8 0.49214285714285716 0.049523809523809526 0.01 0.013333333333333332
3 0.5175 0.11238095238095239 0.010714285714285714 0.015238095238095238
3 0.5792857142857143 0.10666666666666666 0.007142857142857143 0.015238095238095238
3 0.5896428571428571 0.0919047619047619 0.010714285714285714 0.012380952380952381
3 0.5396428571428571 0.05523809523809524 0.007857142857142858 0.009523809523809525
3 0.5475 0.054285714285714284 0.009285714285714286 0.017142857142857144
3 0.5453571428571429 0.0719047619047619 0.009285714285714286 0.010476190476190476
3 0.5371428571428571 0.09952380952380953 0.01 0.012380952380952381
5 0.6321428571428571 0.09476190476190476 0.012857142857142857 0.01619047619047619
0 0.5628571428571428 0.16238095238095238 0.007142857142857143 0.02
0 0.5675 0.1595238095238095 0.007857142857142858 0.018095238095238095
4 0.6796428571428571 0.14476190476190476 0.025 0.022857142857142857
0 0.7025 0.14476190476190476 0.007857142857142858 0.017142857142857144
0 0.7114285714285714 0.15428571428571428 0.004285714285714286 0.015238095238095238
0 0.7146428571428571 0.1519047619047619 0.005 0.02
0 0.7439285714285714 0.15714285714285714 0.005 0.015238095238095238
0 0.7521428571428571 0.16238095238095238 0.004285714285714286 0.014285714285714285
0 0.76 0.15 0.004285714285714286 0.02
0 0.7675 0.15714285714285714 0.005 0.009523809523809525
0 0.7796428571428572 0.16 0.005 0.013333333333333332
0 0.7928571428571428 0.16952380952380952 0.005714285714285714 0.013333333333333332
9 0.9221428571428572 0.28476190476190477 0.02 0.02095238095238095
1 0.9246428571428571 0.2752380952380952 0.007857142857142858 0.01904761904761905
0 0.9396428571428571 0.25 0.012142857142857143 0.02
5 0.7364285714285714 0.4319047619047619 0.18571428571428572 0.23523809523809525
5 0.6696428571428571 0.4847619047619048 0.075 0.14666666666666667
3 0.8867857142857143 0.5519047619047619 0.09214285714285714 0.10952380952380952
