3 0.07464285714285715 0.12380952380952381 0.009285714285714286 0.007619047619047619
3 0.08392857142857142 0.1319047619047619 0.0064285714285714285 0.004761904761904762
3 0.06928571428571428 0.11666666666666667 0.005714285714285714 0.002857142857142857
3 0.054642857142857146 0.11761904761904762 0.005 0.008571428571428572
3 0.09678571428571428 0.12714285714285714 0.0035714285714285713 0.006666666666666666
3 0.08964285714285715 0.12476190476190477 0.007857142857142858 0.007619047619047619
0 0.4142857142857143 0.3238095238095238 0.002857142857142857 0.011428571428571429
0 0.41928571428571426 0.32761904761904764 0.002857142857142857 0.005714285714285714
0 0.4303571428571429 0.41904761904761906 0.0035714285714285713 0.009523809523809525
0 0.42464285714285716 0.48523809523809525 0.005 0.008571428571428572
9 0.4539285714285714 0.4766666666666667 0.005 0.01619047619047619
9 0.42428571428571427 0.59 0.007142857142857143 0.014285714285714285
9 0.40714285714285714 0.6166666666666667 0.007142857142857143 0.02
9 0.40464285714285714 0.5895238095238096 0.005 0.015238095238095238
9 0.43892857142857145 0.6123809523809524 0.0064285714285714285 0.01904761904761905
9 0.43642857142857144 0.5871428571428572 0.007142857142857143 0.018095238095238095
1 0.435 0.5838095238095238 0.007142857142857143 0.013333333333333332
1 0.4375 0.6138095238095238 0.005 0.012380952380952381
1 0.4525 0.4723809523809524 0.005 0.011428571428571429
1 0.41285714285714287 0.49142857142857144 0.007142857142857143 0.009523809523809525
1 0.405 0.5895238095238096 0.005714285714285714 0.007619047619047619
1 0.4075 0.6095238095238096 0.005 0.007619047619047619
1 0.42464285714285716 0.5895238095238096 0.005 0.015238095238095238
0 0.41214285714285714 0.5547619047619048 0.004285714285714286 0.010476190476190476
9 0.4164285714285714 0.5271428571428571 0.012857142857142857 0.012380952380952381
3 0.42714285714285716 0.44761904761904764 0.012857142857142857 0.02095238095238095
3 0.44535714285714284 0.45 0.012142857142857143 0.02
3 0.1025 0.9647619047619047 0.045 0.05904761904761905
9 0.315 0.9347619047619048 0.015714285714285715 0.029523809523809525
9 0.4017857142857143 0.6995238095238095 0.007857142857142858 0.02
9 0.4017857142857143 0.7476190476190476 0.007857142857142858 0.022857142857142857
9 0.41 0.7442857142857143 0.008571428571428572 0.025714285714285714
1 0.4114285714285714 0.7395238095238095 0.007142857142857143 0.010476190476190476
1 0.4 0.7423809523809524 0.004285714285714286 0.012380952380952381
1 0.4014285714285714 0.6966666666666667 0.004285714285714286 0.012380952380952381
1 0.31535714285714284 0.9295238095238095 0.007857142857142858 0.02095238095238095
1 0.41714285714285715 0.7338095238095238 0.004285714285714286 0.014285714285714285
1 0.3628571428571429 0.8195238095238095 0.004285714285714286 0.012380952380952381
1 0.43642857142857144 0.7947619047619048 0.005714285714285714 0.014285714285714285
3 0.2817857142857143 0.6419047619047619 0.04214285714285714 0.024761904761904763
3 0.28785714285714287 0.6219047619047618 0.03857142857142857 0.02095238095238095
3 0.29178571428571426 0.6052380952380952 0.03357142857142857 0.02
3 0.2925 0.5914285714285714 0.025 0.01904761904761905
3 0.29928571428571427 0.5714285714285714 0.032857142857142856 0.017142857142857144
