0 0.7332500000000001 0.44466666666666665 0.006500000000000001 0.025333333333333333
1 0.73675 0.44166666666666665 0.0045000000000000005 0.015333333333333332
1 0.74925 0.45699999999999996 0.006500000000000001 0.014
1 0.7847500000000001 0.4646666666666667 0.006500000000000001 0.013333333333333332
1 0.7885 0.4646666666666667 0.008 0.021333333333333333
1 0.80325 0.4706666666666667 0.0095 0.024
1 0.8045 0.4686666666666667 0.009000000000000001 0.013333333333333332
1 0.82925 0.45966666666666667 0.0075 0.016666666666666666
1 0.7735 0.45766666666666667 0.009000000000000001 0.018
0 0.7575000000000001 0.45566666666666666 0.008 0.02333333333333333
0 0.74125 0.46266666666666667 0.0095 0.022666666666666665
0 0.75075 0.46266666666666667 0.0115 0.026666666666666665
0 0.82425 0.48766666666666664 0.0115 0.03
0 0.834 0.49966666666666665 0.008 0.015333333333333332
0 0.848 0.5006666666666667 0.014 0.026666666666666665
0 0.88325 0.41666666666666663 0.0105 0.018666666666666665
9 0.9157500000000001 0.45466666666666666 0.006500000000000001 0.025333333333333333
2 0.98375 0.5696666666666667 0.025500000000000002 0.018
0 0.762 0.45166666666666666 0.008 0.020666666666666667
2 0.40225 0.42166666666666663 0.0125 0.019333333333333334
2 0.36025 0.46066666666666667 0.0165 0.022666666666666665
2 0.27475 0.482 0.0245 0.024
2 0.27775 0.4746666666666666 0.0275 0.025333333333333333
1 0.338 0.49866666666666665 0.009000000000000001 0.021333333333333333
1 0.37375 0.4716666666666667 0.0075 0.014
1 0.3815 0.6306666666666666 0.01 0.017333333333333333
0 0.37125 0.48466666666666663 0.006500000000000001 0.013333333333333332
0 0.37475 0.47966666666666663 0.0055 0.014
0 0.36525 0.5966666666666667 0.0085 0.025333333333333333
0 0.357 0.6026666666666667 0.009000000000000001 0.021333333333333333
0 0.359 0.6076666666666667 0.006 0.015333333333333332
0 0.33575 0.6196666666666667 0.006500000000000001 0.026
1 0.33925 0.6156666666666667 0.0045000000000000005 0.012666666666666666
1 0.35100000000000003 0.6186666666666667 0.011 0.018666666666666665
1 0.3615 0.6196666666666667 0.007 0.015333333333333332
1 0.3165 0.6739999999999999 0.009000000000000001 0.016
1 0.3215 0.6676666666666666 0.007 0.016666666666666666
0 0.31275000000000003 0.6656666666666666 0.006500000000000001 0.015333333333333332
0 0.31175 0.6526666666666666 0.0095 0.029333333333333333
0 0.3045 0.659 0.008 0.026
0 0.3175 0.7336666666666667 0.011 0.03
0 0.276 0.723 0.013000000000000001 0.03
2 0.2775 0.7196666666666667 0.028 0.016666666666666666
2 0.319 0.7306666666666667 0.03 0.018666666666666665
2 0.10425 0.9386666666666666 0.0235 0.022666666666666665
1 0.10125 0.9386666666666666 0.0095 0.018666666666666665
0 0.09675 0.9226666666666666 0.0185 0.024
3 0.92025 0.26566666666666666 0.025500000000000002 0.041999999999999996
3 0.9515 0.27066666666666667 0.024 0.04533333333333333
