0 0.28 0.47523809523809524 0.02 0.07238095238095238
3 0.18 0.6638095238095238 0.16285714285714287 0.2438095238095238
3 0.7321428571428571 0.5447619047619048 0.19285714285714287 0.12761904761904763
3 0.35464285714285715 0.2842857142857143 0.047857142857142855 0.058095238095238096
3 0.5221428571428571 0.26666666666666666 0.04285714285714286 0.05714285714285714
3 0.5628571428571428 0.2019047619047619 0.06 0.03238095238095238
3 0.3942857142857143 0.18714285714285714 0.027142857142857142 0.037142857142857144
3 0.39714285714285713 0.16238095238095238 0.022857142857142857 0.03333333333333333
3 0.4017857142857143 0.13714285714285715 0.027857142857142858 0.024761904761904763
3 0.3417857142857143 0.14238095238095239 0.04214285714285714 0.025714285714285714
3 0.3392857142857143 0.13238095238095238 0.04 0.01904761904761905
3 0.315 0.11904761904761904 0.04 0.01904761904761905
3 0.29428571428571426 0.08714285714285715 0.024285714285714285 0.014285714285714285
3 0.3196428571428571 0.08952380952380952 0.027857142857142858 0.017142857142857144
3 0.34714285714285714 0.09666666666666666 0.022857142857142857 0.01619047619047619
3 0.6514285714285715 0.19523809523809524 0.054285714285714284 0.03619047619047619
3 0.7317857142857143 0.19904761904761906 0.060714285714285714 0.03238095238095238
3 0.8267857142857142 0.20142857142857143 0.06357142857142857 0.035238095238095235
