3 0.5875 0.9019047619047619 0.19071428571428573 0.08
4 0.6275 0.81 0.13071428571428573 0.09238095238095238
3 0.43785714285714283 0.8071428571428572 0.11857142857142858 0.07523809523809524
3 0.225 0.7995238095238095 0.12714285714285714 0.07333333333333333
3 0.05964285714285714 0.7919047619047619 0.11928571428571429 0.07714285714285714
0 0.05035714285714286 0.47714285714285715 0.010714285714285714 0.03238095238095238
2 0.0775 0.4742857142857143 0.017857142857142856 0.024761904761904763
3 0.5928571428571429 0.4442857142857143 0.055714285714285716 0.035238095238095235
3 0.5575 0.4938095238095238 0.06928571428571428 0.040952380952380955
3 0.64 0.4766666666666667 0.05285714285714286 0.035238095238095235
3 0.7696428571428572 0.48714285714285716 0.060714285714285714 0.039047619047619046
3 0.6878571428571428 0.4666666666666667 0.06 0.0419047619047619
3 0.8928571428571429 0.45380952380952383 0.05714285714285714 0.029523809523809525
0 0.8646428571428572 0.4519047619047619 0.007857142857142858 0.023809523809523808
0 0.8539285714285715 0.4452380952380952 0.010714285714285714 0.023809523809523808
3 0.8178571428571428 0.43476190476190474 0.054285714285714284 0.029523809523809525
3 0.7628571428571429 0.4338095238095238 0.05285714285714286 0.029523809523809525
3 0.7453571428571428 0.41904761904761906 0.047857142857142855 0.024761904761904763
3 0.6628571428571428 0.4042857142857143 0.041428571428571426 0.025714285714285714
3 0.6021428571428571 0.3919047619047619 0.04285714285714286 0.021904761904761906
3 0.5192857142857142 0.37952380952380954 0.03857142857142857 0.021904761904761906
3 0.5496428571428571 0.37952380952380954 0.035 0.025714285714285714
4 0.5 0.36523809523809525 0.04 0.023809523809523808
3 0.455 0.3595238095238095 0.03428571428571429 0.021904761904761906
3 0.4175 0.35 0.035 0.02
3 0.3492857142857143 0.3342857142857143 0.03142857142857143 0.01904761904761905
3 0.3025 0.3252380952380952 0.029285714285714286 0.02
3 0.27535714285714286 0.32 0.02642857142857143 0.015238095238095238
3 0.24964285714285714 0.3142857142857143 0.027857142857142858 0.017142857142857144
0 0.24464285714285713 0.31476190476190474 0.005 0.014285714285714285
0 0.2642857142857143 0.3076190476190476 0.002857142857142857 0.011428571428571429
3 0.2867857142857143 0.2742857142857143 0.017857142857142856 0.013333333333333332
3 0.305 0.2419047619047619 0.012857142857142857 0.007619047619047619
3 0.47035714285714286 0.31523809523809526 0.017857142857142856 0.015238095238095238
3 0.4546428571428571 0.3119047619047619 0.015 0.012380952380952381
3 0.6721428571428572 0.3519047619047619 0.014285714285714285 0.018095238095238095
3 0.6975 0.3523809523809524 0.019285714285714285 0.017142857142857144
3 0.7192857142857143 0.36142857142857143 0.024285714285714285 0.01619047619047619
3 0.7525 0.3647619047619048 0.019285714285714285 0.017142857142857144
4 0.7921428571428571 0.34 0.022857142857142857 0.017142857142857144
3 0.6346428571428572 0.31142857142857144 0.017857142857142856 0.011428571428571429
3 0.31464285714285717 0.7019047619047619 0.19214285714285714 0.07428571428571429
3 0.5871428571428572 0.6547619047619048 0.20714285714285716 0.05238095238095238
4 0.9728571428571429 0.4676190476190476 0.05285714285714286 0.03619047619047619
