3 0.7167857142857142 0.9366666666666666 0.2092857142857143 0.12095238095238095
3 0.37035714285714283 0.8638095238095238 0.08214285714285714 0.2419047619047619
3 0.46214285714285713 0.7747619047619048 0.07 0.21619047619047618
0 0.5478571428571428 0.8571428571428571 0.02 0.06285714285714286
0 0.07428571428571429 0.7252380952380952 0.02142857142857143 0.054285714285714284
0 0.09678571428571428 0.7223809523809523 0.030714285714285715 0.04666666666666667
3 0.05928571428571429 0.6495238095238095 0.11428571428571428 0.19047619047619047
0 0.5128571428571429 0.5471428571428572 0.018571428571428572 0.05238095238095238
0 0.31535714285714284 0.44952380952380955 0.015 0.049523809523809526
0 0.4925 0.41 0.02214285714285714 0.05619047619047619
0 0.5392857142857143 0.41 0.017142857142857144 0.06
3 0.3892857142857143 0.6090476190476191 0.06428571428571428 0.1742857142857143
3 0.39535714285714285 0.4119047619047619 0.055 0.12285714285714286
3 0.16178571428571428 0.34476190476190477 0.07214285714285715 0.11238095238095239
3 0.19142857142857142 0.24904761904761905 0.06285714285714286 0.09238095238095238
3 0.2392857142857143 0.10952380952380952 0.047142857142857146 0.06476190476190476
3 0.2596428571428571 0.05 0.04214285714285714 0.06190476190476191
4 0.2767857142857143 0.016666666666666666 0.035 0.03333333333333333
4 0.21642857142857141 0.16523809523809524 0.047142857142857146 0.08476190476190476
3 0.41964285714285715 0.02 0.027857142857142858 0.0419047619047619
3 0.4517857142857143 0.024285714285714285 0.02642857142857143 0.04666666666666667
3 0.4139285714285714 0.06190476190476191 0.03214285714285714 0.05714285714285714
4 0.4075 0.12476190476190477 0.03785714285714286 0.06285714285714286
9 0.4496428571428571 0.12428571428571429 0.017857142857142856 0.02761904761904762
3 0.40214285714285714 0.2919047619047619 0.04285714285714286 0.1
3 0.59 0.259047619047619 0.1 0.07047619047619047
3 0.6039285714285715 0.34476190476190477 0.11214285714285714 0.08
3 0.5842857142857143 0.2123809523809524 0.09571428571428571 0.05904761904761905
4 0.5825 0.17904761904761904 0.08214285714285714 0.05333333333333333
9 0.5796428571428571 0.13952380952380952 0.03214285714285714 0.035238095238095235
9 0.5767857142857142 0.14904761904761904 0.025 0.02761904761904762
9 0.55 0.14666666666666667 0.022857142857142857 0.02857142857142857
9 0.5546428571428571 0.1019047619047619 0.027857142857142858 0.03238095238095238
3 0.5603571428571429 0.08 0.06642857142857143 0.047619047619047616
3 0.5514285714285714 0.05952380952380952 0.06714285714285714 0.04476190476190476
4 0.5492857142857143 0.034761904761904765 0.07714285714285714 0.05238095238095238
3 0.5446428571428571 0.02142857142857143 0.06785714285714285 0.035238095238095235
4 0.5475 0.01380952380952381 0.055 0.02761904761904762
9 0.4 0.17904761904761904 0.011428571428571429 0.03238095238095238
