3 0.9167857142857143 0.5623809523809524 0.035 0.035238095238095235
4 0.9275 0.6947619047619048 0.056428571428571425 0.02761904761904762
4 0.5892857142857143 0.6271428571428571 0.032857142857142856 0.02761904761904762
3 0.7453571428571428 0.6971428571428572 0.05071428571428571 0.024761904761904763
3 0.6817857142857143 0.7023809523809523 0.045 0.02761904761904762
3 0.6171428571428571 0.6971428571428572 0.045714285714285714 0.022857142857142857
3 0.18 0.6966666666666667 0.04428571428571428 0.02761904761904762
3 0.12035714285714286 0.6952380952380952 0.047857142857142855 0.024761904761904763
3 0.05714285714285714 0.6971428571428572 0.047142857142857146 0.024761904761904763
4 0.29714285714285715 0.6271428571428571 0.032857142857142856 0.035238095238095235
3 0.3517857142857143 0.6323809523809524 0.03785714285714286 0.024761904761904763
3 0.014642857142857143 0.5614285714285714 0.029285714285714286 0.021904761904761906
3 0.011785714285714287 0.689047619047619 0.023571428571428573 0.023809523809523808
5 0.1667857142857143 0.5852380952380952 0.04357142857142857 0.021904761904761906
5 0.255 0.6838095238095238 0.09 0.05333333333333333
5 0.5003571428571428 0.6895238095238095 0.060714285714285714 0.045714285714285714
5 0.8392857142857143 0.6795238095238095 0.10285714285714286 0.054285714285714284
1 0.63 0.6671428571428571 0.007142857142857143 0.012380952380952381
1 0.5842857142857143 0.5995238095238096 0.004285714285714286 0.014285714285714285
1 0.31464285714285717 0.6776190476190476 0.007857142857142858 0.018095238095238095
9 0.18964285714285714 0.6419047619047619 0.009285714285714286 0.017142857142857144
9 0.25035714285714283 0.6190476190476191 0.005 0.017142857142857144
9 0.24392857142857144 0.6166666666666667 0.0064285714285714285 0.02
9 0.31642857142857145 0.6776190476190476 0.018571428571428572 0.014285714285714285
9 0.21892857142857142 0.5971428571428572 0.015 0.013333333333333332
9 0.4089285714285714 0.5795238095238096 0.015 0.012380952380952381
0 0.5225 0.6019047619047619 0.005 0.015238095238095238
6 0.43535714285714283 0.6914285714285714 0.03642857142857143 0.024761904761904763
6 0.6378571428571429 0.669047619047619 0.03571428571428571 0.021904761904761906
2 0.5821428571428572 0.6019047619047619 0.012857142857142857 0.011428571428571429
9 0.6371428571428571 0.5871428571428572 0.01 0.014285714285714285
3 0.5746428571428571 0.6752380952380952 0.04214285714285714 0.026666666666666665
6 0.7217857142857143 0.6395238095238095 0.027857142857142858 0.02
6 0.7596428571428572 0.6471428571428571 0.035 0.014285714285714285
6 0.755 0.6342857142857142 0.03428571428571429 0.017142857142857144
6 0.7425 0.5919047619047619 0.015 0.035238095238095235
6 0.755 0.5919047619047619 0.012857142857142857 0.03333333333333333
6 0.7317857142857143 0.5919047619047619 0.013571428571428571 0.035238095238095235
6 0.7128571428571429 0.599047619047619 0.02857142857142857 0.017142857142857144
8 0.3578571428571429 0.6871428571428572 0.06571428571428571 0.037142857142857144
3 0.4625 0.45714285714285713 0.012142857142857143 0.030476190476190476
3 0.48714285714285716 0.5171428571428571 0.015714285714285715 0.03238095238095238
3 0.48464285714285715 0.5471428571428572 0.012142857142857143 0.02761904761904762
0 0.8525 0.6071428571428571 0.007857142857142858 0.018095238095238095
0 0.72 0.6147619047619047 0.005714285714285714 0.012380952380952381
9 0.8278571428571428 0.5942857142857143 0.005714285714285714 0.017142857142857144
0 0.28214285714285714 0.599047619047619 0.007142857142857143 0.013333333333333332
2 0.2817857142857143 0.5976190476190476 0.010714285714285714 0.010476190476190476
