5 0.16964285714285715 0.91497461928934 0.12214285714285714 0.08883248730964466
3 0.43892857142857145 0.8889593908629441 0.03357142857142857 0.13071065989847716
5 0.38392857142857145 0.5038071065989848 0.04928571428571429 0.22335025380710657
5 0.39785714285714285 0.2614213197969543 0.04 0.2081218274111675
8 0.40035714285714286 0.07931472081218273 0.03785714285714286 0.15862944162436546
3 0.6978571428571428 0.9758883248730964 0.06714285714285714 0.04314720812182741
4 0.7542857142857143 0.7848984771573604 0.08571428571428572 0.07741116751269035
8 0.8514285714285714 0.46700507614213194 0.11 0.07868020304568528
4 0.6667857142857143 0.35977157360406087 0.07214285714285715 0.08502538071065989
4 0.5739285714285715 0.282994923857868 0.029285714285714286 0.10406091370558375
4 0.54 0.3293147208121827 0.03 0.11040609137055837
0 0.81 0.13769035532994922 0.01 0.026649746192893398
0 0.8046428571428571 0.1281725888324873 0.005 0.02284263959390863
9 0.8396428571428571 0.11357868020304568 0.015 0.016497461928934008
0 0.8092857142857143 0.1148477157360406 0.004285714285714286 0.024111675126903553
