1 0.6889285714285714 0.024285714285714285 0.0064285714285714285 0.018095238095238095
1 0.7303571428571428 0.015238095238095238 0.007857142857142858 0.01904761904761905
1 0.495 0.07714285714285714 0.005714285714285714 0.015238095238095238
0 0.3692857142857143 0.9066666666666666 0.012857142857142857 0.02095238095238095
0 0.35714285714285715 0.9419047619047619 0.017142857142857144 0.024761904761904763
9 0.3292857142857143 0.9376190476190476 0.03142857142857143 0.01619047619047619
9 0.3364285714285714 0.9123809523809524 0.03142857142857143 0.01904761904761905
9 0.3575 0.7476190476190476 0.027857142857142858 0.02857142857142857
2 0.36142857142857143 0.7247619047619047 0.022857142857142857 0.015238095238095238
9 0.375 0.6642857142857143 0.03 0.02
9 0.3775 0.63 0.025 0.02761904761904762
9 0.4114285714285714 0.46190476190476193 0.025714285714285714 0.015238095238095238
9 0.4092857142857143 0.44952380952380955 0.022857142857142857 0.017142857142857144
9 0.41214285714285714 0.43714285714285717 0.024285714285714285 0.017142857142857144
9 0.4142857142857143 0.42904761904761907 0.02 0.02
9 0.41464285714285715 0.4095238095238095 0.020714285714285713 0.017142857142857144
9 0.4225 0.3742857142857143 0.017857142857142856 0.022857142857142857
9 0.4253571428571429 0.3466666666666667 0.02214285714285714 0.013333333333333332
9 0.42928571428571427 0.30714285714285716 0.02142857142857143 0.012380952380952381
9 0.49785714285714283 0.47523809523809524 0.027142857142857142 0.02095238095238095
9 0.5017857142857143 0.3242857142857143 0.020714285714285713 0.02
9 0.5175 0.27714285714285714 0.02214285714285714 0.01904761904761905
9 0.5128571428571429 0.26666666666666666 0.022857142857142857 0.01904761904761905
9 0.5371428571428571 0.21 0.022857142857142857 0.02
9 0.445 0.2138095238095238 0.018571428571428572 0.014285714285714285
9 0.44785714285714284 0.1919047619047619 0.017142857142857144 0.012380952380952381
9 0.4539285714285714 0.13666666666666666 0.016428571428571428 0.012380952380952381
9 0.5164285714285715 0.14 0.02142857142857143 0.015238095238095238
9 0.495 0.08 0.01 0.015238095238095238
7 0.5296428571428572 0.08190476190476191 0.027857142857142858 0.026666666666666665
3 0.5196428571428572 0.10952380952380952 0.039285714285714285 0.030476190476190476
3 0.5121428571428571 0.12428571428571429 0.04 0.037142857142857144
3 0.5214285714285715 0.18761904761904763 0.04857142857142857 0.04
3 0.5228571428571429 0.2195238095238095 0.04857142857142857 0.037142857142857144
3 0.5196428571428572 0.2423809523809524 0.047857142857142855 0.035238095238095235
4 0.5178571428571429 0.1619047619047619 0.047142857142857146 0.04
3 0.5217857142857143 0.29904761904761906 0.05785714285714286 0.0380952380952381
3 0.525 0.35 0.06 0.03333333333333333
4 0.5253571428571429 0.3871428571428571 0.05928571428571429 0.037142857142857144
3 0.5271428571428571 0.4219047619047619 0.06285714285714286 0.03238095238095238
3 0.5271428571428571 0.5 0.06714285714285714 0.04380952380952381
3 0.525 0.5323809523809524 0.06571428571428571 0.047619047619047616
3 0.5296428571428572 0.5771428571428572 0.065 0.0380952380952381
3 0.5253571428571429 0.6171428571428571 0.07357142857142857 0.045714285714285714
3 0.5296428571428572 0.6652380952380952 0.075 0.05238095238095238
3 0.5225 0.8014285714285714 0.085 0.054285714285714284
3 0.5146428571428572 0.8514285714285714 0.08214285714285714 0.047619047619047616
3 0.5146428571428572 0.9114285714285715 0.08214285714285714 0.047619047619047616
9 0.6889285714285714 0.029047619047619048 0.017857142857142856 0.012380952380952381
9 0.7317857142857143 0.02142857142857143 0.019285714285714285 0.012380952380952381
