0 0.1620563674321503 0.7193877551020408 0.012004175365344467 0.03803339517625232
0 0.17327766179540707 0.7036178107606679 0.013569937369519832 0.026901669758812616
6 0.05036534446764091 0.4448051948051948 0.017223382045929016 0.03246753246753247
0 0.05532359081419624 0.1730055658627087 0.009394572025052192 0.02504638218923933
5 0.06889352818371607 0.10482374768089053 0.018789144050104383 0.03710575139146568
0 0.07593945720250521 0.06076066790352505 0.008872651356993735 0.01948051948051948
3 0.050626304801670144 0.0640074211502783 0.021920668058455113 0.025974025974025976
3 0.03470772442588726 0.02922077922077922 0.02139874739039666 0.0287569573283859
3 0.019572025052192066 0.00463821892393321 0.016179540709812108 0.00927643784786642
5 0.2651356993736952 0.27133580705009275 0.043841336116910226 0.043599257884972174
3 0.48695198329853856 0.7096474953617811 0.04801670146137787 0.07235621521335807
3 0.5106993736951982 0.6776437847866419 0.04853862212943632 0.07142857142857142
3 0.5375782881002087 0.6326530612244898 0.045929018789144044 0.06679035250463822
3 0.5806367432150312 0.4067717996289425 0.04540709812108559 0.0640074211502783
3 0.6323068893528183 0.34090909090909094 0.04018789144050104 0.05844155844155844
3 0.6550104384133612 0.2884972170686456 0.03653444676409186 0.04823747680890538
5 0.6633611691022964 0.2662337662337662 0.027139874739039664 0.03896103896103896
3 0.699634655532359 0.24257884972170687 0.0360125260960334 0.045454545454545456
3 0.7173799582463465 0.2142857142857143 0.0360125260960334 0.04267161410018553
3 0.7690501043841336 0.15306122448979592 0.032881002087682666 0.04081632653061225
3 0.7860125260960333 0.13868274582560297 0.033402922755741124 0.039888682745825604
3 0.7794885177453026 0.0686456400742115 0.025574112734864297 0.03153988868274583
3 0.888830897703549 0.7523191094619666 0.06054279749478079 0.08719851576994435
3 0.9478079331941544 0.5825602968460112 0.05323590814196242 0.0686456400742115
3 0.9587682672233819 0.5602968460111317 0.05323590814196242 0.0686456400742115
3 0.9665970772442588 0.5296846011131725 0.05427974947807933 0.06493506493506494
3 0.9830375782881001 0.4559369202226345 0.032881002087682666 0.05473098330241188
5 0.08585594989561586 0.13358070500927643 0.02974947807933194 0.05380333951762523
