3 0.5328571428571428 0.015862944162436547 0.012857142857142857 0.031725888324873094
3 0.5496428571428571 0.04441624365482233 0.010714285714285714 0.04314720812182741
3 0.5292857142857142 0.11675126903553298 0.011428571428571429 0.055837563451776644
4 0.5896428571428571 0.06091370558375634 0.012142857142857143 0.04060913705583756
3 0.5914285714285714 0.19416243654822332 0.011428571428571429 0.050761421319796954
3 0.5467857142857143 0.2296954314720812 0.012142857142857143 0.05837563451776649
3 0.5914285714285714 0.33248730964467005 0.014285714285714285 0.06091370558375634
3 0.5125 0.4841370558375634 0.015 0.06979695431472081
4 0.5375 0.5139593908629442 0.015 0.07614213197969542
3 0.505 0.6725888324873096 0.017142857142857144 0.07360406091370558
3 0.5314285714285715 0.6687817258883249 0.014285714285714285 0.07868020304568528
3 0.5928571428571429 0.6230964467005076 0.017142857142857144 0.07360406091370558
3 0.5953571428571428 0.7449238578680203 0.015 0.07868020304568528
