3 0.28964285714285715 0.7626903553299492 0.03785714285714286 0.050761421319796954
3 0.14214285714285715 0.6744923857868019 0.05285714285714286 0.06218274111675126
3 0.15464285714285714 0.5862944162436547 0.047857142857142855 0.06091370558375634
3 0.28464285714285714 0.47017766497461927 0.045 0.05964467005076142
3 0.35964285714285715 0.4441624365482233 0.047857142857142855 0.05837563451776649
4 0.43142857142857144 0.5044416243654822 0.04857142857142857 0.05710659898477157
3 0.5075 0.45304568527918776 0.04928571428571429 0.055837563451776644
5 0.5796428571428571 0.46637055837563446 0.052142857142857144 0.05964467005076142
3 0.5775 0.4111675126903553 0.047857142857142855 0.055837563451776644
3 0.5621428571428572 0.3635786802030457 0.05 0.052030456852791875
3 0.5096428571428572 0.34835025380710655 0.03785714285714286 0.04441624365482233
3 0.5621428571428572 0.3166243654822335 0.04285714285714286 0.052030456852791875
3 0.7246428571428571 0.23667512690355327 0.047857142857142855 0.07233502538071065
5 0.82 0.39403553299492383 0.08571428571428572 0.052030456852791875
0 0.7671428571428571 0.7601522842639593 0.01 0.02030456852791878
0 0.7917857142857143 0.7024111675126903 0.009285714285714286 0.013959390862944161
0 0.83 0.723984771573604 0.01 0.024111675126903553
0 0.8471428571428572 0.7030456852791878 0.012857142857142857 0.015228426395939085
0 0.8403571428571428 0.6846446700507614 0.010714285714285714 0.013959390862944161
0 0.8392857142857143 0.6706852791878172 0.014285714285714285 0.016497461928934008
0 0.8878571428571429 0.6637055837563451 0.014285714285714285 0.01015228426395939
0 0.8892857142857142 0.697969543147208 0.012857142857142857 0.02030456852791878
8 0.8253571428571429 0.95748730964467 0.039285714285714285 0.07994923857868019
5 0.7853571428571429 0.9054568527918782 0.05071428571428571 0.14340101522842638
3 0.8 0.8401015228426395 0.03142857142857143 0.09390862944162436
0 0.4725 0.1649746192893401 0.005 0.015228426395939085
0 0.4767857142857143 0.049492385786802026 0.007857142857142858 0.02284263959390863
0 0.46785714285714286 0.03616751269035533 0.01 0.024111675126903553
8 0.5671428571428572 0.026649746192893398 0.027142857142857142 0.053299492385786795
