5 0.3917857142857143 0.07476190476190477 0.04214285714285714 0.14952380952380953
3 0.5975 0.047142857142857146 0.03214285714285714 0.07714285714285714
4 0.6171428571428571 0.24428571428571427 0.03 0.06761904761904762
9 0.6628571428571428 0.0419047619047619 0.01 0.024761904761904763
0 0.4367857142857143 0.4142857142857143 0.012142857142857143 0.015238095238095238
0 0.42678571428571427 0.40904761904761905 0.009285714285714286 0.01619047619047619
5 0.4125 0.6519047619047619 0.052142857142857144 0.1895238095238095
3 0.6592857142857143 0.8352380952380952 0.037142857142857144 0.09714285714285714
0 0.6571428571428571 0.9142857142857143 0.012857142857142857 0.024761904761904763
9 0.6996428571428571 0.8519047619047619 0.015 0.037142857142857144
3 0.5889285714285715 0.5923809523809523 0.019285714285714285 0.05904761904761905
9 0.7125 0.6152380952380953 0.017857142857142856 0.030476190476190476
0 0.6196428571428572 0.36523809523809525 0.012142857142857143 0.018095238095238095
