5 0.5828571428571429 0.08714285714285715 0.02142857142857143 0.05238095238095238
5 0.6017857142857143 0.08904761904761904 0.019285714285714285 0.04285714285714286
5 0.2367857142857143 0.6042857142857143 0.035 0.07333333333333333
5 0.405 0.3742857142857143 0.05 0.030476190476190476
5 0.40714285714285714 0.33666666666666667 0.04428571428571428 0.02761904761904762
5 0.18 0.9571428571428572 0.06428571428571428 0.08
8 0.4592857142857143 0.7047619047619048 0.06571428571428571 0.18285714285714286
3 0.5139285714285714 0.45904761904761904 0.020714285714285713 0.0419047619047619
4 0.47714285714285715 0.5895238095238096 0.024285714285714285 0.05523809523809524
3 0.17964285714285713 0.719047619047619 0.047857142857142855 0.049523809523809526
3 0.21928571428571428 0.6438095238095238 0.03142857142857143 0.05523809523809524
3 0.09214285714285714 0.6676190476190477 0.04428571428571428 0.03428571428571429
3 0.13285714285714287 0.8242857142857143 0.047142857142857146 0.06190476190476191
3 0.09178571428571429 0.9142857142857143 0.052142857142857144 0.06095238095238095
3 0.2025 0.8119047619047619 0.045 0.06952380952380953
3 0.27 0.5542857142857143 0.03 0.047619047619047616
3 0.2867857142857143 0.4990476190476191 0.027857142857142858 0.04
3 0.32392857142857145 0.24476190476190476 0.02642857142857143 0.017142857142857144
3 0.4375 0.16904761904761906 0.02214285714285714 0.01619047619047619
5 0.4303571428571429 0.1895238095238095 0.025 0.013333333333333332
3 0.4614285714285714 0.05142857142857143 0.008571428571428572 0.011428571428571429
3 0.48178571428571426 0.07428571428571429 0.017857142857142856 0.011428571428571429
3 0.4742857142857143 0.08714285714285715 0.018571428571428572 0.014285714285714285
3 0.49142857142857144 0.06904761904761905 0.018571428571428572 0.012380952380952381
3 0.49464285714285716 0.06428571428571428 0.017857142857142856 0.012380952380952381
3 0.44642857142857145 0.05380952380952381 0.008571428571428572 0.012380952380952381
3 0.4 0.13904761904761906 0.02 0.013333333333333332
3 0.4025 0.12714285714285714 0.017857142857142856 0.012380952380952381
3 0.4617857142857143 0.09666666666666666 0.023571428571428573 0.012380952380952381
3 0.45785714285714285 0.10238095238095238 0.02142857142857143 0.010476190476190476
3 0.4496428571428571 0.1523809523809524 0.017857142857142856 0.015238095238095238
2 0.42142857142857143 0.14714285714285713 0.004285714285714286 0.012380952380952381
1 0.4203571428571429 0.14476190476190476 0.005 0.007619047619047619
1 0.7739285714285714 0.21761904761904763 0.005 0.008571428571428572
0 0.7917857142857143 0.18714285714285714 0.005 0.012380952380952381
0 0.7721428571428571 0.2642857142857143 0.007142857142857143 0.01619047619047619
0 0.7142857142857143 0.011428571428571429 0.002857142857142857 0.009523809523809525
3 0.72 0.09666666666666666 0.01 0.012380952380952381
0 0.685 0.41714285714285715 0.007142857142857143 0.015238095238095238
0 0.7442857142857143 0.4442857142857143 0.008571428571428572 0.018095238095238095
0 0.8021428571428572 0.4976190476190476 0.01 0.01619047619047619
0 0.7546428571428572 0.40476190476190477 0.007857142857142858 0.017142857142857144
0 0.7703571428571429 0.3942857142857143 0.009285714285714286 0.017142857142857144
0 0.7828571428571428 0.3942857142857143 0.007142857142857143 0.02095238095238095
0 0.745 0.38 0.005714285714285714 0.017142857142857144
0 0.72 0.4066666666666667 0.007142857142857143 0.02095238095238095
0 0.7153571428571428 0.3919047619047619 0.009285714285714286 0.02
0 0.6871428571428572 0.37714285714285717 0.005714285714285714 0.01904761904761905
0 0.7021428571428572 0.37142857142857144 0.005714285714285714 0.017142857142857144
6 0.24892857142857142 0.5495238095238095 0.02214285714285714 0.030476190476190476
1 0.8303571428571429 0.3523809523809524 0.0064285714285714285 0.009523809523809525
9 0.8296428571428571 0.35714285714285715 0.005 0.015238095238095238
1 0.8496428571428571 0.7771428571428571 0.012142857142857143 0.017142857142857144
0 0.7871428571428571 0.7576190476190476 0.01 0.023809523809523808
0 0.8839285714285714 0.7552380952380953 0.017857142857142856 0.01904761904761905
5 0.855 0.5247619047619048 0.03 0.06476190476190476
5 0.9685714285714285 0.4942857142857143 0.06142857142857143 0.05523809523809524
3 0.8225 0.42238095238095236 0.02214285714285714 0.035238095238095235
