3 0.39964285714285713 0.8692893401015228 0.04214285714285714 0.04568527918781726
3 0.5775 0.7354060913705583 0.03785714285714286 0.04441624365482233
3 0.7278571428571429 0.8654822335025381 0.02 0.05837563451776649
3 0.7496428571428572 0.7392131979695431 0.03214285714285714 0.04695431472081218
3 0.7603571428571428 0.574238578680203 0.03214285714285714 0.04187817258883248
3 0.8339285714285715 0.5501269035532994 0.027857142857142858 0.03680203045685279
3 0.6414285714285715 0.30901015228426393 0.012857142857142857 0.024111675126903553
3 0.6753571428571429 0.23730964467005075 0.009285714285714286 0.02284263959390863
3 0.6967857142857142 0.16370558375634517 0.010714285714285714 0.02030456852791878
5 0.6546428571428572 0.17576142131979694 0.017857142857142856 0.06725888324873096
8 0.6628571428571428 0.02728426395939086 0.012857142857142857 0.05456852791878172
4 0.6821428571428572 0.012690355329949238 0.007142857142857143 0.017766497461928932
3 0.06964285714285715 0.9238578680203045 0.045 0.027918781725888322
