3 0.328 0.40166666666666667 0.081 0.08466666666666667
3 0.41050000000000003 0.25366666666666665 0.074 0.04066666666666666
3 0.50225 0.253 0.0675 0.041999999999999996
3 0.6105 0.22466666666666665 0.04 0.030666666666666665
3 0.61425 0.24966666666666665 0.0745 0.043333333333333335
3 0.455 0.15866666666666665 0.058 0.030666666666666665
3 0.59075 0.17366666666666666 0.0635 0.03933333333333333
3 0.5710000000000001 0.5216666666666666 0.13 0.06866666666666667
3 0.59875 0.5826666666666667 0.1085 0.07333333333333333
3 0.6022500000000001 0.6526666666666666 0.1315 0.09066666666666666
3 0.60975 0.757 0.1555 0.09
3 0.61825 0.8526666666666667 0.17450000000000002 0.11466666666666667
3 0.61725 0.9576666666666667 0.20550000000000002 0.08333333333333333
9 0.26275 0.8686666666666666 0.0365 0.08533333333333333
9 0.23925000000000002 0.8536666666666667 0.0415 0.086
9 0.228 0.8176666666666667 0.033 0.08333333333333333
9 0.267 0.7346666666666667 0.02 0.064
9 0.24375 0.7276666666666667 0.0305 0.07533333333333334
3 0.3615 0.23966666666666667 0.066 0.03933333333333333
3 0.79625 0.22266666666666665 0.0725 0.044
3 0.9505 0.22166666666666665 0.075 0.043333333333333335
3 0.9460000000000001 0.17266666666666666 0.067 0.03333333333333333
0 0.80725 0.12466666666666666 0.0115 0.030666666666666665
9 0.90575 0.14966666666666667 0.0235 0.016666666666666666
1 0.90825 0.14433333333333334 0.0125 0.026
8 0.788 0.06766666666666667 0.048 0.056666666666666664
5 0.73875 0.06166666666666666 0.0525 0.05266666666666667
5 0.74875 0.043 0.0365 0.03
5 0.70175 0.020666666666666667 0.035500000000000004 0.029333333333333333
3 0.20550000000000002 0.15366666666666667 0.06 0.03133333333333333
