3 0.6275 0.890228426395939 0.04214285714285714 0.04441624365482233
3 0.575 0.8743654822335025 0.05285714285714286 0.05837563451776649
8 0.5267857142857143 0.7208121827411167 0.02214285714285714 0.09390862944162436
8 0.5492857142857143 0.4232233502538071 0.025714285714285714 0.10279187817258882
3 0.45964285714285713 0.47842639593908626 0.027857142857142858 0.027918781725888322
4 0.5046428571428572 0.37880710659898476 0.015 0.026649746192893398
5 0.5242857142857142 0.2442893401015228 0.022857142857142857 0.03680203045685279
0 0.47964285714285715 0.27538071065989844 0.002142857142857143 0.015228426395939085
0 0.48178571428571426 0.2506345177664974 0.002142857142857143 0.011421319796954314
0 0.49464285714285716 0.24555837563451774 0.002142857142857143 0.011421319796954314
0 0.4903571428571429 0.2430203045685279 0.002142857142857143 0.011421319796954314
0 0.48892857142857143 0.2430203045685279 0.0035714285714285713 0.013959390862944161
3 0.555 0.21256345177664973 0.01 0.016497461928934008
3 0.5542857142857143 0.1979695431472081 0.007142857142857143 0.015228426395939085
3 0.57 0.20875634517766495 0.01 0.016497461928934008
8 0.5725 0.1763959390862944 0.010714285714285714 0.035532994923857864
3 0.5603571428571429 0.18210659898477155 0.007857142857142858 0.013959390862944161
4 0.5578571428571428 0.16624365482233502 0.007142857142857143 0.015228426395939085
5 0.5746428571428571 0.15418781725888323 0.012142857142857143 0.031725888324873094
3 0.5714285714285714 0.07804568527918782 0.007142857142857143 0.011421319796954314
5 0.18 0.6351522842639593 0.04285714285714286 0.10532994923857868
3 0.06964285714285715 0.32043147208121825 0.017857142857142856 0.029187817258883246
4 0.18714285714285714 0.2963197969543147 0.012857142857142857 0.021573604060913704
3 0.14785714285714285 0.19416243654822332 0.017142857142857144 0.01015228426395939
3 0.2671428571428571 0.14022842639593908 0.014285714285714285 0.008883248730964466
3 0.02892857142857143 0.11611675126903552 0.010714285714285714 0.011421319796954314
3 0.04428571428571428 0.10723350253807105 0.008571428571428572 0.011421319796954314
3 0.05714285714285714 0.08502538071065989 0.01 0.015228426395939085
3 0.0475 0.07994923857868019 0.009285714285714286 0.012690355329949238
3 0.0375 0.05837563451776649 0.007857142857142858 0.012690355329949238
4 0.08428571428571428 0.05837563451776649 0.01 0.01015228426395939
5 0.09285714285714286 0.039974619289340096 0.015714285714285715 0.019035532994923856
3 0.12214285714285714 0.026649746192893398 0.01 0.012690355329949238
3 0.15142857142857144 0.01015228426395939 0.01 0.01015228426395939
5 0.21714285714285714 0.09581218274111675 0.012857142857142857 0.021573604060913704
5 0.20714285714285716 0.09390862944162436 0.012857142857142857 0.02284263959390863
5 0.1992857142857143 0.09581218274111675 0.012857142857142857 0.021573604060913704
5 0.19214285714285714 0.09771573604060912 0.012857142857142857 0.02030456852791878
5 0.18464285714285714 0.09771573604060912 0.012142857142857143 0.02030456852791878
5 0.1792857142857143 0.09644670050761421 0.012857142857142857 0.02030456852791878
5 0.16964285714285715 0.09390862944162436 0.012142857142857143 0.02030456852791878
5 0.16214285714285714 0.09390862944162436 0.012857142857142857 0.02030456852791878
5 0.14714285714285713 0.09517766497461928 0.012857142857142857 0.02030456852791878
