3 0.8256784968684759 0.641465677179963 0.03653444676409186 0.08441558441558442
4 0.8436847599164926 0.5663265306122449 0.03183716075156576 0.06771799628942486
3 0.8569937369519832 0.47634508348794063 0.025052192066805843 0.06957328385899815
3 0.6714509394572025 0.6859925788497218 0.03914405010438413 0.09369202226345083
3 0.4044885177453027 0.42578849721706863 0.045929018789144044 0.0575139146567718
3 0.38074112734864296 0.35760667903525045 0.0360125260960334 0.06957328385899815
3 0.36351774530271397 0.33534322820037105 0.0360125260960334 0.0640074211502783
3 0.27348643006263046 0.20918367346938777 0.029227557411273482 0.05473098330241188
0 0.2332985386221294 0.14935064935064934 0.0073068893528183704 0.022263450834879406
0 0.2168580375782881 0.15445269016697588 0.007828810020876827 0.02504638218923933
3 0.1051670146137787 0.07374768089053803 0.0360125260960334 0.04730983302411874
3 0.13622129436325678 0.029684601113172542 0.03444676409185803 0.04267161410018553
3 0.06393528183716074 0.1261595547309833 0.04018789144050104 0.04823747680890538
9 0.08115866388308976 0.30844155844155846 0.014091858037578286 0.02319109461966605
9 0.08742171189979123 0.29730983302411873 0.015135699373695197 0.01948051948051948
9 0.10908141962421711 0.3181818181818182 0.015657620041753653 0.012987012987012988
5 0.13987473903966596 0.4837662337662338 0.1033402922755741 0.1920222634508349
4 0.7674843423799582 0.9485157699443414 0.03183716075156576 0.09740259740259741
0 0.9305845511482254 0.9304267161410019 0.014613778705636741 0.020408163265306124
3 0.013569937369519832 0.03200371057513915 0.027139874739039664 0.05102040816326531
3 0.037317327766179534 0.008348794063079777 0.02453027139874739 0.016697588126159554
