5 0.17014613778705634 0.8970315398886828 0.050104384133611686 0.137291280148423
9 0.21085594989561585 0.8158627087198516 0.039665970772442584 0.043599257884972174
9 0.22703549060542796 0.7690166975881262 0.031315240083507306 0.04267161410018553
0 0.26304801670146133 0.6910946196660482 0.011482254697286011 0.05194805194805195
1 0.2635699373695198 0.674860853432282 0.0041753653444676405 0.02504638218923933
0 0.29331941544885176 0.6767161410018553 0.006263048016701461 0.026901669758812616
0 0.2980167014613778 0.6776437847866419 0.008350730688935281 0.05102040816326531
7 0.3168058455114822 0.6804267161410019 0.04279749478079332 0.075139146567718
0 0.3345511482254697 0.6739332096474954 0.006263048016701461 0.039888682745825604
3 0.29331941544885176 0.6089981447124304 0.07515657620041753 0.05658627087198516
9 0.2990605427974948 0.5561224489795918 0.024008350730688934 0.02319109461966605
9 0.3648225469728601 0.4137291280148423 0.01774530271398747 0.022263450834879406
9 0.3572546972860125 0.4049165120593692 0.017223382045929016 0.01948051948051948
1 0.4389352818371607 0.3529684601113173 0.005219206680584551 0.021335807050092765
6 0.438152400835073 0.36038961038961037 0.008872651356993735 0.021335807050092765
1 0.4248434237995824 0.6451762523191095 0.010438413361169102 0.030612244897959183
9 0.4251043841336116 0.6595547309833024 0.007828810020876827 0.0463821892393321
9 0.563152400835073 0.4749536178107607 0.01774530271398747 0.02411873840445269
3 0.5443632567849687 0.4322820037105751 0.027139874739039664 0.03339517625231911
9 0.5305323590814196 0.4072356215213358 0.016179540709812108 0.01855287569573284
9 0.5388830897703548 0.3780148423005566 0.013048016701461376 0.0176252319109462
9 0.5331419624217119 0.3678107606679035 0.013048016701461376 0.0176252319109462
3 0.39065762004175364 0.26669758812615957 0.02661795407098121 0.0176252319109462
6 0.43449895615866385 0.19387755102040816 0.0036534446764091852 0.011131725417439703
6 0.4558977035490605 0.18970315398886828 0.004697286012526096 0.013914656771799629
7 0.4433716075156576 0.2481447124304267 0.006784968684759916 0.02319109461966605
1 0.44311064718162835 0.24860853432282004 0.0031315240083507304 0.011131725417439703
5 0.4245824634655532 0.22727272727272727 0.013048016701461376 0.029684601113172542
2 0.229384133611691 0.9067717996289425 0.04331941544885177 0.03432282003710575
