5 0.5917857142857142 0.5547619047619048 0.03642857142857143 0.058095238095238096
3 0.6596428571428572 0.93 0.03785714285714286 0.1
8 0.5253571428571429 0.2523809523809524 0.016428571428571428 0.0380952380952381
3 0.5325 0.33714285714285713 0.015 0.017142857142857144
4 0.5071428571428571 0.24476190476190476 0.007142857142857143 0.017142857142857144
3 0.5096428571428572 0.19952380952380952 0.007857142857142858 0.006666666666666666
5 0.6 0.20714285714285716 0.018571428571428572 0.012380952380952381
3 0.6296428571428572 0.20476190476190476 0.010714285714285714 0.007619047619047619
3 0.6403571428571428 0.20238095238095238 0.010714285714285714 0.010476190476190476
3 0.6639285714285714 0.25 0.02214285714285714 0.012380952380952381
3 0.6675 0.2923809523809524 0.015 0.030476190476190476
4 0.63 0.27904761904761904 0.022857142857142857 0.013333333333333332
3 0.635 0.2919047619047619 0.022857142857142857 0.014285714285714285
3 0.6303571428571428 0.26904761904761904 0.02214285714285714 0.014285714285714285
5 0.49142857142857144 0.14714285714285713 0.01 0.018095238095238095
3 0.47964285714285715 0.13523809523809524 0.005 0.005714285714285714
3 0.4742857142857143 0.12 0.004285714285714286 0.005714285714285714
5 0.48464285714285715 0.07714285714285714 0.005 0.007619047619047619
4 0.32035714285714284 0.4438095238095238 0.020714285714285713 0.02857142857142857
0 0.3914285714285714 0.579047619047619 0.004285714285714286 0.015238095238095238
1 0.735 0.7766666666666666 0.007142857142857143 0.014285714285714285
2 0.7314285714285714 0.7842857142857143 0.01 0.029523809523809525
5 0.7092857142857143 0.3395238095238095 0.03571428571428571 0.02
3 0.7846428571428572 0.3871428571428571 0.027857142857142858 0.014285714285714285
5 0.73 0.28476190476190477 0.027142857142857142 0.022857142857142857
3 0.7 0.30714285714285716 0.012857142857142857 0.02
4 0.7021428571428572 0.27476190476190476 0.02 0.014285714285714285
3 0.4475 0.1819047619047619 0.002142857142857143 0.007619047619047619
3 0.45 0.1819047619047619 0.002857142857142857 0.007619047619047619
1 0.365 0.38 0.002857142857142857 0.011428571428571429
0 0.9117857142857143 0.7152380952380952 0.012142857142857143 0.022857142857142857
0 0.9239285714285714 0.7066666666666667 0.016428571428571428 0.024761904761904763
