3 0.6078571428571429 0.7823604060913705 0.025714285714285714 0.12055837563451775
3 0.5575 0.7753807106598984 0.025 0.11421319796954314
3 0.39785714285714285 0.7626903553299492 0.03 0.12944162436548223
3 0.35678571428571426 0.7741116751269035 0.027857142857142858 0.10913705583756345
3 0.25785714285714284 0.7607868020304568 0.03142857142857143 0.11040609137055837
3 0.18964285714285714 0.7506345177664974 0.06785714285714285 0.049492385786802026
3 0.2642857142857143 0.4942893401015228 0.02857142857142857 0.12309644670050761
3 0.29464285714285715 0.5050761421319797 0.025 0.10152284263959391
3 0.32785714285714285 0.4961928934010152 0.025714285714285714 0.10913705583756345
3 0.35928571428571426 0.5012690355329948 0.022857142857142857 0.10913705583756345
3 0.3967857142857143 0.5012690355329948 0.025 0.10913705583756345
3 0.42964285714285716 0.4961928934010152 0.027857142857142858 0.11167512690355329
3 0.46285714285714286 0.4892131979695431 0.02857142857142857 0.11802030456852791
3 0.49214285714285716 0.49809644670050757 0.02 0.10025380710659898
3 0.525 0.49999999999999994 0.025714285714285714 0.10659898477157359
3 0.56 0.4911167512690355 0.027142857142857142 0.10913705583756345
3 0.595 0.49682741116751267 0.02857142857142857 0.11802030456852791
3 0.6253571428571428 0.5044416243654822 0.025 0.11294416243654821
3 0.665 0.49302030456852786 0.02857142857142857 0.11802030456852791
3 0.6992857142857143 0.506979695431472 0.03 0.12055837563451775
3 0.74 0.5095177664974619 0.03 0.12055837563451775
3 0.49535714285714283 0.21256345177664973 0.023571428571428573 0.08756345177664974
3 0.4589285714285714 0.21256345177664973 0.027857142857142858 0.11548223350253806
3 0.42428571428571427 0.21763959390862941 0.027142857142857142 0.10279187817258882
3 0.3925 0.21573604060913704 0.023571428571428573 0.10913705583756345
3 0.36214285714285716 0.21763959390862941 0.027142857142857142 0.11294416243654821
3 0.33 0.22017766497461927 0.027142857142857142 0.12055837563451775
3 0.29714285714285715 0.21002538071065988 0.027142857142857142 0.12055837563451775
3 0.22964285714285715 0.21256345177664973 0.027857142857142858 0.11548223350253806
3 0.19428571428571428 0.2112944162436548 0.027142857142857142 0.11548223350253806
3 0.16392857142857142 0.2011421319796954 0.02642857142857143 0.11548223350253806
3 0.1767857142857143 0.30710659898477155 0.065 0.04568527918781726
3 0.135 0.3756345177664974 0.05285714285714286 0.08375634517766496
4 0.2625 0.20748730964467005 0.027857142857142858 0.1281725888324873
4 0.61 0.30583756345177665 0.05857142857142857 0.035532994923857864
5 0.7539285714285714 0.3178934010152284 0.04071428571428572 0.13071065989847716
3 0.9464285714285714 0.2848984771573604 0.03428571428571429 0.10532994923857868
3 0.8639285714285714 0.2836294416243655 0.035 0.11294416243654821
3 0.9828571428571429 0.28743654822335024 0.032857142857142856 0.12055837563451775
4 0.9046428571428572 0.516497461928934 0.062142857142857146 0.050761421319796954
3 0.9789285714285715 0.524746192893401 0.04071428571428572 0.04695431472081218
3 0.8075 0.7887055837563451 0.035 0.11294416243654821
3 0.8471428571428572 0.7950507614213197 0.027142857142857142 0.09517766497461928
3 0.885 0.7931472081218274 0.032857142857142856 0.10913705583756345
3 0.9325 0.7874365482233502 0.03642857142857143 0.12055837563451775
8 0.2646428571428571 0.9543147208121827 0.16214285714285714 0.08629441624365482
5 0.0125 0.758248730964467 0.02642857142857143 0.08502538071065989
0 0.6492857142857142 0.1846446700507614 0.008571428571428572 0.019035532994923856
0 0.77 0.2411167512690355 0.012857142857142857 0.025380710659898477
0 0.03214285714285714 0.8794416243654821 0.02 0.02284263959390863
2 0.6596428571428572 0.7493654822335025 0.015 0.029187817258883246
