3 0.9692857142857143 0.4035532994923858 0.06 0.13705583756345177
3 0.7121428571428572 0.09517766497461928 0.06 0.06852791878172589
3 0.6375 0.22842639593908629 0.060714285714285714 0.06852791878172589
3 0.6139285714285714 0.27918781725888325 0.062142857142857146 0.07360406091370558
3 0.5278571428571428 0.43337563451776645 0.06428571428571428 0.0748730964467005
3 0.5025 0.4873096446700507 0.062142857142857146 0.08375634517766496
3 0.4092857142857143 0.5374365482233502 0.05 0.11294416243654821
3 0.5225 0.2652284263959391 0.05785714285714286 0.08629441624365482
3 0.3692857142857143 0.708756345177665 0.055714285714285716 0.09263959390862943
3 0.11 0.7715736040609137 0.07285714285714286 0.13197969543147206
8 0.10464285714285715 0.391497461928934 0.13785714285714284 0.22208121827411165
4 0.1075 0.10215736040609136 0.06642857142857143 0.08502538071065989
4 0.10785714285714286 0.031725888324873094 0.05714285714285714 0.06345177664974619
5 0.04428571428571428 0.17322335025380708 0.08857142857142856 0.15355329949238578
5 0.027857142857142858 0.24555837563451774 0.05714285714285714 0.12563451776649745
9 0.5042857142857143 0.6059644670050761 0.024285714285714285 0.03934010152284264
4 0.0275 0.9257614213197969 0.05357142857142857 0.13578680203045684
0 0.35428571428571426 0.6529187817258882 0.012857142857142857 0.029187817258883246
0 0.7242857142857143 0.26078680203045684 0.012857142857142857 0.03426395939086294
0 0.5567857142857143 0.8178934010152283 0.012142857142857143 0.024111675126903553
0 0.36392857142857143 0.8375634517766497 0.010714285714285714 0.02030456852791878
