3 0.3967857142857143 0.9194162436548222 0.02214285714285714 0.05456852791878172
3 0.5446428571428571 0.70748730964467 0.019285714285714285 0.049492385786802026
3 0.5371428571428571 0.649746192893401 0.017142857142857144 0.04060913705583756
3 0.5967857142857143 0.5031725888324873 0.016428571428571428 0.03680203045685279
3 0.5846428571428571 0.47715736040609136 0.015 0.035532994923857864
3 0.5496428571428571 0.4942893401015228 0.017857142857142856 0.031725888324873094
3 0.5896428571428571 0.2861675126903553 0.015 0.04441624365482233
3 0.6953571428571429 0.20050761421319796 0.015 0.035532994923857864
1 0.6075 0.17956852791878172 0.005 0.013959390862944161
9 0.6071428571428571 0.1814720812182741 0.01 0.03045685279187817
3 0.6267857142857143 0.17068527918781726 0.012142857142857143 0.029187817258883246
3 0.6625 0.11104060913705582 0.010714285714285714 0.024111675126903553
3 0.6553571428571429 0.08375634517766496 0.010714285714285714 0.027918781725888322
3 0.6492857142857142 0.053299492385786795 0.014285714285714285 0.035532994923857864
3 0.7017857142857142 0.11421319796954314 0.015 0.032994923857868015
3 0.7064285714285714 0.04695431472081218 0.011428571428571429 0.032994923857868015
3 0.7264285714285714 0.02093908629441624 0.012857142857142857 0.029187817258883246
3 0.7953571428571429 0.30203045685279184 0.010714285714285714 0.032994923857868015
3 0.81 0.3229695431472081 0.01 0.026649746192893398
5 0.7928571428571428 0.4181472081218274 0.014285714285714285 0.03934010152284264
3 0.825 0.8331218274111675 0.027142857142857142 0.024111675126903553
3 0.7946428571428571 0.825507614213198 0.027857142857142858 0.024111675126903553
5 0.725 0.9060913705583755 0.022857142857142857 0.06598984771573603
5 0.6746428571428571 0.9689086294416243 0.027857142857142858 0.05964467005076142
