3 0.0067857142857142855 0.21002538071065988 0.013571428571428571 0.029187817258883246
3 0.09928571428571428 0.2347715736040609 0.02 0.025380710659898477
3 0.10035714285714285 0.40736040609137053 0.019285714285714285 0.027918781725888322
5 0.16714285714285715 0.47906091370558374 0.03428571428571429 0.04187817258883248
3 0.2292857142857143 0.35977157360406087 0.015714285714285715 0.026649746192893398
3 0.23392857142857143 0.4289340101522842 0.016428571428571428 0.035532994923857864
3 0.2067857142857143 0.1979695431472081 0.017857142857142856 0.027918781725888322
3 0.2571428571428571 0.16243654822335024 0.02 0.02030456852791878
3 0.27 0.5025380710659898 0.018571428571428572 0.032994923857868015
3 0.3292857142857143 0.49809644670050757 0.02142857142857143 0.026649746192893398
3 0.37535714285714283 0.5215736040609137 0.02214285714285714 0.027918781725888322
5 0.2725 0.6008883248730964 0.025 0.03934010152284264
4 0.31642857142857145 0.6173857868020304 0.015714285714285715 0.03680203045685279
3 0.39964285714285713 0.5945431472081217 0.02214285714285714 0.031725888324873094
3 0.48714285714285716 0.6941624365482233 0.022857142857142857 0.032994923857868015
3 0.5067857142857143 0.6586294416243654 0.020714285714285713 0.03045685279187817
3 0.5321428571428571 0.7100253807106598 0.02 0.024111675126903553
4 0.37 0.765228426395939 0.02 0.04060913705583756
8 0.3142857142857143 0.7151015228426395 0.03571428571428571 0.0748730964467005
3 0.4417857142857143 0.940989847715736 0.019285714285714285 0.04187817258883248
3 0.43964285714285717 0.9885786802030456 0.012142857142857143 0.02030456852791878
3 0.5628571428571428 0.8991116751269035 0.022857142857142857 0.031725888324873094
8 0.6171428571428571 0.8800761421319796 0.04 0.04695431472081218
3 0.6675 0.8458121827411167 0.02214285714285714 0.029187817258883246
3 0.009642857142857142 0.7703045685279187 0.019285714285714285 0.02030456852791878
4 0.38035714285714284 0.4359137055837563 0.016428571428571428 0.029187817258883246
4 0.3725 0.424492385786802 0.016428571428571428 0.029187817258883246
4 0.36428571428571427 0.416243654822335 0.017142857142857144 0.027918781725888322
4 0.35428571428571426 0.40736040609137053 0.015714285714285715 0.03045685279187817
4 0.34464285714285714 0.3972081218274111 0.017857142857142856 0.027918781725888322
