3 0.72675 0.9456666666666667 0.1455 0.10733333333333334
3 0.58 0.522 0.092 0.104
3 0.11950000000000001 0.27066666666666667 0.04 0.05333333333333333
5 0.09175 0.12666666666666665 0.035500000000000004 0.042666666666666665
3 0.026000000000000002 0.049666666666666665 0.02 0.022
3 0.00925 0.18466666666666667 0.0185 0.04133333333333333
3 0.01325 0.15566666666666665 0.0265 0.035333333333333335
3 0.717 0.22366666666666665 0.06 0.043333333333333335
3 0.89175 0.161 0.0475 0.033999999999999996
3 0.61825 0.16999999999999998 0.0485 0.04
3 0.64525 0.16066666666666665 0.0425 0.03733333333333333
3 0.6717500000000001 0.15366666666666667 0.0455 0.03
3 0.72375 0.14066666666666666 0.0625 0.03733333333333333
3 0.77875 0.12266666666666666 0.0505 0.030666666666666665
4 0.80525 0.11166666666666666 0.0405 0.033999999999999996
4 0.8545 0.10366666666666666 0.033 0.028666666666666667
3 0.87075 0.09866666666666667 0.0385 0.025333333333333333
3 0.88925 0.08966666666666666 0.0425 0.020666666666666667
3 0.9235 0.08366666666666667 0.04 0.02733333333333333
3 0.93725 0.07466666666666666 0.0365 0.021333333333333333
3 0.9545 0.07566666666666666 0.03 0.014
1 0.6345000000000001 0.39466666666666667 0.016 0.032
1 0.556 0.39966666666666667 0.016 0.028666666666666667
1 0.5565 0.37066666666666664 0.015 0.028
1 0.499 0.35266666666666663 0.014 0.026666666666666665
1 0.5695 0.23366666666666666 0.012 0.028666666666666667
1 0.43075 0.26066666666666666 0.0125 0.028
1 0.4285 0.22366666666666665 0.011 0.02333333333333333
1 0.00875 0.33566666666666667 0.0165 0.03266666666666666
1 0.01125 0.33266666666666667 0.0175 0.026666666666666665
9 0.00825 0.3446666666666667 0.0165 0.034666666666666665
0 0.3055 0.06266666666666666 0.005 0.021333333333333333
0 0.2965 0.06266666666666666 0.003 0.018666666666666665
0 0.30025 0.059666666666666666 0.0045000000000000005 0.020666666666666667
0 0.30375 0.06166666666666666 0.0045000000000000005 0.02333333333333333
9 0.5690000000000001 0.24066666666666667 0.025 0.021333333333333333
9 0.42875 0.23066666666666666 0.0125 0.026666666666666665
9 0.432 0.26766666666666666 0.015 0.02733333333333333
9 0.4995 0.36366666666666664 0.018000000000000002 0.035333333333333335
9 0.557 0.37766666666666665 0.022 0.03133333333333333
9 0.556 0.409 0.022 0.038
9 0.633 0.40166666666666667 0.023 0.03666666666666667
