0 0.40964285714285714 0.017142857142857144 0.015 0.024761904761904763
1 0.4325 0.1442857142857143 0.012142857142857143 0.02
9 0.43142857142857144 0.14761904761904762 0.01 0.030476190476190476
3 0.044642857142857144 0.6547619047619048 0.062142857142857146 0.05238095238095238
3 0.03678571428571428 0.7119047619047619 0.06928571428571428 0.058095238095238096
3 0.305 0.5152380952380953 0.041428571428571426 0.07238095238095238
3 0.32 0.8147619047619048 0.04 0.1
3 0.3675 0.659047619047619 0.055 0.10095238095238095
3 0.44892857142857145 0.6971428571428572 0.04357142857142857 0.09714285714285714
3 0.39714285714285713 0.5314285714285715 0.04285714285714286 0.09142857142857143
3 0.4325 0.5766666666666667 0.04214285714285714 0.1019047619047619
3 0.4714285714285714 0.4319047619047619 0.045714285714285714 0.08285714285714285
3 0.4375 0.4038095238095238 0.045 0.08190476190476191
3 0.45964285714285713 0.30666666666666664 0.04214285714285714 0.08
3 0.5014285714285714 0.3142857142857143 0.04285714285714286 0.08761904761904762
3 0.5267857142857143 0.20904761904761904 0.047857142857142855 0.08095238095238096
3 0.48964285714285716 0.19380952380952382 0.039285714285714285 0.07523809523809524
3 0.45285714285714285 0.16238095238095238 0.03571428571428571 0.07523809523809524
3 0.5775 0.12904761904761905 0.039285714285714285 0.08476190476190476
0 0.4714285714285714 0.9671428571428572 0.011428571428571429 0.02761904761904762
0 0.5171428571428571 0.7595238095238095 0.01 0.018095238095238095
0 0.6642857142857143 0.611904761904762 0.011428571428571429 0.01619047619047619
0 0.6189285714285714 0.7123809523809523 0.010714285714285714 0.015238095238095238
0 0.6725 0.6171428571428571 0.009285714285714286 0.015238095238095238
1 0.5067857142857143 0.6895238095238095 0.012142857142857143 0.015238095238095238
9 0.5053571428571428 0.6852380952380952 0.012142857142857143 0.035238095238095235
0 0.5742857142857143 0.48904761904761906 0.01 0.01619047619047619
2 0.6921428571428572 0.5766666666666667 0.007142857142857143 0.03142857142857143
2 0.6003571428571428 0.741904761904762 0.009285714285714286 0.015238095238095238
0 0.6167857142857143 0.741904761904762 0.012142857142857143 0.015238095238095238
0 0.5946428571428571 0.37142857142857144 0.012142857142857143 0.01904761904761905
9 0.6014285714285714 0.3819047619047619 0.011428571428571429 0.03238095238095238
1 0.6103571428571428 0.3019047619047619 0.010714285714285714 0.022857142857142857
1 0.6 0.2923809523809524 0.011428571428571429 0.01904761904761905
1 0.5892857142857143 0.2814285714285714 0.014285714285714285 0.01619047619047619
1 0.5964285714285714 0.23761904761904762 0.011428571428571429 0.01619047619047619
1 0.5921428571428572 0.2042857142857143 0.012857142857142857 0.02
1 0.6128571428571429 0.20761904761904762 0.015714285714285715 0.017142857142857144
1 0.6092857142857143 0.2423809523809524 0.012857142857142857 0.02
1 0.6196428571428572 0.2423809523809524 0.015 0.02
1 0.6267857142857143 0.17142857142857143 0.012142857142857143 0.022857142857142857
1 0.64 0.15666666666666668 0.014285714285714285 0.02761904761904762
1 0.6189285714285714 0.1319047619047619 0.010714285714285714 0.023809523809523808
1 0.6296428571428572 0.11714285714285715 0.015 0.017142857142857144
1 0.6653571428571429 0.10238095238095238 0.012142857142857143 0.02761904761904762
1 0.6221428571428571 0.09476190476190476 0.01 0.012380952380952381
0 0.6175 0.10380952380952381 0.010714285714285714 0.022857142857142857
9 0.6628571428571428 0.10428571428571429 0.018571428571428572 0.02761904761904762
9 0.6296428571428572 0.11952380952380952 0.012142857142857143 0.02761904761904762
9 0.6414285714285715 0.1595238095238095 0.011428571428571429 0.03333333333333333
9 0.6267857142857143 0.17523809523809525 0.012142857142857143 0.02857142857142857
9 0.6142857142857143 0.20952380952380953 0.011428571428571429 0.030476190476190476
9 0.6075 0.24476190476190476 0.007857142857142858 0.030476190476190476
9 0.6221428571428571 0.2438095238095238 0.012857142857142857 0.024761904761904763
9 0.59 0.2838095238095238 0.012857142857142857 0.03428571428571429
9 0.5992857142857143 0.2938095238095238 0.017142857142857144 0.029523809523809525
2 0.6178571428571429 0.13238095238095238 0.008571428571428572 0.03238095238095238
2 0.5939285714285715 0.20714285714285716 0.007857142857142858 0.03142857142857143
2 0.5978571428571429 0.23904761904761904 0.011428571428571429 0.02857142857142857
2 0.6103571428571428 0.3019047619047619 0.010714285714285714 0.03238095238095238
1 0.7771428571428571 0.10952380952380952 0.015714285714285715 0.017142857142857144
0 0.7778571428571428 0.07428571428571429 0.015714285714285715 0.024761904761904763
1 0.8596428571428572 0.024285714285714285 0.012142857142857143 0.02761904761904762
1 0.8746428571428572 0.012380952380952381 0.012142857142857143 0.024761904761904763
9 0.8575 0.024761904761904763 0.025 0.022857142857142857
2 0.8725 0.014285714285714285 0.019285714285714285 0.017142857142857144
