5 0.0064285714285714285 0.416243654822335 0.012857142857142857 0.11675126903553298
3 0.075 0.5926395939086294 0.03857142857142857 0.032994923857868015
4 0.15964285714285714 0.6313451776649746 0.045 0.03426395939086294
3 0.19428571428571428 0.5780456852791878 0.04285714285714286 0.031725888324873094
9 0.24785714285714286 0.6351522842639593 0.017142857142857144 0.016497461928934008
1 0.24535714285714286 0.6364213197969543 0.009285714285714286 0.011421319796954314
3 0.41214285714285714 0.7081218274111675 0.047142857142857146 0.04314720812182741
3 0.4614285714285714 0.7024111675126903 0.047142857142857146 0.04695431472081218
3 0.36464285714285716 0.6091370558375634 0.045 0.032994923857868015
4 0.39464285714285713 0.5558375634517766 0.03785714285714286 0.035532994923857864
4 0.49142857142857144 0.5406091370558376 0.04285714285714286 0.032994923857868015
3 0.5271428571428571 0.590736040609137 0.04285714285714286 0.031725888324873094
4 0.5796428571428571 0.5304568527918782 0.045 0.03807106598984771
5 0.525 0.7284263959390862 0.07714285714285714 0.055837563451776644
5 0.5975 0.8083756345177664 0.12785714285714286 0.07106598984771573
5 0.6246428571428572 0.7461928934010151 0.10785714285714286 0.07360406091370558
5 0.635 0.6833756345177664 0.08285714285714285 0.04695431472081218
3 0.75 0.6865482233502538 0.022857142857142857 0.07360406091370558
3 0.7796428571428572 0.6884517766497461 0.020714285714285713 0.08248730964467005
3 0.8064285714285714 0.6903553299492385 0.025714285714285714 0.08883248730964466
3 0.86 0.6865482233502538 0.024285714285714285 0.08883248730964466
3 0.8896428571428572 0.6757614213197969 0.025 0.05964467005076142
4 0.9446428571428571 0.6916243654822335 0.029285714285714286 0.09390862944162436
3 0.9717857142857143 0.6916243654822335 0.02642857142857143 0.08629441624365482
3 0.9921428571428571 0.6941624365482233 0.014285714285714285 0.08629441624365482
8 0.9596428571428571 0.5609137055837563 0.07928571428571428 0.050761421319796954
4 0.6539285714285714 0.5253807106598984 0.04071428571428572 0.032994923857868015
4 0.6817857142857143 0.5780456852791878 0.052142857142857144 0.03426395939086294
4 0.7346428571428572 0.5190355329949238 0.04214285714285714 0.03807106598984771
4 0.8 0.5691624365482233 0.05285714285714286 0.03426395939086294
3 0.8925 0.5031725888324873 0.047857142857142855 0.03934010152284264
3 0.9625 0.48032994923857864 0.052142857142857144 0.03680203045685279
8 0.9771428571428571 0.21256345177664973 0.04428571428571428 0.06218274111675126
4 0.7889285714285714 0.28236040609137053 0.04928571428571429 0.04187817258883248
3 0.5996428571428571 0.3610406091370558 0.047857142857142855 0.03680203045685279
