3 0.49178571428571427 0.772208121827411 0.015 0.06725888324873096
3 0.48714285714285716 0.5799492385786802 0.012857142857142857 0.050761421319796954
3 0.4714285714285714 0.49048223350253806 0.011428571428571429 0.049492385786802026
3 0.3717857142857143 0.4149746192893401 0.012142857142857143 0.035532994923857864
3 0.3575 0.5628172588832487 0.013571428571428571 0.04695431472081218
3 0.5046428571428572 0.2652284263959391 0.012142857142857143 0.03045685279187817
3 0.5253571428571429 0.06472081218274112 0.009285714285714286 0.025380710659898477
3 0.65 0.964467005076142 0.041428571428571426 0.032994923857868015
3 0.5096428571428572 0.19035532994923857 0.012142857142857143 0.048223350253807105
8 0.42214285714285715 0.11294416243654821 0.022857142857142857 0.07106598984771573
8 0.35035714285714287 0.32043147208121825 0.030714285714285715 0.10279187817258882
8 0.3175 0.48540609137055835 0.029285714285714286 0.10786802030456852
3 0.4928571428571429 0.9835025380710659 0.012857142857142857 0.03045685279187817
8 0.8064285714285714 0.9162436548223349 0.02857142857142857 0.1649746192893401
8 0.8064285714285714 0.7461928934010151 0.032857142857142856 0.14720812182741116
9 0.8878571428571429 0.9086294416243654 0.012857142857142857 0.03045685279187817
0 0.5542857142857143 0.7220812182741116 0.004285714285714286 0.017766497461928932
0 0.22678571428571428 0.9086294416243654 0.007857142857142858 0.02030456852791878
0 0.07392857142857143 0.8585025380710659 0.007857142857142858 0.019035532994923856
1 0.18392857142857144 0.6389593908629441 0.012142857142857143 0.019035532994923856
1 0.17714285714285713 0.6675126903553299 0.005714285714285714 0.017766497461928932
1 0.2067857142857143 0.5215736040609137 0.0064285714285714285 0.01015228426395939
1 0.23 0.3978426395939086 0.008571428571428572 0.013959390862944161
1 0.2275 0.4048223350253807 0.012142857142857143 0.015228426395939085
0 0.22678571428571428 0.42703045685279184 0.009285714285714286 0.024111675126903553
0 0.2042857142857143 0.508248730964467 0.005714285714285714 0.016497461928934008
0 0.2867857142857143 0.5139593908629442 0.005 0.02030456852791878
0 0.28714285714285714 0.4873096446700507 0.002857142857142857 0.015228426395939085
0 0.29642857142857143 0.4911167512690355 0.004285714285714286 0.015228426395939085
0 0.31214285714285717 0.4232233502538071 0.002857142857142857 0.008883248730964466
0 0.35964285714285715 0.21256345177664973 0.005 0.013959390862944161
0 0.35964285714285715 0.20875634517766495 0.002142857142857143 0.011421319796954314
0 0.3575 0.20558375634517764 0.0035714285714285713 0.015228426395939085
0 0.32535714285714284 0.24682741116751267 0.0035714285714285713 0.011421319796954314
0 0.2925 0.09390862944162436 0.005 0.015228426395939085
0 0.28714285714285714 0.12055837563451775 0.002857142857142857 0.012690355329949238
0 0.2875 0.1148477157360406 0.0035714285714285713 0.011421319796954314
