3 0.08964285714285715 0.056666666666666664 0.02214285714285714 0.040952380952380955
3 0.017142857142857144 0.16428571428571428 0.022857142857142857 0.04476190476190476
0 0.4575 0.13428571428571429 0.005 0.01904761904761905
0 0.39964285714285713 0.32476190476190475 0.007857142857142858 0.02095238095238095
8 0.4692857142857143 0.1523809523809524 0.06714285714285714 0.09142857142857143
8 0.3875 0.20761904761904762 0.08928571428571429 0.05523809523809524
8 0.35428571428571426 0.2795238095238095 0.09142857142857143 0.06190476190476191
3 0.4828571428571429 0.48238095238095235 0.045714285714285714 0.039047619047619046
9 0.5067857142857143 0.45380952380952383 0.016428571428571428 0.014285714285714285
2 0.5064285714285715 0.43523809523809526 0.02 0.011428571428571429
3 0.48464285714285715 0.52 0.055 0.05523809523809524
3 0.5146428571428572 0.5419047619047619 0.05071428571428571 0.047619047619047616
3 0.5246428571428572 0.5919047619047619 0.055 0.054285714285714284
5 0.4546428571428571 0.5947619047619047 0.04071428571428572 0.08476190476190476
9 0.5917857142857142 0.6695238095238095 0.012142857142857143 0.0380952380952381
9 0.6017857142857143 0.6595238095238095 0.010714285714285714 0.03333333333333333
3 0.5696428571428571 0.7476190476190476 0.05928571428571429 0.06666666666666667
3 0.5364285714285715 0.7152380952380952 0.055714285714285716 0.05904761904761905
3 0.5028571428571429 0.6923809523809524 0.05857142857142857 0.05904761904761905
0 0.5142857142857142 0.9195238095238095 0.01 0.014285714285714285
3 0.40964285714285714 0.8495238095238096 0.012142857142857143 0.015238095238095238
9 0.06642857142857143 0.9066666666666666 0.027142857142857142 0.022857142857142857
8 0.3 0.5071428571428571 0.06 0.12476190476190477
8 0.15464285714285714 0.49952380952380954 0.10214285714285715 0.17238095238095238
8 0.09642857142857143 0.4847619047619048 0.09285714285714286 0.17714285714285713
