9 0.33481210855949894 0.2690166975881262 0.02974947807933194 0.05380333951762523
9 0.44676409185803756 0.2755102040816327 0.016701461377870562 0.06307977736549165
9 0.5701983298538622 0.2625231910946197 0.02139874739039666 0.05380333951762523
9 0.6163883089770354 0.26855287569573283 0.021920668058455113 0.06215213358070501
9 0.6615344467640918 0.2815398886827458 0.023486430062630476 0.07328385899814471
9 0.6928496868475991 0.25463821892393323 0.03392484342379958 0.05287569573283859
0 0.8515135699373695 0.22495361781076068 0.019311064718162838 0.06586270871985157
1 0.13152400835073066 0.49814471243042674 0.030271398747390394 0.0686456400742115
0 0.13569937369519833 0.6794990723562152 0.030271398747390394 0.08256029684601113
0 0.36169102296450933 0.6066790352504638 0.029227557411273482 0.07606679035250465
0 0.34551148225469724 0.5477736549165121 0.01774530271398747 0.08812615955473098
0 0.36351774530271397 0.5296846011131725 0.02139874739039666 0.08719851576994435
0 0.40135699373695194 0.5422077922077922 0.016701461377870562 0.05658627087198516
0 0.4162317327766179 0.49814471243042674 0.014091858037578286 0.0686456400742115
0 0.4465031315240083 0.550556586270872 0.019311064718162838 0.08441558441558442
0 0.46946764091858034 0.5663265306122449 0.02453027139874739 0.08256029684601113
0 0.5694154488517744 0.5788497217068646 0.026096033402922752 0.07792207792207792
0 0.5268789144050103 0.5384972170686456 0.020354906054279746 0.08998144712430427
0 0.4976513569937369 0.5394248608534323 0.019311064718162838 0.08070500927643785
0 0.5093945720250521 0.5343228200371057 0.024008350730688934 0.08348794063079777
0 0.48121085594989554 0.5324675324675324 0.027139874739039664 0.08348794063079777
0 0.4728601252609603 0.5134508348794063 0.019832985386221292 0.07142857142857142
0 0.4577244258872651 0.5083487940630798 0.019832985386221292 0.07977736549165121
1 0.543580375782881 0.5607606679035251 0.015135699373695197 0.05844155844155844
0 0.5490605427974947 0.5672541743970315 0.020876826722338204 0.08441558441558442
1 0.6088204592901878 0.5797773654916513 0.02453027139874739 0.08905380333951762
0 0.6148225469728601 0.6391465677179963 0.025052192066805843 0.0686456400742115
2 0.6030793319415448 0.5760667903525046 0.05480167014613778 0.05009276437847866
0 0.891179540709812 0.5097402597402597 0.03392484342379958 0.07142857142857142
9 0.9021398747390396 0.549165120593692 0.05793319415448851 0.04823747680890538
7 0.06236951983298538 0.7657699443413729 0.08402922755741127 0.20871985157699444
6 0.13282881002087682 0.7922077922077922 0.06524008350730688 0.14656771799628943
6 0.22912317327766177 0.7666975881261595 0.06471816283924843 0.1808905380333952
7 0.29645093945720247 0.7690166975881262 0.0615866388308977 0.1855287569573284
7 0.4044885177453027 0.7564935064935066 0.0615866388308977 0.18831168831168832
7 0.5031315240083507 0.7481447124304267 0.051148225469728595 0.1679035250463822
3 0.6524008350730688 0.7801484230055659 0.11482254697286011 0.27087198515769945
7 0.8517745302713987 0.7193877551020408 0.09185803757828809 0.212430426716141
7 0.6539665970772441 0.23794063079777367 0.044885177453027135 0.049165120593692026
0 0.8374217118997912 0.21150278293135436 0.022442588726513567 0.06493506493506494
7 0.8517745302713987 0.7193877551020408 0.09185803757828809 0.212430426716141
9 0.9830375782881001 0.8863636363636364 0.03183716075156576 0.07328385899814471
