3 0.7028571428571428 0.9549492385786801 0.04857142857142857 0.08502538071065989
3 0.6367857142857143 0.9701776649746192 0.04214285714285714 0.05710659898477157
3 0.5053571428571428 0.8191624365482233 0.04642857142857143 0.07994923857868019
3 0.5217857142857143 0.6808375634517766 0.02642857142857143 0.052030456852791875
3 0.5364285714285715 0.6218274111675126 0.03857142857142857 0.050761421319796954
3 0.58 0.6059644670050761 0.022857142857142857 0.05964467005076142
3 0.5878571428571429 0.5019035532994923 0.024285714285714285 0.04695431472081218
3 0.5217857142857143 0.4873096446700507 0.017857142857142856 0.035532994923857864
3 0.49392857142857144 0.7519035532994923 0.029285714285714286 0.06979695431472081
4 0.49214285714285716 0.6884517766497461 0.025714285714285714 0.06979695431472081
4 0.48928571428571427 0.6376903553299492 0.022857142857142857 0.049492385786802026
3 0.48214285714285715 0.5596446700507614 0.022857142857142857 0.04568527918781726
4 0.5096428571428572 0.5805837563451777 0.025 0.06218274111675126
3 0.4875 0.47208121827411165 0.015 0.03045685279187817
3 0.48428571428571426 0.4428934010152284 0.014285714285714285 0.03045685279187817
3 0.48 0.4149746192893401 0.012857142857142857 0.027918781725888322
3 0.5228571428571429 0.35977157360406087 0.017142857142857144 0.024111675126903553
3 0.5571428571428572 0.36167512690355325 0.012857142857142857 0.032994923857868015
3 0.5728571428571428 0.4346446700507614 0.015714285714285715 0.03426395939086294
3 0.5892857142857143 0.3496192893401015 0.02 0.021573604060913704
3 0.5375 0.2772842639593908 0.012142857142857143 0.021573604060913704
5 0.6396428571428572 0.6897208121827411 0.047857142857142855 0.133248730964467
5 0.5225 0.4308375634517766 0.020714285714285713 0.05710659898477157
5 0.54 0.3705583756345177 0.017142857142857144 0.050761421319796954
5 0.5671428571428572 0.3978426395939086 0.022857142857142857 0.05964467005076142
5 0.5889285714285715 0.3642131979695431 0.03357142857142857 0.04060913705583756
8 0.5167857142857143 0.391497461928934 0.02214285714285714 0.05964467005076142
5 0.53 0.23857868020304568 0.012857142857142857 0.03807106598984771
0 0.5517857142857143 0.2728426395939086 0.0035714285714285713 0.015228426395939085
0 0.5475 0.2728426395939086 0.005 0.012690355329949238
0 0.545 0.2595177664974619 0.002857142857142857 0.008883248730964466
0 0.5475 0.2569796954314721 0.0035714285714285713 0.013959390862944161
0 0.5303571428571429 0.21637055837563451 0.0035714285714285713 0.008883248730964466
0 0.52 0.20685279187817257 0.007142857142857143 0.012690355329949238
3 0.18 0.524746192893401 0.054285714285714284 0.07233502538071065
3 0.195 0.416243654822335 0.04 0.055837563451776644
3 0.0225 0.4010152284263959 0.045 0.03807106598984771
3 0.16 0.348984771573604 0.037142857142857144 0.035532994923857864
3 0.2342857142857143 0.2766497461928934 0.022857142857142857 0.03045685279187817
5 0.14 0.3166243654822335 0.06 0.0748730964467005
5 0.22 0.258248730964467 0.041428571428571426 0.05456852791878172
4 0.26 0.29505076142131975 0.027142857142857142 0.04187817258883248
3 0.2842857142857143 0.3109137055837563 0.022857142857142857 0.03045685279187817
3 0.32 0.2639593908629441 0.018571428571428572 0.027918781725888322
3 0.3267857142857143 0.22588832487309643 0.016428571428571428 0.02030456852791878
3 0.34035714285714286 0.2049492385786802 0.015 0.024111675126903553
3 0.35964285714285715 0.18591370558375633 0.010714285714285714 0.019035532994923856
3 0.37285714285714283 0.1916243654822335 0.011428571428571429 0.017766497461928932
3 0.345 0.17322335025380708 0.01 0.013959390862944161
3 0.34964285714285714 0.15355329949238578 0.009285714285714286 0.015228426395939085
3 0.35035714285714287 0.141497461928934 0.007857142857142858 0.011421319796954314
3 0.375 0.16624365482233502 0.01 0.015228426395939085
3 0.3921428571428571 0.16624365482233502 0.007142857142857143 0.012690355329949238
5 0.4025 0.1649746192893401 0.015 0.03807106598984771
5 0.35892857142857143 0.1281725888324873 0.009285714285714286 0.02030456852791878
3 0.37035714285714283 0.14530456852791876 0.007857142857142858 0.011421319796954314
3 0.3871428571428571 0.1484771573604061 0.007142857142857143 0.012690355329949238
3 0.4117857142857143 0.14784263959390861 0.0064285714285714285 0.013959390862944161
3 0.37892857142857145 0.13007614213197968 0.0064285714285714285 0.011421319796954314
3 0.36642857142857144 0.12182741116751268 0.005714285714285714 0.01015228426395939
5 0.375 0.11357868020304568 0.007142857142857143 0.016497461928934008
5 0.37142857142857144 0.09961928934010152 0.005714285714285714 0.013959390862944161
5 0.3967857142857143 0.15228426395939085 0.007857142857142858 0.02030456852791878
3 0.40535714285714286 0.13007614213197968 0.005 0.011421319796954314
3 0.4142857142857143 0.11738578680203045 0.004285714285714286 0.011421319796954314
5 0.4064285714285714 0.11802030456852791 0.008571428571428572 0.02030456852791878
0 0.6192857142857143 0.48477157360406087 0.008571428571428572 0.03045685279187817
8 0.345 0.26078680203045684 0.022857142857142857 0.04441624365482233
