5 0.41464285714285715 0.37714285714285717 0.012142857142857143 0.022857142857142857
8 0.3489285714285714 0.3914285714285714 0.010714285714285714 0.02095238095238095
5 0.3821428571428571 0.3438095238095238 0.01 0.02095238095238095
5 0.4325 0.4471428571428571 0.02642857142857143 0.018095238095238095
5 0.42428571428571427 0.4342857142857143 0.025714285714285714 0.015238095238095238
5 0.48464285714285715 0.53 0.027857142857142858 0.018095238095238095
3 0.4928571428571429 0.5552380952380952 0.018571428571428572 0.024761904761904763
3 0.3417857142857143 0.4195238095238095 0.0064285714285714285 0.012380952380952381
3 0.3439285714285714 0.40714285714285714 0.007857142857142858 0.010476190476190476
3 0.35964285714285715 0.35428571428571426 0.009285714285714286 0.007619047619047619
3 0.41535714285714287 0.36142857142857143 0.005 0.006666666666666666
3 0.48142857142857143 0.3871428571428571 0.012857142857142857 0.010476190476190476
3 0.455 0.3376190476190476 0.011428571428571429 0.004761904761904762
3 0.455 0.33666666666666667 0.011428571428571429 0.006666666666666666
4 0.4275 0.3438095238095238 0.013571428571428571 0.009523809523809525
4 0.41214285714285714 0.34476190476190477 0.01 0.005714285714285714
4 0.4075 0.35714285714285715 0.005 0.009523809523809525
4 0.4675 0.3576190476190476 0.005 0.008571428571428572
3 0.48392857142857143 0.35428571428571426 0.009285714285714286 0.007619047619047619
4 0.01 0.6871428571428572 0.02 0.04476190476190476
3 0.11678571428571428 0.4247619047619048 0.017857142857142856 0.007619047619047619
3 0.12 0.43 0.017142857142857144 0.008571428571428572
3 0.1792857142857143 0.4676190476190476 0.012857142857142857 0.015238095238095238
3 0.13214285714285715 0.46904761904761905 0.01 0.01619047619047619
4 0.044642857142857144 0.42142857142857143 0.019285714285714285 0.014285714285714285
5 0.3025 0.41714285714285715 0.012142857142857143 0.017142857142857144
3 0.5646428571428571 0.88 0.055 0.045714285714285714
3 0.5571428571428572 0.8419047619047619 0.05285714285714286 0.05142857142857143
3 0.5446428571428571 0.7342857142857143 0.04071428571428572 0.03238095238095238
5 0.5525 0.6966666666666667 0.04357142857142857 0.02761904761904762
5 0.5467857142857143 0.6776190476190476 0.04214285714285714 0.023809523809523808
3 0.5721428571428572 0.579047619047619 0.027142857142857142 0.01904761904761905
3 0.5828571428571429 0.599047619047619 0.024285714285714285 0.01904761904761905
3 0.5925 0.6076190476190476 0.025 0.01904761904761905
3 0.7321428571428571 0.8919047619047619 0.04285714285714286 0.06190476190476191
3 0.7064285714285714 0.9323809523809524 0.047142857142857146 0.07428571428571429
0 0.6178571428571429 0.8252380952380952 0.008571428571428572 0.025714285714285714
0 0.6321428571428571 0.7919047619047619 0.007142857142857143 0.02
9 0.69 0.7942857142857143 0.012857142857142857 0.015238095238095238
