5 0.4525 0.9359137055837563 0.03785714285714286 0.12309644670050761
3 0.55 0.9784263959390862 0.027142857142857142 0.03807106598984771
5 0.03892857142857143 0.20241116751269034 0.060714285714285714 0.0748730964467005
4 0.2042857142857143 0.07994923857868019 0.025714285714285714 0.027918781725888322
0 0.2342857142857143 0.03489847715736041 0.005714285714285714 0.013959390862944161
3 0.18392857142857144 0.6725888324873096 0.025 0.04568527918781726
3 0.22892857142857143 0.5558375634517766 0.016428571428571428 0.04568527918781726
3 0.4496428571428571 0.8597715736040609 0.017857142857142856 0.06472081218274112
3 0.43642857142857144 0.8007614213197969 0.027142857142857142 0.06345177664974619
4 0.5253571428571429 0.8940355329949238 0.023571428571428573 0.05964467005076142
3 0.495 0.7912436548223349 0.022857142857142857 0.052030456852791875
3 0.47964285714285715 0.8286802030456852 0.02214285714285714 0.06345177664974619
8 0.6146428571428572 0.7766497461928933 0.05928571428571429 0.1548223350253807
3 0.445 0.6928934010152283 0.02142857142857143 0.048223350253807105
5 0.46285714285714286 0.6573604060913705 0.02142857142857143 0.05837563451776649
5 0.41785714285714287 0.5805837563451777 0.03571428571428571 0.10532994923857868
3 0.42428571428571427 0.5177664974619289 0.018571428571428572 0.04314720812182741
8 0.7246428571428571 0.48350253807106597 0.06785714285714285 0.13197969543147206
3 0.6246428571428572 0.36675126903553296 0.025 0.03807106598984771
3 0.6028571428571429 0.3210659898477157 0.024285714285714285 0.035532994923857864
8 0.64 0.2595177664974619 0.02 0.06472081218274112
0 0.6721428571428572 0.30710659898477155 0.002857142857142857 0.017766497461928932
0 0.6764285714285714 0.2595177664974619 0.004285714285714286 0.019035532994923856
3 0.6775 0.20241116751269034 0.025 0.024111675126903553
3 0.5628571428571428 0.22208121827411165 0.022857142857142857 0.027918781725888322
4 0.5146428571428572 0.19670050761421318 0.025 0.035532994923857864
3 0.4521428571428571 0.18210659898477155 0.027142857142857142 0.021573604060913704
5 0.4689285714285714 0.3578680203045685 0.04214285714285714 0.07106598984771573
5 0.43214285714285716 0.3280456852791878 0.055714285714285716 0.05710659898477157
4 0.46714285714285714 0.5025380710659898 0.017142857142857144 0.04060913705583756
