3 0.5692857142857143 0.5852380952380952 0.032857142857142856 0.06
3 0.38285714285714284 0.77 0.03571428571428571 0.10380952380952381
3 0.53 0.47904761904761906 0.03428571428571429 0.06476190476190476
3 0.5992857142857143 0.4866666666666667 0.025714285714285714 0.047619047619047616
3 0.4825 0.9585714285714285 0.055 0.08095238095238096
0 0.3525 0.30523809523809525 0.0035714285714285713 0.014285714285714285
3 0.024285714285714285 0.38952380952380955 0.047142857142857146 0.0419047619047619
9 0.18428571428571427 0.6147619047619047 0.02142857142857143 0.02761904761904762
9 0.23214285714285715 0.6047619047619047 0.024285714285714285 0.024761904761904763
0 0.10714285714285714 0.6047619047619047 0.014285714285714285 0.024761904761904763
0 0.1325 0.6490476190476191 0.012142857142857143 0.02761904761904762
9 0.37 0.5614285714285714 0.017142857142857144 0.040952380952380955
9 0.3817857142857143 0.6 0.017857142857142856 0.04
9 0.505 0.31666666666666665 0.008571428571428572 0.02
9 0.49 0.32761904761904764 0.007142857142857143 0.01904761904761905
9 0.4742857142857143 0.3423809523809524 0.007142857142857143 0.02
9 0.45 0.3323809523809524 0.01 0.02095238095238095
9 0.43 0.2966666666666667 0.008571428571428572 0.021904761904761906
4 0.5839285714285715 0.2866666666666667 0.019285714285714285 0.0380952380952381
4 0.6128571428571429 0.28476190476190477 0.018571428571428572 0.04
3 0.6021428571428571 0.32666666666666666 0.02 0.03238095238095238
3 0.6417857142857143 0.2919047619047619 0.020714285714285713 0.035238095238095235
0 0.5271428571428571 0.08761904761904762 0.004285714285714286 0.015238095238095238
3 0.6414285714285715 0.09523809523809523 0.017142857142857144 0.02095238095238095
0 0.58 0.034761904761904765 0.002857142857142857 0.010476190476190476
0 0.6553571428571429 0.05 0.0035714285714285713 0.010476190476190476
9 0.7146428571428571 0.30523809523809525 0.005 0.02
9 0.7075 0.4642857142857143 0.007857142857142858 0.02761904761904762
0 0.8075 0.4119047619047619 0.005 0.018095238095238095
9 0.6771428571428572 0.5947619047619047 0.01 0.02761904761904762
0 0.8103571428571429 0.86 0.016428571428571428 0.049523809523809526
0 0.7889285714285714 0.8814285714285715 0.012142857142857143 0.04857142857142857
3 0.8971428571428571 0.6090476190476191 0.07 0.04666666666666667
8 0.94 0.5366666666666666 0.11 0.07714285714285714
3 0.91 0.5795238095238096 0.06571428571428571 0.04285714285714286
9 0.86 0.4895238095238095 0.02 0.017142857142857144
0 0.8364285714285714 0.37952380952380954 0.004285714285714286 0.018095238095238095
1 0.7146428571428571 0.30142857142857143 0.005 0.010476190476190476
1 0.5046428571428572 0.3138095238095238 0.005 0.012380952380952381
1 0.43 0.2938095238095238 0.007142857142857143 0.012380952380952381
1 0.4496428571428571 0.3295238095238095 0.007857142857142858 0.013333333333333332
1 0.47285714285714286 0.3414285714285714 0.007142857142857143 0.012380952380952381
1 0.49 0.3271428571428571 0.005714285714285714 0.012380952380952381
1 0.7071428571428572 0.46 0.007142857142857143 0.01904761904761905
1 0.8621428571428571 0.48904761904761906 0.012857142857142857 0.012380952380952381
1 0.6778571428571428 0.5895238095238096 0.007142857142857143 0.015238095238095238
1 0.18678571428571428 0.6114285714285714 0.012142857142857143 0.017142857142857144
1 0.23214285714285715 0.6 0.015714285714285715 0.015238095238095238
1 0.38535714285714284 0.5919047619047619 0.010714285714285714 0.021904761904761906
1 0.37214285714285716 0.5538095238095239 0.012857142857142857 0.025714285714285714
