5 0.2542857142857143 0.5842857142857143 0.08714285714285715 0.18761904761904763
3 0.2225 0.4595238095238095 0.062142857142857146 0.14
3 0.4017857142857143 0.5323809523809524 0.052142857142857144 0.14666666666666667
4 0.41678571428571426 0.36714285714285716 0.055 0.14
3 0.34714285714285714 0.23476190476190475 0.05285714285714286 0.1419047619047619
9 0.24464285714285713 0.16714285714285715 0.025 0.058095238095238096
0 0.3367857142857143 0.5071428571428571 0.017857142857142856 0.025714285714285714
0 0.31464285714285717 0.5571428571428572 0.017857142857142856 0.026666666666666665
0 0.315 0.4919047619047619 0.02 0.025714285714285714
3 0.3889285714285714 0.7247619047619047 0.05928571428571429 0.1619047619047619
1 0.26964285714285713 0.9495238095238095 0.027857142857142858 0.030476190476190476
9 0.26785714285714285 0.9466666666666667 0.022857142857142857 0.08
0 0.16964285714285715 0.43761904761904763 0.027857142857142858 0.021904761904761906
0 0.8664285714285714 0.6442857142857142 0.027142857142857142 0.025714285714285714
0 0.8825 0.5295238095238095 0.02642857142857143 0.026666666666666665
1 0.8778571428571429 0.49238095238095236 0.03 0.026666666666666665
0 0.86 0.5142857142857142 0.027142857142857142 0.022857142857142857
0 0.83 0.47714285714285715 0.022857142857142857 0.03238095238095238
1 0.6321428571428571 0.5238095238095238 0.017142857142857144 0.026666666666666665
2 0.6321428571428571 0.5276190476190477 0.012857142857142857 0.05523809523809524
3 0.6446428571428572 0.24428571428571427 0.052142857142857144 0.12476190476190477
1 0.46964285714285714 0.47904761904761906 0.017857142857142856 0.0380952380952381
9 0.4689285714285714 0.48 0.015 0.05714285714285714
3 0.43464285714285716 0.0419047619047619 0.04214285714285714 0.0838095238095238
