3 0.17118997912317327 0.46289424860853434 0.03653444676409186 0.03710575139146568
3 0.16075156576200417 0.4517625231910946 0.03444676409185803 0.03710575139146568
3 0.13230688935281837 0.4197588126159555 0.0360125260960334 0.03803339517625232
3 0.1213465553235908 0.41465677179962895 0.03496868475991649 0.03710575139146568
3 0.0795929018789144 0.3761595547309833 0.0360125260960334 0.03432282003710575
0 0.06419624217118998 0.3585343228200371 0.006263048016701461 0.021335807050092765
9 0.14326722338204592 0.9568645640074211 0.020354906054279746 0.03432282003710575
9 0.13282881002087682 0.8571428571428572 0.016179540709812108 0.03153988868274583
9 0.11403966597077243 0.8418367346938775 0.019311064718162838 0.03432282003710575
9 0.12943632567849686 0.8293135435992579 0.018789144050104383 0.027829313543599257
9 0.180062630480167 0.8910018552875696 0.022964509394572022 0.0287569573283859
9 0.18084551148225467 0.9100185528756958 0.019311064718162838 0.03153988868274583
9 0.17327766179540707 0.9239332096474954 0.016701461377870562 0.04267161410018553
3 0.21346555323590813 0.9174397031539889 0.057411273486430055 0.08905380333951762
2 0.2507828810020877 0.8274582560296846 0.009916492693110646 0.029684601113172542
9 0.24086638830897703 0.8237476808905381 0.007828810020876827 0.03710575139146568
3 0.28183716075156573 0.8293135435992579 0.052192066805845504 0.0816326530612245
7 0.23799582463465552 0.7360853432282004 0.027139874739039664 0.04730983302411874
9 0.1829331941544885 0.7597402597402597 0.013048016701461376 0.03339517625231911
9 0.18997912317327764 0.7537105751391466 0.010438413361169102 0.026901669758812616
9 0.19754697286012524 0.7490723562152134 0.013048016701461376 0.030612244897959183
0 0.24791231732776617 0.6832096474953618 0.009394572025052192 0.02504638218923933
3 0.33037578288100206 0.7588126159554731 0.037578288100208766 0.061224489795918366
3 0.3703027139874739 0.7068645640074211 0.04227557411273486 0.06493506493506494
3 0.43736951983298533 0.6159554730983302 0.03444676409185803 0.05194805194805195
9 0.4149269311064718 0.5125231910946196 0.013569937369519832 0.01948051948051948
3 0.45537578288100206 0.5477736549165121 0.02139874739039666 0.05102040816326531
3 0.5036534446764092 0.4332096474953618 0.021920668058455113 0.027829313543599257
1 0.6015135699373695 0.4332096474953618 0.0057411273486430055 0.016697588126159554
9 0.6017745302713987 0.44063079777365494 0.008350730688935281 0.01855287569573284
8 0.652661795407098 0.31586270871985156 0.03810020876826722 0.06586270871985157
5 0.6737995824634655 0.2922077922077922 0.018789144050104383 0.03339517625231911
5 0.6844989561586639 0.2764378478664193 0.017223382045929016 0.03153988868274583
0 0.7497390396659707 0.2662337662337662 0.0057411273486430055 0.016697588126159554
3 0.7400835073068893 0.11317254174397032 0.016701461377870562 0.012987012987012988
7 0.7883611691022964 0.20918367346938777 0.016179540709812108 0.02504638218923933
3 0.8102818371607515 0.16233766233766234 0.01826722338204593 0.016697588126159554
3 0.6717118997912317 0.08719851576994435 0.010438413361169102 0.011131725417439703
3 0.661795407098121 0.08580705009276438 0.009394572025052192 0.008348794063079777
3 0.6552713987473904 0.08302411873840446 0.007828810020876827 0.006493506493506494
3 0.6458768267223381 0.0816326530612245 0.009916492693110646 0.011131725417439703
4 0.637787056367432 0.07884972170686456 0.009394572025052192 0.012987012987012988
3 0.6244780793319414 0.07421150278293136 0.012004175365344467 0.011131725417439703
4 0.6156054279749478 0.07142857142857142 0.008872651356993735 0.011131725417439703
5 0.714509394572025 0.08719851576994435 0.019832985386221292 0.03339517625231911
3 0.062108559498956155 0.336734693877551 0.022964509394572022 0.02411873840445269
0 0.08663883089770354 0.4039888682745826 0.006263048016701461 0.021335807050092765
3 0.4154488517745302 0.9336734693877551 0.05323590814196242 0.08812615955473098
3 0.3564718162839248 0.9749536178107607 0.03653444676409186 0.0463821892393321
3 0.4632045929018789 0.8469387755102041 0.04540709812108559 0.07235621521335807
3 0.6351774530271398 0.5324675324675324 0.026096033402922752 0.05009276437847866
3 0.7006784968684759 0.41280148423005564 0.017223382045929016 0.03153988868274583
3 0.7656576200417535 0.29267161410018555 0.014613778705636741 0.02319109461966605
3 0.5399269311064717 0.22448979591836735 0.016179540709812108 0.020408163265306124
3 0.4655532359081419 0.23608534322820038 0.016701461377870562 0.0176252319109462
3 0.519572025052192 0.19341372912801486 0.01826722338204593 0.015769944341372914
9 0.5357515657620041 0.36410018552875695 0.0057411273486430055 0.013914656771799629
3 0.318893528183716 0.30565862708719854 0.013569937369519832 0.021335807050092765
3 0.348643006263048 0.3274582560296846 0.025052192066805843 0.029684601113172542
3 0.337160751565762 0.32142857142857145 0.025052192066805843 0.0287569573283859
0 0.09081419624217119 0.40213358070500926 0.0073068893528183704 0.021335807050092765
