0 0.1417857142857143 0.20241116751269034 0.002142857142857143 0.008883248730964466
0 0.13964285714285715 0.2017766497461929 0.002142857142857143 0.01015228426395939
0 0.061785714285714284 0.9156091370558375 0.0035714285714285713 0.006345177664974619
0 0.06 0.9124365482233502 0.004285714285714286 0.0076142131979695426
4 0.21428571428571427 0.9308375634517766 0.02 0.013959390862944161
3 0.35214285714285715 0.7798223350253807 0.012857142857142857 0.024111675126903553
3 0.36428571428571427 0.7766497461928933 0.014285714285714285 0.027918781725888322
3 0.37642857142857145 0.774746192893401 0.014285714285714285 0.026649746192893398
3 0.3896428571428571 0.7791878172588832 0.015 0.027918781725888322
3 0.40785714285714286 0.7804568527918782 0.014285714285714285 0.027918781725888322
3 0.42178571428571426 0.7823604060913705 0.015 0.029187817258883246
3 0.43642857142857144 0.7836294416243654 0.014285714285714285 0.029187817258883246
3 0.4475 0.7791878172588832 0.012142857142857143 0.025380710659898477
3 0.49392857142857144 0.6516497461928934 0.015 0.029187817258883246
3 0.465 0.6472081218274112 0.015714285714285715 0.027918781725888322
4 0.3653571428571429 0.6459390862944162 0.015 0.03045685279187817
4 0.35285714285714287 0.648477157360406 0.014285714285714285 0.027918781725888322
4 0.3221428571428571 0.6427664974619289 0.014285714285714285 0.031725888324873094
4 0.3375 0.6427664974619289 0.015 0.026649746192893398
3 0.47714285714285715 0.782994923857868 0.017142857142857144 0.032994923857868015
3 0.535 0.78997461928934 0.017142857142857144 0.03426395939086294
3 0.5817857142857142 0.7937817258883249 0.017857142857142856 0.03426395939086294
3 0.5953571428571428 0.6611675126903552 0.016428571428571428 0.03045685279187817
3 0.5796428571428571 0.6586294416243654 0.015 0.027918781725888322
3 0.5653571428571429 0.6573604060913705 0.013571428571428571 0.027918781725888322
3 0.5528571428571428 0.6611675126903552 0.015714285714285715 0.03045685279187817
3 0.40785714285714286 0.6472081218274112 0.017142857142857144 0.032994923857868015
3 0.3939285714285714 0.6453045685279187 0.013571428571428571 0.026649746192893398
4 0.3821428571428571 0.6491116751269035 0.012857142857142857 0.026649746192893398
3 0.4375 0.6478426395939085 0.015 0.029187817258883246
3 0.45035714285714284 0.6459390862944162 0.016428571428571428 0.03045685279187817
4 0.835 0.982233502538071 0.01 0.027918781725888322
4 0.8242857142857143 0.982233502538071 0.01 0.03045685279187817
4 0.8121428571428572 0.982233502538071 0.01 0.03045685279187817
4 0.7771428571428571 0.982233502538071 0.01 0.03045685279187817
3 0.8 0.982233502538071 0.01 0.032994923857868015
3 0.7889285714285714 0.982233502538071 0.012142857142857143 0.03045685279187817
3 0.7667857142857143 0.9835025380710659 0.009285714285714286 0.03045685279187817
3 0.755 0.982233502538071 0.01 0.032994923857868015
3 0.7439285714285714 0.9809644670050761 0.010714285714285714 0.035532994923857864
3 0.7328571428571429 0.9809644670050761 0.008571428571428572 0.03045685279187817
4 0.7225 0.9796954314720812 0.009285714285714286 0.03045685279187817
3 0.7103571428571429 0.9803299492385786 0.009285714285714286 0.03426395939086294
4 0.7 0.9796954314720812 0.01 0.032994923857868015
4 0.6767857142857143 0.9790609137055837 0.009285714285714286 0.03426395939086294
4 0.6217857142857143 0.982233502538071 0.007857142857142858 0.032994923857868015
3 0.6442857142857142 0.9847715736040609 0.007142857142857143 0.027918781725888322
3 0.655 0.9835025380710659 0.008571428571428572 0.03045685279187817
3 0.5996428571428571 0.9803299492385786 0.012142857142857143 0.03426395939086294
3 0.5767857142857142 0.982233502538071 0.007857142857142858 0.032994923857868015
3 0.5546428571428571 0.9847715736040609 0.009285714285714286 0.027918781725888322
