4 0.470250521920668 0.7741187384044527 0.03444676409185803 0.1215213358070501
3 0.09812108559498955 0.24025974025974026 0.022964509394572022 0.0463821892393321
7 0.42980167014613774 0.6057513914656771 0.02139874739039666 0.06493506493506494
3 0.42588726513569936 0.5454545454545454 0.028183716075156573 0.0686456400742115
3 0.4065762004175365 0.4039888682745826 0.022964509394572022 0.05473098330241188
3 0.3987473903966597 0.34461966604823746 0.020876826722338204 0.049165120593692026
3 0.3843945720250522 0.23376623376623376 0.01826722338204593 0.0463821892393321
3 0.9731210855949894 0.33070500927643787 0.04227557411273486 0.05287569573283859
3 0.841858037578288 0.06307977736549165 0.029227557411273482 0.02411873840445269
0 0.48695198329853856 0.1859925788497217 0.005219206680584551 0.013914656771799629
0 0.549321503131524 0.36410018552875695 0.006784968684759916 0.0176252319109462
4 0.3781315240083507 0.0839517625231911 0.025574112734864297 0.026901669758812616
3 0.33585594989561585 0.09183673469387756 0.03079331941544885 0.025974025974025976
3 0.3251565762004175 0.12059369202226346 0.010438413361169102 0.016697588126159554
9 0.047233820459290185 0.8033395176252319 0.03183716075156576 0.03710575139146568
3 0.4501565762004175 0.026901669758812616 0.015135699373695197 0.025974025974025976
3 0.012787056367432149 0.6080705009276438 0.025574112734864297 0.0862708719851577
5 0.9509394572025052 0.45686456400742115 0.09603340292275574 0.1549165120593692
4 0.9073590814196242 0.24257884972170687 0.03496868475991649 0.04730983302411874
3 0.053496868475991645 0.1261595547309833 0.02661795407098121 0.027829313543599257
3 0.010438413361169102 0.550556586270872 0.020876826722338204 0.036178107606679034
