8 0.3842857142857143 0.3477157360406091 0.032857142857142856 0.13705583756345177
8 0.38142857142857145 0.7639593908629441 0.05 0.36548223350253806
3 0.3525 0.2309644670050761 0.030714285714285715 0.07106598984771573
3 0.21678571428571428 0.32043147208121825 0.03785714285714286 0.0748730964467005
3 0.245 0.6389593908629441 0.037142857142857144 0.09771573604060912
3 0.16142857142857142 0.6465736040609137 0.041428571428571426 0.11548223350253806
0 0.18464285714285714 0.02347715736040609 0.005 0.026649746192893398
0 0.1825 0.06281725888324872 0.005 0.026649746192893398
0 0.1767857142857143 0.14784263959390861 0.005 0.026649746192893398
0 0.18642857142857142 0.005710659898477157 0.002857142857142857 0.011421319796954314
0 0.19214285714285714 0.004441624365482233 0.002857142857142857 0.008883248730964466
0 0.26 0.012055837563451776 0.005714285714285714 0.024111675126903553
0 0.17392857142857143 0.17956852791878172 0.0064285714285714285 0.029187817258883246
0 0.11 0.25888324873096447 0.005714285714285714 0.02284263959390863
0 0.17035714285714285 0.20241116751269034 0.009285714285714286 0.021573604060913704
0 0.11678571428571428 0.2899746192893401 0.007857142857142858 0.029187817258883246
0 0.11035714285714286 0.28743654822335024 0.009285714285714286 0.029187817258883246
0 0.10678571428571429 0.3692893401015228 0.009285714285714286 0.025380710659898477
0 0.1 0.3680203045685279 0.007142857142857143 0.03045685279187817
0 0.07035714285714285 0.38071065989847713 0.0064285714285714285 0.02030456852791878
0 0.0475 0.4048223350253807 0.005 0.015228426395939085
0 0.04928571428571429 0.40038071065989844 0.007142857142857143 0.016497461928934008
0 0.05964285714285714 0.3756345177664974 0.005 0.012690355329949238
0 0.040357142857142855 0.6516497461928934 0.009285714285714286 0.021573604060913704
3 0.4567857142857143 0.11802030456852791 0.02214285714285714 0.055837563451776644
0 0.9546428571428571 0.8083756345177664 0.012142857142857143 0.03045685279187817
