3 0.6164285714285714 0.5171428571428571 0.05714285714285714 0.07428571428571429
3 0.5175 0.42523809523809525 0.04928571428571429 0.04285714285714286
3 0.4425 0.35523809523809524 0.03214285714285714 0.030476190476190476
3 0.3342857142857143 0.3423809523809524 0.03 0.035238095238095235
3 0.2692857142857143 0.21714285714285714 0.02 0.024761904761904763
3 0.305 0.20666666666666667 0.014285714285714285 0.017142857142857144
3 0.2814285714285714 0.19904761904761906 0.015714285714285715 0.01904761904761905
3 0.21785714285714286 0.16523809523809524 0.008571428571428572 0.01619047619047619
3 0.36 0.2795238095238095 0.02142857142857143 0.02
9 0.5746428571428571 0.5295238095238095 0.025 0.02095238095238095
1 0.5746428571428571 0.5214285714285715 0.012142857142857143 0.02761904761904762
0 0.2275 0.5671428571428572 0.017857142857142856 0.037142857142857144
0 0.19642857142857142 0.5752380952380952 0.017142857142857144 0.0380952380952381
0 0.18714285714285714 0.5866666666666667 0.02 0.04380952380952381
0 0.8396428571428571 0.5666666666666667 0.017857142857142856 0.049523809523809526
2 0.8371428571428572 0.569047619047619 0.037142857142857144 0.029523809523809525
2 0.7571428571428571 0.49952380952380954 0.027142857142857142 0.035238095238095235
1 0.76 0.49238095238095236 0.015714285714285715 0.03238095238095238
