3 0.3536012526096033 0.1808905380333952 0.023486430062630476 0.025974025974025976
5 0.3838726513569937 0.15445269016697588 0.020354906054279746 0.030612244897959183
5 0.39196242171189977 0.1437847866419295 0.020876826722338204 0.03339517625231911
5 0.40709812108559496 0.1414656771799629 0.021920668058455113 0.03246753246753247
5 0.3410751565762004 0.1906307977736549 0.020354906054279746 0.026901669758812616
3 0.4465031315240083 0.11781076066790352 0.02453027139874739 0.029684601113172542
3 0.4681628392484342 0.10482374768089053 0.022964509394572022 0.027829313543599257
3 0.4746868475991649 0.09461966604823747 0.015135699373695197 0.02411873840445269
3 0.510438413361169 0.44387755102040816 0.04175365344467641 0.04730983302411874
3 0.5501043841336116 0.48283858998144713 0.039665970772442584 0.045454545454545456
3 0.7852296450939457 0.4290352504638219 0.01826722338204593 0.021335807050092765
3 0.7951461377870563 0.39888682745825604 0.016179540709812108 0.016697588126159554
