3 0.4114285714285714 0.05380952380952381 0.012857142857142857 0.03142857142857143
3 0.4546428571428571 0.07476190476190477 0.010714285714285714 0.029523809523809525
3 0.4521428571428571 0.11190476190476191 0.01 0.029523809523809525
3 0.4546428571428571 0.1619047619047619 0.010714285714285714 0.030476190476190476
3 0.40535714285714286 0.19142857142857142 0.02214285714285714 0.017142857142857144
3 0.35964285714285715 0.16428571428571428 0.02214285714285714 0.02
3 0.36428571428571427 0.17714285714285713 0.02 0.017142857142857144
3 0.3678571428571429 0.19 0.02142857142857143 0.018095238095238095
3 0.37035714285714283 0.22904761904761906 0.019285714285714285 0.014285714285714285
3 0.37714285714285717 0.25952380952380955 0.01 0.02761904761904762
3 0.41464285714285715 0.3019047619047619 0.012142857142857143 0.02857142857142857
3 0.30214285714285716 0.27476190476190476 0.02 0.012380952380952381
3 0.3575 0.4319047619047619 0.015 0.02761904761904762
3 0.3692857142857143 0.42428571428571427 0.015714285714285715 0.02761904761904762
3 0.3817857142857143 0.4176190476190476 0.015 0.029523809523809525
3 0.3914285714285714 0.40904761904761905 0.014285714285714285 0.029523809523809525
3 0.3389285714285714 0.47714285714285715 0.020714285714285713 0.01904761904761905
3 0.36464285714285716 0.52 0.015 0.024761904761904763
3 0.3889285714285714 0.5052380952380953 0.012142857142857143 0.025714285714285714
3 0.39964285714285713 0.4919047619047619 0.012142857142857143 0.02761904761904762
3 0.40964285714285714 0.48238095238095235 0.012142857142857143 0.02761904761904762
3 0.43785714285714283 0.47 0.008571428571428572 0.02761904761904762
5 0.425 0.52 0.015714285714285715 0.04
3 0.7696428571428572 0.004285714285714286 0.02214285714285714 0.008571428571428572
3 0.7121428571428572 0.1019047619047619 0.02 0.015238095238095238
3 0.9621428571428572 0.4642857142857143 0.012857142857142857 0.02761904761904762
3 0.9721428571428572 0.4719047619047619 0.012857142857142857 0.02761904761904762
4 0.9828571428571429 0.4747619047619048 0.011428571428571429 0.023809523809523808
4 0.8296428571428571 0.9176190476190477 0.02214285714285714 0.012380952380952381
5 0.5964285714285714 0.9676190476190476 0.017142857142857144 0.06285714285714286
5 0.5878571428571429 0.8023809523809524 0.011428571428571429 0.035238095238095235
5 0.4675 0.4342857142857143 0.015 0.0380952380952381
5 0.4667857142857143 0.4895238095238095 0.012142857142857143 0.04
5 0.7528571428571429 0.49 0.037142857142857144 0.08285714285714285
5 0.8564285714285714 0.45666666666666667 0.02142857142857143 0.07142857142857142
5 0.81 0.7747619047619048 0.06428571428571428 0.037142857142857144
5 0.835 0.8519047619047619 0.04 0.029523809523809525
3 0.47785714285714287 0.6723809523809524 0.01 0.030476190476190476
3 0.58 0.5695238095238095 0.01 0.030476190476190476
4 0.4714285714285714 0.5523809523809524 0.01 0.03238095238095238
9 0.48892857142857143 0.33666666666666667 0.0035714285714285713 0.012380952380952381
1 0.48892857142857143 0.33476190476190476 0.0035714285714285713 0.008571428571428572
5 0.6789285714285714 0.14666666666666667 0.019285714285714285 0.024761904761904763
5 0.7267857142857143 0.22 0.027857142857142858 0.04
3 0.0125 0.04476190476190476 0.019285714285714285 0.03238095238095238
3 0.009642857142857142 0.06952380952380953 0.019285714285714285 0.0380952380952381
