3 0.14926931106471814 0.6331168831168831 0.04697286012526095 0.041743970315398886
3 0.1688413361169102 0.39935064935064934 0.03496868475991649 0.036178107606679034
3 0.22625260960334026 0.31910946196660483 0.02139874739039666 0.025974025974025976
4 0.2019832985386221 0.3534322820037106 0.026096033402922752 0.027829313543599257
4 0.2562630480167014 0.6437847866419295 0.04279749478079332 0.04267161410018553
4 0.19780793319415446 0.6363636363636364 0.043841336116910226 0.0463821892393321
0 0.34759916492693105 0.7407235621521336 0.009394572025052192 0.030612244897959183
2 0.4741649269311064 0.6219851576994434 0.013048016701461376 0.021335807050092765
1 0.4731210855949895 0.6150278293135436 0.007828810020876827 0.02411873840445269
5 0.5728079331941545 0.4397031539888683 0.016179540709812108 0.059369202226345084
0 0.563152400835073 0.2036178107606679 0.005219206680584551 0.0176252319109462
0 0.5923799582463465 0.1855287569573284 0.0041753653444676405 0.016697588126159554
0 0.5853340292275574 0.2166048237476809 0.0036534446764091852 0.015769944341372914
0 0.5822025052192066 0.21150278293135436 0.004697286012526096 0.014842300556586271
3 0.5949895615866387 0.21567717996289426 0.014613778705636741 0.03246753246753247
3 0.6221294363256784 0.16465677179962895 0.011482254697286011 0.02319109461966605
3 0.5112212943632567 0.22727272727272727 0.022442588726513567 0.016697588126159554
9 0.5636743215031315 0.3395176252319109 0.006263048016701461 0.016697588126159554
1 0.563152400835073 0.3325602968460111 0.0041753653444676405 0.013914656771799629
9 0.4872129436325678 0.8710575139146568 0.009916492693110646 0.027829313543599257
1 0.4882567849686847 0.8552875695732839 0.008872651356993735 0.020408163265306124
8 0.642223382045929 0.04267161410018553 0.015135699373695197 0.03710575139146568
3 0.61143006263048 0.07467532467532467 0.008872651356993735 0.0176252319109462
3 0.6868475991649269 0.06447124304267161 0.018789144050104383 0.013914656771799629
3 0.6907620041753653 0.044990723562152134 0.016179540709812108 0.013914656771799629
3 0.6808455114822546 0.12105751391465677 0.022442588726513567 0.0176252319109462
4 0.681367432150313 0.13589981447124305 0.023486430062630476 0.026901669758812616
3 0.6730167014613778 0.2435064935064935 0.010960334029227557 0.02319109461966605
3 0.6756263048016701 0.22217068645640076 0.012004175365344467 0.02319109461966605
3 0.6727557411273486 0.2036178107606679 0.024008350730688934 0.01948051948051948
3 0.6784968684759916 0.16094619666048238 0.022964509394572022 0.0176252319109462
3 0.6764091858037578 0.16929499072356216 0.022964509394572022 0.0176252319109462
3 0.6748434237995824 0.17717996289424862 0.022964509394572022 0.020408163265306124
3 0.6724947807933194 0.1859925788497217 0.023486430062630476 0.0176252319109462
3 0.6737995824634655 0.19480519480519481 0.025052192066805843 0.016697588126159554
7 0.6500521920668058 0.31493506493506496 0.009916492693110646 0.021335807050092765
7 0.6565762004175365 0.29545454545454547 0.009394572025052192 0.030612244897959183
7 0.6667536534446763 0.33534322820037105 0.008872651356993735 0.030612244897959183
3 0.6701461377870563 0.31307977736549164 0.015657620041753653 0.0287569573283859
3 0.6818893528183715 0.3423005565862709 0.015135699373695197 0.029684601113172542
3 0.7069415448851774 0.32421150278293137 0.014091858037578286 0.03246753246753247
3 0.7244258872651357 0.3293135435992579 0.013569937369519832 0.03339517625231911
3 0.7304279749478079 0.2764378478664193 0.03079331941544885 0.02411873840445269
3 0.7497390396659707 0.2949907235621521 0.02766179540709812 0.022263450834879406
3 0.720250521920668 0.3761595547309833 0.03653444676409186 0.02504638218923933
3 0.707724425887265 0.3562152133580705 0.029227557411273482 0.02411873840445269
3 0.8799582463465553 0.09786641929499072 0.012526096033402922 0.015769944341372914
3 0.8778705636743214 0.2922077922077922 0.026096033402922752 0.02411873840445269
3 0.859081419624217 0.3339517625231911 0.019832985386221292 0.029684601113172542
3 0.8186325678496867 0.7226345083487941 0.008872651356993735 0.02411873840445269
3 0.8251565762004175 0.7328385899814471 0.009394572025052192 0.027829313543599257
7 0.7914926931106471 0.7374768089053804 0.03705636743215031 0.0463821892393321
3 0.8421189979123173 0.937847866419295 0.062108559498956155 0.0575139146567718
3 0.98643006263048 0.9151205936920223 0.025052192066805843 0.041743970315398886
3 0.9712943632567849 0.9591836734693878 0.05532359081419624 0.05009276437847866
4 0.9193632567849686 0.9485157699443414 0.050626304801670144 0.05658627087198516
3 0.9832985386221293 0.7379406307977736 0.032359081419624215 0.043599257884972174
5 0.31080375782881 0.6456400742115028 0.06419624217118998 0.055658627087198514
0 0.09525052192066805 0.8807977736549165 0.008872651356993735 0.0287569573283859
0 0.10177453027139874 0.8826530612244898 0.0073068893528183704 0.026901669758812616
