3 0.3442857142857143 0.8319047619047619 0.11428571428571428 0.12666666666666668
3 0.1875 0.7652380952380953 0.14214285714285715 0.09047619047619047
3 0.85 0.42904761904761907 0.032857142857142856 0.035238095238095235
3 0.9425 0.43 0.03785714285714286 0.03333333333333333
3 0.9142857142857143 0.40714285714285714 0.02857142857142857 0.02761904761904762
3 0.7503571428571428 0.4119047619047619 0.025 0.029523809523809525
3 0.7021428571428572 0.2947619047619048 0.014285714285714285 0.014285714285714285
3 0.695 0.27380952380952384 0.01 0.012380952380952381
3 0.8946428571428572 0.3852380952380952 0.025 0.025714285714285714
3 0.8778571428571429 0.36952380952380953 0.027142857142857142 0.024761904761904763
3 0.865 0.35714285714285715 0.022857142857142857 0.024761904761904763
3 0.8517857142857143 0.34 0.017857142857142856 0.024761904761904763
3 0.8325 0.3242857142857143 0.019285714285714285 0.02
3 0.8239285714285715 0.31476190476190474 0.019285714285714285 0.018095238095238095
3 0.815 0.3076190476190476 0.017142857142857144 0.01904761904761905
3 0.7846428571428572 0.2838095238095238 0.012142857142857143 0.017142857142857144
3 0.7375 0.38952380952380955 0.019285714285714285 0.03238095238095238
3 0.7346428571428572 0.36952380952380953 0.019285714285714285 0.022857142857142857
3 0.7228571428571429 0.3566666666666667 0.017142857142857144 0.02
3 0.7214285714285714 0.3419047619047619 0.017142857142857144 0.022857142857142857
0 0.5621428571428572 0.5819047619047619 0.017142857142857144 0.04
0 0.6728571428571428 0.39714285714285713 0.008571428571428572 0.024761904761904763
0 0.6842857142857143 0.3871428571428571 0.008571428571428572 0.02761904761904762
0 0.6996428571428571 0.31952380952380954 0.007857142857142858 0.02
0 0.5625 0.4642857142857143 0.009285714285714286 0.03333333333333333
5 0.5342857142857143 0.4423809523809524 0.06428571428571428 0.04666666666666667
0 0.33785714285714286 0.39476190476190476 0.008571428571428572 0.03142857142857143
5 0.48678571428571427 0.22142857142857142 0.017857142857142856 0.021904761904761906
5 0.5578571428571428 0.22142857142857142 0.024285714285714285 0.02
5 0.5364285714285715 0.24666666666666667 0.018571428571428572 0.026666666666666665
4 0.5492857142857143 0.25952380952380955 0.011428571428571429 0.018095238095238095
0 0.555 0.36952380952380953 0.008571428571428572 0.022857142857142857
5 0.8253571428571429 0.28714285714285714 0.03785714285714286 0.02761904761904762
3 0.8717857142857143 0.33666666666666667 0.023571428571428573 0.01619047619047619
3 0.8967857142857143 0.3538095238095238 0.02642857142857143 0.01619047619047619
3 0.9121428571428571 0.36 0.032857142857142856 0.015238095238095238
3 0.9296428571428571 0.37238095238095237 0.03214285714285714 0.024761904761904763
3 0.9471428571428572 0.38476190476190475 0.03428571428571429 0.022857142857142857
3 0.9678571428571429 0.4014285714285714 0.05 0.029523809523809525
