0 0.026878914405010435 0.7101113172541744 0.010960334029227557 0.0176252319109462
7 0.19937369519832984 0.7977736549165121 0.07724425887265135 0.06307977736549165
7 0.337160751565762 0.735621521335807 0.06471816283924843 0.05194805194805195
6 0.22442588726513568 0.911873840445269 0.06680584551148225 0.06493506493506494
9 0.29984342379958245 0.7472170686456401 0.023486430062630476 0.04730983302411874
7 0.5589770354906054 0.7509276437847866 0.03444676409185803 0.11781076066790352
1 0.5161795407098121 0.761595547309833 0.019832985386221292 0.025974025974025976
6 0.48042797494780787 0.7193877551020408 0.03914405010438413 0.10111317254174397
1 0.4963465553235908 0.5987940630797773 0.015657620041753653 0.026901669758812616
1 0.5153966597077244 0.615491651205937 0.016179540709812108 0.030612244897959183
9 0.5258350730688934 0.5960111317254174 0.010960334029227557 0.05658627087198516
6 0.5200939457202505 0.3460111317254174 0.022442588726513567 0.08534322820037106
6 0.6779749478079331 0.4179035250463822 0.05532359081419624 0.05658627087198516
1 0.4947807933194154 0.2606679035250464 0.013569937369519832 0.025974025974025976
1 0.49686847599164924 0.2388682745825603 0.013569937369519832 0.03432282003710575
6 0.4313674321503131 0.20408163265306123 0.025574112734864297 0.09647495361781076
1 0.4963465553235908 0.13775510204081634 0.012526096033402922 0.030612244897959183
1 0.4950417536534446 0.059369202226345084 0.010960334029227557 0.02411873840445269
1 0.5151356993736952 0.0686456400742115 0.011482254697286011 0.04081632653061225
9 0.6192588726513569 0.03710575139146568 0.020354906054279746 0.04081632653061225
9 0.514874739039666 0.07096474953617811 0.012004175365344467 0.043599257884972174
9 0.531054279749478 0.025510204081632654 0.012004175365344467 0.045454545454545456
1 0.5294885177453027 0.01901669758812616 0.012004175365344467 0.030612244897959183
9 0.467901878914405 0.013914656771799629 0.020354906054279746 0.027829313543599257
1 0.5031315240083507 0.16512059369202226 0.014613778705636741 0.029684601113172542
6 0.8935281837160751 0.274582560296846 0.052192066805845504 0.055658627087198514
9 0.3507306889352818 0.5296846011131725 0.03444676409185803 0.03339517625231911
9 0.9352818371607514 0.03942486085343228 0.028183716075156573 0.02319109461966605
