3 0.5546428571428571 0.8483502538071065 0.025 0.08502538071065989
3 0.37464285714285717 0.9124365482233502 0.025 0.08375634517766496
3 0.37464285714285717 0.7176395939086294 0.02214285714285714 0.06979695431472081
4 0.42964285714285716 0.7163705583756345 0.02214285714285714 0.09263959390862943
3 0.4225 0.47715736040609136 0.02214285714285714 0.08375634517766496
3 0.36214285714285716 0.3445431472081218 0.022857142857142857 0.0748730964467005
3 0.38785714285714284 0.35850253807106597 0.02142857142857143 0.08248730964467005
3 0.41964285714285715 0.34581218274111675 0.02214285714285714 0.08248730964467005
5 0.44892857142857145 0.35850253807106597 0.023571428571428573 0.09517766497461928
8 0.4925 0.19416243654822332 0.03357142857142857 0.23350253807106597
0 0.6471428571428571 0.16751269035532992 0.005714285714285714 0.015228426395939085
0 0.6353571428571428 0.14784263959390861 0.0064285714285714285 0.021573604060913704
0 0.6264285714285714 0.12182741116751268 0.005714285714285714 0.02284263959390863
0 0.6221428571428571 0.11548223350253806 0.007142857142857143 0.025380710659898477
0 0.6371428571428571 0.08756345177664974 0.007142857142857143 0.02030456852791878
0 0.6464285714285715 0.09390862944162436 0.005714285714285714 0.02284263959390863
0 0.6517857142857143 0.09517766497461928 0.0064285714285714285 0.025380710659898477
4 0.8053571428571429 0.15609137055837563 0.04642857142857143 0.03807106598984771
5 0.73 0.15038071065989847 0.07571428571428572 0.05710659898477157
3 0.7021428571428572 0.10723350253807105 0.05 0.04187817258883248
8 0.7817857142857143 0.10215736040609136 0.06928571428571428 0.049492385786802026
3 0.21 0.1516497461928934 0.047142857142857146 0.03680203045685279
3 0.019642857142857142 0.10025380710659898 0.039285714285714285 0.035532994923857864
