3 0.011428571428571429 0.2011421319796954 0.012857142857142857 0.03426395939086294
3 0.009642857142857142 0.2411167512690355 0.012142857142857143 0.035532994923857864
4 0.0425 0.157994923857868 0.012142857142857143 0.031725888324873094
4 0.04178571428571429 0.20241116751269034 0.012142857142857143 0.03680203045685279
4 0.18642857142857142 0.07170050761421319 0.022857142857142857 0.031725888324873094
4 0.21214285714285713 0.09708121827411166 0.024285714285714285 0.031725888324873094
3 0.23714285714285716 0.12880710659898476 0.02 0.03426395939086294
4 0.2425 0.16878172588832485 0.012142857142857143 0.04060913705583756
3 0.22892857142857143 0.2112944162436548 0.023571428571428573 0.04187817258883248
3 0.22428571428571428 0.25253807106598986 0.025714285714285714 0.035532994923857864
3 0.1875 0.2836294416243655 0.027857142857142858 0.029187817258883246
4 0.21678571428571428 0.3045685279187817 0.025 0.03807106598984771
4 0.245 0.2639593908629441 0.022857142857142857 0.03807106598984771
3 0.2546428571428571 0.19987309644670048 0.017857142857142856 0.04187817258883248
4 0.2717857142857143 0.21763959390862941 0.025 0.04695431472081218
3 0.2825 0.17258883248730963 0.015 0.03807106598984771
4 0.2675 0.09898477157360405 0.020714285714285713 0.03045685279187817
4 0.2425 0.07360406091370558 0.023571428571428573 0.032994923857868015
8 0.5439285714285714 0.1649746192893401 0.029285714285714286 0.07360406091370558
8 0.5453571428571429 0.266497461928934 0.04357142857142857 0.10659898477157359
3 0.33714285714285713 0.766497461928934 0.027142857142857142 0.050761421319796954
8 0.24642857142857144 0.8546954314720812 0.047142857142857146 0.10279187817258882
3 0.2621428571428571 0.949238578680203 0.027142857142857142 0.06091370558375634
8 0.41464285714285715 0.574238578680203 0.04928571428571429 0.11294416243654821
3 0.2867857142857143 0.5507614213197969 0.02642857142857143 0.04314720812182741
8 0.8096428571428571 0.7163705583756345 0.07928571428571428 0.09771573604060912
3 0.9121428571428571 0.41370558375634514 0.014285714285714285 0.04060913705583756
3 0.9289285714285714 0.3546954314720812 0.016428571428571428 0.03680203045685279
