3 0.5746428571428571 0.9143401015228426 0.017857142857142856 0.06979695431472081
4 0.4392857142857143 0.6085025380710659 0.037142857142857144 0.049492385786802026
3 0.4471428571428571 0.5888324873096447 0.03 0.035532994923857864
3 0.4564285714285714 0.5685279187817258 0.03428571428571429 0.03807106598984771
3 0.4614285714285714 0.5463197969543147 0.03571428571428571 0.04441624365482233
3 0.4689285714285714 0.5266497461928934 0.03357142857142857 0.03807106598984771
3 0.4764285714285714 0.5031725888324873 0.02857142857142857 0.03934010152284264
3 0.4775 0.47969543147208116 0.029285714285714286 0.035532994923857864
4 0.4825 0.46002538071065985 0.03357142857142857 0.04441624365482233
3 0.49214285714285716 0.44670050761421315 0.03571428571428571 0.04060913705583756
3 0.495 0.4232233502538071 0.03 0.03680203045685279
4 0.5003571428571428 0.40609137055837563 0.03214285714285714 0.04060913705583756
4 0.5075 0.3895939086294416 0.03214285714285714 0.03807106598984771
3 0.5117857142857143 0.3756345177664974 0.030714285714285715 0.032994923857868015
3 0.5125 0.3546954314720812 0.03214285714285714 0.03426395939086294
4 0.5189285714285714 0.33502538071065985 0.03214285714285714 0.035532994923857864
3 0.5253571428571429 0.32677664974619286 0.029285714285714286 0.031725888324873094
3 0.5278571428571428 0.3096446700507614 0.03 0.03045685279187817
3 0.5321428571428571 0.2906091370558375 0.027142857142857142 0.03045685279187817
3 0.5375 0.27918781725888325 0.025 0.03045685279187817
4 0.5478571428571428 0.3375634517766497 0.02 0.04568527918781726
0 0.555 0.19035532994923857 0.004285714285714286 0.017766497461928932
5 0.36964285714285716 0.14022842639593908 0.027857142857142858 0.05456852791878172
3 0.07464285714285715 0.8451776649746192 0.03214285714285714 0.050761421319796954
3 0.24928571428571428 0.4225888324873096 0.022857142857142857 0.03807106598984771
0 0.22214285714285714 0.45304568527918776 0.007142857142857143 0.02030456852791878
3 0.9778571428571429 0.5691624365482233 0.02857142857142857 0.031725888324873094
3 0.875 0.2982233502538071 0.027142857142857142 0.027918781725888322
3 0.8653571428571428 0.08629441624365482 0.029285714285714286 0.02284263959390863
3 0.8625 0.07170050761421319 0.027857142857142858 0.021573604060913704
3 0.875 0.053299492385786795 0.027142857142857142 0.02284263959390863
3 0.8675 0.038705583756345176 0.029285714285714286 0.019035532994923856
