3 0.4714285714285714 0.9195238095238095 0.04 0.13428571428571429
3 0.4675 0.6023809523809524 0.02214285714285714 0.04476190476190476
3 0.5064285714285715 0.5723809523809524 0.02 0.047619047619047616
3 0.5128571428571429 0.4747619047619048 0.012857142857142857 0.02
3 0.505 0.40476190476190477 0.012857142857142857 0.017142857142857144
3 0.5225 0.3923809523809524 0.012142857142857143 0.015238095238095238
3 0.5067857142857143 0.37666666666666665 0.010714285714285714 0.012380952380952381
3 0.5128571428571429 0.34904761904761905 0.01 0.014285714285714285
3 0.545 0.29714285714285715 0.008571428571428572 0.009523809523809525
0 0.33 0.41 0.002857142857142857 0.012380952380952381
3 0.19178571428571428 0.6595238095238095 0.04357142857142857 0.054285714285714284
1 0.27035714285714285 0.6638095238095238 0.009285714285714286 0.022857142857142857
1 0.2317857142857143 0.7195238095238096 0.010714285714285714 0.02
1 0.20464285714285715 0.7771428571428571 0.012142857142857143 0.024761904761904763
2 0.27 0.67 0.008571428571428572 0.02761904761904762
2 0.23142857142857143 0.7271428571428571 0.011428571428571429 0.021904761904761906
2 0.20464285714285715 0.7852380952380953 0.015 0.025714285714285714
