3 0.47928571428571426 0.9419047619047619 0.10285714285714286 0.11428571428571428
3 0.6014285714285714 0.861904761904762 0.09285714285714286 0.22476190476190477
9 0.29964285714285716 0.6442857142857142 0.025 0.08095238095238096
3 0.4446428571428571 0.6238095238095238 0.062142857142857146 0.1580952380952381
0 0.29678571428571426 0.46714285714285714 0.02214285714285714 0.04476190476190476
9 0.3296428571428571 0.43666666666666665 0.045 0.035238095238095235
2 0.2571428571428571 0.39380952380952383 0.017142857142857144 0.04285714285714286
0 0.40964285714285714 0.379047619047619 0.019285714285714285 0.045714285714285714
0 0.4275 0.4119047619047619 0.017857142857142856 0.04476190476190476
0 0.4303571428571429 0.1619047619047619 0.016428571428571428 0.04380952380952381
0 0.40285714285714286 0.07714285714285714 0.012857142857142857 0.0419047619047619
6 0.3825 0.07952380952380952 0.023571428571428573 0.04666666666666667
9 0.3517857142857143 0.12238095238095238 0.035 0.03333333333333333
1 0.355 0.08952380952380952 0.012857142857142857 0.022857142857142857
9 0.355 0.1019047619047619 0.03 0.0380952380952381
3 0.6721428571428572 0.56 0.08 0.18285714285714286
3 0.5796428571428571 0.5895238095238096 0.062142857142857146 0.1676190476190476
3 0.7121428571428572 0.16476190476190475 0.06 0.09523809523809523
3 0.8228571428571428 0.5571428571428572 0.09142857142857143 0.1619047619047619
