3 0.1985 0.21966666666666665 0.156 0.158
4 0.041 0.5376666666666666 0.082 0.21933333333333332
3 0.13575 0.589 0.1365 0.19799999999999998
3 0.203 0.6586666666666666 0.158 0.25866666666666666
3 0.2935 0.7286666666666667 0.148 0.24933333333333332
9 0.5545 0.31166666666666665 0.029 0.082
9 0.69775 0.39466666666666667 0.0555 0.06533333333333333
0 0.6915 0.45166666666666666 0.031 0.046
0 0.6705 0.5376666666666666 0.029 0.041999999999999996
3 0.40950000000000003 0.8066666666666666 0.113 0.23333333333333334
3 0.62925 0.8956666666666666 0.1385 0.20733333333333331
3 0.73 0.9336666666666666 0.111 0.13133333333333333
2 0.3105 0.16366666666666665 0.054 0.051333333333333335
2 0.303 0.15366666666666667 0.057 0.05266666666666667
