5 0.03 0.023809523809523808 0.037142857142857144 0.03619047619047619
5 0.09785714285714285 0.07761904761904762 0.02142857142857143 0.018095238095238095
3 0.07892857142857143 0.14238095238095239 0.02214285714285714 0.02
3 0.04964285714285714 0.2671428571428571 0.02214285714285714 0.02
3 0.11928571428571429 0.6166666666666667 0.022857142857142857 0.02
4 0.14535714285714285 0.6766666666666666 0.02214285714285714 0.029523809523809525
3 0.5367857142857143 0.8171428571428572 0.015 0.03238095238095238
3 0.4903571428571429 0.6814285714285714 0.013571428571428571 0.02761904761904762
5 0.5442857142857143 0.73 0.041428571428571426 0.10571428571428572
3 0.5228571428571429 0.4819047619047619 0.02142857142857143 0.017142857142857144
3 0.2814285714285714 0.2423809523809524 0.015714285714285715 0.03142857142857143
3 0.3653571428571429 0.2195238095238095 0.02214285714285714 0.014285714285714285
3 0.38785714285714284 0.2619047619047619 0.02142857142857143 0.024761904761904763
3 0.42464285714285716 0.08476190476190476 0.012142857142857143 0.026666666666666665
3 0.48214285714285715 0.1823809523809524 0.022857142857142857 0.021904761904761906
5 0.5089285714285714 0.1619047619047619 0.027857142857142858 0.030476190476190476
3 0.5342857142857143 0.13952380952380952 0.018571428571428572 0.021904761904761906
4 0.5789285714285715 0.10428571428571429 0.017857142857142856 0.021904761904761906
3 0.6196428571428572 0.06666666666666667 0.02214285714285714 0.024761904761904763
3 0.3842857142857143 0.05238095238095238 0.017142857142857144 0.030476190476190476
3 0.3375 0.05142857142857143 0.015 0.030476190476190476
3 0.33 0.015238095238095238 0.014285714285714285 0.030476190476190476
5 0.28714285714285714 0.034761904761904765 0.032857142857142856 0.06952380952380953
0 0.2642857142857143 0.27714285714285714 0.007142857142857143 0.005714285714285714
0 0.2671428571428571 0.28523809523809524 0.005714285714285714 0.006666666666666666
0 0.26964285714285713 0.2895238095238095 0.005 0.007619047619047619
