3 0.06964285714285715 0.8864213197969543 0.047857142857142855 0.06472081218274112
3 0.3517857142857143 0.7918781725888324 0.03214285714285714 0.08375634517766496
3 0.3725 0.7373096446700507 0.035 0.08375634517766496
3 0.335 0.4365482233502538 0.03 0.07360406091370558
4 0.5139285714285714 0.574238578680203 0.030714285714285715 0.06979695431472081
3 0.48392857142857143 0.4168781725888325 0.02642857142857143 0.05964467005076142
3 0.36964285714285716 0.21256345177664973 0.030714285714285715 0.06725888324873096
3 0.655 0.8546954314720812 0.03857142857142857 0.08248730964467005
3 0.5428571428571428 0.2639593908629441 0.02857142857142857 0.053299492385786795
3 0.5025 0.17956852791878172 0.025 0.052030456852791875
3 0.6939285714285715 0.7506345177664974 0.029285714285714286 0.07994923857868019
4 0.8046428571428571 0.8401015228426395 0.03785714285714286 0.07614213197969542
4 0.72 0.6782994923857868 0.03428571428571429 0.06725888324873096
3 0.4525 0.06345177664974619 0.025 0.055837563451776644
3 0.345 0.07804568527918782 0.03 0.05710659898477157
3 0.28964285714285715 0.08248730964467005 0.025 0.055837563451776644
3 0.7671428571428571 0.24555837563451774 0.04 0.049492385786802026
9 0.6096428571428572 0.3362944162436548 0.017857142857142856 0.015228426395939085
