3 0.6814285714285714 0.7571428571428571 0.08142857142857143 0.07809523809523809
3 0.9753571428571428 0.8519047619047619 0.047857142857142855 0.05047619047619047
5 0.36392857142857143 0.019523809523809523 0.016428571428571428 0.035238095238095235
8 0.6596428571428572 0.2542857142857143 0.062142857142857146 0.08
8 0.3875 0.41523809523809524 0.04214285714285714 0.14285714285714285
5 0.36464285714285716 0.1895238095238095 0.017857142857142856 0.03238095238095238
3 0.3821428571428571 0.3314285714285714 0.02 0.0419047619047619
3 0.3767857142857143 0.2866666666666667 0.017857142857142856 0.03619047619047619
3 0.4017857142857143 0.5314285714285715 0.027857142857142858 0.06285714285714286
9 0.4925 0.7742857142857142 0.027857142857142858 0.024761904761904763
1 0.4928571428571429 0.7723809523809524 0.014285714285714285 0.024761904761904763
0 0.40285714285714286 0.6747619047619048 0.017142857142857144 0.025714285714285714
0 0.37464285714285717 0.7271428571428571 0.007857142857142858 0.021904761904761906
0 0.38392857142857145 0.7342857142857143 0.015 0.024761904761904763
0 0.3742857142857143 0.7347619047619047 0.01 0.02
1 0.37464285714285717 0.7571428571428571 0.010714285714285714 0.017142857142857144
1 0.3796428571428571 0.7676190476190476 0.015 0.024761904761904763
1 0.3817857142857143 0.4938095238095238 0.010714285714285714 0.01619047619047619
9 0.3846428571428571 0.49666666666666665 0.02214285714285714 0.014285714285714285
