0 0.63 0.8019047619047619 0.002857142857142857 0.017142857142857144
0 0.6367857142857143 0.8452380952380952 0.005 0.021904761904761906
0 0.64 0.8442857142857143 0.005714285714285714 0.02
0 0.6475 0.8495238095238096 0.005 0.017142857142857144
0 0.6496428571428572 0.8466666666666667 0.005 0.01904761904761905
0 0.5025 0.9 0.005 0.02095238095238095
0 0.5142857142857142 0.8923809523809524 0.005714285714285714 0.022857142857142857
0 0.5067857142857143 0.8895238095238095 0.0064285714285714285 0.022857142857142857
0 0.6292857142857143 0.8138095238095238 0.005714285714285714 0.018095238095238095
0 0.635 0.809047619047619 0.004285714285714286 0.02
0 0.6396428571428572 0.8219047619047619 0.005 0.017142857142857144
0 0.6446428571428572 0.8423809523809523 0.005 0.02
0 0.08214285714285714 0.8 0.002857142857142857 0.01904761904761905
0 0.08464285714285714 0.799047619047619 0.005 0.017142857142857144
0 0.08785714285714286 0.7966666666666666 0.004285714285714286 0.02
