3 0.4664285714285714 0.9171428571428571 0.02 0.07428571428571429
3 0.5003571428571428 0.9052380952380953 0.019285714285714285 0.06380952380952382
3 0.5696428571428571 0.9466666666666667 0.025 0.07428571428571429
3 0.6778571428571428 0.6266666666666667 0.03571428571428571 0.022857142857142857
3 0.6278571428571429 0.4942857142857143 0.024285714285714285 0.017142857142857144
3 0.5446428571428571 0.6871428571428572 0.017857142857142856 0.04285714285714286
3 0.695 0.6671428571428571 0.037142857142857144 0.021904761904761906
3 0.7025 0.6871428571428572 0.039285714285714285 0.025714285714285714
3 0.7092857142857143 0.7123809523809523 0.04 0.024761904761904763
3 0.7296428571428571 0.7642857142857142 0.04214285714285714 0.02761904761904762
3 0.7164285714285714 0.7376190476190476 0.04285714285714286 0.02761904761904762
8 0.48464285714285715 0.6971428571428572 0.025 0.12761904761904763
5 0.5164285714285715 0.5252380952380953 0.018571428571428572 0.037142857142857144
5 0.55 0.5695238095238095 0.02 0.0419047619047619
5 0.5067857142857143 0.4614285714285714 0.017857142857142856 0.06190476190476191
5 0.5275 0.42952380952380953 0.017857142857142856 0.0419047619047619
5 0.475 0.36714285714285716 0.015714285714285715 0.07333333333333333
5 0.5017857142857143 0.3995238095238095 0.013571428571428571 0.029523809523809525
5 0.5103571428571428 0.3395238095238095 0.010714285714285714 0.021904761904761906
5 0.4717857142857143 0.29714285714285715 0.010714285714285714 0.03428571428571429
5 0.49464285714285716 0.3219047619047619 0.012142857142857143 0.024761904761904763
5 0.48892857142857143 0.26 0.009285714285714286 0.026666666666666665
5 0.4975 0.24142857142857144 0.009285714285714286 0.021904761904761906
5 0.5046428571428572 0.29428571428571426 0.012142857142857143 0.024761904761904763
5 0.5089285714285714 0.3142857142857143 0.009285714285714286 0.022857142857142857
5 0.51 0.2038095238095238 0.03 0.017142857142857144
5 0.53 0.2 0.022857142857142857 0.013333333333333332
3 0.5325 0.3119047619047619 0.007857142857142858 0.012380952380952381
3 0.49464285714285716 0.3423809523809524 0.007857142857142858 0.012380952380952381
3 0.5146428571428572 0.3719047619047619 0.007857142857142858 0.012380952380952381
3 0.49892857142857144 0.3619047619047619 0.007857142857142858 0.015238095238095238
3 0.49178571428571427 0.2976190476190476 0.005 0.008571428571428572
3 0.4639285714285714 0.33904761904761904 0.007857142857142858 0.015238095238095238
3 0.4992857142857143 0.379047619047619 0.008571428571428572 0.013333333333333332
3 0.5146428571428572 0.38952380952380955 0.007857142857142858 0.015238095238095238
3 0.5178571428571429 0.4076190476190476 0.008571428571428572 0.01904761904761905
4 0.5471428571428572 0.3638095238095238 0.007142857142857143 0.017142857142857144
3 0.11 0.7242857142857143 0.032857142857142856 0.04285714285714286
4 0.08535714285714285 0.6376190476190476 0.039285714285714285 0.025714285714285714
5 0.46714285714285714 0.19238095238095237 0.007142857142857143 0.013333333333333332
5 0.47535714285714287 0.1895238095238095 0.0064285714285714285 0.013333333333333332
3 0.5392857142857143 0.20476190476190476 0.011428571428571429 0.005714285714285714
3 0.5071428571428571 0.2419047619047619 0.005714285714285714 0.007619047619047619
3 0.5025 0.2795238095238095 0.0064285714285714285 0.004761904761904762
3 0.5003571428571428 0.2723809523809524 0.0064285714285714285 0.007619047619047619
3 0.5021428571428571 0.26476190476190475 0.004285714285714286 0.007619047619047619
3 0.5003571428571428 0.25761904761904764 0.005 0.008571428571428572
3 0.5428571428571428 0.27714285714285714 0.007142857142857143 0.011428571428571429
3 0.5325 0.30238095238095236 0.012142857142857143 0.010476190476190476
3 0.465 0.2814285714285714 0.007142857142857143 0.010476190476190476
3 0.4928571428571429 0.27714285714285714 0.005714285714285714 0.007619047619047619
5 0.48964285714285716 0.28476190476190477 0.007857142857142858 0.015238095238095238
3 0.5378571428571428 0.4866666666666667 0.014285714285714285 0.02095238095238095
3 0.47535714285714287 0.4942857142857143 0.012142857142857143 0.026666666666666665
4 0.5375 0.5276190476190477 0.015 0.030476190476190476
0 0.3317857142857143 0.5638095238095238 0.0064285714285714285 0.02095238095238095
0 0.36428571428571427 0.5014285714285714 0.005714285714285714 0.02
0 0.3425 0.5319047619047619 0.005 0.018095238095238095
0 0.42214285714285715 0.4514285714285714 0.004285714285714286 0.017142857142857144
0 0.35464285714285715 0.4795238095238095 0.005 0.018095238095238095
0 0.33535714285714285 0.5519047619047619 0.0064285714285714285 0.02
0 0.36714285714285716 0.43238095238095237 0.004285714285714286 0.01904761904761905
0 0.3625 0.4247619047619048 0.005 0.015238095238095238
0 0.38 0.3819047619047619 0.005714285714285714 0.015238095238095238
0 0.3725 0.37476190476190474 0.0035714285714285713 0.01619047619047619
7 0.4546428571428571 0.37238095238095237 0.007857142857142858 0.015238095238095238
9 0.5892857142857143 0.4471428571428571 0.011428571428571429 0.008571428571428572
3 0.4717857142857143 0.17952380952380953 0.0035714285714285713 0.004761904761904762
3 0.4692857142857143 0.18428571428571427 0.004285714285714286 0.004761904761904762
5 0.37785714285714284 0.21714285714285714 0.037142857142857144 0.017142857142857144
5 0.3442857142857143 0.22238095238095237 0.024285714285714285 0.012380952380952381
2 0.6353571428571428 0.8142857142857143 0.007857142857142858 0.022857142857142857
1 0.6353571428571428 0.8095238095238095 0.007857142857142858 0.017142857142857144
