3 0.4997390396659707 0.13126159554730985 0.02453027139874739 0.08441558441558442
3 0.4663361169102296 0.19387755102040816 0.05897703549060542 0.05009276437847866
3 0.5365344467640918 0.1261595547309833 0.025052192066805843 0.08905380333951762
3 0.568893528183716 0.1062152133580705 0.031315240083507306 0.08998144712430427
4 0.613517745302714 0.16743970315398887 0.023486430062630476 0.09183673469387756
5 0.606732776617954 0.06076066790352505 0.02766179540709812 0.1215213358070501
3 0.5610647181628392 0.2527829313543599 0.026096033402922752 0.09925788497217068
4 0.4689457202505219 0.2949907235621521 0.056889352818371604 0.05380333951762523
6 0.4577244258872651 0.34740259740259744 0.050104384133611686 0.05102040816326531
4 0.45955114822546966 0.4095547309833024 0.062108559498956155 0.05844155844155844
4 0.46294363256784965 0.48562152133580705 0.06263048016701461 0.05102040816326531
3 0.56080375782881 0.44109461966604824 0.02766179540709812 0.11224489795918367
4 0.6312630480167014 0.4605751391465677 0.02766179540709812 0.10111317254174397
3 0.4501565762004175 0.5463821892393321 0.0662839248434238 0.05380333951762523
3 0.4532881002087682 0.6099257884972171 0.06837160751565761 0.05658627087198516
3 0.4566805845511482 0.6730055658627088 0.06367432150313151 0.06029684601113173
9 0.4590292275574112 0.7379406307977736 0.02974947807933194 0.02504638218923933
3 0.44598121085594983 0.8102968460111317 0.07567849686847598 0.06215213358070501
3 0.44989561586638827 0.8923933209647495 0.07724425887265135 0.06307977736549165
3 0.4449373695198329 0.9698515769944341 0.0767223382045929 0.05658627087198516
3 0.6401356993736952 0.9281076066790352 0.03705636743215031 0.1326530612244898
6 0.5788100208768266 0.9202226345083488 0.022964509394572022 0.07792207792207792
7 0.6197807933194154 0.7847866419294991 0.04018789144050104 0.0352504638218924
9 0.5887265135699373 0.7639146567717996 0.015657620041753653 0.04730983302411874
6 0.6140396659707724 0.7588126159554731 0.03392484342379958 0.025974025974025976
3 0.5668058455114822 0.674860853432282 0.03444676409185803 0.1345083487940631
3 0.638830897703549 0.674860853432282 0.03549060542797494 0.11966604823747681
9 0.595250521920668 0.5983302411873841 0.028705636743215027 0.022263450834879406
9 0.6281315240083507 0.5923005565862709 0.02139874739039666 0.045454545454545456
9 0.5910751565762004 0.5166975881261595 0.020354906054279746 0.04452690166975881
3 0.6500521920668058 0.07096474953617811 0.032881002087682666 0.08998144712430427
9 0.6991127348643006 0.06957328385899815 0.014091858037578286 0.04081632653061225
9 0.7252087682672234 0.23515769944341372 0.012004175365344467 0.041743970315398886
9 0.7706158663883089 0.8446196660482375 0.03392484342379958 0.02504638218923933
2 0.7727035490605427 0.8209647495361782 0.025574112734864297 0.022263450834879406
9 0.7721816283924843 0.8028756957328386 0.02661795407098121 0.021335807050092765
9 0.766179540709812 0.7871057513914657 0.022964509394572022 0.01948051948051948
9 0.7578288100208768 0.7792207792207793 0.027139874739039664 0.020408163265306124
9 0.7667014613778705 0.7588126159554731 0.024008350730688934 0.01855287569573284
2 0.7651356993736951 0.7453617810760668 0.026096033402922752 0.0176252319109462
9 0.762787056367432 0.7328385899814471 0.02974947807933194 0.022263450834879406
9 0.7646137787056366 0.7087198515769945 0.026096033402922752 0.022263450834879406
9 0.7570459290187891 0.6961966604823748 0.02974947807933194 0.013914656771799629
9 0.7526096033402923 0.6832096474953618 0.031315240083507306 0.013914656771799629
9 0.7528705636743215 0.6651205936920223 0.03079331941544885 0.020408163265306124
9 0.7593945720250521 0.6391465677179963 0.026096033402922752 0.02411873840445269
9 0.7531315240083507 0.62569573283859 0.026096033402922752 0.02504638218923933
9 0.7562630480167014 0.6048237476808905 0.027139874739039664 0.02411873840445269
9 0.7531315240083507 0.5839517625231911 0.028183716075156573 0.0176252319109462
9 0.7510438413361168 0.5714285714285714 0.025052192066805843 0.014842300556586271
9 0.7954070981210856 0.7769016697588126 0.011482254697286011 0.039888682745825604
9 0.782098121085595 0.5686456400742115 0.019311064718162838 0.059369202226345084
9 0.7807933194154488 0.9197588126159555 0.026096033402922752 0.05102040816326531
9 0.4535490605427974 0.055658627087198514 0.022964509394572022 0.03339517625231911
9 0.4566805845511482 0.03432282003710575 0.022964509394572022 0.03339517625231911
