8 0.49464285714285716 0.14276649746192893 0.030714285714285715 0.024111675126903553
8 0.5471428571428572 0.14403553299492386 0.03 0.021573604060913704
8 0.6017857142857143 0.13769035532994922 0.04214285714285714 0.024111675126903553
8 0.6514285714285715 0.14276649746192893 0.03142857142857143 0.021573604060913704
8 0.7 0.13959390862944163 0.04428571428571428 0.03045685279187817
0 0.5796428571428571 0.1364213197969543 0.002142857142857143 0.011421319796954314
0 0.5646428571428571 0.13388324873096447 0.002142857142857143 0.011421319796954314
0 0.5664285714285714 0.14403553299492386 0.002857142857142857 0.011421319796954314
0 0.6271428571428571 0.1351522842639594 0.002857142857142857 0.013959390862944161
4 0.7475 0.18337563451776648 0.012142857142857143 0.024111675126903553
3 0.7346428571428572 0.18527918781725886 0.007857142857142858 0.015228426395939085
3 0.7228571428571429 0.24555837563451774 0.011428571428571429 0.021573604060913704
3 0.6421428571428571 0.1878172588832487 0.012857142857142857 0.01015228426395939
4 0.6 0.1878172588832487 0.014285714285714285 0.012690355329949238
9 0.5714285714285714 0.21383248730964466 0.007142857142857143 0.008883248730964466
9 0.5489285714285714 0.22715736040609136 0.0035714285714285713 0.01015228426395939
0 0.5671428571428572 0.22081218274111675 0.002857142857142857 0.012690355329949238
0 0.6039285714285715 0.20875634517766495 0.0035714285714285713 0.008883248730964466
0 0.5871428571428572 0.2049492385786802 0.002857142857142857 0.011421319796954314
0 0.5821428571428572 0.20748730964467005 0.002857142857142857 0.011421319796954314
0 0.5946428571428571 0.2049492385786802 0.002142857142857143 0.011421319796954314
0 0.6171428571428571 0.21637055837563451 0.002857142857142857 0.011421319796954314
0 0.515 0.258248730964467 0.002857142857142857 0.013959390862944161
0 0.5171428571428571 0.25888324873096447 0.002857142857142857 0.012690355329949238
0 0.6596428571428572 0.2576142131979695 0.002142857142857143 0.015228426395939085
0 0.6446428571428572 0.28743654822335024 0.002142857142857143 0.013959390862944161
0 0.6478571428571429 0.2848984771573604 0.002857142857142857 0.013959390862944161
0 0.6421428571428571 0.2785532994923858 0.002857142857142857 0.013959390862944161
0 0.6446428571428572 0.2772842639593908 0.002142857142857143 0.013959390862944161
0 0.6371428571428571 0.30837563451776645 0.002857142857142857 0.015228426395939085
0 0.6314285714285715 0.3109137055837563 0.002857142857142857 0.015228426395939085
0 0.6217857142857143 0.33375634517766495 0.0035714285714285713 0.012690355329949238
0 0.6175 0.33883248730964466 0.005 0.015228426395939085
0 0.6078571428571429 0.34517766497461927 0.004285714285714286 0.015228426395939085
0 0.6125 0.34517766497461927 0.0035714285714285713 0.017766497461928932
0 0.6292857142857143 0.49682741116751267 0.005714285714285714 0.026649746192893398
0 0.6303571428571428 0.5076142131979695 0.005 0.027918781725888322
0 0.6871428571428572 0.6218274111675126 0.01 0.032994923857868015
0 0.68 0.6154822335025381 0.007142857142857143 0.025380710659898477
0 0.63 0.5958121827411167 0.007142857142857143 0.031725888324873094
0 0.6342857142857142 0.6376903553299492 0.007142857142857143 0.031725888324873094
0 0.26 0.6789340101522842 0.007142857142857143 0.035532994923857864
0 0.3475 0.4758883248730964 0.005 0.025380710659898477
0 0.3525 0.47715736040609136 0.005 0.02284263959390863
0 0.4425 0.30837563451776645 0.005 0.017766497461928932
0 0.4342857142857143 0.32550761421319796 0.004285714285714286 0.016497461928934008
0 0.4042857142857143 0.3642131979695431 0.004285714285714286 0.02284263959390863
0 0.40964285714285714 0.3629441624365482 0.005 0.02284263959390863
0 0.3817857142857143 0.42576142131979694 0.005 0.026649746192893398
5 0.41214285714285714 0.4156091370558375 0.03 0.05964467005076142
5 0.42928571428571427 0.38007614213197966 0.027142857142857142 0.04441624365482233
4 0.435 0.36548223350253806 0.022857142857142857 0.027918781725888322
4 0.46035714285714285 0.31408629441624364 0.016428571428571428 0.021573604060913704
4 0.4764285714285714 0.299492385786802 0.018571428571428572 0.025380710659898477
4 0.49714285714285716 0.28870558375634514 0.012857142857142857 0.016497461928934008
3 0.5121428571428571 0.2798223350253807 0.014285714285714285 0.016497461928934008
3 0.455 0.3299492385786802 0.024285714285714285 0.017766497461928932
