3 0.2571428571428571 0.7390476190476191 0.10285714285714286 0.06666666666666667
3 0.054285714285714284 0.7723809523809524 0.10428571428571429 0.06476190476190476
3 0.15142857142857144 0.6919047619047619 0.09857142857142857 0.06190476190476191
3 0.25535714285714284 0.6676190476190477 0.08214285714285714 0.05523809523809524
3 0.36964285714285716 0.6419047619047619 0.08785714285714286 0.06285714285714286
3 0.5692857142857143 0.6738095238095239 0.09142857142857143 0.058095238095238096
3 0.48714285714285716 0.6219047619047618 0.08714285714285715 0.05904761904761905
3 0.4425 0.5647619047619048 0.08214285714285714 0.05714285714285714
5 0.20392857142857143 0.6047619047619047 0.33214285714285713 0.15047619047619049
4 0.56 0.5352380952380953 0.09428571428571429 0.06857142857142857
3 0.5946428571428571 0.5947619047619047 0.08214285714285714 0.05238095238095238
3 0.7821428571428571 0.65 0.09428571428571429 0.06380952380952382
3 0.8046428571428571 0.49523809523809526 0.085 0.06666666666666667
5 0.5746428571428571 0.45 0.105 0.07714285714285714
3 0.82 0.22714285714285715 0.05 0.06
3 0.775 0.22476190476190477 0.045714285714285714 0.05714285714285714
3 0.73 0.20904761904761904 0.04 0.058095238095238096
3 0.7046428571428571 0.15904761904761905 0.03214285714285714 0.047619047619047616
3 0.7439285714285714 0.16714285714285715 0.03785714285714286 0.05047619047619047
3 0.7746428571428572 0.15714285714285714 0.03785714285714286 0.047619047619047616
5 0.7128571428571429 0.11 0.045714285714285714 0.06571428571428571
3 0.7246428571428571 0.08476190476190476 0.03214285714285714 0.047619047619047616
3 0.6803571428571429 0.06904761904761905 0.03357142857142857 0.04476190476190476
3 0.6603571428571429 0.024285714285714285 0.02642857142857143 0.037142857142857144
1 0.62 0.15476190476190477 0.007142857142857143 0.01619047619047619
1 0.6353571428571428 0.1519047619047619 0.0064285714285714285 0.012380952380952381
1 0.705 0.3442857142857143 0.01 0.014285714285714285
1 0.7278571428571429 0.3271428571428571 0.01 0.018095238095238095
1 0.7096428571428571 0.32142857142857145 0.007857142857142858 0.018095238095238095
1 0.7064285714285714 0.319047619047619 0.008571428571428572 0.024761904761904763
1 0.6317857142857143 0.19714285714285715 0.007857142857142858 0.015238095238095238
1 0.6396428571428572 0.19238095238095237 0.007857142857142858 0.015238095238095238
0 0.7 0.5666666666666667 0.017142857142857144 0.026666666666666665
0 0.7221428571428572 0.789047619047619 0.017142857142857144 0.018095238095238095
1 0.74 0.861904761904762 0.017142857142857144 0.026666666666666665
0 0.7625 0.8795238095238095 0.025 0.018095238095238095
1 0.6746428571428571 0.7119047619047619 0.010714285714285714 0.02
1 0.665 0.7776190476190477 0.01 0.021904761904761906
1 0.7114285714285714 0.7223809523809523 0.01 0.02
1 0.7514285714285714 0.71 0.012857142857142857 0.02761904761904762
1 0.6039285714285715 0.741904761904762 0.013571428571428571 0.024761904761904763
1 0.7821428571428571 0.8023809523809524 0.012857142857142857 0.023809523809523808
1 0.775 0.7719047619047619 0.011428571428571429 0.02761904761904762
9 0.6739285714285714 0.7142857142857143 0.029285714285714286 0.024761904761904763
9 0.6653571428571429 0.7795238095238095 0.027857142857142858 0.018095238095238095
9 0.7092857142857143 0.7252380952380952 0.032857142857142856 0.018095238095238095
9 0.7492857142857143 0.7123809523809523 0.037142857142857144 0.02095238095238095
9 0.6003571428571428 0.7471428571428571 0.03357142857142857 0.02
9 0.7221428571428572 0.7919047619047619 0.03 0.014285714285714285
9 0.7371428571428571 0.87 0.027142857142857142 0.02
9 0.7796428571428572 0.8095238095238095 0.02214285714285714 0.02095238095238095
9 0.7767857142857143 0.7695238095238095 0.03214285714285714 0.015238095238095238
9 0.705 0.3566666666666667 0.012857142857142857 0.02761904761904762
9 0.7271428571428571 0.3352380952380952 0.012857142857142857 0.022857142857142857
9 0.7075 0.3252380952380952 0.012142857142857143 0.02
9 0.62 0.1619047619047619 0.01 0.02095238095238095
9 0.635 0.16 0.01 0.013333333333333332
9 0.6303571428571428 0.20238095238095238 0.009285714285714286 0.02
9 0.6403571428571428 0.20238095238095238 0.007857142857142858 0.02
1 0.9764285714285714 0.4238095238095238 0.011428571428571429 0.022857142857142857
9 0.97 0.43 0.032857142857142856 0.02
