0 0.5517857142857143 0.16666666666666666 0.005 0.009523809523809525
0 0.5528571428571428 0.17238095238095238 0.002857142857142857 0.005714285714285714
0 0.5546428571428571 0.18428571428571427 0.005 0.012380952380952381
0 0.5342857142857143 0.21714285714285714 0.004285714285714286 0.007619047619047619
0 0.5278571428571428 0.23904761904761904 0.004285714285714286 0.007619047619047619
0 0.5278571428571428 0.25 0.004285714285714286 0.008571428571428572
0 0.5364285714285715 0.24904761904761905 0.004285714285714286 0.008571428571428572
0 0.5321428571428571 0.24761904761904763 0.002857142857142857 0.007619047619047619
9 0.5089285714285714 0.5795238095238096 0.0064285714285714285 0.012380952380952381
0 0.5471428571428572 0.8323809523809523 0.002857142857142857 0.009523809523809525
0 0.5503571428571429 0.8347619047619048 0.005 0.012380952380952381
0 0.5546428571428571 0.8347619047619048 0.005 0.010476190476190476
0 0.5325 0.6852380952380952 0.005 0.006666666666666666
0 0.49214285714285716 0.8538095238095238 0.004285714285714286 0.008571428571428572
0 0.48964285714285716 0.8571428571428571 0.005 0.009523809523809525
3 0.49785714285714283 0.7223809523809523 0.015714285714285715 0.03142857142857143
3 0.4717857142857143 0.3923809523809524 0.027857142857142858 0.015238095238095238
3 0.47214285714285714 0.33714285714285713 0.03 0.015238095238095238
3 0.47464285714285714 0.2923809523809524 0.015 0.03238095238095238
3 0.5167857142857143 0.20952380952380953 0.012142857142857143 0.03238095238095238
