3 0.2758350730688935 0.7903525046382189 0.0360125260960334 0.07792207792207792
3 0.4916492693110647 0.7119666048237477 0.04697286012526095 0.05658627087198516
3 0.5472338204592901 0.6567717996289425 0.04436325678496868 0.05194805194805195
3 0.6343945720250521 0.8334879406307978 0.025574112734864297 0.08070500927643785
3 0.4172755741127348 0.950834879406308 0.02453027139874739 0.09647495361781076
3 0.6132567849686847 0.5742115027829313 0.038622129436325675 0.03896103896103896
3 0.1620563674321503 0.5709647495361782 0.02661795407098121 0.049165120593692026
3 0.19128392484342377 0.5760667903525046 0.023486430062630476 0.04823747680890538
3 0.14352818371607515 0.5371057513914657 0.022964509394572022 0.04452690166975881
3 0.12787056367432148 0.4902597402597403 0.020876826722338204 0.036178107606679034
4 0.16727557411273486 0.5162337662337663 0.02766179540709812 0.05658627087198516
5 0.15187891440501042 0.46938775510204084 0.024008350730688934 0.05194805194805195
3 0.16466597077244258 0.4383116883116883 0.022442588726513567 0.03432282003710575
3 0.11351774530271398 0.45408163265306123 0.02139874739039666 0.036178107606679034
3 0.08168058455114821 0.3719851576994434 0.020354906054279746 0.0352504638218924
3 0.09498956158663882 0.3395176252319109 0.016701461377870562 0.027829313543599257
3 0.0777661795407098 0.2949907235621521 0.016701461377870562 0.027829313543599257
3 0.055845511482254695 0.29962894248608535 0.014613778705636741 0.025974025974025976
3 0.08376826722338204 0.2676252319109462 0.015135699373695197 0.02504638218923933
3 0.037317327766179534 0.22866419294990725 0.014091858037578286 0.02504638218923933
3 0.05140918580375782 0.2017625231910946 0.014091858037578286 0.02319109461966605
3 0.03157620041753653 0.18228200371057515 0.009916492693110646 0.0176252319109462
3 0.013048016701461376 0.17115027829313545 0.010438413361169102 0.0176252319109462
3 0.003392484342379958 0.13218923933209648 0.007828810020876827 0.0176252319109462
3 0.8987473903966596 0.3423005565862709 0.022964509394572022 0.025974025974025976
3 0.9217118997912317 0.34461966604823746 0.022964509394572022 0.030612244897959183
4 0.8248956158663883 0.13218923933209648 0.010960334029227557 0.021335807050092765
1 0.3449895615866388 0.8418367346938775 0.0073068893528183704 0.026901669758812616
1 0.37291231732776614 0.6985157699443414 0.0036534446764091852 0.022263450834879406
1 0.4021398747390396 0.7374768089053804 0.0057411273486430055 0.01855287569573284
1 0.05480167014613778 0.6989795918367347 0.0073068893528183704 0.015769944341372914
1 0.05819415448851774 0.6331168831168831 0.008872651356993735 0.021335807050092765
1 0.9172755741127347 0.2564935064935065 0.0036534446764091852 0.006493506493506494
9 0.059759916492693105 0.6456400742115028 0.009916492693110646 0.016697588126159554
9 0.05480167014613778 0.7115027829313544 0.0073068893528183704 0.020408163265306124
9 0.37160751565762 0.7077922077922078 0.010438413361169102 0.022263450834879406
9 0.4010960334029227 0.7509276437847866 0.008872651356993735 0.021335807050092765
9 0.342901878914405 0.8552875695732839 0.006263048016701461 0.027829313543599257
9 0.6852818371607515 0.41465677179962895 0.005219206680584551 0.011131725417439703
9 0.9162317327766178 0.2634508348794063 0.0057411273486430055 0.0074211502782931356
1 0.8932672233820459 0.27690166975881264 0.0036534446764091852 0.010204081632653062
9 0.8930062630480166 0.28339517625231914 0.0073068893528183704 0.006493506493506494
1 0.6865866388308977 0.40584415584415584 0.0036534446764091852 0.008348794063079777
