0 0.47725 0.7126666666666667 0.0075 0.025333333333333333
0 0.4525 0.7096666666666667 0.011 0.026
0 0.426 0.707 0.007 0.026
0 0.4475 0.6846666666666666 0.009000000000000001 0.029333333333333333
0 0.45625 0.6126666666666667 0.0085 0.024
0 0.46625 0.6146666666666667 0.006500000000000001 0.024
0 0.52825 0.30966666666666665 0.0045000000000000005 0.018
0 0.53025 0.31366666666666665 0.0045000000000000005 0.016666666666666666
3 0.53125 0.32366666666666666 0.0425 0.020666666666666667
3 0.37475 0.31766666666666665 0.0405 0.024666666666666667
3 0.321 0.31966666666666665 0.039 0.02333333333333333
4 0.266 0.31566666666666665 0.038 0.024666666666666667
3 0.20425000000000001 0.316 0.0425 0.024
2 0.14150000000000001 0.2836666666666667 0.005 0.016666666666666666
2 0.1475 0.2806666666666667 0.007 0.016
2 0.16475 0.27666666666666667 0.006500000000000001 0.014666666666666666
2 0.17075 0.27366666666666667 0.0055 0.018
2 0.191 0.26966666666666667 0.008 0.012666666666666666
2 0.1935 0.26766666666666666 0.008 0.016666666666666666
2 0.2 0.26566666666666666 0.007 0.015333333333333332
2 0.20350000000000001 0.26466666666666666 0.005 0.016
2 0.20775000000000002 0.26266666666666666 0.0055 0.014666666666666666
2 0.22125 0.25866666666666666 0.0085 0.013333333333333332
2 0.227 0.25966666666666666 0.008 0.012666666666666666
2 0.2315 0.258 0.007 0.012
2 0.23650000000000002 0.25466666666666665 0.008 0.012
2 0.24125 0.25466666666666665 0.0075 0.013333333333333332
2 0.24725 0.254 0.0075 0.012
2 0.255 0.25066666666666665 0.008 0.014666666666666666
2 0.2675 0.24766666666666665 0.007 0.008666666666666666
2 0.269 0.24466666666666667 0.007 0.012
2 0.27475 0.244 0.0055 0.012
2 0.277 0.24266666666666667 0.007 0.012
2 0.28450000000000003 0.24066666666666667 0.007 0.013333333333333332
2 0.28925 0.23866666666666667 0.006500000000000001 0.013333333333333332
2 0.29175 0.23766666666666666 0.0055 0.012666666666666666
2 0.298 0.23466666666666666 0.005 0.012
2 0.303 0.23466666666666666 0.003 0.013333333333333332
2 0.30775 0.23366666666666666 0.0045000000000000005 0.011333333333333332
9 0.2595 0.24666666666666665 0.007 0.017333333333333333
9 0.65425 0.23866666666666667 0.006500000000000001 0.014666666666666666
9 0.662 0.24 0.008 0.016
9 0.67375 0.24666666666666665 0.0055 0.014666666666666666
9 0.6815 0.24866666666666665 0.007 0.018666666666666665
9 0.68875 0.25266666666666665 0.0085 0.014666666666666666
2 0.69425 0.25666666666666665 0.0055 0.014666666666666666
2 0.7005 0.25866666666666666 0.008 0.013333333333333332
2 0.706 0.25766666666666665 0.005 0.011333333333333332
9 0.712 0.26266666666666666 0.007 0.010666666666666666
9 0.72 0.26766666666666666 0.006 0.015333333333333332
9 0.7272500000000001 0.26966666666666667 0.0075 0.015333333333333332
9 0.7375 0.27266666666666667 0.006 0.013333333333333332
0 0.74375 0.27299999999999996 0.0055 0.018
2 0.74925 0.27266666666666667 0.0045000000000000005 0.014666666666666666
2 0.75375 0.27499999999999997 0.006500000000000001 0.014
2 0.758 0.2826666666666667 0.007 0.016
2 0.76425 0.2796666666666667 0.0055 0.016666666666666666
2 0.76925 0.2856666666666667 0.0055 0.018
2 0.77475 0.2836666666666667 0.006500000000000001 0.015333333333333332
2 0.7825 0.2856666666666667 0.005 0.018
2 0.79425 0.29366666666666663 0.006500000000000001 0.016666666666666666
2 0.80025 0.29366666666666663 0.0055 0.016666666666666666
2 0.809 0.29666666666666663 0.01 0.014666666666666666
2 0.81525 0.298 0.0075 0.016
2 0.8220000000000001 0.29966666666666664 0.01 0.015333333333333332
2 0.836 0.30466666666666664 0.007 0.014666666666666666
2 0.847 0.30466666666666664 0.008 0.017333333333333333
0 0.30375 0.30666666666666664 0.0035 0.018666666666666665
