3 0.2621428571428571 0.011428571428571429 0.017142857142857144 0.02095238095238095
3 0.27 0.04238095238095238 0.02 0.037142857142857144
3 0.27785714285714286 0.07523809523809524 0.018571428571428572 0.022857142857142857
3 0.28714285714285714 0.09761904761904762 0.02 0.02761904761904762
3 0.29714285714285715 0.13142857142857142 0.032857142857142856 0.05142857142857143
3 0.3171428571428571 0.1976190476190476 0.03 0.05619047619047619
3 0.33464285714285713 0.25476190476190474 0.027857142857142858 0.058095238095238096
3 0.35 0.3142857142857143 0.037142857142857144 0.06285714285714286
0 0.24392857142857144 0.41714285714285715 0.0064285714285714285 0.024761904761904763
0 0.315 0.4471428571428571 0.007142857142857143 0.021904761904761906
9 0.3271428571428571 0.4519047619047619 0.007142857142857143 0.02761904761904762
9 0.2667857142857143 0.7423809523809524 0.04071428571428572 0.10952380952380952
9 0.2825 0.8652380952380953 0.045 0.11904761904761904
0 0.3392857142857143 0.7371428571428571 0.002857142857142857 0.022857142857142857
0 0.345 0.741904761904762 0.004285714285714286 0.022857142857142857
0 0.355 0.7466666666666667 0.007142857142857143 0.024761904761904763
0 0.3492857142857143 0.8223809523809524 0.007142857142857143 0.02761904761904762
0 0.35964285714285715 0.8295238095238096 0.007857142857142858 0.022857142857142857
9 0.045 0.9347619047619048 0.012857142857142857 0.06
0 0.41464285714285715 0.8671428571428571 0.007857142857142858 0.039047619047619046
0 0.4275 0.8671428571428571 0.009285714285714286 0.039047619047619046
0 0.40035714285714286 0.7542857142857143 0.0064285714285714285 0.022857142857142857
3 0.5346428571428572 0.9595238095238096 0.05785714285714286 0.07904761904761905
3 0.5653571428571429 0.7542857142857143 0.062142857142857146 0.1219047619047619
3 0.4475 0.6519047619047619 0.05357142857142857 0.10952380952380952
3 0.48178571428571426 0.7947619047619048 0.06785714285714285 0.12857142857142856
3 0.41 0.539047619047619 0.05285714285714286 0.08952380952380952
3 0.3896428571428571 0.46 0.045 0.07047619047619047
3 0.36964285714285716 0.3871428571428571 0.045 0.07333333333333333
3 0.5167857142857143 0.32666666666666666 0.039285714285714285 0.06476190476190476
3 0.5471428571428572 0.40476190476190477 0.047142857142857146 0.08
3 0.43464285714285716 0.23238095238095238 0.03214285714285714 0.05142857142857143
3 0.4789285714285714 0.23666666666666666 0.03357142857142857 0.054285714285714284
9 0.39535714285714285 0.07761904761904762 0.007857142857142858 0.021904761904761906
1 0.3964285714285714 0.07428571428571429 0.005714285714285714 0.015238095238095238
3 0.4789285714285714 0.007142857142857143 0.045 0.012380952380952381
3 0.47964285714285715 0.01380952380952381 0.04071428571428572 0.025714285714285714
3 0.48892857142857143 0.026666666666666665 0.04642857142857143 0.022857142857142857
3 0.4942857142857143 0.04476190476190476 0.047142857142857146 0.026666666666666665
3 0.5 0.06380952380952382 0.04857142857142857 0.02857142857142857
4 0.5121428571428571 0.08142857142857143 0.04428571428571428 0.037142857142857144
3 0.52 0.10714285714285714 0.05 0.037142857142857144
3 0.53 0.1295238095238095 0.045714285714285714 0.03428571428571429
4 0.5439285714285714 0.14904761904761904 0.047857142857142855 0.037142857142857144
3 0.5546428571428571 0.17238095238095238 0.04928571428571429 0.04
3 0.5675 0.19952380952380952 0.05357142857142857 0.04666666666666667
3 0.5825 0.22666666666666666 0.05357142857142857 0.04380952380952381
0 0.5425 0.05476190476190476 0.0064285714285714285 0.023809523809523808
0 0.5521428571428572 0.051904761904761905 0.007142857142857143 0.023809523809523808
0 0.5746428571428571 0.07 0.005 0.02
0 0.5721428571428572 0.05761904761904762 0.004285714285714286 0.02
4 0.5889285714285715 0.037142857142857144 0.039285714285714285 0.03238095238095238
3 0.7221428571428572 0.8071428571428572 0.07 0.11333333333333333
3 0.6703571428571429 0.6895238095238095 0.05928571428571429 0.11047619047619048
4 0.5871428571428572 0.012380952380952381 0.027142857142857142 0.026666666666666665
3 0.675 0.16476190476190475 0.04 0.05714285714285714
3 0.7096428571428571 0.2219047619047619 0.03785714285714286 0.049523809523809526
3 0.7664285714285715 0.3 0.04857142857142857 0.07047619047619047
3 0.6446428571428572 0.3319047619047619 0.055 0.04476190476190476
3 0.6096428571428572 0.2723809523809524 0.05071428571428571 0.04380952380952381
3 0.6271428571428571 0.30238095238095236 0.05714285714285714 0.05238095238095238
3 0.6746428571428571 0.4038095238095238 0.05928571428571429 0.05904761904761905
3 0.6971428571428572 0.43476190476190474 0.06285714285714286 0.05047619047619047
3 0.7171428571428572 0.46714285714285714 0.06714285714285714 0.06
3 0.8217857142857142 0.37476190476190474 0.05928571428571429 0.07333333333333333
0 0.8164285714285714 0.53 0.011428571428571429 0.040952380952380955
3 0.7567857142857143 0.6019047619047619 0.08357142857142857 0.06285714285714286
3 0.7817857142857143 0.6519047619047619 0.08214285714285714 0.06
3 0.8021428571428572 0.6995238095238095 0.08714285714285715 0.06190476190476191
3 0.8246428571428571 0.7423809523809524 0.095 0.07523809523809524
3 0.8653571428571428 0.809047619047619 0.095 0.06761904761904762
3 0.8896428571428572 0.8666666666666667 0.085 0.05714285714285714
3 0.7975 0.960952380952381 0.06785714285714285 0.0761904761904762
3 0.9414285714285714 0.9342857142857143 0.09285714285714286 0.05523809523809524
9 0.925 0.6871428571428572 0.04 0.06
