3 0.1767857142857143 0.025238095238095237 0.09785714285714285 0.05238095238095238
4 0.16464285714285715 0.05714285714285714 0.10214285714285715 0.07809523809523809
5 0.31464285714285717 0.2695238095238095 0.08214285714285714 0.22095238095238096
5 0.062142857142857146 0.7776190476190477 0.12428571428571429 0.17047619047619048
0 0.3817857142857143 0.9738095238095238 0.019285714285714285 0.04857142857142857
0 0.4253571428571429 0.9019047619047619 0.029285714285714286 0.04
0 0.40714285714285714 0.7752380952380953 0.027142857142857142 0.049523809523809526
0 0.42142857142857143 0.7295238095238096 0.022857142857142857 0.0419047619047619
0 0.4025 0.61 0.015 0.05238095238095238
0 0.3939285714285714 0.5971428571428572 0.015 0.049523809523809526
5 0.93 0.9471428571428572 0.13857142857142857 0.1019047619047619
0 0.5628571428571428 0.8395238095238096 0.02142857142857143 0.037142857142857144
0 0.6639285714285714 0.7490476190476191 0.029285714285714286 0.040952380952380955
0 0.5828571428571429 0.7523809523809524 0.03 0.04
5 0.5346428571428572 0.3219047619047619 0.125 0.20952380952380953
4 0.47 0.14761904761904762 0.06 0.1180952380952381
3 0.8042857142857143 0.09476190476190476 0.06571428571428571 0.10761904761904761
4 0.9117857142857143 0.2919047619047619 0.085 0.16285714285714287
4 0.9717857142857143 0.5019047619047619 0.055 0.18285714285714286
