3 0.05035714285714286 0.17523809523809525 0.10214285714285715 0.08761904761904762
0 0.22214285714285714 0.02 0.022857142857142857 0.0419047619047619
3 0.3442857142857143 0.023809523809523808 0.03 0.045714285714285714
3 0.3342857142857143 0.13476190476190475 0.08428571428571428 0.13047619047619047
3 0.26285714285714284 0.18761904761904763 0.09142857142857143 0.14476190476190476
0 0.265 0.11666666666666667 0.022857142857142857 0.06190476190476191
0 0.29928571428571427 0.1376190476190476 0.027142857142857142 0.04476190476190476
0 0.2867857142857143 0.1419047619047619 0.012142857142857143 0.0419047619047619
3 0.13964285714285715 0.46476190476190476 0.15785714285714286 0.10476190476190476
6 0.29428571428571426 0.4695238095238095 0.07714285714285714 0.05904761904761905
3 0.2925 0.6014285714285714 0.14785714285714285 0.1438095238095238
3 0.02214285714285714 0.4442857142857143 0.045714285714285714 0.08095238095238096
3 0.5117857142857143 0.05476190476190476 0.052142857142857144 0.11142857142857143
3 0.65 0.012380952380952381 0.05285714285714286 0.024761904761904763
0 0.45 0.2123809523809524 0.012857142857142857 0.04
9 0.4717857142857143 0.23666666666666666 0.017857142857142856 0.06
2 0.49785714285714283 0.33476190476190476 0.041428571428571426 0.029523809523809525
0 0.48714285714285716 0.31761904761904763 0.017142857142857144 0.035238095238095235
3 0.7392857142857143 0.22952380952380952 0.06 0.15047619047619049
3 0.8375 0.054285714285714284 0.055 0.10095238095238095
3 0.8428571428571429 0.25476190476190474 0.07 0.1419047619047619
0 0.9239285714285714 0.48523809523809525 0.03357142857142857 0.05047619047619047
0 0.9146428571428571 0.4514285714285714 0.04928571428571429 0.0419047619047619
0 0.9421428571428572 0.569047619047619 0.04 0.04666666666666667
3 0.8721428571428571 0.6147619047619047 0.15714285714285714 0.16095238095238096
3 0.7921428571428571 0.89 0.18714285714285714 0.09428571428571429
9 0.4925 0.6223809523809524 0.060714285714285714 0.05238095238095238
1 0.48714285714285716 0.6042857142857143 0.032857142857142856 0.037142857142857144
