3 0.052142857142857144 0.09835025380710659 0.02 0.052030456852791875
3 0.08 0.07170050761421319 0.02 0.049492385786802026
3 0.095 0.05964467005076142 0.022857142857142857 0.053299492385786795
3 0.10964285714285714 0.04568527918781726 0.02214285714285714 0.055837563451776644
3 0.1575 0.02284263959390863 0.02214285714285714 0.04568527918781726
3 0.085 0.01713197969543147 0.02 0.03426395939086294
3 0.10178571428571428 0.008883248730964466 0.016428571428571428 0.02030456852791878
4 0.125 0.03616751269035533 0.022857142857142857 0.05964467005076142
3 0.1125 0.20368020304568527 0.017857142857142856 0.04695431472081218
3 0.065 0.23604060913705582 0.017142857142857144 0.04568527918781726
3 0.007142857142857143 0.28870558375634514 0.014285714285714285 0.052030456852791875
3 0.07142857142857142 0.26586294416243655 0.012857142857142857 0.03934010152284264
3 0.15392857142857141 0.20748730964467005 0.012142857142857143 0.026649746192893398
3 0.20035714285714284 0.17195431472081216 0.012142857142857143 0.029187817258883246
4 0.235 0.4149746192893401 0.03571428571428571 0.04314720812182741
0 0.13642857142857143 0.41243654822335024 0.007142857142857143 0.0076142131979695426
0 0.14785714285714285 0.4479695431472081 0.007142857142857143 0.0076142131979695426
0 0.14892857142857144 0.4682741116751269 0.0064285714285714285 0.0076142131979695426
0 0.14035714285714285 0.4625634517766497 0.007857142857142858 0.008883248730964466
0 0.15178571428571427 0.4860406091370558 0.0064285714285714285 0.0076142131979695426
0 0.23535714285714285 0.43274111675126903 0.005 0.0076142131979695426
0 0.1625 0.5932741116751269 0.005 0.006345177664974619
0 0.16428571428571428 0.6072335025380711 0.007142857142857143 0.008883248730964466
0 0.17 0.6192893401015228 0.004285714285714286 0.005076142131979695
0 0.1717857142857143 0.633248730964467 0.005 0.0076142131979695426
0 0.1825 0.6230964467005076 0.005 0.005076142131979695
0 0.17964285714285713 0.6135786802030456 0.005 0.006345177664974619
0 0.1717857142857143 0.5983502538071066 0.005 0.0038071065989847713
0 0.16428571428571428 0.575507614213198 0.004285714285714286 0.0038071065989847713
0 0.19642857142857142 0.6116751269035533 0.004285714285714286 0.0076142131979695426
0 0.2175 0.633248730964467 0.005 0.005076142131979695
0 0.21428571428571427 0.6230964467005076 0.004285714285714286 0.005076142131979695
0 0.2067857142857143 0.6288071065989848 0.0064285714285714285 0.006345177664974619
0 0.21214285714285713 0.6376903553299492 0.005714285714285714 0.0038071065989847713
0 0.2042857142857143 0.641497461928934 0.007142857142857143 0.006345177664974619
0 0.22785714285714287 0.6840101522842639 0.007142857142857143 0.0076142131979695426
0 0.2117857142857143 0.7626903553299492 0.007857142857142858 0.01015228426395939
0 0.21392857142857144 0.7861675126903552 0.0064285714285714285 0.011421319796954314
0 0.26285714285714284 0.6649746192893401 0.005714285714285714 0.0076142131979695426
0 0.255 0.6719543147208121 0.004285714285714286 0.006345177664974619
0 0.2621428571428571 0.6744923857868019 0.002857142857142857 0.0038071065989847713
0 0.31464285714285717 0.5913705583756345 0.005 0.005076142131979695
0 0.3142857142857143 0.598984771573604 0.004285714285714286 0.005076142131979695
0 0.3221428571428571 0.6167512690355329 0.004285714285714286 0.005076142131979695
0 0.32785714285714285 0.6104060913705583 0.005714285714285714 0.005076142131979695
0 0.3339285714285714 0.6142131979695431 0.0035714285714285713 0.005076142131979695
0 0.3275 0.6205583756345178 0.0035714285714285713 0.005076142131979695
0 0.33285714285714285 0.6224619289340101 0.004285714285714286 0.0038071065989847713
0 0.33964285714285714 0.6173857868020304 0.005 0.006345177664974619
0 0.36892857142857144 0.5088832487309645 0.005 0.0076142131979695426
0 0.36642857142857144 0.5145939086294415 0.004285714285714286 0.006345177664974619
0 0.25535714285714284 0.5628172588832487 0.0035714285714285713 0.006345177664974619
0 0.33714285714285713 0.46002538071065985 0.005714285714285714 0.006345177664974619
0 0.3339285714285714 0.46637055837563446 0.0035714285714285713 0.006345177664974619
0 0.33535714285714285 0.473984771573604 0.0035714285714285713 0.0038071065989847713
0 0.3425 0.4898477157360406 0.005 0.005076142131979695
8 0.28785714285714287 0.46637055837563446 0.08285714285714285 0.08502538071065989
0 0.3271428571428571 0.48667512690355325 0.002857142857142857 0.006345177664974619
0 0.33 0.4961928934010152 0.002857142857142857 0.0076142131979695426
0 0.34035714285714286 0.48350253807106597 0.0035714285714285713 0.005076142131979695
0 0.3628571428571429 0.47969543147208116 0.005714285714285714 0.01015228426395939
8 0.3489285714285714 0.2772842639593908 0.07642857142857143 0.08756345177664974
3 0.3075 0.35977157360406087 0.027857142857142858 0.03426395939086294
4 0.3417857142857143 0.32868020304568524 0.03357142857142857 0.04060913705583756
4 0.37714285714285717 0.3064720812182741 0.032857142857142856 0.04187817258883248
4 0.2375 0.22335025380710657 0.015 0.053299492385786795
3 0.29178571428571426 0.06789340101522842 0.019285714285714285 0.04695431472081218
3 0.3217857142857143 0.04378172588832487 0.019285714285714285 0.052030456852791875
3 0.3375 0.03109137055837563 0.02214285714285714 0.05710659898477157
3 0.3517857142857143 0.021573604060913704 0.02214285714285714 0.04314720812182741
3 0.3 0.09137055837563451 0.012857142857142857 0.04060913705583756
3 0.31285714285714283 0.07868020304568528 0.012857142857142857 0.04060913705583756
3 0.3314285714285714 0.06979695431472081 0.012857142857142857 0.03807106598984771
3 0.36392857142857143 0.05012690355329949 0.010714285714285714 0.031725888324873094
3 0.36714285714285716 0.06789340101522842 0.01 0.026649746192893398
3 0.4278571428571429 0.005710659898477157 0.008571428571428572 0.011421319796954314
3 0.47928571428571426 0.20748730964467005 0.03 0.049492385786802026
3 0.41678571428571426 0.2696700507614213 0.027857142857142858 0.03680203045685279
4 0.5653571428571429 0.12309644670050761 0.03785714285714286 0.050761421319796954
0 0.415 0.2563451776649746 0.002857142857142857 0.012690355329949238
0 0.5921428571428572 0.1281725888324873 0.002857142857142857 0.012690355329949238
0 0.5371428571428571 0.20558375634517764 0.002857142857142857 0.01015228426395939
0 0.5375 0.21637055837563451 0.005 0.011421319796954314
0 0.5939285714285715 0.26903553299492383 0.0035714285714285713 0.01015228426395939
0 0.5971428571428572 0.3261421319796954 0.002857142857142857 0.0076142131979695426
0 0.5796428571428571 0.4168781725888325 0.005 0.006345177664974619
0 0.515 0.46510152284263956 0.002857142857142857 0.006345177664974619
0 0.5478571428571428 0.5767766497461928 0.005714285714285714 0.006345177664974619
0 0.5478571428571428 0.5875634517766497 0.004285714285714286 0.005076142131979695
0 0.5696428571428571 0.6440355329949238 0.005 0.006345177664974619
0 0.5821428571428572 0.6554568527918782 0.002857142857142857 0.006345177664974619
0 0.5871428571428572 0.6586294416243654 0.002857142857142857 0.0076142131979695426
0 0.5896428571428571 0.6687817258883249 0.005 0.0076142131979695426
0 0.5839285714285715 0.6668781725888324 0.0035714285714285713 0.006345177664974619
0 0.4164285714285714 0.6903553299492385 0.004285714285714286 0.005076142131979695
1 0.5578571428571428 0.9257614213197969 0.004285714285714286 0.016497461928934008
1 0.5625 0.9244923857868019 0.005 0.016497461928934008
1 0.5692857142857143 0.9181472081218274 0.002857142857142857 0.006345177664974619
1 0.5671428571428572 0.9213197969543147 0.002857142857142857 0.01015228426395939
1 0.5525 0.9295685279187816 0.005 0.008883248730964466
1 0.5892857142857143 0.9003807106598984 0.002857142857142857 0.008883248730964466
1 0.5925 0.8978426395939085 0.002142857142857143 0.008883248730964466
1 0.5946428571428571 0.8953045685279187 0.002142857142857143 0.006345177664974619
1 0.5975 0.8959390862944162 0.002142857142857143 0.0076142131979695426
1 0.6014285714285714 0.890228426395939 0.0014285714285714286 0.006345177664974619
0 0.5946428571428571 0.9124365482233502 0.005 0.005076142131979695
0 0.6217857142857143 0.11104060913705582 0.0035714285714285713 0.008883248730964466
0 0.6371428571428571 0.15228426395939085 0.004285714285714286 0.01015228426395939
0 0.655 0.0666243654822335 0.002857142857142857 0.008883248730964466
0 0.66 0.06281725888324872 0.004285714285714286 0.011421319796954314
0 0.6942857142857143 0.041243654822335024 0.002857142857142857 0.008883248730964466
0 0.7017857142857142 0.050761421319796954 0.002142857142857143 0.0076142131979695426
0 0.7067857142857142 0.049492385786802026 0.0035714285714285713 0.01015228426395939
0 0.7046428571428571 0.038705583756345176 0.002142857142857143 0.008883248730964466
0 0.7 0.039974619289340096 0.002857142857142857 0.008883248730964466
0 0.7089285714285715 0.038705583756345176 0.002142857142857143 0.006345177664974619
0 0.7117857142857142 0.004441624365482233 0.002142857142857143 0.006345177664974619
0 0.7146428571428571 0.0031725888324873096 0.002142857142857143 0.006345177664974619
0 0.7192857142857143 0.004441624365482233 0.002857142857142857 0.008883248730964466
0 0.7175 0.1649746192893401 0.005 0.012690355329949238
0 0.65 0.2728426395939086 0.002857142857142857 0.012690355329949238
0 0.6203571428571428 0.24682741116751267 0.002142857142857143 0.008883248730964466
0 0.6171428571428571 0.23667512690355327 0.004285714285714286 0.006345177664974619
0 0.6171428571428571 0.24555837563451774 0.002857142857142857 0.006345177664974619
0 0.6389285714285714 0.07550761421319796 0.0035714285714285713 0.008883248730964466
4 0.635 0.05964467005076142 0.027142857142857142 0.055837563451776644
4 0.6017857142857143 0.09961928934010152 0.03214285714285714 0.04441624365482233
0 0.6189285714285714 0.10469543147208121 0.002142857142857143 0.013959390862944161
0 0.6975 0.2309644670050761 0.0035714285714285713 0.01015228426395939
0 0.6789285714285714 0.324238578680203 0.002142857142857143 0.006345177664974619
0 0.6742857142857143 0.3248730964467005 0.002857142857142857 0.0076142131979695426
0 0.6446428571428572 0.30774111675126903 0.005 0.008883248730964466
0 0.6396428571428572 0.30837563451776645 0.002142857142857143 0.0076142131979695426
0 0.6121428571428571 0.30203045685279184 0.002857142857142857 0.01015228426395939
0 0.6071428571428571 0.3045685279187817 0.002857142857142857 0.01015228426395939
0 0.6021428571428571 0.3305837563451776 0.002857142857142857 0.008883248730964466
0 0.7046428571428571 0.3775380710659898 0.005 0.006345177664974619
0 0.7071428571428572 0.391497461928934 0.002857142857142857 0.006345177664974619
0 0.7028571428571428 0.3902284263959391 0.002857142857142857 0.008883248730964466
0 0.6746428571428571 0.45875634517766495 0.005 0.006345177664974619
0 0.61 0.3965736040609137 0.004285714285714286 0.006345177664974619
0 0.6142857142857143 0.5095177664974619 0.004285714285714286 0.008883248730964466
0 0.6428571428571429 0.5107868020304568 0.004285714285714286 0.006345177664974619
0 0.6321428571428571 0.5203045685279187 0.004285714285714286 0.005076142131979695
0 0.6546428571428572 0.649746192893401 0.005 0.01015228426395939
0 0.7475 0.5323604060913705 0.0064285714285714285 0.006345177664974619
0 0.7267857142857143 0.5101522842639593 0.0064285714285714285 0.0076142131979695426
0 0.7375 0.5285532994923857 0.005 0.006345177664974619
0 0.6271428571428571 0.6852791878172588 0.002857142857142857 0.005076142131979695
0 0.6646428571428571 0.7887055837563451 0.005 0.008883248730964466
1 0.6078571428571429 0.8864213197969543 0.002857142857142857 0.011421319796954314
1 0.6175 0.881979695431472 0.007857142857142858 0.01015228426395939
0 0.8189285714285715 0.7887055837563451 0.0064285714285714285 0.006345177664974619
0 0.8271428571428572 0.7887055837563451 0.007142857142857143 0.006345177664974619
0 0.8321428571428572 0.8109137055837563 0.002857142857142857 0.005076142131979695
0 0.8403571428571428 0.848984771573604 0.009285714285714286 0.0076142131979695426
0 0.8246428571428571 0.8413705583756345 0.005 0.0076142131979695426
0 0.8346428571428571 0.8578680203045684 0.007857142857142858 0.0025380710659898475
0 0.8525 0.8559644670050761 0.007857142857142858 0.008883248730964466
0 0.8603571428571428 0.8585025380710659 0.0064285714285714285 0.011421319796954314
0 0.8371428571428572 0.8769035532994923 0.004285714285714286 0.005076142131979695
0 0.845 0.9308375634517766 0.007142857142857143 0.008883248730964466
0 0.8564285714285714 0.9327411167512689 0.007142857142857143 0.005076142131979695
0 0.8571428571428571 0.9416243654822334 0.007142857142857143 0.0076142131979695426
0 0.845 0.9549492385786801 0.01 0.019035532994923856
0 0.8542857142857143 0.9625634517766497 0.007142857142857143 0.011421319796954314
0 0.8571428571428571 0.956218274111675 0.007142857142857143 0.011421319796954314
0 0.8496428571428571 0.947969543147208 0.005 0.015228426395939085
0 0.7878571428571428 0.7258883248730964 0.005714285714285714 0.0076142131979695426
0 0.8128571428571428 0.6446700507614213 0.004285714285714286 0.005076142131979695
0 0.8453571428571428 0.6389593908629441 0.0064285714285714285 0.006345177664974619
0 0.82 0.6503807106598984 0.005714285714285714 0.006345177664974619
0 0.8264285714285714 0.6535532994923857 0.005714285714285714 0.0076142131979695426
0 0.8375 0.6624365482233502 0.0064285714285714285 0.005076142131979695
0 0.8353571428571429 0.6662436548223349 0.007857142857142858 0.0076142131979695426
0 0.8321428571428572 0.6725888324873096 0.007142857142857143 0.005076142131979695
0 0.8278571428571428 0.6744923857868019 0.005714285714285714 0.006345177664974619
0 0.8221428571428572 0.6681472081218274 0.005714285714285714 0.006345177664974619
0 0.8171428571428572 0.6795685279187816 0.005714285714285714 0.0038071065989847713
0 0.8889285714285714 0.5640862944162436 0.0064285714285714285 0.008883248730964466
0 0.8942857142857142 0.5634517766497461 0.004285714285714286 0.0076142131979695426
0 0.8975 0.5609137055837563 0.005 0.0076142131979695426
0 0.8596428571428572 0.4498730964467005 0.007857142857142858 0.006345177664974619
0 0.8614285714285714 0.4181472081218274 0.007142857142857143 0.008883248730964466
0 0.8489285714285715 0.41243654822335024 0.0064285714285714285 0.005076142131979695
0 0.8325 0.41370558375634514 0.0064285714285714285 0.01015228426395939
0 0.8121428571428572 0.4765228426395939 0.005714285714285714 0.006345177664974619
0 0.8171428571428572 0.4746192893401015 0.004285714285714286 0.0076142131979695426
0 0.8396428571428571 0.46700507614213194 0.005 0.005076142131979695
0 0.8396428571428571 0.46002538071065985 0.005 0.0038071065989847713
0 0.8667857142857143 0.35850253807106597 0.0064285714285714285 0.0038071065989847713
0 0.8714285714285714 0.36040609137055835 0.005714285714285714 0.005076142131979695
0 0.8753571428571428 0.35850253807106597 0.0035714285714285713 0.0038071065989847713
0 0.8375 0.2442893401015228 0.005 0.011421319796954314
0 0.8325 0.2411167512690355 0.005 0.012690355329949238
0 0.8864285714285715 0.17956852791878172 0.005714285714285714 0.011421319796954314
0 0.895 0.18527918781725886 0.008571428571428572 0.012690355329949238
0 0.885 0.1884517766497462 0.004285714285714286 0.006345177664974619
0 0.8871428571428571 0.1916243654822335 0.002857142857142857 0.01015228426395939
0 0.9342857142857143 0.03616751269035533 0.008571428571428572 0.008883248730964466
0 0.9571428571428572 0.09137055837563451 0.007142857142857143 0.0076142131979695426
0 0.9428571428571428 0.10279187817258882 0.007142857142857143 0.0076142131979695426
0 0.9464285714285714 0.10977157360406091 0.007142857142857143 0.011421319796954314
0 0.9528571428571428 0.1548223350253807 0.007142857142857143 0.01015228426395939
0 0.9721428571428572 0.20685279187817257 0.01 0.012690355329949238
0 0.9567857142857142 0.15418781725888323 0.007857142857142858 0.011421319796954314
0 0.9578571428571429 0.5475888324873096 0.008571428571428572 0.006345177664974619
0 0.9703571428571428 0.6218274111675126 0.009285714285714286 0.005076142131979695
0 0.9746428571428571 0.6364213197969543 0.007857142857142858 0.006345177664974619
0 0.9767857142857143 0.6649746192893401 0.007857142857142858 0.005076142131979695
0 0.9739285714285715 0.7296954314720812 0.010714285714285714 0.0076142131979695426
0 0.9721428571428572 0.7366751269035532 0.01 0.006345177664974619
