3 0.48928571428571427 0.42703045685279184 0.03857142857142857 0.029187817258883246
3 0.4471428571428571 0.3559644670050761 0.037142857142857144 0.029187817258883246
3 0.6664285714285715 0.5253807106598984 0.03428571428571429 0.03045685279187817
3 0.8267857142857142 0.4961928934010152 0.039285714285714285 0.03045685279187817
3 0.9671428571428572 0.3045685279187817 0.03571428571428571 0.025380710659898477
3 0.2275 0.5019035532994923 0.035 0.031725888324873094
3 0.245 0.6859137055837563 0.017142857142857144 0.05964467005076142
3 0.048928571428571425 0.40736040609137053 0.03357142857142857 0.03045685279187817
3 0.7042857142857143 0.3413705583756345 0.03428571428571429 0.02284263959390863
3 0.4775 0.31218274111675126 0.03214285714285714 0.025380710659898477
3 0.24214285714285713 0.3496192893401015 0.03 0.026649746192893398
3 0.07 0.26903553299492383 0.03 0.032994923857868015
3 0.10535714285714286 0.3692893401015228 0.03357142857142857 0.03045685279187817
3 0.9835714285714285 0.3261421319796954 0.03142857142857143 0.03045685279187817
3 0.5621428571428572 0.35977157360406087 0.03428571428571429 0.024111675126903553
4 0.33964285714285714 0.4111675126903553 0.03785714285714286 0.032994923857868015
5 0.1225 0.33375634517766495 0.062142857142857146 0.050761421319796954
8 0.6867857142857143 0.013324873096446699 0.017857142857142856 0.026649746192893398
4 0.9092857142857143 0.12690355329949238 0.03 0.03807106598984771
4 0.9192857142857143 0.09708121827411166 0.027142857142857142 0.031725888324873094
8 0.8914285714285715 0.4035532994923858 0.08571428571428572 0.05837563451776649
3 0.13035714285714287 0.9809644670050761 0.05071428571428571 0.035532994923857864
0 0.033928571428571426 0.039974619289340096 0.005 0.019035532994923856
0 0.024642857142857143 0.041243654822335024 0.005 0.021573604060913704
0 0.0275 0.039974619289340096 0.0064285714285714285 0.019035532994923856
0 0.012142857142857143 0.06916243654822335 0.007142857142857143 0.021573604060913704
0 0.015357142857142857 0.06789340101522842 0.005 0.016497461928934008
0 0.0064285714285714285 0.07677664974619289 0.004285714285714286 0.021573604060913704
0 0.5628571428571428 0.05837563451776649 0.004285714285714286 0.017766497461928932
5 0.925 0.08756345177664974 0.04428571428571428 0.04060913705583756
