3 0.07464285714285715 0.43523809523809526 0.03785714285714286 0.022857142857142857
3 0.15214285714285714 0.48428571428571426 0.05 0.025714285714285714
3 0.1625 0.5066666666666667 0.056428571428571425 0.0380952380952381
3 0.22464285714285714 0.49714285714285716 0.052142857142857144 0.03238095238095238
3 0.2125 0.4719047619047619 0.045 0.029523809523809525
3 0.2817857142857143 0.4819047619047619 0.055 0.030476190476190476
3 0.3767857142857143 0.49476190476190474 0.05785714285714286 0.029523809523809525
3 0.48964285714285716 0.45666666666666667 0.045 0.02761904761904762
3 0.5117857142857143 0.48523809523809525 0.047857142857142855 0.029523809523809525
3 0.20464285714285715 0.9514285714285714 0.12214285714285714 0.09523809523809523
8 0.275 0.9119047619047619 0.23 0.1742857142857143
4 0.41285714285714287 0.4123809523809524 0.03857142857142857 0.030476190476190476
3 0.9578571428571429 0.6071428571428571 0.08285714285714285 0.05238095238095238
3 0.7453571428571428 0.3 0.016428571428571428 0.007619047619047619
3 0.7225 0.32666666666666666 0.015 0.013333333333333332
8 0.7346428571428572 0.36523809523809525 0.035 0.039047619047619046
3 0.7089285714285715 0.4119047619047619 0.017857142857142856 0.02
3 0.7267857142857143 0.3995238095238095 0.017857142857142856 0.018095238095238095
3 0.6342857142857142 0.4176190476190476 0.017142857142857144 0.018095238095238095
3 0.5871428571428572 0.4166666666666667 0.027142857142857142 0.023809523809523808
3 0.6021428571428571 0.42142857142857143 0.027142857142857142 0.023809523809523808
3 0.6092857142857143 0.3995238095238095 0.022857142857142857 0.021904761904761906
3 0.6239285714285714 0.40476190476190477 0.023571428571428573 0.02095238095238095
3 0.6246428571428572 0.38904761904761903 0.02214285714285714 0.018095238095238095
3 0.6403571428571428 0.37523809523809526 0.019285714285714285 0.015238095238095238
4 0.6517857142857143 0.3647619047619048 0.016428571428571428 0.017142857142857144
3 0.6642857142857143 0.36142857142857143 0.014285714285714285 0.01619047619047619
3 0.6742857142857143 0.3538095238095238 0.015714285714285715 0.014285714285714285
3 0.6867857142857143 0.35714285714285715 0.015 0.015238095238095238
3 0.6746428571428571 0.3676190476190476 0.017857142857142856 0.015238095238095238
3 0.66 0.37761904761904763 0.015714285714285715 0.02
4 0.6425 0.3852380952380952 0.025 0.02761904761904762
3 0.6567857142857143 0.3976190476190476 0.02214285714285714 0.018095238095238095
8 0.6528571428571428 0.42714285714285716 0.07714285714285714 0.06
3 0.6696428571428571 0.3223809523809524 0.012142857142857143 0.012380952380952381
8 0.6721428571428572 0.34 0.04 0.03238095238095238
8 0.7003571428571429 0.3419047619047619 0.02642857142857143 0.030476190476190476
3 0.6321428571428571 0.30904761904761907 0.01 0.006666666666666666
1 0.9142857142857143 0.9723809523809523 0.037142857142857144 0.0419047619047619
0 0.6921428571428572 0.8395238095238096 0.027142857142857142 0.05047619047619047
1 0.62 0.8695238095238095 0.02 0.05333333333333333
9 0.6196428571428572 0.8742857142857143 0.02214285714285714 0.05904761904761905
1 0.5821428571428572 0.8976190476190476 0.022857142857142857 0.058095238095238096
2 0.5803571428571429 0.8995238095238095 0.027857142857142858 0.058095238095238096
9 0.5175 0.8690476190476191 0.03357142857142857 0.054285714285714284
9 0.5446428571428571 0.89 0.015 0.06190476190476191
9 0.5096428571428572 0.9423809523809524 0.03214285714285714 0.06
1 0.5096428571428572 0.9395238095238095 0.025 0.05047619047619047
1 0.52 0.8519047619047619 0.022857142857142857 0.035238095238095235
1 0.5453571428571429 0.8990476190476191 0.02214285714285714 0.0380952380952381
1 0.545 0.8795238095238095 0.018571428571428572 0.037142857142857144
1 0.054642857142857146 0.669047619047619 0.020714285714285713 0.035238095238095235
1 0.015357142857142857 0.7242857142857143 0.020714285714285713 0.03142857142857143
1 0.095 0.6019047619047619 0.017142857142857144 0.03238095238095238
9 0.054642857142857146 0.6742857142857143 0.03214285714285714 0.04380952380952381
9 0.0175 0.7266666666666667 0.035 0.04
0 0.09464285714285714 0.6090476190476191 0.012142857142857143 0.03142857142857143
0 0.0575 0.5947619047619047 0.015 0.037142857142857144
0 0.11714285714285715 0.4 0.007142857142857143 0.015238095238095238
0 0.12892857142857142 0.3995238095238095 0.0064285714285714285 0.012380952380952381
9 0.13178571428571428 0.4076190476190476 0.012142857142857143 0.009523809523809525
9 0.14392857142857143 0.4076190476190476 0.010714285714285714 0.011428571428571429
9 0.23142857142857143 0.41904761904761906 0.01 0.015238095238095238
9 0.2525 0.4123809523809524 0.007857142857142858 0.009523809523809525
9 0.2671428571428571 0.4219047619047619 0.012857142857142857 0.009523809523809525
9 0.2567857142857143 0.4238095238095238 0.009285714285714286 0.011428571428571429
9 0.2914285714285714 0.4042857142857143 0.005714285714285714 0.012380952380952381
9 0.3221428571428571 0.4066666666666667 0.01 0.017142857142857144
2 0.2671428571428571 0.39714285714285713 0.007142857142857143 0.015238095238095238
0 0.38035714285714284 0.42666666666666664 0.005 0.017142857142857144
1 0.39464285714285713 0.44476190476190475 0.005 0.017142857142857144
1 0.4725 0.439047619047619 0.005 0.017142857142857144
1 0.4853571428571429 0.43476190476190474 0.005 0.014285714285714285
1 0.4875 0.43476190476190474 0.0035714285714285713 0.012380952380952381
1 0.49535714285714283 0.42952380952380953 0.005 0.015238095238095238
1 0.5046428571428572 0.43142857142857144 0.007857142857142858 0.01904761904761905
1 0.5175 0.4319047619047619 0.005 0.018095238095238095
1 0.5239285714285714 0.42523809523809525 0.0064285714285714285 0.018095238095238095
1 0.5071428571428571 0.4238095238095238 0.007142857142857143 0.017142857142857144
0 0.5139285714285714 0.40476190476190477 0.0035714285714285713 0.017142857142857144
1 0.5346428571428572 0.4147619047619048 0.005 0.012380952380952381
9 0.48642857142857143 0.4114285714285714 0.012857142857142857 0.011428571428571429
9 0.5 0.37523809523809526 0.01 0.009523809523809525
9 0.395 0.4519047619047619 0.014285714285714285 0.012380952380952381
9 0.47214285714285714 0.4423809523809524 0.007142857142857143 0.012380952380952381
9 0.48642857142857143 0.43952380952380954 0.008571428571428572 0.014285714285714285
9 0.49535714285714283 0.43523809523809526 0.007857142857142858 0.013333333333333332
9 0.5046428571428572 0.43476190476190474 0.007857142857142858 0.012380952380952381
9 0.5171428571428571 0.43523809523809526 0.007142857142857143 0.013333333333333332
9 0.5125 0.43142857142857144 0.007857142857142858 0.013333333333333332
9 0.5067857142857143 0.42714285714285716 0.009285714285714286 0.012380952380952381
9 0.5228571428571429 0.42952380952380953 0.005714285714285714 0.013333333333333332
9 0.5346428571428572 0.42 0.005 0.011428571428571429
1 0.5125 0.4247619047619048 0.005 0.015238095238095238
0 0.5596428571428571 0.38 0.005 0.015238095238095238
9 0.5625 0.3638095238095238 0.005 0.009523809523809525
9 0.5721428571428572 0.3619047619047619 0.007142857142857143 0.015238095238095238
2 0.6164285714285714 0.3442857142857143 0.007142857142857143 0.004761904761904762
0 0.6296428571428572 0.3442857142857143 0.002142857142857143 0.012380952380952381
0 0.6346428571428572 0.3442857142857143 0.002142857142857143 0.010476190476190476
9 0.6339285714285714 0.35428571428571426 0.005 0.007619047619047619
1 0.6342857142857142 0.3519047619047619 0.002857142857142857 0.010476190476190476
1 0.5814285714285714 0.39666666666666667 0.004285714285714286 0.010476190476190476
1 0.5796428571428571 0.3871428571428571 0.005 0.012380952380952381
9 0.5792857142857143 0.3919047619047619 0.007142857142857143 0.008571428571428572
9 0.5817857142857142 0.40190476190476193 0.0064285714285714285 0.009523809523809525
9 0.5996428571428571 0.34904761904761905 0.007857142857142858 0.006666666666666666
9 0.5892857142857143 0.34904761904761905 0.007142857142857143 0.006666666666666666
1 0.6928571428571428 0.3219047619047619 0.002857142857142857 0.005714285714285714
1 0.6971428571428572 0.3223809523809524 0.002857142857142857 0.008571428571428572
9 0.6925 0.3242857142857143 0.0035714285714285713 0.004761904761904762
9 0.6971428571428572 0.32666666666666666 0.004285714285714286 0.007619047619047619
0 0.8689285714285714 0.3595238095238095 0.005 0.010476190476190476
1 0.8389285714285715 0.30142857142857143 0.002142857142857143 0.004761904761904762
1 0.8271428571428572 0.3342857142857143 0.002857142857142857 0.007619047619047619
9 0.8271428571428572 0.33714285714285713 0.004285714285714286 0.007619047619047619
0 0.8328571428571429 0.3423809523809524 0.004285714285714286 0.012380952380952381
1 0.8125 0.36238095238095236 0.0035714285714285713 0.010476190476190476
9 0.8139285714285714 0.36523809523809525 0.005 0.010476190476190476
1 0.7821428571428571 0.39714285714285713 0.004285714285714286 0.009523809523809525
9 0.7817857142857143 0.40190476190476193 0.0064285714285714285 0.009523809523809525
1 0.8317857142857142 0.46476190476190476 0.012142857142857143 0.015238095238095238
1 0.7542857142857143 0.439047619047619 0.007142857142857143 0.015238095238095238
9 0.7546428571428572 0.44476190476190475 0.007857142857142858 0.015238095238095238
0 0.78 0.4238095238095238 0.004285714285714286 0.01904761904761905
1 0.8146428571428571 0.5152380952380953 0.010714285714285714 0.01904761904761905
9 0.8121428571428572 0.5238095238095238 0.025714285714285714 0.015238095238095238
1 0.8142857142857143 0.5323809523809524 0.012857142857142857 0.024761904761904763
9 0.815 0.5395238095238095 0.011428571428571429 0.02
1 0.82 0.53 0.007142857142857143 0.02
1 0.8146428571428571 0.5119047619047619 0.007857142857142858 0.012380952380952381
9 0.8171428571428572 0.5176190476190476 0.017142857142857144 0.012380952380952381
1 0.8717857142857143 0.5319047619047619 0.012142857142857143 0.02761904761904762
9 0.8717857142857143 0.5366666666666666 0.020714285714285713 0.021904761904761906
1 0.85 0.4738095238095238 0.007142857142857143 0.01619047619047619
1 0.8728571428571429 0.4838095238095238 0.01 0.015238095238095238
1 0.8846428571428572 0.4866666666666667 0.012142857142857143 0.015238095238095238
1 0.8546428571428571 0.4742857142857143 0.007857142857142858 0.015238095238095238
1 0.6692857142857143 0.4919047619047619 0.01 0.02
9 0.6675 0.49476190476190474 0.023571428571428573 0.021904761904761906
1 0.6346428571428572 0.5614285714285714 0.010714285714285714 0.023809523809523808
9 0.6342857142857142 0.5695238095238095 0.022857142857142857 0.022857142857142857
1 0.9839285714285714 0.5095238095238095 0.012142857142857143 0.01904761904761905
6 0.7714285714285715 0.37238095238095237 0.01 0.009523809523809525
