3 0.6664285714285715 0.5031725888324873 0.041428571428571426 0.12055837563451775
4 0.5342857142857143 0.4612944162436548 0.05857142857142857 0.06218274111675126
3 0.5267857142857143 0.40609137055837563 0.056428571428571425 0.06091370558375634
4 0.48392857142857143 0.3229695431472081 0.047857142857142855 0.09771573604060912
3 0.46035714285714285 0.28236040609137053 0.04214285714285714 0.09010152284263959
3 0.4375 0.2531725888324873 0.047857142857142855 0.09010152284263959
5 0.415 0.20304568527918782 0.07571428571428572 0.15989847715736039
3 0.3875 0.18337563451776648 0.045 0.08248730964467005
4 0.36642857142857144 0.14784263959390861 0.055714285714285716 0.11040609137055837
3 0.3425 0.11928934010152284 0.045 0.08121827411167512
3 0.34535714285714286 0.47715736040609136 0.06357142857142857 0.048223350253807105
3 0.35 0.5336294416243654 0.05285714285714286 0.04441624365482233
3 0.3514285714285714 0.5901015228426395 0.06142857142857143 0.04568527918781726
3 0.34964285714285714 0.6440355329949238 0.05785714285714286 0.03934010152284264
0 0.30785714285714283 0.42576142131979694 0.01 0.016497461928934008
3 0.2692857142857143 0.7626903553299492 0.04 0.11167512690355329
3 0.345 0.70748730964467 0.05714285714285714 0.04441624365482233
8 0.25142857142857145 0.6015228426395939 0.02857142857142857 0.11167512690355329
0 0.23 0.42195431472081213 0.01 0.013959390862944161
3 0.26 0.33312182741116747 0.03 0.11548223350253806
3 0.26285714285714284 0.08883248730964466 0.025714285714285714 0.10152284263959391
