3 0.8864285714285715 0.1516497461928934 0.045714285714285714 0.08248730964467005
0 0.47928571428571426 0.5412436548223349 0.012857142857142857 0.03426395939086294
0 0.43214285714285716 0.6192893401015228 0.012857142857142857 0.02284263959390863
0 0.45 0.6611675126903552 0.01 0.025380710659898477
0 0.44 0.574238578680203 0.007142857142857143 0.013959390862944161
0 0.5746428571428571 0.641497461928934 0.012142857142857143 0.031725888324873094
0 0.5875 0.5044416243654822 0.009285714285714286 0.03680203045685279
0 0.595 0.5006345177664975 0.01 0.03680203045685279
0 0.7103571428571429 0.5558375634517766 0.009285714285714286 0.032994923857868015
0 0.58 0.42068527918781723 0.01 0.03680203045685279
0 0.5917857142857142 0.3927664974619289 0.007857142857142858 0.03426395939086294
0 0.41964285714285715 0.5019035532994923 0.009285714285714286 0.031725888324873094
0 0.425 0.4213197969543147 0.011428571428571429 0.03045685279187817
0 0.42714285714285716 0.38515228426395937 0.01 0.031725888324873094
0 0.4317857142857143 0.3356598984771573 0.009285714285714286 0.031725888324873094
0 0.435 0.2906091370558375 0.008571428571428572 0.035532994923857864
0 0.43642857142857144 0.282994923857868 0.005714285714285714 0.032994923857868015
0 0.4375 0.23223350253807104 0.007857142857142858 0.032994923857868015
0 0.44392857142857145 0.2246192893401015 0.009285714285714286 0.03045685279187817
0 0.5667857142857143 0.049492385786802026 0.010714285714285714 0.032994923857868015
0 0.46464285714285714 0.10977157360406091 0.005 0.031725888324873094
