9 0.485 0.9252380952380952 0.018571428571428572 0.06952380952380953
1 0.485 0.9147619047619048 0.02 0.037142857142857144
8 0.5225 0.7219047619047619 0.045 0.13523809523809524
8 0.43464285714285716 0.6495238095238095 0.062142857142857146 0.2019047619047619
3 0.5021428571428571 0.4747619047619048 0.022857142857142857 0.04285714285714286
7 0.42 0.4695238095238095 0.017142857142857144 0.0380952380952381
1 0.41928571428571426 0.45476190476190476 0.004285714285714286 0.012380952380952381
1 0.42214285714285715 0.44952380952380955 0.002857142857142857 0.007619047619047619
9 0.4675 0.38476190476190475 0.005 0.01904761904761905
9 0.46 0.3719047619047619 0.007142857142857143 0.02
1 0.4675 0.3819047619047619 0.0035714285714285713 0.009523809523809525
1 0.45964285714285713 0.3719047619047619 0.005 0.012380952380952381
0 0.4367857142857143 0.4195238095238095 0.005 0.02
0 0.3975 0.4142857142857143 0.0035714285714285713 0.015238095238095238
0 0.40964285714285714 0.42142857142857143 0.005 0.02
0 0.4142857142857143 0.40904761904761905 0.004285714285714286 0.01619047619047619
1 0.4025 0.2895238095238095 0.005 0.009523809523809525
9 0.4903571428571429 0.24476190476190476 0.002142857142857143 0.007619047619047619
9 0.48392857142857143 0.2538095238095238 0.002142857142857143 0.008571428571428572
1 0.49 0.2438095238095238 0.0014285714285714286 0.0038095238095238095
8 0.8825 0.7242857142857143 0.045 0.06380952380952382
7 0.7521428571428571 0.4695238095238095 0.02 0.015238095238095238
1 0.7503571428571428 0.4623809523809524 0.005 0.012380952380952381
1 0.6892857142857143 0.3871428571428571 0.007142857142857143 0.02
7 0.6892857142857143 0.38952380952380955 0.007142857142857143 0.009523809523809525
3 0.6646428571428571 0.39476190476190476 0.02214285714285714 0.023809523809523808
4 0.6321428571428571 0.3519047619047619 0.02 0.029523809523809525
5 0.62 0.319047619047619 0.017142857142857144 0.03238095238095238
0 0.6875 0.2966666666666667 0.005 0.012380952380952381
2 0.6875 0.29714285714285715 0.0035714285714285713 0.007619047619047619
3 0.6914285714285714 0.27476190476190476 0.018571428571428572 0.010476190476190476
3 0.5814285714285714 0.25761904761904764 0.007142857142857143 0.010476190476190476
3 0.5853571428571429 0.24952380952380954 0.007857142857142858 0.007619047619047619
5 0.5767857142857142 0.23 0.012142857142857143 0.018095238095238095
5 0.68 0.26142857142857145 0.024285714285714285 0.01619047619047619
8 0.6792857142857143 0.2571428571428571 0.025714285714285714 0.015238095238095238
