3 0.8514285714285714 0.6808375634517766 0.03 0.04695431472081218
3 0.8246428571428571 0.6681472081218274 0.029285714285714286 0.029187817258883246
3 0.7875 0.6706852791878172 0.03214285714285714 0.029187817258883246
3 0.7664285714285715 0.6376903553299492 0.03142857142857143 0.024111675126903553
3 0.7146428571428571 0.6637055837563451 0.029285714285714286 0.027918781725888322
3 0.7203571428571428 0.5901015228426395 0.03214285714285714 0.03045685279187817
8 0.8989285714285714 0.6129441624365481 0.047857142857142855 0.03045685279187817
5 0.41035714285714286 0.4486040609137055 0.05785714285714286 0.04187817258883248
3 0.4089285714285714 0.4149746192893401 0.027857142857142858 0.03045685279187817
3 0.36964285714285716 0.40038071065989844 0.02214285714285714 0.029187817258883246
3 0.33714285714285713 0.38071065989847713 0.027142857142857142 0.027918781725888322
3 0.29928571428571427 0.36865482233502533 0.025714285714285714 0.026649746192893398
3 0.3117857142857143 0.4232233502538071 0.027857142857142858 0.026649746192893398
3 0.2571428571428571 0.3546954314720812 0.03 0.026649746192893398
3 0.29464285714285715 0.3343908629441624 0.03214285714285714 0.031725888324873094
3 0.265 0.32741116751269034 0.03 0.025380710659898477
3 0.1742857142857143 0.31916243654822335 0.03 0.026649746192893398
3 0.11214285714285714 0.3178934010152284 0.03 0.026649746192893398
4 0.1417857142857143 0.3178934010152284 0.029285714285714286 0.026649746192893398
3 0.075 0.21763959390862941 0.014285714285714285 0.04187817258883248
3 0.20285714285714285 0.31916243654822335 0.02857142857142857 0.026649746192893398
3 0.23464285714285715 0.3229695431472081 0.027857142857142858 0.026649746192893398
