3 0.8121428571428572 0.8695238095238095 0.16 0.13333333333333333
3 0.9271428571428572 0.6947619047619048 0.11285714285714285 0.08857142857142856
3 0.87 0.6395238095238095 0.09714285714285714 0.07333333333333333
2 0.2775 0.52 0.015 0.030476190476190476
2 0.28714285714285714 0.5371428571428571 0.03428571428571429 0.030476190476190476
1 0.12392857142857143 0.65 0.025 0.04476190476190476
0 0.37035714285714283 0.4990476190476191 0.009285714285714286 0.03238095238095238
3 0.3817857142857143 0.4919047619047619 0.05071428571428571 0.06761904761904762
4 0.5003571428571428 0.4747619047619048 0.04214285714285714 0.06
3 0.4767857142857143 0.43714285714285717 0.03785714285714286 0.045714285714285714
3 0.42928571428571427 0.4195238095238095 0.03428571428571429 0.05238095238095238
3 0.5075 0.3523809523809524 0.027857142857142858 0.026666666666666665
3 0.5221428571428571 0.33666666666666667 0.04285714285714286 0.025714285714285714
0 0.47285714285714286 0.3142857142857143 0.008571428571428572 0.017142857142857144
3 0.4828571428571429 0.30238095238095236 0.037142857142857144 0.023809523809523808
3 0.3525 0.31952380952380954 0.027857142857142858 0.025714285714285714
3 0.34214285714285714 0.30904761904761907 0.027142857142857142 0.023809523809523808
3 0.32392857142857145 0.29714285714285715 0.02642857142857143 0.030476190476190476
3 0.305 0.2842857142857143 0.024285714285714285 0.021904761904761906
3 0.355 0.29523809523809524 0.03 0.024761904761904763
3 0.3742857142857143 0.2795238095238095 0.02857142857142857 0.02
4 0.315 0.26761904761904765 0.032857142857142856 0.03238095238095238
0 0.45 0.2619047619047619 0.007142857142857143 0.015238095238095238
9 0.5746428571428571 0.46 0.019285714285714285 0.03238095238095238
1 0.5714285714285714 0.4542857142857143 0.015714285714285715 0.024761904761904763
1 0.6771428571428572 0.5323809523809524 0.015714285714285715 0.030476190476190476
9 0.6742857142857143 0.54 0.03571428571428571 0.02857142857142857
2 0.81 0.6138095238095238 0.037142857142857144 0.03333333333333333
2 0.8064285714285714 0.5947619047619047 0.03857142857142857 0.029523809523809525
1 0.8078571428571428 0.5847619047619048 0.022857142857142857 0.0380952380952381
1 0.8139285714285714 0.6023809523809524 0.02214285714285714 0.039047619047619046
3 0.795 0.5295238095238095 0.07714285714285714 0.05333333333333333
3 0.8167857142857143 0.4895238095238095 0.056428571428571425 0.05714285714285714
3 0.7878571428571428 0.44952380952380955 0.08714285714285715 0.045714285714285714
3 0.9189285714285714 0.5119047619047619 0.075 0.04476190476190476
2 0.8796428571428572 0.49952380952380954 0.02214285714285714 0.02
4 0.8571428571428571 0.45476190476190476 0.05714285714285714 0.05238095238095238
4 0.9353571428571429 0.4742857142857143 0.07642857142857143 0.05904761904761905
3 0.865 0.4471428571428571 0.06 0.04476190476190476
3 0.9075 0.44476190476190475 0.055 0.03619047619047619
3 0.9621428571428572 0.46714285714285714 0.06 0.054285714285714284
3 0.9571428571428572 0.41714285714285715 0.054285714285714284 0.03428571428571429
3 0.97 0.43714285714285717 0.05857142857142857 0.03428571428571429
1 0.9875 0.5571428571428572 0.010714285714285714 0.024761904761904763
