3 0.8667857142857143 0.8445431472081217 0.03785714285714286 0.06979695431472081
8 0.7996428571428571 0.6510152284263959 0.035 0.07360406091370558
3 0.695 0.7258883248730964 0.02 0.04060913705583756
3 0.7242857142857143 0.6605329949238579 0.02 0.03426395939086294
3 0.6475 0.6218274111675126 0.017857142857142856 0.035532994923857864
3 0.6246428571428572 0.48477157360406087 0.017857142857142856 0.02284263959390863
3 0.6953571428571429 0.42195431472081213 0.013571428571428571 0.024111675126903553
3 0.6289285714285714 0.40164974619289334 0.013571428571428571 0.016497461928934008
3 0.6053571428571428 0.3781725888324873 0.010714285714285714 0.02030456852791878
3 0.6175 0.3635786802030457 0.012142857142857143 0.013959390862944161
3 0.6517857142857143 0.357233502538071 0.012142857142857143 0.013959390862944161
3 0.5896428571428571 0.32170050761421315 0.010714285714285714 0.011421319796954314
3 0.6025 0.32170050761421315 0.009285714285714286 0.013959390862944161
3 0.6089285714285714 0.3045685279187817 0.009285714285714286 0.01015228426395939
3 0.595 0.3032994923857868 0.008571428571428572 0.01015228426395939
3 0.6553571428571429 0.3375634517766497 0.007857142857142858 0.02030456852791878
3 0.6314285714285715 0.29505076142131975 0.008571428571428572 0.013959390862944161
3 0.6525 0.3096446700507614 0.012142857142857143 0.02030456852791878
3 0.6125 0.266497461928934 0.010714285714285714 0.017766497461928932
3 0.6067857142857143 0.24555837563451774 0.009285714285714286 0.013959390862944161
1 0.5964285714285714 0.2798223350253807 0.002857142857142857 0.0038071065989847713
9 0.5967857142857143 0.28236040609137053 0.005 0.008883248730964466
5 0.6625 0.5241116751269035 0.030714285714285715 0.09644670050761421
