5 0.715 0.28045685279187815 0.04285714285714286 0.10406091370558375
4 0.8242857142857143 0.5374365482233502 0.04285714285714286 0.08248730964467005
3 0.5896428571428571 0.08883248730964466 0.025 0.05837563451776649
3 0.7175 0.6110406091370558 0.03642857142857143 0.08756345177664974
3 0.5714285714285714 0.37182741116751267 0.025714285714285714 0.06598984771573603
0 0.1875 0.013959390862944161 0.005 0.02284263959390863
0 0.21535714285714286 0.005710659898477157 0.005 0.011421319796954314
0 0.2725 0.0069796954314720805 0.005 0.013959390862944161
0 0.24714285714285714 0.06535532994923858 0.002857142857142857 0.021573604060913704
0 0.325 0.5964467005076142 0.004285714285714286 0.017766497461928932
0 0.5114285714285715 0.34581218274111675 0.005714285714285714 0.026649746192893398
0 0.35892857142857143 0.4676395939086294 0.0035714285714285713 0.013959390862944161
0 0.4767857142857143 0.04378172588832487 0.0035714285714285713 0.019035532994923856
8 0.4325 0.10342639593908629 0.08357142857142857 0.20685279187817257
0 0.6767857142857143 0.04378172588832487 0.005 0.016497461928934008
0 0.6578571428571428 0.10596446700507614 0.004285714285714286 0.013959390862944161
0 0.6528571428571428 0.10215736040609136 0.002857142857142857 0.011421319796954314
4 0.675 0.23857868020304568 0.027142857142857142 0.06091370558375634
0 0.6903571428571429 0.19416243654822332 0.0035714285714285713 0.017766497461928932
0 0.6867857142857143 0.19289340101522842 0.0035714285714285713 0.012690355329949238
0 0.72 0.22017766497461927 0.002857142857142857 0.016497461928934008
0 0.7228571428571429 0.2214467005076142 0.002857142857142857 0.019035532994923856
0 0.7321428571428571 0.22271573604060912 0.002857142857142857 0.016497461928934008
0 0.7271428571428571 0.22335025380710657 0.002857142857142857 0.012690355329949238
0 0.9742857142857143 0.5399746192893401 0.011428571428571429 0.024111675126903553
1 0.8839285714285714 0.5964467005076142 0.0064285714285714285 0.02284263959390863
1 0.8939285714285714 0.6034263959390862 0.0064285714285714285 0.011421319796954314
1 0.8892857142857142 0.5704314720812182 0.007142857142857143 0.016497461928934008
1 0.8967857142857143 0.631979695431472 0.007857142857142858 0.012690355329949238
1 0.8925 0.6135786802030456 0.005 0.008883248730964466
0 0.84 0.28236040609137053 0.002857142857142857 0.016497461928934008
