5 0.4825 0.6247619047619047 0.075 0.06476190476190476
5 0.7046428571428571 0.7571428571428571 0.07214285714285715 0.06476190476190476
5 0.20964285714285713 0.4638095238095238 0.07214285714285715 0.06666666666666667
5 0.29035714285714287 0.5366666666666666 0.07214285714285715 0.06
7 0.6367857142857143 0.7147619047619047 0.03785714285714286 0.039047619047619046
3 0.5696428571428571 0.6166666666666667 0.03785714285714286 0.03333333333333333
3 0.5271428571428571 0.589047619047619 0.025714285714285714 0.037142857142857144
5 0.4342857142857143 0.5014285714285714 0.03142857142857143 0.025714285714285714
9 0.485 0.5552380952380952 0.007142857142857143 0.017142857142857144
9 0.49178571428571427 0.5595238095238095 0.005 0.018095238095238095
9 0.5271428571428571 0.5414285714285715 0.012857142857142857 0.012380952380952381
9 0.4392857142857143 0.5542857142857143 0.004285714285714286 0.015238095238095238
9 0.49 0.5271428571428571 0.011428571428571429 0.010476190476190476
9 0.5303571428571429 0.6419047619047619 0.016428571428571428 0.013333333333333332
1 0.5303571428571429 0.6419047619047619 0.005 0.017142857142857144
0 0.47964285714285715 0.5352380952380953 0.005 0.011428571428571429
4 0.3392857142857143 0.43 0.02 0.02
3 0.2764285714285714 0.5023809523809524 0.027142857142857142 0.021904761904761906
3 0.42214285714285715 0.5976190476190476 0.032857142857142856 0.02761904761904762
3 0.3821428571428571 0.5719047619047619 0.032857142857142856 0.029523809523809525
3 0.3425 0.549047619047619 0.030714285714285715 0.03142857142857143
3 0.3117857142857143 0.5247619047619048 0.027857142857142858 0.022857142857142857
8 0.565 0.6742857142857143 0.06142857142857143 0.05714285714285714
6 0.8425 0.8142857142857143 0.04928571428571429 0.03619047619047619
1 0.835 0.8023809523809524 0.01 0.018095238095238095
1 0.9342857142857143 0.8371428571428572 0.012857142857142857 0.017142857142857144
3 0.22964285714285715 0.2695238095238095 0.017857142857142856 0.013333333333333332
3 0.12964285714285714 0.4076190476190476 0.02214285714285714 0.015238095238095238
3 0.15 0.26666666666666666 0.01 0.015238095238095238
3 0.16214285714285714 0.2619047619047619 0.01 0.015238095238095238
3 0.1742857142857143 0.2619047619047619 0.011428571428571429 0.011428571428571429
3 0.20035714285714284 0.2519047619047619 0.012142857142857143 0.010476190476190476
3 0.1375 0.27 0.007857142857142858 0.012380952380952381
3 0.12428571428571429 0.2742857142857143 0.008571428571428572 0.013333333333333332
3 0.1875 0.2695238095238095 0.019285714285714285 0.015238095238095238
4 0.13464285714285715 0.3142857142857143 0.017857142857142856 0.015238095238095238
3 0.12214285714285714 0.3142857142857143 0.017142857142857144 0.017142857142857144
6 0.25 0.2671428571428571 0.01 0.012380952380952381
5 0.19785714285714287 0.2866666666666667 0.02142857142857143 0.022857142857142857
5 0.1875 0.2819047619047619 0.025 0.017142857142857144
8 0.1625 0.30428571428571427 0.03642857142857143 0.03333333333333333
3 0.2117857142857143 0.24714285714285714 0.007857142857142858 0.014285714285714285
4 0.18714285714285714 0.23666666666666666 0.012857142857142857 0.012380952380952381
4 0.19214285714285714 0.23142857142857143 0.012857142857142857 0.011428571428571429
3 0.15035714285714286 0.2519047619047619 0.015 0.012380952380952381
3 0.15964285714285714 0.24904761904761905 0.015 0.012380952380952381
3 0.16964285714285715 0.24476190476190476 0.015 0.009523809523809525
3 0.17785714285714285 0.23952380952380953 0.014285714285714285 0.010476190476190476
3 0.20535714285714285 0.23 0.013571428571428571 0.010476190476190476
0 0.07785714285714286 0.36523809523809525 0.007142857142857143 0.010476190476190476
0 0.09142857142857143 0.31952380952380954 0.005714285714285714 0.010476190476190476
2 0.1467857142857143 0.35428571428571426 0.007857142857142858 0.007619047619047619
1 0.145 0.35 0.007142857142857143 0.006666666666666666
1 0.052142857142857144 0.3466666666666667 0.002857142857142857 0.009523809523809525
9 0.0525 0.34714285714285714 0.010714285714285714 0.006666666666666666
0 0.037142857142857144 0.34904761904761905 0.007142857142857143 0.012380952380952381
3 0.03964285714285714 0.2995238095238095 0.025 0.012380952380952381
3 0.06 0.2823809523809524 0.017142857142857144 0.012380952380952381
3 0.8396428571428571 0.8419047619047619 0.062142857142857146 0.049523809523809526
3 0.9267857142857143 0.9019047619047619 0.06642857142857143 0.05142857142857143
3 0.7725 0.78 0.052142857142857144 0.04
4 0.8239285714285715 0.7447619047619047 0.039285714285714285 0.04380952380952381
0 0.9367857142857143 0.77 0.009285714285714286 0.01619047619047619
0 0.7503571428571428 0.6776190476190476 0.007857142857142858 0.012380952380952381
1 0.6446428571428572 0.6147619047619047 0.007857142857142858 0.010476190476190476
1 0.7346428571428572 0.6571428571428571 0.005 0.015238095238095238
2 0.7339285714285714 0.6595238095238095 0.015 0.014285714285714285
7 0.6446428571428572 0.611904761904762 0.017857142857142856 0.02
9 0.6364285714285715 0.5966666666666667 0.015714285714285715 0.02
3 0.7242857142857143 0.5 0.018571428571428572 0.03238095238095238
3 0.7321428571428571 0.5719047619047619 0.02 0.029523809523809525
3 0.7221428571428572 0.6019047619047619 0.017142857142857144 0.03238095238095238
0 0.095 0.6247619047619047 0.011428571428571429 0.017142857142857144
0 0.04928571428571429 0.64 0.008571428571428572 0.013333333333333332
1 0.04 0.6438095238095238 0.005714285714285714 0.011428571428571429
