4 0.353 0.9813333333333333 0.115 0.036
4 0.39975 0.7846666666666666 0.17250000000000001 0.16799999999999998
3 0.47775 0.706 0.035500000000000004 0.032
3 0.5317500000000001 0.6856666666666666 0.051500000000000004 0.05266666666666667
3 0.57575 0.6916666666666667 0.051500000000000004 0.06066666666666667
3 0.66225 0.7236666666666667 0.0525 0.048666666666666664
5 0.73825 0.6036666666666667 0.0645 0.062
3 0.774 0.6146666666666667 0.038 0.04133333333333333
3 0.687 0.5816666666666667 0.031 0.03133333333333333
3 0.717 0.5656666666666667 0.019 0.026
5 0.7515000000000001 0.5326666666666666 0.057 0.05733333333333333
3 0.83625 0.5376666666666666 0.0185 0.019333333333333334
8 0.8320000000000001 0.507 0.038 0.038
3 0.92525 0.5116666666666666 0.035500000000000004 0.019333333333333334
3 0.96525 0.516 0.0345 0.016
5 0.87225 0.46266666666666667 0.0165 0.022666666666666665
5 0.891 0.4676666666666667 0.026000000000000002 0.022
8 0.9137500000000001 0.451 0.0195 0.022
3 0.897 0.44966666666666666 0.019 0.015333333333333332
3 0.9385 0.45366666666666666 0.01 0.011333333333333332
3 0.93925 0.43066666666666664 0.0105 0.009333333333333332
3 0.93425 0.43966666666666665 0.0075 0.008666666666666666
3 0.9275 0.44366666666666665 0.008 0.01
0 0.967 0.46166666666666667 0.006 0.016666666666666666
