4 0.11535714285714285 0.8790476190476191 0.23214285714285715 0.17142857142857143
3 0.055357142857142855 0.6342857142857142 0.11214285714285714 0.09523809523809523
3 0.15714285714285714 0.5 0.12 0.08
3 0.2978571428571429 0.62 0.12857142857142856 0.09714285714285714
3 0.4496428571428571 0.7519047619047619 0.16785714285714284 0.12285714285714286
3 0.5514285714285714 0.6319047619047619 0.15428571428571428 0.1
3 0.8303571428571429 0.7123809523809523 0.185 0.09523809523809523
3 0.805 0.6052380952380952 0.15 0.09047619047619047
4 0.7878571428571428 0.8771428571428571 0.21857142857142858 0.16
0 0.3489285714285714 0.4990476190476191 0.02642857142857143 0.06285714285714286
1 0.041428571428571426 0.5314285714285715 0.02142857142857143 0.03428571428571429
1 0.49178571428571427 0.52 0.016428571428571428 0.05333333333333333
2 0.49535714285714283 0.5347619047619048 0.052142857142857144 0.04476190476190476
6 0.054285714285714284 0.5395238095238095 0.07428571428571429 0.05047619047619047
3 0.22892857142857143 0.40904761904761905 0.10642857142857143 0.06761904761904762
3 0.3925 0.4066666666666667 0.10214285714285715 0.06476190476190476
3 0.52 0.4038095238095238 0.09714285714285714 0.0761904761904762
2 0.5064285714285715 0.4471428571428571 0.055714285714285716 0.035238095238095235
2 0.37 0.439047619047619 0.047142857142857146 0.03619047619047619
3 0.09642857142857143 0.40190476190476193 0.11142857142857143 0.08761904761904762
3 0.0475 0.39666666666666667 0.09357142857142857 0.08857142857142856
3 0.2342857142857143 0.3 0.055714285714285716 0.08
3 0.2839285714285714 0.2947619047619048 0.062142857142857146 0.07904761904761905
3 0.33214285714285713 0.3019047619047619 0.054285714285714284 0.06857142857142857
3 0.3792857142857143 0.30428571428571427 0.05714285714285714 0.07714285714285714
3 0.42428571428571427 0.3076190476190476 0.047142857142857146 0.07428571428571429
3 0.4664285714285714 0.31666666666666665 0.041428571428571426 0.07523809523809524
3 0.5146428571428572 0.3119047619047619 0.04214285714285714 0.09047619047619047
4 0.5642857142857143 0.31666666666666665 0.04857142857142857 0.08476190476190476
0 0.41928571428571426 0.3438095238095238 0.018571428571428572 0.0419047619047619
3 0.8264285714285714 0.2795238095238095 0.08428571428571428 0.054285714285714284
3 0.8096428571428571 0.25952380952380955 0.08214285714285714 0.054285714285714284
3 0.8067857142857143 0.24523809523809523 0.08642857142857142 0.04666666666666667
3 0.8189285714285715 0.2342857142857143 0.06928571428571428 0.05523809523809524
4 0.8467857142857143 0.19476190476190477 0.07071428571428572 0.06
4 0.8417857142857142 0.17761904761904762 0.06928571428571428 0.04285714285714286
4 0.8471428571428572 0.17142857142857143 0.05714285714285714 0.04380952380952381
4 0.8467857142857143 0.16380952380952382 0.065 0.049523809523809526
4 0.8446428571428571 0.14952380952380953 0.05785714285714286 0.04
3 0.8464285714285714 0.1419047619047619 0.05714285714285714 0.03428571428571429
0 0.9042857142857142 0.16476190476190475 0.011428571428571429 0.03238095238095238
0 0.9153571428571429 0.16904761904761906 0.012142857142857143 0.03142857142857143
4 0.9175 0.12476190476190477 0.027857142857142858 0.0419047619047619
3 0.9396428571428571 0.09428571428571429 0.025 0.03238095238095238
3 0.91 0.0919047619047619 0.018571428571428572 0.029523809523809525
3 0.9842857142857143 0.15761904761904763 0.03 0.039047619047619046
0 0.975 0.20238095238095238 0.017142857142857144 0.039047619047619046
3 0.9892857142857143 0.06761904761904762 0.02 0.024761904761904763
3 0.9796428571428571 0.03142857142857143 0.017857142857142856 0.02095238095238095
3 0.95 0.025238095238095237 0.022857142857142857 0.018095238095238095
0 0.9625 0.007142857142857143 0.005 0.014285714285714285
0 0.9503571428571429 0.017142857142857144 0.0064285714285714285 0.015238095238095238
0 0.915 0.02761904761904762 0.004285714285714286 0.017142857142857144
0 0.9092857142857143 0.04238095238095238 0.007142857142857143 0.02
0 0.9117857142857143 0.05523809523809524 0.010714285714285714 0.02095238095238095
0 0.9067857142857143 0.04238095238095238 0.005 0.02
0 0.8971428571428571 0.04238095238095238 0.005714285714285714 0.02
0 0.9 0.04238095238095238 0.005714285714285714 0.02
1 0.89 0.06761904761904762 0.007142857142857143 0.015238095238095238
1 0.8946428571428572 0.01904761904761905 0.005 0.013333333333333332
2 0.8928571428571429 0.021904761904761906 0.007142857142857143 0.009523809523809525
9 0.8896428571428572 0.07476190476190477 0.007857142857142858 0.01619047619047619
9 0.8478571428571429 0.08476190476190476 0.02 0.015238095238095238
3 0.9175 0.06904761904761905 0.017857142857142856 0.025714285714285714
3 0.9128571428571428 0.007142857142857143 0.014285714285714285 0.014285714285714285
