3 0.4675 0.6021573604060914 0.017857142857142856 0.0748730964467005
3 0.39964285714285713 0.557741116751269 0.017857142857142856 0.06472081218274112
3 0.43785714285714283 0.34835025380710655 0.015714285714285715 0.05456852791878172
3 0.48 0.3166243654822335 0.015714285714285715 0.05456852791878172
3 0.42964285714285716 0.12563451776649745 0.015 0.03807106598984771
3 0.4589285714285714 0.9638324873096445 0.020714285714285713 0.06979695431472081
3 0.5096428571428572 0.012055837563451776 0.012142857142857143 0.024111675126903553
3 0.5292857142857142 0.7544416243654821 0.022857142857142857 0.08502538071065989
3 0.715 0.26015228426395937 0.047142857142857146 0.032994923857868015
3 0.7617857142857143 0.2614213197969543 0.039285714285714285 0.03045685279187817
4 0.8039285714285714 0.2633248730964467 0.04071428571428572 0.03426395939086294
3 0.8492857142857143 0.2595177664974619 0.04428571428571428 0.03680203045685279
3 0.9128571428571428 0.21573604060913704 0.04 0.03045685279187817
3 0.9692857142857143 0.21763959390862941 0.037142857142857144 0.024111675126903553
3 0.8196428571428571 0.23730964467005075 0.03785714285714286 0.032994923857868015
0 0.7392857142857143 0.5532994923857868 0.008571428571428572 0.02284263959390863
0 0.8303571428571429 0.47969543147208116 0.010714285714285714 0.02284263959390863
4 0.535 0.09835025380710659 0.012857142857142857 0.052030456852791875
4 0.4903571428571429 0.08629441624365482 0.015 0.05837563451776649
0 0.35714285714285715 0.2519035532994924 0.007142857142857143 0.021573604060913704
