2 0.2784446764091858 0.8469387755102041 0.03705636743215031 0.04081632653061225
9 0.28653444676409184 0.8849721706864564 0.019832985386221292 0.059369202226345084
7 0.2651356993736952 0.8209647495361782 0.05323590814196242 0.0705009276437848
6 0.30375782881002084 0.8858998144712431 0.031315240083507306 0.0705009276437848
6 0.4710334029227557 0.7430426716141002 0.022442588726513567 0.0686456400742115
1 0.597599164926931 0.7935992578849722 0.012526096033402922 0.02504638218923933
7 0.5968162839248433 0.7755102040816326 0.025574112734864297 0.08719851576994435
9 0.8859603340292275 0.8529684601113172 0.019311064718162838 0.05473098330241188
6 0.8340292275574112 0.8344155844155844 0.07306889352818371 0.075139146567718
0 0.7873173277661795 0.6924860853432282 0.012004175365344467 0.03803339517625232
0 0.7987995824634655 0.6873840445269017 0.012004175365344467 0.03710575139146568
9 0.7794885177453026 0.6628014842300557 0.028705636743215027 0.041743970315398886
9 0.7536534446764092 0.6275510204081632 0.024008350730688934 0.030612244897959183
3 0.5759394572025052 0.424860853432282 0.023486430062630476 0.0352504638218924
5 0.4141440501043841 0.4805194805194805 0.050626304801670144 0.03896103896103896
4 0.43241127348643 0.46335807050092764 0.05375782881002087 0.039888682745825604
0 0.4809498956158663 0.4318181818181818 0.007828810020876827 0.026901669758812616
0 0.4984342379958246 0.44109461966604824 0.006263048016701461 0.030612244897959183
0 0.5013048016701461 0.4387755102040816 0.0057411273486430055 0.027829313543599257
0 0.5020876826722338 0.4355287569573284 0.0073068893528183704 0.030612244897959183
1 0.5167014613778705 0.45408163265306123 0.0073068893528183704 0.026901669758812616
1 0.5292275574112735 0.45408163265306123 0.008350730688935281 0.026901669758812616
9 0.5294885177453027 0.45871985157699446 0.007828810020876827 0.021335807050092765
9 0.5174843423799582 0.4619666048237477 0.007828810020876827 0.025974025974025976
3 0.6049060542797494 0.36641929499072357 0.03653444676409186 0.03710575139146568
9 0.5041753653444676 0.4100185528756957 0.006263048016701461 0.020408163265306124
3 0.5341858037578288 0.2912801484230056 0.014091858037578286 0.022263450834879406
9 0.5169624217118998 0.2782931354359926 0.0036534446764091852 0.011131725417439703
7 0.5334029227557411 0.2435064935064935 0.010438413361169102 0.021335807050092765
9 0.5534968684759916 0.2342300556586271 0.0036534446764091852 0.012059369202226345
0 0.5292275574112735 0.21057513914656772 0.0031315240083507304 0.011131725417439703
0 0.521920668058455 0.21706864564007422 0.0031315240083507304 0.011131725417439703
9 0.5263569937369519 0.21846011131725418 0.004697286012526096 0.006493506493506494
1 0.5360125260960333 0.20871985157699444 0.0031315240083507304 0.00927643784786642
1 0.5349686847599164 0.20222634508348794 0.0020876826722338203 0.0074211502782931356
9 0.5357515657620041 0.21150278293135436 0.0036534446764091852 0.00927643784786642
6 0.5347077244258872 0.2036178107606679 0.004697286012526096 0.008348794063079777
7 0.525313152400835 0.1906307977736549 0.0057411273486430055 0.012059369202226345
6 0.5357515657620041 0.1841372912801484 0.004697286012526096 0.012059369202226345
1 0.5354906054279749 0.1679035250463822 0.0020876826722338203 0.0055658627087198514
9 0.5357515657620041 0.16975881261595546 0.0026096033402922755 0.0074211502782931356
3 0.5383611691022964 0.1679035250463822 0.0057411273486430055 0.00927643784786642
6 0.517223382045929 0.3807977736549165 0.0073068893528183704 0.02319109461966605
