0 0.34785714285714286 0.8947619047619048 0.012857142857142857 0.035238095238095235
0 0.9842857142857143 0.92 0.008571428571428572 0.03428571428571429
0 0.7892857142857143 0.669047619047619 0.002857142857142857 0.010476190476190476
1 0.7871428571428571 0.6619047619047619 0.004285714285714286 0.009523809523809525
0 0.7667857142857143 0.6538095238095238 0.0035714285714285713 0.010476190476190476
1 0.7296428571428571 0.6066666666666667 0.002142857142857143 0.007619047619047619
2 0.7296428571428571 0.6095238095238096 0.002142857142857143 0.007619047619047619
0 0.4546428571428571 0.6495238095238095 0.002142857142857143 0.007619047619047619
0 0.44642857142857145 0.6366666666666667 0.002857142857142857 0.010476190476190476
0 0.5475 0.6142857142857143 0.002142857142857143 0.009523809523809525
0 0.5692857142857143 0.6114285714285714 0.002857142857142857 0.007619047619047619
0 0.5717857142857142 0.5942857142857143 0.002142857142857143 0.007619047619047619
3 0.6478571428571429 0.5252380952380953 0.0014285714285714286 0.002857142857142857
3 0.6514285714285715 0.5266666666666666 0.0014285714285714286 0.0019047619047619048
3 0.6539285714285714 0.5266666666666666 0.002142857142857143 0.0019047619047619048
3 0.6571428571428571 0.5271428571428571 0.002857142857142857 0.002857142857142857
3 0.6525 0.5323809523809524 0.002142857142857143 0.0019047619047619048
3 0.6596428571428572 0.5295238095238095 0.002142857142857143 0.0019047619047619048
3 0.6567857142857143 0.5338095238095238 0.002142857142857143 0.002857142857142857
3 0.6596428571428572 0.5347619047619048 0.002142857142857143 0.002857142857142857
3 0.6621428571428571 0.5371428571428571 0.002857142857142857 0.0019047619047619048
3 0.66 0.5395238095238095 0.002857142857142857 0.004761904761904762
3 0.6546428571428572 0.5414285714285715 0.002142857142857143 0.004761904761904762
5 0.6528571428571428 0.5371428571428571 0.002857142857142857 0.007619047619047619
3 0.6496428571428572 0.5466666666666666 0.002142857142857143 0.0038095238095238095
3 0.6567857142857143 0.5466666666666666 0.0035714285714285713 0.0038095238095238095
3 0.6621428571428571 0.5471428571428572 0.002857142857142857 0.002857142857142857
3 0.6617857142857143 0.549047619047619 0.002142857142857143 0.004761904761904762
3 0.6639285714285714 0.5519047619047619 0.0035714285714285713 0.004761904761904762
3 0.66 0.5623809523809524 0.002857142857142857 0.004761904761904762
3 0.67 0.5652380952380952 0.004285714285714286 0.004761904761904762
3 0.6639285714285714 0.5719047619047619 0.005 0.004761904761904762
3 0.6746428571428571 0.5771428571428572 0.005 0.005714285714285714
3 0.6796428571428571 0.5852380952380952 0.005 0.006666666666666666
3 0.8746428571428572 0.8938095238095238 0.039285714285714285 0.04666666666666667
5 0.625 0.5295238095238095 0.002857142857142857 0.005714285714285714
3 0.6246428571428572 0.5419047619047619 0.002142857142857143 0.0019047619047619048
3 0.635 0.5642857142857143 0.002857142857142857 0.004761904761904762
3 0.6071428571428571 0.55 0.002857142857142857 0.004761904761904762
3 0.6096428571428572 0.5471428571428572 0.002142857142857143 0.002857142857142857
4 0.5989285714285715 0.5519047619047619 0.005 0.004761904761904762
3 0.5971428571428572 0.5542857142857143 0.005714285714285714 0.0038095238095238095
3 0.6092857142857143 0.569047619047619 0.004285714285714286 0.004761904761904762
3 0.6146428571428572 0.5742857142857143 0.005 0.005714285714285714
3 0.6342857142857142 0.5866666666666667 0.004285714285714286 0.007619047619047619
3 0.61 0.5866666666666667 0.007142857142857143 0.007619047619047619
4 0.6071428571428571 0.5971428571428572 0.005714285714285714 0.009523809523809525
3 0.6042857142857143 0.6076190476190476 0.007142857142857143 0.009523809523809525
3 0.5964285714285714 0.6019047619047619 0.007142857142857143 0.007619047619047619
3 0.585 0.5847619047619048 0.007142857142857143 0.007619047619047619
7 0.5864285714285714 0.6095238095238096 0.005714285714285714 0.009523809523809525
3 0.5925 0.6214285714285714 0.007857142857142858 0.010476190476190476
3 0.6 0.6319047619047619 0.008571428571428572 0.012380952380952381
3 0.5764285714285714 0.6395238095238095 0.01 0.012380952380952381
3 0.5746428571428571 0.6547619047619048 0.012142857142857143 0.012380952380952381
3 0.6075 0.6542857142857142 0.010714285714285714 0.015238095238095238
3 0.5725 0.5842857142857143 0.005 0.006666666666666666
3 0.5589285714285714 0.5971428571428572 0.009285714285714286 0.007619047619047619
3 0.5567857142857143 0.6038095238095238 0.015 0.007619047619047619
3 0.5664285714285714 0.6171428571428571 0.007142857142857143 0.009523809523809525
3 0.5578571428571428 0.6171428571428571 0.008571428571428572 0.007619047619047619
3 0.5567857142857143 0.62 0.009285714285714286 0.007619047619047619
3 0.5539285714285714 0.6247619047619047 0.010714285714285714 0.007619047619047619
3 0.5517857142857143 0.6290476190476191 0.009285714285714286 0.008571428571428572
3 0.5496428571428571 0.6347619047619047 0.010714285714285714 0.010476190476190476
3 0.545 0.6419047619047619 0.01 0.011428571428571429
3 0.5271428571428571 0.6266666666666667 0.012857142857142857 0.011428571428571429
3 0.5328571428571428 0.6342857142857142 0.018571428571428572 0.007619047619047619
3 0.5296428571428572 0.6376190476190476 0.017857142857142856 0.008571428571428572
3 0.5221428571428571 0.6419047619047619 0.017142857142857144 0.009523809523809525
3 0.5021428571428571 0.6295238095238095 0.007142857142857143 0.009523809523809525
3 0.4775 0.6366666666666667 0.016428571428571428 0.012380952380952381
3 0.4467857142857143 0.6523809523809524 0.023571428571428573 0.015238095238095238
3 0.4496428571428571 0.6423809523809524 0.007857142857142858 0.012380952380952381
3 0.4175 0.6519047619047619 0.019285714285714285 0.012380952380952381
3 0.4825 0.6547619047619048 0.02214285714285714 0.012380952380952381
3 0.5621428571428572 0.6871428571428572 0.015714285714285715 0.021904761904761906
3 0.6203571428571428 0.6842857142857143 0.012142857142857143 0.02
3 0.605 0.7 0.012857142857142857 0.017142857142857144
3 0.5367857142857143 0.731904761904762 0.017857142857142856 0.02
3 0.5267857142857143 0.7852380952380953 0.02642857142857143 0.03142857142857143
3 0.5246428571428572 0.8219047619047619 0.025 0.03619047619047619
3 0.5078571428571429 0.9695238095238096 0.037142857142857144 0.05904761904761905
3 0.15142857142857144 0.7047619047619048 0.027142857142857142 0.015238095238095238
3 0.3417857142857143 0.6366666666666667 0.017857142857142856 0.012380952380952381
3 0.3217857142857143 0.6323809523809524 0.017857142857142856 0.015238095238095238
3 0.31214285714285717 0.6323809523809524 0.017142857142857144 0.015238095238095238
3 0.2892857142857143 0.6323809523809524 0.012857142857142857 0.007619047619047619
3 0.2789285714285714 0.6442857142857142 0.02214285714285714 0.014285714285714285
4 0.26964285714285713 0.6676190476190477 0.019285714285714285 0.015238095238095238
3 0.2725 0.6319047619047619 0.015 0.010476190476190476
3 0.2621428571428571 0.6295238095238095 0.015714285714285715 0.013333333333333332
3 0.235 0.6295238095238095 0.015714285714285715 0.009523809523809525
3 0.24 0.6419047619047619 0.02 0.009523809523809525
3 0.1992857142857143 0.6371428571428571 0.02142857142857143 0.011428571428571429
3 0.2225 0.6276190476190476 0.015 0.013333333333333332
3 0.13214285714285715 0.6219047619047618 0.017142857142857144 0.009523809523809525
3 0.11392857142857143 0.6223809523809524 0.019285714285714285 0.012380952380952381
3 0.09964285714285714 0.6214285714285714 0.017857142857142856 0.010476190476190476
3 0.08642857142857142 0.62 0.015714285714285715 0.009523809523809525
3 0.0075 0.6523809523809524 0.015 0.015238095238095238
3 0.05964285714285714 0.6347619047619047 0.02214285714285714 0.012380952380952381
3 0.0525 0.6242857142857143 0.015 0.012380952380952381
