3 0.4642857142857143 0.9663705583756345 0.02 0.06472081218274112
3 0.5067857142857143 0.9536802030456852 0.013571428571428571 0.031725888324873094
3 0.5771428571428572 0.898477157360406 0.015714285714285715 0.035532994923857864
3 0.5242857142857142 0.732233502538071 0.012857142857142857 0.02284263959390863
0 0.6271428571428571 0.7772842639593908 0.007142857142857143 0.016497461928934008
3 0.5367857142857143 0.6890862944162436 0.012142857142857143 0.02030456852791878
3 0.5267857142857143 0.6681472081218274 0.009285714285714286 0.016497461928934008
3 0.5371428571428571 0.6491116751269035 0.007142857142857143 0.021573604060913704
3 0.5228571428571429 0.5970812182741116 0.007142857142857143 0.019035532994923856
3 0.5353571428571429 0.5939086294416244 0.0064285714285714285 0.017766497461928932
3 0.5178571428571429 0.5717005076142132 0.007142857142857143 0.013959390862944161
3 0.5278571428571428 0.5583756345177665 0.008571428571428572 0.012690355329949238
8 0.5278571428571428 0.5310913705583756 0.007142857142857143 0.021573604060913704
8 0.5296428571428572 0.4955583756345177 0.005 0.019035532994923856
3 0.5171428571428571 0.48350253807106597 0.005714285714285714 0.01015228426395939
8 0.5239285714285714 0.46002538071065985 0.007857142857142858 0.016497461928934008
3 0.5475 0.45177664974619286 0.005 0.0076142131979695426
3 0.5339285714285714 0.45050761421319796 0.005 0.01015228426395939
3 0.5417857142857143 0.4441624365482233 0.005 0.0076142131979695426
3 0.535 0.4359137055837563 0.007142857142857143 0.008883248730964466
3 0.5342857142857143 0.4168781725888325 0.004285714285714286 0.008883248730964466
3 0.5417857142857143 0.4175126903553299 0.0035714285714285713 0.01015228426395939
8 0.5275 0.4282994923857868 0.005 0.013959390862944161
8 0.5346428571428572 0.3680203045685279 0.009285714285714286 0.02030456852791878
8 0.5471428571428572 0.3705583756345177 0.007142857142857143 0.0076142131979695426
3 0.5339285714285714 0.46637055837563446 0.005 0.011421319796954314
3 0.44285714285714284 0.6440355329949238 0.014285714285714285 0.016497461928934008
3 0.4725 0.6154822335025381 0.013571428571428571 0.015228426395939085
8 0.48464285714285715 0.5805837563451777 0.020714285714285713 0.04695431472081218
3 0.4967857142857143 0.5412436548223349 0.007857142857142858 0.013959390862944161
3 0.5071428571428571 0.5095177664974619 0.005714285714285714 0.008883248730964466
3 0.5789285714285715 0.6941624365482233 0.019285714285714285 0.017766497461928932
