3 0.41714285714285715 0.005710659898477157 0.012857142857142857 0.011421319796954314
4 0.3992857142857143 0.03743654822335025 0.02142857142857143 0.013959390862944161
4 0.4142857142857143 0.052030456852791875 0.022857142857142857 0.012690355329949238
3 0.4039285714285714 0.07043147208121826 0.025 0.013959390862944161
3 0.42642857142857143 0.08502538071065989 0.008571428571428572 0.025380710659898477
3 0.4203571428571429 0.15228426395939085 0.010714285714285714 0.027918781725888322
3 0.37392857142857144 0.2519035532994924 0.012142857142857143 0.031725888324873094
3 0.4764285714285714 0.17195431472081216 0.011428571428571429 0.031725888324873094
3 0.44 0.2442893401015228 0.012857142857142857 0.03426395939086294
3 0.5225 0.031725888324873094 0.009285714285714286 0.032994923857868015
4 0.5046428571428572 0.141497461928934 0.007857142857142858 0.03680203045685279
3 0.5189285714285714 0.21637055837563451 0.009285714285714286 0.04187817258883248
3 0.5814285714285714 0.02982233502538071 0.008571428571428572 0.021573604060913704
3 0.5839285714285715 0.009517766497461928 0.007857142857142858 0.019035532994923856
3 0.5671428571428572 0.12182741116751268 0.012857142857142857 0.027918781725888322
3 0.58 0.2347715736040609 0.008571428571428572 0.035532994923857864
3 0.5346428571428572 0.1364213197969543 0.015 0.021573604060913704
3 0.5442857142857143 0.06472081218274112 0.015714285714285715 0.025380710659898477
8 0.6425 0.039974619289340096 0.016428571428571428 0.05710659898477157
8 0.7046428571428571 0.11802030456852791 0.052142857142857144 0.035532994923857864
3 0.7453571428571428 0.09137055837563451 0.02214285714285714 0.012690355329949238
8 0.48428571428571426 0.574238578680203 0.02142857142857143 0.1484771573604061
8 0.5028571428571429 0.7233502538071065 0.022857142857142857 0.19035532994923857
3 0.5546428571428571 0.6770304568527918 0.012142857142857143 0.06218274111675126
3 0.5496428571428571 0.9016497461928933 0.015 0.07741116751269035
3 0.41 0.8318527918781725 0.017142857142857144 0.06218274111675126
3 0.37285714285714283 0.9625634517766497 0.018571428571428572 0.06725888324873096
3 0.32392857142857145 0.7715736040609137 0.019285714285714285 0.05837563451776649
3 0.36214285714285716 0.708756345177665 0.017142857142857144 0.05710659898477157
8 0.40535714285714286 0.574238578680203 0.02214285714285714 0.08248730964467005
8 0.39785714285714285 0.3439086294416243 0.025714285714285714 0.10913705583756345
3 0.4471428571428571 0.3356598984771573 0.01 0.03934010152284264
3 0.3914285714285714 0.4549492385786802 0.012857142857142857 0.03934010152284264
3 0.435 0.46510152284263956 0.014285714285714285 0.04187817258883248
3 0.3825 0.5450507614213198 0.015 0.04441624365482233
3 0.6025 0.4860406091370558 0.017857142857142856 0.06345177664974619
