8 0.2717857142857143 0.03666666666666667 0.007857142857142858 0.012380952380952381
3 0.27214285714285713 0.04428571428571428 0.007142857142857143 0.004761904761904762
3 0.32285714285714284 0.11142857142857143 0.005714285714285714 0.005714285714285714
5 0.3289285714285714 0.12476190476190477 0.009285714285714286 0.015238095238095238
3 0.3517857142857143 0.1823809523809524 0.005 0.008571428571428572
3 0.36214285714285716 0.20476190476190476 0.005714285714285714 0.009523809523809525
5 0.4517857142857143 0.1742857142857143 0.009285714285714286 0.017142857142857144
3 0.41964285714285715 0.14523809523809525 0.007857142857142858 0.006666666666666666
5 0.3796428571428571 0.31952380952380954 0.015 0.035238095238095235
5 0.49 0.4066666666666667 0.015714285714285715 0.026666666666666665
5 0.5125 0.6695238095238095 0.025 0.06285714285714286
5 0.48714285714285716 0.6966666666666667 0.02 0.05238095238095238
5 0.5614285714285714 0.829047619047619 0.04285714285714286 0.10761904761904761
5 0.5342857142857143 0.87 0.02 0.04476190476190476
5 0.5475 0.9271428571428572 0.017857142857142856 0.05047619047619047
5 0.8121428571428572 0.8171428571428572 0.06285714285714286 0.07809523809523809
5 0.8771428571428571 0.7538095238095238 0.047142857142857146 0.06571428571428571
5 0.76 0.35523809523809524 0.012857142857142857 0.02095238095238095
5 0.7742857142857142 0.3595238095238095 0.032857142857142856 0.037142857142857144
5 0.7903571428571429 0.3595238095238095 0.035 0.037142857142857144
5 0.7914285714285715 0.34904761904761905 0.015714285714285715 0.01619047619047619
5 0.8092857142857143 0.36428571428571427 0.027142857142857142 0.02761904761904762
5 0.8242857142857143 0.3838095238095238 0.02 0.017142857142857144
5 0.66 0.48238095238095235 0.02 0.02
5 0.6889285714285714 0.6195238095238095 0.02642857142857143 0.02761904761904762
5 0.6978571428571428 0.23714285714285716 0.02 0.017142857142857144
4 0.5621428571428572 0.3342857142857143 0.012857142857142857 0.009523809523809525
3 0.6 0.3619047619047619 0.012857142857142857 0.009523809523809525
3 0.6592857142857143 0.49666666666666665 0.012857142857142857 0.010476190476190476
5 0.6346428571428572 0.589047619047619 0.015 0.014285714285714285
3 0.5139285714285714 0.9223809523809524 0.015 0.035238095238095235
3 0.48892857142857143 0.9471428571428572 0.019285714285714285 0.037142857142857144
4 0.47964285714285715 0.9647619047619047 0.020714285714285713 0.0380952380952381
3 0.4692857142857143 0.9842857142857143 0.017142857142857144 0.02761904761904762
3 0.4092857142857143 0.9747619047619047 0.022857142857142857 0.029523809523809525
3 0.42392857142857143 0.9138095238095238 0.019285714285714285 0.03142857142857143
3 0.43285714285714283 0.8995238095238095 0.018571428571428572 0.029523809523809525
3 0.445 0.8876190476190476 0.02 0.030476190476190476
3 0.4539285714285714 0.8742857142857143 0.017857142857142856 0.03238095238095238
3 0.45785714285714285 0.7671428571428571 0.014285714285714285 0.025714285714285714
3 0.41785714285714287 0.7442857142857143 0.012857142857142857 0.023809523809523808
3 0.35 0.7814285714285715 0.02142857142857143 0.01619047619047619
3 0.4092857142857143 0.7219047619047619 0.017142857142857144 0.017142857142857144
3 0.4025 0.6947619047619048 0.017857142857142856 0.02
3 0.39714285714285713 0.6852380952380952 0.017142857142857144 0.02
3 0.3921428571428571 0.6771428571428572 0.017142857142857144 0.02095238095238095
3 0.43464285714285716 0.6838095238095238 0.017857142857142856 0.01904761904761905
3 0.4303571428571429 0.7138095238095238 0.019285714285714285 0.018095238095238095
3 0.47035714285714286 0.6519047619047619 0.010714285714285714 0.021904761904761906
3 0.46214285714285713 0.6195238095238095 0.01 0.02
3 0.4425 0.4442857142857143 0.009285714285714286 0.01619047619047619
3 0.4325 0.5171428571428571 0.015 0.011428571428571429
8 0.4592857142857143 0.5119047619047619 0.025714285714285714 0.039047619047619046
9 0.3921428571428571 0.5290476190476191 0.012857142857142857 0.008571428571428572
0 0.425 0.5142857142857142 0.004285714285714286 0.007619047619047619
0 0.39535714285714285 0.7295238095238096 0.0035714285714285713 0.007619047619047619
3 0.9617857142857142 0.73 0.017857142857142856 0.023809523809523808
3 0.9721428571428572 0.7323809523809524 0.017142857142857144 0.024761904761904763
3 0.9828571428571429 0.731904761904762 0.017142857142857144 0.021904761904761906
