4 0.05678571428571429 0.8542857142857143 0.11214285714285714 0.2038095238095238
3 0.19142857142857142 0.719047619047619 0.12142857142857143 0.14476190476190476
4 0.11678571428571428 0.6047619047619047 0.10071428571428571 0.11047619047619048
4 0.07892857142857143 0.49714285714285716 0.07785714285714286 0.09142857142857143
3 0.055 0.42428571428571427 0.07714285714285714 0.06761904761904762
4 0.021785714285714287 0.3742857142857143 0.04214285714285714 0.06285714285714286
3 0.29428571428571426 0.6723809523809524 0.12 0.12761904761904763
4 0.5303571428571429 0.7742857142857142 0.15928571428571428 0.2
3 0.5789285714285715 0.7066666666666667 0.14214285714285715 0.14476190476190476
3 0.6153571428571428 0.6519047619047619 0.14357142857142857 0.13238095238095238
3 0.665 0.6123809523809524 0.12285714285714286 0.11428571428571428
3 0.6964285714285714 0.559047619047619 0.12571428571428572 0.11619047619047619
3 0.7314285714285714 0.5276190476190477 0.11 0.08952380952380952
3 0.7475 0.4942857142857143 0.105 0.07809523809523809
3 0.7717857142857143 0.4695238095238095 0.105 0.08
4 0.7789285714285714 0.43666666666666665 0.09642857142857143 0.08285714285714285
3 0.7967857142857143 0.4142857142857143 0.08928571428571429 0.07238095238095238
3 0.8192857142857143 0.3976190476190476 0.08428571428571428 0.06380952380952382
3 0.8317857142857142 0.3852380952380952 0.085 0.058095238095238096
3 0.8346428571428571 0.3676190476190476 0.08214285714285714 0.05523809523809524
4 0.8489285714285715 0.34523809523809523 0.07642857142857143 0.06190476190476191
4 0.8678571428571429 0.31523809523809526 0.07142857142857142 0.05142857142857143
3 0.25785714285714284 0.42714285714285716 0.07285714285714286 0.06761904761904762
3 0.38285714285714284 0.49 0.05142857142857143 0.1
4 0.44285714285714284 0.4942857142857143 0.05285714285714286 0.09714285714285714
3 0.5096428571428572 0.4990476190476191 0.047857142857142855 0.08761904761904762
0 0.295 0.5266666666666666 0.017142857142857144 0.05904761904761905
0 0.405 0.8219047619047619 0.02142857142857143 0.06857142857142857
0 0.44142857142857145 0.8095238095238095 0.027142857142857142 0.07428571428571429
0 0.41 0.7142857142857143 0.02 0.06476190476190476
0 0.24285714285714285 0.5214285714285715 0.017142857142857144 0.05047619047619047
0 0.12964285714285714 0.4319047619047619 0.025 0.06
0 0.029642857142857144 0.2842857142857143 0.012142857142857143 0.039047619047619046
0 0.02 0.2842857142857143 0.011428571428571429 0.035238095238095235
0 0.010357142857142856 0.2866666666666667 0.012142857142857143 0.03238095238095238
4 0.15535714285714286 0.3142857142857143 0.062142857142857146 0.05714285714285714
2 0.34714285714285714 0.5242857142857142 0.022857142857142857 0.04476190476190476
9 0.33464285714285713 0.49142857142857144 0.02214285714285714 0.045714285714285714
9 0.3317857142857143 0.4742857142857143 0.020714285714285713 0.047619047619047616
9 0.5367857142857143 0.45714285714285713 0.017857142857142856 0.047619047619047616
2 0.5678571428571428 0.49238095238095236 0.012857142857142857 0.049523809523809526
2 0.6728571428571428 0.4523809523809524 0.017142857142857144 0.0380952380952381
0 0.6617857142857143 0.47523809523809524 0.015 0.05523809523809524
0 0.6803571428571429 0.4742857142857143 0.013571428571428571 0.05523809523809524
0 0.71 0.44666666666666666 0.011428571428571429 0.024761904761904763
0 0.6139285714285714 0.4523809523809524 0.016428571428571428 0.047619047619047616
0 0.6171428571428571 0.4319047619047619 0.01 0.037142857142857144
0 0.6078571428571429 0.42142857142857143 0.01 0.04666666666666667
0 0.3921428571428571 0.3995238095238095 0.012857142857142857 0.04476190476190476
0 0.37285714285714283 0.3838095238095238 0.012857142857142857 0.045714285714285714
0 0.395 0.36428571428571427 0.01 0.025714285714285714
0 0.4967857142857143 0.3647619047619048 0.012142857142857143 0.0380952380952381
0 0.48464285714285715 0.3638095238095238 0.010714285714285714 0.030476190476190476
0 0.5689285714285715 0.2714285714285714 0.0064285714285714285 0.05142857142857143
0 0.58 0.2752380952380952 0.01 0.0419047619047619
0 0.5864285714285714 0.26761904761904765 0.007142857142857143 0.0380952380952381
0 0.6503571428571429 0.26476190476190475 0.013571428571428571 0.04
3 0.8317857142857142 0.9466666666666667 0.10642857142857143 0.10476190476190476
4 0.9646428571428571 0.930952380952381 0.06928571428571428 0.1361904761904762
3 0.9675 0.8314285714285714 0.06357142857142857 0.08190476190476191
0 0.9371428571428572 0.6614285714285715 0.027142857142857142 0.054285714285714284
4 0.9796428571428571 0.6247619047619047 0.039285714285714285 0.06666666666666667
4 0.9692857142857143 0.5671428571428572 0.06 0.05238095238095238
4 0.9796428571428571 0.5266666666666666 0.039285714285714285 0.03428571428571429
0 0.955 0.44952380952380955 0.02 0.047619047619047616
4 0.8821428571428571 0.3 0.06285714285714286 0.047619047619047616
4 0.895 0.2876190476190476 0.07142857142857142 0.045714285714285714
4 0.91 0.25761904761904764 0.06714285714285714 0.05619047619047619
4 0.9542857142857143 0.21904761904761905 0.03857142857142857 0.03238095238095238
3 0.9353571428571429 0.25523809523809526 0.052142857142857144 0.03428571428571429
3 0.9392857142857143 0.24761904761904763 0.047142857142857146 0.030476190476190476
3 0.9475 0.22904761904761906 0.052142857142857144 0.025714285714285714
3 0.9464285714285714 0.23476190476190475 0.045714285714285714 0.02761904761904762
0 0.47964285714285715 0.5323809523809524 0.015 0.05523809523809524
0 0.62 0.5495238095238095 0.017142857142857144 0.05333333333333333
1 0.2889285714285714 0.2523809523809524 0.013571428571428571 0.03238095238095238
1 0.3028571428571429 0.2619047619047619 0.012857142857142857 0.030476190476190476
1 0.2875 0.36238095238095236 0.012142857142857143 0.02761904761904762
1 0.2975 0.3719047619047619 0.013571428571428571 0.029523809523809525
1 0.30714285714285716 0.37142857142857144 0.01 0.030476190476190476
0 0.30392857142857144 0.36142857142857143 0.009285714285714286 0.037142857142857144
1 0.4025 0.4123809523809524 0.010714285714285714 0.03238095238095238
1 0.4164285714285714 0.28714285714285714 0.014285714285714285 0.035238095238095235
1 0.41785714285714287 0.2795238095238095 0.011428571428571429 0.035238095238095235
1 0.4417857142857143 0.28476190476190477 0.012142857142857143 0.04
1 0.4642857142857143 0.2838095238095238 0.014285714285714285 0.04380952380952381
1 0.48714285714285716 0.2842857142857143 0.02 0.04285714285714286
1 0.5117857142857143 0.28523809523809524 0.015 0.040952380952380955
1 0.63 0.2866666666666667 0.015714285714285715 0.030476190476190476
1 0.6046428571428571 0.2866666666666667 0.015 0.03238095238095238
1 0.6042857142857143 0.2866666666666667 0.012857142857142857 0.04
1 0.6271428571428571 0.2823809523809524 0.017142857142857144 0.03333333333333333
1 0.6371428571428571 0.40904761904761905 0.012857142857142857 0.02761904761904762
1 0.5125 0.40904761904761905 0.012142857142857143 0.03333333333333333
1 0.5167857142857143 0.4166666666666667 0.010714285714285714 0.02761904761904762
1 0.49142857142857144 0.4142857142857143 0.014285714285714285 0.030476190476190476
1 0.46714285714285714 0.4138095238095238 0.012857142857142857 0.035238095238095235
1 0.4475 0.4166666666666667 0.013571428571428571 0.040952380952380955
1 0.405 0.36714285714285716 0.01 0.029523809523809525
1 0.4228571428571429 0.36 0.01 0.026666666666666665
1 0.42178571428571426 0.38 0.010714285714285714 0.024761904761904763
1 0.42642857142857143 0.38476190476190475 0.011428571428571429 0.024761904761904763
1 0.44285714285714284 0.3842857142857143 0.01 0.02761904761904762
1 0.4521428571428571 0.3842857142857143 0.01 0.02761904761904762
1 0.4539285714285714 0.3819047619047619 0.013571428571428571 0.03238095238095238
