4 0.8414285714285714 0.9003807106598984 0.05857142857142857 0.11802030456852791
4 0.7771428571428571 0.7760152284263959 0.05 0.10025380710659898
4 0.7717857142857143 0.5050761421319797 0.03785714285714286 0.06091370558375634
4 0.6121428571428571 0.44352791878172587 0.037142857142857144 0.06979695431472081
4 0.5442857142857143 0.3362944162436548 0.037142857142857144 0.048223350253807105
4 0.5221428571428571 0.32677664974619286 0.04 0.04441624365482233
4 0.5 0.3147208121827411 0.03 0.04314720812182741
4 0.4689285714285714 0.3064720812182741 0.03785714285714286 0.04187817258883248
3 0.5571428571428572 0.4441624365482233 0.027142857142857142 0.04568527918781726
3 0.495 0.7379441624365481 0.027142857142857142 0.06725888324873096
3 0.2546428571428571 0.9549492385786801 0.035 0.08502538071065989
3 0.2367857142857143 0.7151015228426395 0.045 0.0748730964467005
3 0.22892857142857143 0.6104060913705583 0.04214285714285714 0.06345177664974619
3 0.22464285714285714 0.581218274111675 0.04214285714285714 0.06091370558375634
3 0.21678571428571428 0.49302030456852786 0.035 0.05456852791878172
3 0.2125 0.46510152284263956 0.035 0.04441624365482233
3 0.2375 0.41370558375634514 0.02642857142857143 0.04314720812182741
3 0.2375 0.14720812182741116 0.012142857142857143 0.027918781725888322
3 0.24464285714285713 0.2296954314720812 0.012142857142857143 0.032994923857868015
3 0.30142857142857143 0.3096446700507614 0.018571428571428572 0.04060913705583756
3 0.3142857142857143 0.35342639593908626 0.024285714285714285 0.04187817258883248
3 0.2839285714285714 0.041243654822335024 0.016428571428571428 0.024111675126903553
8 0.2567857142857143 0.08248730964467005 0.015 0.048223350253807105
8 0.2675 0.15291878172588833 0.025 0.07233502538071065
8 0.285 0.23921319796954313 0.03 0.08502538071065989
8 0.4 0.32550761421319796 0.07714285714285714 0.07994923857868019
8 0.4878571428571429 0.2963197969543147 0.05857142857142857 0.07233502538071065
8 0.5728571428571428 0.25507614213197966 0.08 0.07360406091370558
8 0.6267857142857143 0.2861675126903553 0.07214285714285715 0.0748730964467005
8 0.735 0.3248730964467005 0.07 0.11421319796954314
8 0.8 0.4111675126903553 0.08 0.12182741116751268
8 0.6996428571428571 0.19733502538071065 0.07214285714285715 0.06725888324873096
3 0.7496428571428572 0.1878172588832487 0.025 0.032994923857868015
3 0.855 0.49809644670050757 0.03571428571428571 0.052030456852791875
5 0.9128571428571428 0.5621827411167513 0.07142857142857142 0.09644670050761421
9 0.8039285714285714 0.6871827411167513 0.015 0.03680203045685279
9 0.8392857142857143 0.6535532994923857 0.017142857142857144 0.027918781725888322
9 0.8992857142857142 0.7525380710659898 0.015714285714285715 0.035532994923857864
9 0.9 0.9130710659898477 0.024285714285714285 0.04187817258883248
1 0.8042857142857143 0.6795685279187816 0.011428571428571429 0.026649746192893398
1 0.8421428571428572 0.6465736040609137 0.01 0.024111675126903553
1 0.9021428571428571 0.7506345177664974 0.012857142857142857 0.031725888324873094
1 0.8996428571428572 0.9022842639593908 0.012142857142857143 0.03045685279187817
0 0.8928571428571429 0.8743654822335025 0.008571428571428572 0.032994923857868015
0 0.7271428571428571 0.23223350253807104 0.007142857142857143 0.02030456852791878
0 0.7292857142857143 0.22588832487309643 0.002857142857142857 0.015228426395939085
0 0.7353571428571428 0.22715736040609136 0.0035714285714285713 0.017766497461928932
0 0.7542857142857143 0.22715736040609136 0.007142857142857143 0.02284263959390863
0 0.15035714285714286 0.20368020304568527 0.007857142857142858 0.016497461928934008
0 0.13178571428571428 0.10088832487309644 0.005 0.016497461928934008
0 0.15535714285714286 0.3178934010152284 0.005 0.016497461928934008
0 0.1825 0.41243654822335024 0.0064285714285714285 0.02030456852791878
0 0.2367857142857143 0.3375634517766497 0.007857142857142858 0.02284263959390863
0 0.21678571428571428 0.32043147208121825 0.0064285714285714285 0.013959390862944161
0 0.30964285714285716 0.2506345177664974 0.007857142857142858 0.021573604060913704
0 0.23964285714285713 0.02728426395939086 0.005 0.016497461928934008
0 0.18964285714285714 0.016497461928934008 0.005 0.015228426395939085
0 0.1625 0.03616751269035533 0.005 0.016497461928934008
0 0.16642857142857143 0.03489847715736041 0.004285714285714286 0.021573604060913704
0 0.1975 0.028553299492385786 0.005 0.013959390862944161
0 0.1992857142857143 0.02982233502538071 0.005714285714285714 0.021573604060913704
0 0.15464285714285714 0.3045685279187817 0.005 0.015228426395939085
3 0.39 0.2626903553299492 0.017142857142857144 0.032994923857868015
3 0.40714285714285714 0.19923857868020303 0.024285714285714285 0.027918781725888322
