3 0.2025 0.004666666666666666 0.009000000000000001 0.008
3 0.18975 0.014666666666666666 0.0105 0.010666666666666666
3 0.18425 0.021666666666666667 0.0085 0.01
3 0.1775 0.030666666666666665 0.012 0.009333333333333332
0 0.17075 0.032 0.0025 0.008
3 0.168 0.03966666666666666 0.013000000000000001 0.01
3 0.1375 0.05266666666666667 0.015 0.006666666666666666
3 0.129 0.07466666666666666 0.012 0.012
2 0.14475 0.07766666666666666 0.0035 0.006
1 0.14400000000000002 0.07466666666666666 0.003 0.009333333333333332
3 0.12475 0.11466666666666667 0.0125 0.013333333333333332
3 0.046 0.14966666666666667 0.019 0.018
9 0.06825 0.12766666666666665 0.0035 0.008666666666666666
0 0.23900000000000002 0.23766666666666666 0.006 0.015333333333333332
0 0.23575000000000002 0.24066666666666667 0.0055 0.013333333333333332
1 0.23450000000000001 0.23266666666666666 0.004 0.010666666666666666
0 0.126 0.24866666666666665 0.004 0.013333333333333332
4 0.1545 0.22466666666666665 0.016 0.021333333333333333
3 0.1275 0.23366666666666666 0.023 0.019333333333333334
4 0.10925 0.326 0.0185 0.028
0 0.01375 0.18066666666666667 0.0055 0.013333333333333332
0 0.011 0.18066666666666667 0.006 0.013333333333333332
3 0.0195 0.20766666666666667 0.019 0.019333333333333334
3 0.01025 0.24266666666666667 0.0205 0.022666666666666665
0 0.30925 0.6766666666666666 0.0095 0.02
0 0.41500000000000004 0.5856666666666667 0.006 0.020666666666666667
3 0.234 0.5096666666666666 0.055 0.028666666666666667
3 0.30925 0.46799999999999997 0.0455 0.028
3 0.30525 0.5056666666666666 0.0505 0.02733333333333333
3 0.36275 0.5026666666666666 0.0485 0.030666666666666665
3 0.4255 0.49666666666666665 0.049 0.028
3 0.48925 0.44566666666666666 0.043500000000000004 0.024666666666666667
5 0.5965 0.385 0.054 0.038
5 0.589 0.3476666666666667 0.036000000000000004 0.033999999999999996
3 0.5415 0.5956666666666667 0.025 0.049999999999999996
3 0.71175 0.6136666666666667 0.035500000000000004 0.056666666666666664
3 0.6025 0.45866666666666667 0.042 0.025333333333333333
1 0.64925 0.37366666666666665 0.0045000000000000005 0.008666666666666666
1 0.6495 0.364 0.005 0.012
1 0.659 0.36566666666666664 0.009000000000000001 0.015333333333333332
0 0.6635 0.37266666666666665 0.004 0.016
0 0.67275 0.37066666666666664 0.0055 0.017333333333333333
3 0.6905 0.38366666666666666 0.04 0.026
3 0.88525 0.36666666666666664 0.0405 0.022666666666666665
1 0.8565 0.33266666666666667 0.006 0.014666666666666666
3 0.9415 0.44666666666666666 0.041 0.021333333333333333
3 0.9565 0.6956666666666667 0.057 0.07266666666666667
3 0.89375 0.6966666666666667 0.0545 0.06799999999999999
3 0.9695 0.9046666666666666 0.06 0.10533333333333333
0 0.77825 0.9286666666666666 0.0145 0.022666666666666665
0 0.78725 0.9546666666666667 0.0185 0.021333333333333333
5 0.95525 0.23666666666666666 0.025500000000000002 0.030666666666666665
