3 0.43580375782881 0.8942486085343229 0.09081419624217119 0.1280148423005566
3 0.4577244258872651 0.650278293135436 0.05949895615866388 0.08534322820037106
3 0.4986951983298538 0.5477736549165121 0.04227557411273486 0.05844155844155844
1 0.7727035490605427 0.5691094619666048 0.010960334029227557 0.03432282003710575
9 0.772964509394572 0.5802411873840445 0.014613778705636741 0.03432282003710575
4 0.7847077244258872 0.30287569573283857 0.016179540709812108 0.02504638218923933
6 0.7606993736951982 0.2820037105751392 0.012004175365344467 0.014842300556586271
3 0.8841336116910229 0.21753246753246755 0.014613778705636741 0.015769944341372914
3 0.9587682672233819 0.18877551020408165 0.006263048016701461 0.012059369202226345
6 0.9825156576200417 0.174860853432282 0.0057411273486430055 0.010204081632653062
5 0.9420668058455114 0.16233766233766234 0.006263048016701461 0.011131725417439703
