0 0.5592857142857143 0.6199238578680203 0.017142857142857144 0.06472081218274112
0 0.6578571428571428 0.5862944162436547 0.018571428571428572 0.05837563451776649
0 0.7603571428571428 0.5336294416243654 0.020714285714285713 0.05964467005076142
0 0.7489285714285714 0.46002538071065985 0.019285714285714285 0.04187817258883248
0 0.7475 0.34581218274111675 0.015 0.049492385786802026
0 0.41464285714285715 0.44670050761421315 0.015 0.027918781725888322
0 0.4542857142857143 0.4029187817258883 0.017142857142857144 0.049492385786802026
0 0.345 0.4752538071065989 0.012857142857142857 0.03426395939086294
0 0.2667857142857143 0.5513959390862944 0.013571428571428571 0.03680203045685279
0 0.35464285714285715 0.4314720812182741 0.012142857142857143 0.032994923857868015
0 0.42214285714285715 0.3680203045685279 0.012857142857142857 0.032994923857868015
0 0.17285714285714285 0.6142131979695431 0.025714285714285714 0.06091370558375634
0 0.2425 0.43908629441624364 0.017857142857142856 0.050761421319796954
0 0.2292857142857143 0.5272842639593909 0.012857142857142857 0.03426395939086294
0 0.18928571428571428 0.5552030456852791 0.012857142857142857 0.031725888324873094
0 0.14392857142857143 0.5894670050761421 0.016428571428571428 0.03426395939086294
0 0.29214285714285715 0.42639593908629436 0.01 0.03807106598984771
0 0.47964285714285715 0.29505076142131975 0.010714285714285714 0.052030456852791875
0 0.39464285714285713 0.4295685279187817 0.015 0.049492385786802026
0 0.16214285714285714 0.5507614213197969 0.02 0.04568527918781726
0 0.0725 0.6434010152284263 0.012142857142857143 0.035532994923857864
0 0.08642857142857142 0.6618020304568527 0.02 0.03680203045685279
0 0.10714285714285714 0.6453045685279187 0.022857142857142857 0.04695431472081218
0 0.47285714285714286 0.2880710659898477 0.007142857142857143 0.035532994923857864
0 0.4517857142857143 0.3642131979695431 0.012142857142857143 0.04314720812182741
0 0.40035714285714286 0.4149746192893401 0.013571428571428571 0.03045685279187817
0 0.03428571428571429 0.6395939086294415 0.011428571428571429 0.035532994923857864
0 0.23464285714285715 0.40164974619289334 0.015 0.052030456852791875
0 0.22035714285714286 0.39974619289340096 0.015 0.06598984771573603
0 0.29214285714285715 0.33375634517766495 0.014285714285714285 0.04568527918781726
0 0.2789285714285714 0.3375634517766497 0.012142857142857143 0.048223350253807105
0 0.29928571428571427 0.3102791878172589 0.011428571428571429 0.03426395939086294
0 0.375 0.25507614213197966 0.01 0.04060913705583756
0 0.35892857142857143 0.266497461928934 0.007857142857142858 0.035532994923857864
0 0.3375 0.29251269035532995 0.010714285714285714 0.03934010152284264
0 0.40785714285714286 0.22588832487309643 0.007142857142857143 0.032994923857868015
0 0.011785714285714287 0.6465736040609137 0.019285714285714285 0.029187817258883246
0 0.3892857142857143 0.32868020304568524 0.017142857142857144 0.04568527918781726
0 0.4175 0.30837563451776645 0.015 0.04314720812182741
