0 0.5725 0.799047619047619 0.03214285714285714 0.045714285714285714
0 0.012857142857142857 0.6795238095238095 0.027142857142857142 0.04285714285714286
0 0.04178571428571429 0.6895238095238095 0.03214285714285714 0.0419047619047619
0 0.055357142857142855 0.6566666666666666 0.027857142857142858 0.04285714285714286
0 0.15535714285714286 0.7471428571428571 0.030714285714285715 0.037142857142857144
0 0.16285714285714287 0.7323809523809524 0.02857142857142857 0.03238095238095238
0 0.22285714285714286 0.7347619047619047 0.02857142857142857 0.04476190476190476
0 0.235 0.7123809523809523 0.027142857142857142 0.045714285714285714
0 0.22964285714285715 0.68 0.027857142857142858 0.0419047619047619
0 0.2717857142857143 0.7019047619047619 0.023571428571428573 0.0419047619047619
0 0.2671428571428571 0.6895238095238095 0.022857142857142857 0.03238095238095238
9 0.29178571428571426 0.7342857142857143 0.03642857142857143 0.05714285714285714
1 0.2875 0.7247619047619047 0.02214285714285714 0.04380952380952381
1 0.29428571428571426 0.7176190476190476 0.018571428571428572 0.04857142857142857
0 0.365 0.6866666666666666 0.012857142857142857 0.04
0 0.36214285714285716 0.6723809523809524 0.022857142857142857 0.04
0 0.46214285714285713 0.6519047619047619 0.024285714285714285 0.037142857142857144
0 0.47785714285714287 0.6319047619047619 0.017142857142857144 0.039047619047619046
0 0.49 0.6214285714285714 0.02 0.040952380952380955
0 0.47964285714285715 0.61 0.015 0.04476190476190476
0 0.47035714285714286 0.5995238095238096 0.013571428571428571 0.04285714285714286
0 0.47 0.5847619047619048 0.012857142857142857 0.04
0 0.49892857142857144 0.5966666666666667 0.020714285714285713 0.040952380952380955
0 0.56 0.6414285714285715 0.02 0.035238095238095235
0 0.5825 0.6271428571428571 0.017857142857142856 0.04476190476190476
0 0.5867857142857142 0.6123809523809524 0.017857142857142856 0.04
0 0.5796428571428571 0.5995238095238096 0.012142857142857143 0.037142857142857144
0 0.5771428571428572 0.5914285714285714 0.015714285714285715 0.03619047619047619
0 0.5753571428571429 0.58 0.016428571428571428 0.03428571428571429
0 0.6171428571428571 0.5952380952380952 0.012857142857142857 0.0380952380952381
0 0.6021428571428571 0.5847619047619048 0.02 0.0380952380952381
0 0.6021428571428571 0.5742857142857143 0.014285714285714285 0.0380952380952381
0 0.5989285714285715 0.56 0.012142857142857143 0.04
0 0.6178571428571429 0.5519047619047619 0.018571428571428572 0.037142857142857144
0 0.6521428571428571 0.65 0.02 0.037142857142857144
0 0.6539285714285714 0.6395238095238095 0.02214285714285714 0.035238095238095235
0 0.655 0.5938095238095238 0.018571428571428572 0.039047619047619046
0 0.6575 0.5771428571428572 0.013571428571428571 0.0380952380952381
0 0.5767857142857142 0.5095238095238095 0.010714285714285714 0.04
0 0.5642857142857143 0.5 0.014285714285714285 0.03619047619047619
0 0.5542857142857143 0.49714285714285716 0.01 0.0380952380952381
0 0.5296428571428572 0.4919047619047619 0.012142857142857143 0.035238095238095235
0 0.5289285714285714 0.48 0.012142857142857143 0.0380952380952381
0 0.5092857142857142 0.4919047619047619 0.011428571428571429 0.039047619047619046
0 0.505 0.4819047619047619 0.012857142857142857 0.04
0 0.4875 0.49476190476190474 0.012142857142857143 0.037142857142857144
0 0.48214285714285715 0.47523809523809524 0.012857142857142857 0.0380952380952381
9 0.44535714285714284 0.5071428571428571 0.017857142857142856 0.04285714285714286
1 0.4471428571428571 0.4976190476190476 0.015714285714285715 0.029523809523809525
1 0.4475 0.4919047619047619 0.015 0.03333333333333333
0 0.4278571428571429 0.4942857142857143 0.012857142857142857 0.04
0 0.41214285714285714 0.5142857142857142 0.012857142857142857 0.04
3 0.4375 0.36714285714285716 0.047857142857142855 0.04857142857142857
0 0.6796428571428571 0.6090476190476191 0.017857142857142856 0.040952380952380955
0 0.6846428571428571 0.5966666666666667 0.019285714285714285 0.040952380952380955
0 0.7425 0.6523809523809524 0.023571428571428573 0.04
0 0.74 0.64 0.015714285714285715 0.04
0 0.7339285714285714 0.6095238095238096 0.015 0.04
0 0.8003571428571429 0.6138095238095238 0.020714285714285713 0.04285714285714286
0 0.8025 0.6771428571428572 0.020714285714285713 0.0419047619047619
0 0.8025 0.659047619047619 0.025 0.045714285714285714
0 0.8339285714285715 0.6947619047619048 0.02214285714285714 0.04285714285714286
3 0.9789285714285715 0.8376190476190476 0.04071428571428572 0.07333333333333333
0 0.9496428571428571 0.7076190476190476 0.035 0.0380952380952381
0 0.9596428571428571 0.6876190476190476 0.030714285714285715 0.03428571428571429
0 0.905 0.6476190476190476 0.022857142857142857 0.0419047619047619
0 0.8664285714285714 0.6547619047619048 0.025714285714285714 0.04476190476190476
0 0.87 0.6338095238095238 0.03 0.040952380952380955
0 0.8667857142857143 0.6195238095238095 0.023571428571428573 0.04476190476190476
0 0.8964285714285715 0.5190476190476191 0.017142857142857144 0.0380952380952381
0 0.8839285714285714 0.5071428571428571 0.017857142857142856 0.035238095238095235
0 0.8725 0.5047619047619047 0.017857142857142856 0.04
0 0.8789285714285714 0.48428571428571426 0.019285714285714285 0.04476190476190476
0 0.8964285714285715 0.49238095238095236 0.02 0.04
0 0.9203571428571429 0.43 0.02214285714285714 0.037142857142857144
0 0.9003571428571429 0.38142857142857145 0.015 0.035238095238095235
0 0.8475 0.3819047619047619 0.025 0.0419047619047619
0 0.6889285714285714 0.3595238095238095 0.010714285714285714 0.03333333333333333
0 0.6692857142857143 0.35428571428571426 0.01 0.03238095238095238
0 0.665 0.3423809523809524 0.01 0.029523809523809525
0 0.6771428571428572 0.3466666666666667 0.01 0.03238095238095238
0 0.05714285714285714 0.35523809523809524 0.014285714285714285 0.030476190476190476
0 0.0475 0.3495238095238095 0.012142857142857143 0.030476190476190476
0 0.06035714285714286 0.34 0.015 0.024761904761904763
0 0.07428571428571429 0.3414285714285714 0.011428571428571429 0.025714285714285714
2 0.3267857142857143 0.20666666666666667 0.007857142857142858 0.015238095238095238
1 0.3267857142857143 0.2 0.0064285714285714285 0.015238095238095238
0 0.30178571428571427 0.18142857142857144 0.0064285714285714285 0.02
0 0.30714285714285716 0.1819047619047619 0.007142857142857143 0.02095238095238095
3 0.3325 0.16904761904761906 0.016428571428571428 0.021904761904761906
0 0.32142857142857145 0.10714285714285714 0.004285714285714286 0.012380952380952381
0 0.3264285714285714 0.10714285714285714 0.004285714285714286 0.014285714285714285
0 0.30964285714285716 0.10476190476190476 0.005 0.013333333333333332
0 0.31392857142857145 0.10476190476190476 0.005 0.013333333333333332
