0 0.35464285714285715 0.8814285714285715 0.015 0.06190476190476191
0 0.3417857142857143 0.8795238095238095 0.013571428571428571 0.058095238095238096
3 0.0275 0.839047619047619 0.055 0.06666666666666667
3 0.055 0.7142857142857143 0.07285714285714286 0.04
3 0.18892857142857142 0.6671428571428571 0.047857142857142855 0.035238095238095235
3 0.12 0.6919047619047619 0.06 0.03333333333333333
5 0.24428571428571427 0.6371428571428571 0.047142857142857146 0.0419047619047619
3 0.095 0.55 0.03 0.012380952380952381
3 0.2689285714285714 0.5647619047619048 0.019285714285714285 0.011428571428571429
3 0.3317857142857143 0.5676190476190476 0.020714285714285713 0.011428571428571429
3 0.35428571428571426 0.5695238095238095 0.02 0.009523809523809525
3 0.385 0.5642857142857143 0.01 0.006666666666666666
3 0.395 0.5647619047619048 0.01 0.007619047619047619
3 0.285 0.63 0.032857142857142856 0.025714285714285714
3 0.3192857142857143 0.6176190476190476 0.03 0.021904761904761906
3 0.34714285714285714 0.61 0.022857142857142857 0.02
0 0.34714285714285714 0.5876190476190476 0.002857142857142857 0.015238095238095238
0 0.35214285714285715 0.5871428571428572 0.002857142857142857 0.012380952380952381
0 0.35714285714285715 0.5914285714285714 0.002857142857142857 0.013333333333333332
0 0.36 0.589047619047619 0.002857142857142857 0.01619047619047619
0 0.37214285714285716 0.5842857142857143 0.002857142857142857 0.014285714285714285
0 0.4421428571428571 0.5971428571428572 0.004285714285714286 0.015238095238095238
0 0.42428571428571427 0.6052380952380952 0.007142857142857143 0.02
7 0.42 0.6342857142857142 0.02142857142857143 0.022857142857142857
7 0.42214285714285715 0.6095238095238096 0.017142857142857144 0.015238095238095238
2 0.24214285714285713 0.6976190476190476 0.012857142857142857 0.023809523809523808
2 0.24928571428571428 0.6966666666666667 0.012857142857142857 0.023809523809523808
2 0.25392857142857145 0.6914285714285714 0.013571428571428571 0.024761904761904763
2 0.2571428571428571 0.69 0.012857142857142857 0.023809523809523808
2 0.2621428571428571 0.6876190476190476 0.012857142857142857 0.024761904761904763
2 0.2675 0.6852380952380952 0.013571428571428571 0.023809523809523808
2 0.2742857142857143 0.6823809523809524 0.012857142857142857 0.023809523809523808
2 0.28035714285714286 0.6814285714285714 0.013571428571428571 0.023809523809523808
2 0.2867857142857143 0.68 0.013571428571428571 0.024761904761904763
2 0.2892857142857143 0.6771428571428572 0.012857142857142857 0.024761904761904763
2 0.29392857142857143 0.6742857142857143 0.012142857142857143 0.01904761904761905
2 0.31035714285714283 0.6642857142857143 0.012142857142857143 0.02
2 0.3225 0.659047619047619 0.012142857142857143 0.01904761904761905
2 0.33285714285714285 0.6538095238095238 0.011428571428571429 0.02
2 0.3375 0.6519047619047619 0.012142857142857143 0.02
2 0.3439285714285714 0.6476190476190476 0.012142857142857143 0.01904761904761905
2 0.36214285714285716 0.6395238095238095 0.012857142857142857 0.02
3 0.37142857142857144 0.5995238095238096 0.02142857142857143 0.018095238095238095
3 0.3896428571428571 0.5938095238095238 0.017857142857142856 0.01619047619047619
3 0.41785714285714287 0.5847619047619048 0.015714285714285715 0.013333333333333332
5 0.4067857142857143 0.5871428571428572 0.017857142857142856 0.018095238095238095
3 0.44535714285714284 0.5819047619047619 0.015 0.007619047619047619
3 0.4589285714285714 0.57 0.012142857142857143 0.010476190476190476
3 0.4675 0.5647619047619048 0.012142857142857143 0.009523809523809525
3 0.47464285714285714 0.5619047619047619 0.010714285714285714 0.007619047619047619
3 0.47964285714285715 0.5595238095238095 0.010714285714285714 0.006666666666666666
3 0.5042857142857143 0.5647619047619048 0.01 0.009523809523809525
4 0.5046428571428572 0.5552380952380952 0.007857142857142858 0.009523809523809525
3 0.49214285714285716 0.5638095238095238 0.01 0.009523809523809525
3 0.49 0.5571428571428572 0.01 0.007619047619047619
3 0.4675 0.5538095238095239 0.012142857142857143 0.008571428571428572
4 0.465 0.5519047619047619 0.014285714285714285 0.010476190476190476
5 0.48464285714285715 0.5495238095238095 0.012142857142857143 0.009523809523809525
3 0.5075 0.549047619047619 0.013571428571428571 0.008571428571428572
4 0.5567857142857143 0.5438095238095239 0.009285714285714286 0.009523809523809525
3 0.5553571428571429 0.5319047619047619 0.005 0.004761904761904762
3 0.5771428571428572 0.5776190476190476 0.022857142857142857 0.014285714285714285
3 0.6121428571428571 0.5795238095238096 0.022857142857142857 0.012380952380952381
3 0.6325 0.5766666666666667 0.007857142857142858 0.010476190476190476
