0 0.558 0.6426666666666666 0.026000000000000002 0.06
0 0.59875 0.39699999999999996 0.0145 0.038
3 0.5660000000000001 0.887 0.193 0.118
9 0.029 0.594 0.043000000000000003 0.04
9 0.07725 0.5546666666666666 0.0405 0.03333333333333333
9 0.0985 0.5446666666666666 0.039 0.029333333333333333
9 0.107 0.5166666666666666 0.044 0.034666666666666665
0 0.48 0.3506666666666667 0.011 0.034666666666666665
2 0.484 0.36866666666666664 0.02 0.02
4 0.1935 0.44966666666666666 0.067 0.10333333333333333
4 0.40625 0.43866666666666665 0.0845 0.12266666666666666
4 0.2555 0.46266666666666667 0.08600000000000001 0.13333333333333333
4 0.69275 0.42166666666666663 0.0855 0.08333333333333333
3 0.40375 0.037 0.0305 0.018
4 0.4185 0.08966666666666666 0.02 0.03133333333333333
6 0.437 0.08966666666666666 0.01 0.018
3 0.4245 0.014666666666666666 0.008 0.009333333333333332
3 0.40625 0.029666666666666664 0.0195 0.014
3 0.40950000000000003 0.026666666666666665 0.024 0.014666666666666666
3 0.40975 0.021666666666666667 0.021500000000000002 0.01
2 0.68125 0.5286666666666666 0.0165 0.04533333333333333
