3 0.6646428571428571 0.63 0.125 0.3
3 0.635 0.31666666666666665 0.09285714285714286 0.22
3 0.4139285714285714 0.6647619047619048 0.15785714285714286 0.2057142857142857
3 0.18142857142857144 0.71 0.11428571428571428 0.2866666666666667
3 0.40214285714285714 0.17952380952380953 0.13 0.17809523809523808
3 0.41464285714285715 0.38952380952380955 0.125 0.22285714285714286
3 0.2889285714285714 0.5371428571428571 0.085 0.22666666666666666
3 0.2867857142857143 0.08476190476190476 0.07071428571428572 0.16952380952380952
4 0.2725 0.2947619047619048 0.085 0.1838095238095238
3 0.2714285714285714 0.8938095238095238 0.10857142857142857 0.21047619047619048
3 0.595 0.08 0.07714285714285714 0.16
5 0.9546428571428571 0.4895238095238095 0.08928571428571429 0.31238095238095237
0 0.555 0.39714285714285713 0.027142857142857142 0.06476190476190476
3 0.42964285714285716 0.9176190476190477 0.11785714285714285 0.16285714285714287
3 0.6971428571428572 0.9 0.11285714285714285 0.18857142857142858
