4 0.2315 0.9536666666666667 0.091 0.09133333333333334
3 0.294 0.8786666666666666 0.074 0.108
0 0.32125 0.8976666666666666 0.0135 0.05933333333333333
3 0.37075 0.9586666666666667 0.0695 0.08133333333333333
3 0.45225 0.9506666666666667 0.0615 0.09733333333333333
3 0.682 0.9836666666666667 0.146 0.03133333333333333
3 0.45725 0.5486666666666666 0.0105 0.009333333333333332
4 0.466 0.5486666666666666 0.009000000000000001 0.009333333333333332
3 0.47775 0.5496666666666666 0.0095 0.008666666666666666
3 0.502 0.5476666666666666 0.007 0.007333333333333333
4 0.528 0.5496666666666666 0.008 0.008666666666666666
1 0.517 0.5506666666666666 0.003 0.006666666666666666
1 0.5195 0.5506666666666666 0.003 0.005333333333333333
9 0.519 0.5516666666666666 0.002 0.004666666666666666
3 0.505 0.5666666666666667 0.02 0.010666666666666666
3 0.5397500000000001 0.5726666666666667 0.0105 0.010666666666666666
3 0.47775 0.5693333333333334 0.0175 0.012
4 0.47875 0.5756666666666667 0.0105 0.015333333333333332
3 0.5425 0.5766666666666667 0.01 0.010666666666666666
3 0.5425 0.5836666666666667 0.01 0.01
3 0.47400000000000003 0.583 0.012 0.014
3 0.47150000000000003 0.5866666666666667 0.012 0.017333333333333333
3 0.5425 0.5896666666666667 0.01 0.012666666666666666
4 0.54325 0.5946666666666667 0.0105 0.017333333333333333
3 0.46625 0.5936666666666667 0.0145 0.019333333333333334
3 0.457 0.6086666666666667 0.016 0.018666666666666665
3 0.55425 0.5996666666666667 0.0235 0.014
3 0.5615 0.6016666666666667 0.022 0.011333333333333332
3 0.56675 0.6056666666666667 0.0305 0.012666666666666666
3 0.5650000000000001 0.6086666666666667 0.029 0.013333333333333332
3 0.56625 0.6156666666666667 0.035500000000000004 0.011333333333333332
3 0.56725 0.6186666666666667 0.0335 0.013333333333333332
3 0.5680000000000001 0.626 0.037 0.016
3 0.56925 0.6366666666666666 0.0395 0.018666666666666665
3 0.43675 0.6266666666666666 0.021500000000000002 0.021333333333333333
3 0.489 0.6136666666666667 0.014 0.019333333333333334
3 0.50625 0.6156666666666667 0.0155 0.019333333333333334
4 0.50725 0.6066666666666667 0.0125 0.016
3 0.494 0.6266666666666666 0.017 0.017333333333333333
1 0.46475 0.628 0.0055 0.016
2 0.4645 0.6316666666666666 0.006 0.012666666666666666
5 0.42825 0.6066666666666667 0.0395 0.029333333333333333
0 0.44925 0.6496666666666666 0.0055 0.020666666666666667
3 0.485 0.6506666666666666 0.019 0.025333333333333333
3 0.495 0.6686666666666666 0.018000000000000002 0.025333333333333333
3 0.419 0.656 0.024 0.028
3 0.58075 0.6626666666666666 0.0475 0.022666666666666665
3 0.5755 0.6686666666666666 0.047 0.025333333333333333
3 0.584 0.6796666666666666 0.054 0.024666666666666667
3 0.593 0.6906666666666667 0.058 0.028
3 0.5535 0.7226666666666667 0.027 0.04133333333333333
3 0.41100000000000003 0.6736666666666666 0.025 0.028666666666666667
3 0.40750000000000003 0.6976666666666667 0.029 0.038
3 0.38625 0.7186666666666667 0.0335 0.04666666666666666
3 0.36625 0.7586666666666666 0.0405 0.050666666666666665
0 0.33875 0.6826666666666666 0.0055 0.02
3 0.32 0.6906666666666667 0.032 0.028
3 0.48475 0.7316666666666667 0.0285 0.04466666666666667
3 0.34 0.8056666666666666 0.055 0.066
0 0.40925 0.8386666666666667 0.0135 0.048
3 0.47250000000000003 0.8186666666666667 0.035 0.058666666666666666
3 0.5785 0.8386666666666667 0.048 0.06666666666666667
3 0.6615 0.9016666666666666 0.115 0.07666666666666666
