4 0.9596428571428571 0.8953045685279187 0.07928571428571428 0.19923857868020303
3 0.8692857142857143 0.11104060913705582 0.047142857142857146 0.08248730964467005
5 0.7464285714285714 0.06535532994923858 0.06714285714285714 0.133248730964467
0 0.43214285714285716 0.8356598984771573 0.007142857142857143 0.03934010152284264
0 0.4375 0.8299492385786802 0.010714285714285714 0.04060913705583756
0 0.4089285714285714 0.6110406091370558 0.010714285714285714 0.03426395939086294
0 0.7589285714285714 0.9416243654822334 0.013571428571428571 0.025380710659898477
1 0.625 0.891497461928934 0.01 0.024111675126903553
1 0.6267857142857143 0.8673857868020304 0.017857142857142856 0.021573604060913704
1 0.5542857142857143 0.6085025380710659 0.01 0.013959390862944161
0 0.5346428571428572 0.5558375634517766 0.009285714285714286 0.03045685279187817
0 0.5475 0.516497461928934 0.009285714285714286 0.03807106598984771
0 0.5239285714285714 0.49048223350253806 0.012142857142857143 0.03426395939086294
0 0.5346428571428572 0.44543147208121825 0.009285714285714286 0.03807106598984771
0 0.5103571428571428 0.4885786802030456 0.007857142857142858 0.032994923857868015
0 0.40535714285714286 0.4308375634517766 0.010714285714285714 0.031725888324873094
0 0.4225 0.42005076142131975 0.0064285714285714285 0.02030456852791878
0 0.5571428571428572 0.47335025380710655 0.007142857142857143 0.027918781725888322
0 0.5614285714285714 0.4612944162436548 0.004285714285714286 0.024111675126903553
0 0.5525 0.45241116751269034 0.007857142857142858 0.024111675126903553
1 0.5264285714285715 0.16878172588832485 0.011428571428571429 0.025380710659898477
0 0.4739285714285714 0.14022842639593908 0.0064285714285714285 0.013959390862944161
0 0.48142857142857143 0.15862944162436546 0.008571428571428572 0.02030456852791878
0 0.42464285714285716 0.30710659898477155 0.010714285714285714 0.03045685279187817
