3 0.05714285714285714 0.5653553299492385 0.03 0.031725888324873094
3 0.07214285714285715 0.6427664974619289 0.032857142857142856 0.03426395939086294
3 0.19214285714285714 0.7633248730964466 0.03428571428571429 0.04187817258883248
3 0.29892857142857143 0.6034263959390862 0.03785714285714286 0.04187817258883248
3 0.18285714285714286 0.5171319796954315 0.02857142857142857 0.03426395939086294
3 0.2825 0.508248730964467 0.027857142857142858 0.03426395939086294
3 0.18464285714285714 0.4295685279187817 0.02214285714285714 0.03426395939086294
3 0.40285714285714286 0.6256345177664974 0.04428571428571428 0.03807106598984771
3 0.5275 0.7309644670050761 0.05071428571428571 0.055837563451776644
3 0.6264285714285714 0.6821065989847716 0.04285714285714286 0.04187817258883248
3 0.7089285714285715 0.7690355329949238 0.052142857142857144 0.053299492385786795
3 0.7821428571428571 0.708756345177665 0.055714285714285716 0.05964467005076142
3 0.8989285714285714 0.9048223350253807 0.06785714285714285 0.06091370558375634
3 0.9146428571428571 0.8020304568527918 0.05785714285714286 0.05837563451776649
3 0.13964285714285715 0.4289340101522842 0.025 0.032994923857868015
3 0.0925 0.4098984771573604 0.02214285714285714 0.035532994923857864
3 0.05 0.2982233502538071 0.015714285714285715 0.02030456852791878
3 0.09642857142857143 0.25444162436548223 0.011428571428571429 0.024111675126903553
3 0.04928571428571429 0.16878172588832485 0.008571428571428572 0.015228426395939085
3 0.06428571428571428 0.15609137055837563 0.008571428571428572 0.012690355329949238
3 0.0825 0.1465736040609137 0.007857142857142858 0.011421319796954314
3 0.09464285714285714 0.14276649746192893 0.007857142857142858 0.013959390862944161
3 0.062142857142857146 0.133248730964467 0.007142857142857143 0.012690355329949238
3 0.18678571428571428 0.3426395939086294 0.012142857142857143 0.02030456852791878
3 0.2864285714285714 0.391497461928934 0.014285714285714285 0.021573604060913704
3 0.06 0.10469543147208121 0.008571428571428572 0.011421319796954314
3 0.04928571428571429 0.12944162436548223 0.008571428571428572 0.012690355329949238
3 0.04928571428571429 0.07677664974619289 0.007142857142857143 0.011421319796954314
3 0.07785714285714286 0.04505076142131979 0.005714285714285714 0.008883248730964466
3 0.08678571428571429 0.05964467005076142 0.005 0.012690355329949238
3 0.08785714285714286 0.03616751269035533 0.005714285714285714 0.011421319796954314
3 0.8146428571428571 0.6059644670050761 0.03785714285714286 0.03680203045685279
3 0.8071428571428572 0.572969543147208 0.03428571428571429 0.029187817258883246
3 0.7664285714285715 0.5678934010152283 0.037142857142857144 0.029187817258883246
3 0.7346428571428572 0.4143401015228426 0.02214285714285714 0.026649746192893398
3 0.7446428571428572 0.4098984771573604 0.019285714285714285 0.027918781725888322
3 0.7325 0.357233502538071 0.02214285714285714 0.026649746192893398
3 0.7121428571428572 0.4879441624365482 0.014285714285714285 0.026649746192893398
3 0.7271428571428571 0.4949238578680203 0.015714285714285715 0.03045685279187817
3 0.7425 0.4955583756345177 0.015 0.029187817258883246
3 0.7571428571428571 0.5019035532994923 0.015714285714285715 0.031725888324873094
3 0.7721428571428571 0.5095177664974619 0.012857142857142857 0.026649746192893398
3 0.785 0.5101522842639593 0.017142857142857144 0.035532994923857864
3 0.7996428571428571 0.5126903553299492 0.015 0.03045685279187817
3 0.8139285714285714 0.5203045685279187 0.012142857142857143 0.027918781725888322
3 0.7721428571428571 0.4441624365482233 0.02 0.025380710659898477
3 0.7817857142857143 0.43845177664974616 0.02214285714285714 0.026649746192893398
3 0.7892857142857143 0.4308375634517766 0.024285714285714285 0.026649746192893398
3 0.7925 0.4593908629441624 0.02214285714285714 0.03045685279187817
3 0.8039285714285714 0.45685279187817257 0.017857142857142856 0.025380710659898477
3 0.8428571428571429 0.4879441624365482 0.022857142857142857 0.031725888324873094
3 0.8275 0.5215736040609137 0.012142857142857143 0.025380710659898477
3 0.8425 0.523477157360406 0.012142857142857143 0.029187817258883246
3 0.8521428571428571 0.4809644670050761 0.027142857142857142 0.025380710659898477
3 0.7771428571428571 0.5920050761421319 0.03 0.029187817258883246
3 0.755 0.3496192893401015 0.02 0.024111675126903553
3 0.5042857142857143 0.40164974619289334 0.015714285714285715 0.021573604060913704
3 0.5317857142857143 0.3927664974619289 0.017857142857142856 0.021573604060913704
3 0.555 0.38578680203045684 0.011428571428571429 0.02284263959390863
3 0.5517857142857143 0.34010152284263956 0.015 0.02284263959390863
3 0.5621428571428572 0.3362944162436548 0.017142857142857144 0.025380710659898477
3 0.5725 0.33375634517766495 0.012142857142857143 0.02030456852791878
3 0.5342857142857143 0.3623096446700507 0.017142857142857144 0.021573604060913704
3 0.5446428571428571 0.35850253807106597 0.015 0.024111675126903553
3 0.5321428571428571 0.3426395939086294 0.012857142857142857 0.017766497461928932
3 0.5242857142857142 0.34835025380710655 0.011428571428571429 0.016497461928934008
3 0.5139285714285714 0.3508883248730964 0.012142857142857143 0.016497461928934008
3 0.5042857142857143 0.35342639593908626 0.011428571428571429 0.021573604060913704
3 0.495 0.3705583756345177 0.012857142857142857 0.027918781725888322
3 0.4825 0.3692893401015228 0.012142857142857143 0.03045685279187817
3 0.43464285714285716 0.3299492385786802 0.012142857142857143 0.02030456852791878
3 0.44785714285714284 0.32741116751269034 0.015714285714285715 0.025380710659898477
3 0.48464285714285715 0.31535532994923854 0.012142857142857143 0.019035532994923856
3 0.49464285714285716 0.31408629441624364 0.010714285714285714 0.013959390862944161
3 0.5042857142857143 0.3102791878172589 0.012857142857142857 0.021573604060913704
3 0.5128571428571429 0.3096446700507614 0.008571428571428572 0.015228426395939085
3 0.39464285714285713 0.27411167512690354 0.010714285714285714 0.017766497461928932
3 0.375 0.3680203045685279 0.012857142857142857 0.02030456852791878
3 0.3896428571428571 0.33185279187817257 0.015 0.013959390862944161
3 0.36178571428571427 0.3178934010152284 0.02214285714285714 0.021573604060913704
3 0.35714285714285715 0.31408629441624364 0.017142857142857144 0.016497461928934008
3 0.355 0.30710659898477155 0.02142857142857143 0.02030456852791878
3 0.3653571428571429 0.28870558375634514 0.019285714285714285 0.013959390862944161
3 0.2867857142857143 0.31408629441624364 0.015 0.021573604060913704
3 0.3 0.31408629441624364 0.014285714285714285 0.011421319796954314
3 0.4317857142857143 0.2652284263959391 0.012142857142857143 0.02030456852791878
3 0.45964285714285713 0.299492385786802 0.012142857142857143 0.02030456852791878
3 0.34035714285714286 0.37309644670050757 0.010714285714285714 0.017766497461928932
3 0.365 0.33248730964467005 0.02142857142857143 0.02030456852791878
3 0.3821428571428571 0.31408629441624364 0.02 0.013959390862944161
3 0.3821428571428571 0.3109137055837563 0.02 0.017766497461928932
3 0.3075 0.3876903553299492 0.015 0.026649746192893398
3 0.33 0.3546954314720812 0.024285714285714285 0.021573604060913704
3 0.28 0.3312182741116751 0.01 0.02030456852791878
3 0.2892857142857143 0.3261421319796954 0.012857142857142857 0.025380710659898477
3 0.30178571428571427 0.32550761421319796 0.010714285714285714 0.016497461928934008
3 0.31142857142857144 0.32170050761421315 0.012857142857142857 0.024111675126903553
3 0.32035714285714284 0.3166243654822335 0.013571428571428571 0.024111675126903553
3 0.3317857142857143 0.31408629441624364 0.015 0.024111675126903553
3 0.40214285714285714 0.2798223350253807 0.012857142857142857 0.021573604060913704
3 0.4125 0.26903553299492383 0.012142857142857143 0.015228426395939085
3 0.4667857142857143 0.23730964467005075 0.016428571428571428 0.02030456852791878
3 0.6392857142857142 0.33502538071065985 0.018571428571428572 0.027918781725888322
3 0.4142857142857143 0.2982233502538071 0.011428571428571429 0.02284263959390863
3 0.5317857142857143 0.30710659898477155 0.013571428571428571 0.02030456852791878
3 0.5217857142857143 0.31916243654822335 0.015 0.021573604060913704
3 0.5071428571428571 0.3280456852791878 0.01 0.021573604060913704
3 0.39464285714285713 0.3375634517766497 0.02214285714285714 0.017766497461928932
3 0.5042857142857143 0.28743654822335024 0.012857142857142857 0.016497461928934008
3 0.44642857142857145 0.18718274111675126 0.01 0.016497461928934008
3 0.4496428571428571 0.17005076142131978 0.007857142857142858 0.012690355329949238
3 0.43714285714285717 0.1649746192893401 0.01 0.012690355329949238
5 0.32535714285714284 0.3965736040609137 0.023571428571428573 0.052030456852791875
5 0.3514285714285714 0.38578680203045684 0.02142857142857143 0.048223350253807105
5 0.3653571428571429 0.3813451776649746 0.019285714285714285 0.04695431472081218
5 0.4075 0.3705583756345177 0.025 0.04060913705583756
5 0.33214285714285713 0.449238578680203 0.022857142857142857 0.050761421319796954
5 0.345 0.4511421319796954 0.018571428571428572 0.04187817258883248
5 0.36214285714285716 0.44670050761421315 0.02 0.04314720812182741
5 0.3767857142857143 0.44035532994923854 0.020714285714285713 0.048223350253807105
5 0.3896428571428571 0.4359137055837563 0.02214285714285714 0.05964467005076142
5 0.40285714285714286 0.4295685279187817 0.022857142857142857 0.05964467005076142
5 0.43214285714285716 0.4156091370558375 0.024285714285714285 0.04441624365482233
4 0.4225 0.30837563451776645 0.015 0.025380710659898477
4 0.3871428571428571 0.324238578680203 0.02 0.024111675126903553
4 0.43214285714285716 0.30710659898477155 0.014285714285714285 0.027918781725888322
4 0.4421428571428571 0.30203045685279184 0.012857142857142857 0.03045685279187817
4 0.4525 0.299492385786802 0.015 0.025380710659898477
4 0.4692857142857143 0.29568527918781723 0.012857142857142857 0.025380710659898477
4 0.5117857142857143 0.28236040609137053 0.015 0.024111675126903553
4 0.3825 0.2506345177664974 0.015 0.029187817258883246
4 0.4639285714285714 0.2639593908629441 0.010714285714285714 0.02284263959390863
4 0.46714285714285714 0.18337563451776648 0.01 0.016497461928934008
4 0.47214285714285714 0.2626903553299492 0.012857142857142857 0.025380710659898477
4 0.47964285714285715 0.26015228426395937 0.012142857142857143 0.025380710659898477
4 0.4875 0.258248730964467 0.012142857142857143 0.026649746192893398
4 0.49714285714285716 0.25444162436548223 0.012857142857142857 0.024111675126903553
5 0.4764285714285714 0.19670050761421318 0.015714285714285715 0.027918781725888322
5 0.48928571428571427 0.19923857868020303 0.02 0.027918781725888322
5 0.3367857142857143 0.2785532994923858 0.035 0.029187817258883246
5 0.3325 0.27347715736040606 0.03214285714285714 0.03426395939086294
5 0.3292857142857143 0.26903553299492383 0.025714285714285714 0.03045685279187817
5 0.3267857142857143 0.26903553299492383 0.03214285714285714 0.035532994923857864
5 0.32285714285714284 0.25253807106598986 0.03571428571428571 0.03045685279187817
5 0.32035714285714284 0.24555837563451774 0.035 0.029187817258883246
5 0.32285714285714284 0.23857868020304568 0.041428571428571426 0.03045685279187817
8 0.39285714285714285 0.2309644670050761 0.022857142857142857 0.03807106598984771
8 0.40464285714285714 0.22652284263959388 0.02214285714285714 0.04441624365482233
8 0.43714285714285717 0.2214467005076142 0.027142857142857142 0.04187817258883248
8 0.5 0.5799492385786802 0.09857142857142857 0.11167512690355329
8 0.44785714285714284 0.21763959390862941 0.024285714285714285 0.04187817258883248
5 0.5228571428571429 0.6738578680203046 0.07428571428571429 0.06852791878172589
3 0.8717857142857143 0.6967005076142131 0.02214285714285714 0.050761421319796954
3 0.12285714285714286 0.19035532994923857 0.008571428571428572 0.02030456852791878
8 0.11678571428571428 0.1484771573604061 0.012142857142857143 0.032994923857868015
8 0.1392857142857143 0.141497461928934 0.01 0.021573604060913704
8 0.14714285714285713 0.12309644670050761 0.007142857142857143 0.015228426395939085
8 0.14714285714285713 0.133248730964467 0.01 0.02030456852791878
8 0.15178571428571427 0.149746192893401 0.010714285714285714 0.025380710659898477
8 0.15285714285714286 0.1611675126903553 0.01 0.027918781725888322
8 0.165 0.1611675126903553 0.01 0.027918781725888322
8 0.16214285714285714 0.149746192893401 0.01 0.025380710659898477
8 0.15964285714285714 0.13895939086294415 0.007857142857142858 0.021573604060913704
8 0.14214285714285715 0.15609137055837563 0.012857142857142857 0.03045685279187817
8 0.15428571428571428 0.17703045685279187 0.01 0.031725888324873094
8 0.16642857142857143 0.17956852791878172 0.012857142857142857 0.031725888324873094
5 0.21464285714285714 0.4181472081218274 0.03785714285714286 0.06218274111675126
5 0.10035714285714285 0.18210659898477155 0.015 0.031725888324873094
4 0.1 0.21763959390862941 0.01 0.026649746192893398
4 0.9246428571428571 0.8661167512690354 0.06785714285714285 0.06472081218274112
3 0.5946428571428571 0.30203045685279184 0.019285714285714285 0.01015228426395939
4 0.6071428571428571 0.31916243654822335 0.02 0.026649746192893398
0 0.455 0.3826142131979695 0.005714285714285714 0.019035532994923856
3 0.255 0.33883248730964466 0.012857142857142857 0.02284263959390863
3 0.2671428571428571 0.33248730964467005 0.014285714285714285 0.02284263959390863
3 0.2689285714285714 0.3756345177664974 0.025 0.015228426395939085
3 0.26035714285714284 0.3972081218274111 0.015 0.025380710659898477
4 0.2575 0.324238578680203 0.016428571428571428 0.016497461928934008
8 0.08714285714285715 0.08502538071065989 0.012857142857142857 0.03045685279187817
3 0.5167857142857143 0.3680203045685279 0.015 0.02284263959390863
8 0.5328571428571428 0.4428934010152284 0.06428571428571428 0.04314720812182741
3 0.8171428571428572 0.45304568527918776 0.022857142857142857 0.032994923857868015
3 0.6067857142857143 0.5983502538071066 0.035 0.031725888324873094
3 0.65 0.6110406091370558 0.032857142857142856 0.031725888324873094
3 0.6721428571428572 0.6300761421319796 0.032857142857142856 0.029187817258883246
