3 0.4564285714285714 0.7376190476190476 0.025714285714285714 0.04476190476190476
3 0.535 0.9695238095238096 0.045714285714285714 0.05523809523809524
3 0.8671428571428571 0.7566666666666667 0.04 0.035238095238095235
3 0.8789285714285714 0.6447619047619048 0.03357142857142857 0.030476190476190476
3 0.29 0.39 0.01 0.012380952380952381
3 0.265 0.3423809523809524 0.01 0.012380952380952381
4 0.23392857142857143 0.3047619047619048 0.0064285714285714285 0.009523809523809525
3 0.20535714285714285 0.2619047619047619 0.005 0.007619047619047619
3 0.19714285714285715 0.23523809523809525 0.004285714285714286 0.005714285714285714
0 0.2375 0.33904761904761904 0.002142857142857143 0.007619047619047619
5 0.18678571428571428 0.23142857142857143 0.007857142857142858 0.013333333333333332
5 0.24785714285714286 0.28476190476190477 0.015714285714285715 0.024761904761904763
5 0.2767857142857143 0.38952380952380955 0.015 0.024761904761904763
5 0.17714285714285713 0.19428571428571428 0.007142857142857143 0.011428571428571429
5 0.1825 0.18666666666666668 0.0064285714285714285 0.011428571428571429
3 0.21714285714285714 0.27714285714285714 0.005714285714285714 0.007619047619047619
3 0.24464285714285713 0.2571428571428571 0.005 0.005714285714285714
3 0.24 0.24714285714285714 0.004285714285714286 0.004761904761904762
