3 0.8403571428571428 0.14022842639593908 0.04357142857142857 0.07994923857868019
3 0.9771428571428571 0.6941624365482233 0.04428571428571428 0.14720812182741116
3 0.20714285714285716 0.09961928934010152 0.06 0.052030456852791875
0 0.7571428571428571 0.4168781725888325 0.007142857142857143 0.03934010152284264
0 0.7678571428571429 0.42195431472081213 0.011428571428571429 0.031725888324873094
0 0.6925 0.40164974619289334 0.012142857142857143 0.031725888324873094
0 0.6996428571428571 0.11928934010152284 0.007857142857142858 0.027918781725888322
0 0.745 0.1630710659898477 0.007142857142857143 0.03426395939086294
0 0.7517857142857143 0.16560913705583755 0.0064285714285714285 0.03426395939086294
0 0.7589285714285714 0.17005076142131978 0.005 0.035532994923857864
1 0.6846428571428571 0.10850253807106598 0.007857142857142858 0.013959390862944161
1 0.675 0.10723350253807105 0.008571428571428572 0.019035532994923856
1 0.6671428571428571 0.10977157360406091 0.007142857142857143 0.021573604060913704
1 0.6271428571428571 0.10977157360406091 0.007142857142857143 0.021573604060913704
1 0.6589285714285714 0.11104060913705582 0.009285714285714286 0.016497461928934008
0 0.7467857142857143 0.07677664974619289 0.0064285714285714285 0.026649746192893398
0 0.7521428571428571 0.07931472081218273 0.007142857142857143 0.031725888324873094
1 0.6175 0.17258883248730963 0.007857142857142858 0.03045685279187817
1 0.6171428571428571 0.10723350253807105 0.005714285714285714 0.019035532994923856
1 0.46464285714285714 0.7252538071065989 0.012142857142857143 0.024111675126903553
1 0.46214285714285713 0.9295685279187816 0.017142857142857144 0.026649746192893398
1 0.4625 0.9175126903553299 0.007857142857142858 0.02284263959390863
0 0.72 0.05456852791878172 0.007142857142857143 0.03045685279187817
1 0.7171428571428572 0.041243654822335024 0.007142857142857143 0.016497461928934008
