3 0.64825 0.6696666666666666 0.07150000000000001 0.10866666666666666
8 0.51225 0.30266666666666664 0.1045 0.16666666666666666
7 0.5205 0.498 0.029 0.06799999999999999
5 0.71525 0.9026666666666666 0.4915 0.19333333333333333
5 0.96775 0.7396666666666667 0.0635 0.11399999999999999
3 0.1085 0.49766666666666665 0.043000000000000003 0.09133333333333334
3 0.24225 0.32366666666666666 0.0755 0.041999999999999996
3 0.22975 0.2776666666666667 0.0325 0.048666666666666664
3 0.27275 0.2776666666666667 0.0335 0.05266666666666667
3 0.395 0.217 0.029 0.046
3 0.38225000000000003 0.17766666666666667 0.0285 0.043333333333333335
3 0.47725 0.19666666666666666 0.0335 0.044
4 0.426 0.19966666666666666 0.027 0.05266666666666667
3 0.441 0.12466666666666666 0.028 0.03866666666666667
3 0.393 0.10166666666666667 0.026000000000000002 0.038
3 0.602 0.13766666666666666 0.036000000000000004 0.03266666666666666
3 0.562 0.08566666666666667 0.028 0.026
7 0.56525 0.13966666666666666 0.021500000000000002 0.03266666666666666
1 0.40175 0.07366666666666666 0.006500000000000001 0.019333333333333334
2 0.40125 0.07966666666666666 0.0075 0.012666666666666666
3 0.44875 0.06466666666666666 0.0395 0.025333333333333333
3 0.43725 0.05366666666666667 0.0395 0.026
3 0.42775 0.03266666666666666 0.0395 0.022666666666666665
3 0.508 0.021666666666666667 0.024 0.024666666666666667
3 0.46950000000000003 0.032 0.031 0.024
3 0.35575 0.034666666666666665 0.0225 0.022666666666666665
3 0.3835 0.011666666666666665 0.02 0.024666666666666667
2 0.37425 0.2786666666666667 0.0225 0.018666666666666665
