3 0.56 0.8919047619047619 0.21 0.21428571428571427
5 0.4228571428571429 0.6271428571428571 0.16714285714285715 0.2580952380952381
3 0.3296428571428571 0.4742857142857143 0.09928571428571428 0.10666666666666666
3 0.2775 0.37238095238095237 0.07214285714285715 0.08190476190476191
3 0.24964285714285714 0.2947619047619048 0.075 0.06952380952380953
3 0.21428571428571427 0.2338095238095238 0.05714285714285714 0.06
3 0.20714285714285716 0.18523809523809523 0.05285714285714286 0.04857142857142857
0 0.19178571428571428 0.44904761904761903 0.02214285714285714 0.06
0 0.2075 0.4419047619047619 0.02642857142857143 0.06095238095238095
1 0.23 0.4442857142857143 0.037142857142857144 0.06380952380952382
9 0.24035714285714285 0.44761904761904764 0.03357142857142857 0.05523809523809524
4 0.1875 0.1438095238095238 0.06785714285714285 0.06666666666666667
3 0.1825 0.10428571428571429 0.03357142857142857 0.039047619047619046
3 0.1742857142857143 0.08190476190476191 0.03 0.026666666666666665
3 0.15678571428571428 0.06714285714285714 0.056428571428571425 0.037142857142857144
3 0.2325 0.06523809523809523 0.07071428571428572 0.03142857142857143
3 0.2017857142857143 0.04238095238095238 0.05357142857142857 0.02761904761904762
3 0.17535714285714285 0.03190476190476191 0.02642857142857143 0.025714285714285714
3 0.1742857142857143 0.017619047619047618 0.025714285714285714 0.025714285714285714
3 0.11785714285714285 0.029523809523809525 0.02857142857142857 0.03428571428571429
3 0.031785714285714285 0.05761904761904762 0.052142857142857144 0.02761904761904762
3 0.05928571428571429 0.047142857142857146 0.047142857142857146 0.029523809523809525
3 0.06892857142857142 0.04 0.04357142857142857 0.024761904761904763
3 0.075 0.024761904761904763 0.032857142857142856 0.026666666666666665
3 0.08214285714285714 0.015238095238095238 0.03 0.02095238095238095
3 0.019285714285714285 0.10238095238095238 0.037142857142857144 0.05619047619047619
3 0.5828571428571429 0.16714285714285715 0.07142857142857142 0.04666666666666667
