3 0.13392857142857142 0.2838095238095238 0.105 0.09714285714285714
3 0.18964285714285714 0.30428571428571427 0.115 0.08285714285714285
3 0.24464285714285713 0.32142857142857145 0.11214285714285714 0.09619047619047619
3 0.29964285714285716 0.3419047619047619 0.10928571428571429 0.08761904761904762
4 0.3625 0.36904761904761907 0.13214285714285715 0.12095238095238095
3 0.4064285714285714 0.42 0.13428571428571429 0.12380952380952381
3 0.0675 0.5171428571428571 0.13642857142857143 0.12
4 0.3289285714285714 0.7647619047619048 0.185 0.21904761904761905
3 0.86 0.6966666666666667 0.15 0.19714285714285715
3 0.895 0.34 0.08 0.08952380952380952
3 0.8171428571428572 0.3219047619047619 0.08571428571428572 0.08952380952380952
3 0.7121428571428572 0.2038095238095238 0.1 0.06476190476190476
3 0.6721428571428572 0.2776190476190476 0.07714285714285714 0.08285714285714285
3 0.5917857142857142 0.25952380952380955 0.05785714285714286 0.06190476190476191
3 0.5471428571428572 0.24714285714285714 0.06714285714285714 0.06571428571428571
3 0.45964285714285713 0.2119047619047619 0.06785714285714285 0.05238095238095238
3 0.5164285714285715 0.12523809523809523 0.06 0.058095238095238096
3 0.4675 0.05476190476190476 0.05785714285714286 0.035238095238095235
