3 0.02642857142857143 0.006666666666666666 0.008571428571428572 0.009523809523809525
4 0.08535714285714285 0.039047619047619046 0.013571428571428571 0.015238095238095238
2 0.07178571428571429 0.03761904761904762 0.002142857142857143 0.004761904761904762
1 0.07 0.035238095238095235 0.002857142857142857 0.005714285714285714
1 0.12 0.15142857142857144 0.004285714285714286 0.007619047619047619
1 0.1742857142857143 0.2652380952380952 0.004285714285714286 0.006666666666666666
1 0.195 0.5395238095238095 0.008571428571428572 0.014285714285714285
1 0.10928571428571429 0.10952380952380952 0.004285714285714286 0.005714285714285714
0 0.0925 0.039047619047619046 0.005 0.009523809523809525
9 0.11 0.11428571428571428 0.002857142857142857 0.007619047619047619
9 0.12214285714285714 0.15476190476190477 0.004285714285714286 0.008571428571428572
7 0.17714285714285713 0.2714285714285714 0.014285714285714285 0.013333333333333332
3 0.07142857142857142 0.01380952380952381 0.011428571428571429 0.008571428571428572
4 0.10392857142857143 0.027142857142857142 0.023571428571428573 0.012380952380952381
4 0.11214285714285714 0.03428571428571429 0.015714285714285715 0.011428571428571429
3 0.1417857142857143 0.029523809523809525 0.016428571428571428 0.007619047619047619
4 0.08642857142857142 0.22238095238095237 0.032857142857142856 0.07523809523809524
3 0.08464285714285714 0.02 0.015 0.007619047619047619
3 0.11642857142857142 0.054285714285714284 0.011428571428571429 0.009523809523809525
3 0.105 0.07 0.008571428571428572 0.012380952380952381
3 0.11785714285714285 0.06952380952380953 0.008571428571428572 0.009523809523809525
3 0.13214285714285715 0.08476190476190476 0.01 0.009523809523809525
3 0.14714285714285713 0.08238095238095237 0.01 0.012380952380952381
4 0.10964285714285714 0.08714285714285715 0.009285714285714286 0.012380952380952381
3 0.11892857142857143 0.08190476190476191 0.016428571428571428 0.009523809523809525
3 0.21928571428571428 0.08523809523809524 0.015714285714285715 0.006666666666666666
4 0.20964285714285713 0.08238095238095237 0.015 0.012380952380952381
3 0.15285714285714286 0.10380952380952381 0.02 0.013333333333333332
3 0.25142857142857145 0.17523809523809525 0.014285714285714285 0.017142857142857144
3 0.265 0.1742857142857143 0.011428571428571429 0.015238095238095238
0 0.2925 0.1719047619047619 0.005 0.012380952380952381
0 0.2892857142857143 0.1719047619047619 0.002857142857142857 0.010476190476190476
4 0.285 0.23761904761904762 0.027142857142857142 0.05619047619047619
4 0.255 0.23952380952380953 0.027142857142857142 0.058095238095238096
3 0.2392857142857143 0.2519047619047619 0.01 0.018095238095238095
3 0.33714285714285713 0.2671428571428571 0.032857142857142856 0.021904761904761906
4 0.355 0.33476190476190476 0.03142857142857143 0.02761904761904762
8 0.15678571428571428 0.34476190476190477 0.03357142857142857 0.08761904761904762
3 0.23964285714285713 0.3595238095238095 0.039285714285714285 0.03333333333333333
4 0.31392857142857145 0.3576190476190476 0.027857142857142858 0.023809523809523808
4 0.205 0.32476190476190475 0.04857142857142857 0.047619047619047616
4 0.2125 0.30142857142857143 0.04928571428571429 0.03142857142857143
4 0.25642857142857145 0.3314285714285714 0.03142857142857143 0.030476190476190476
4 0.2292857142857143 0.33380952380952383 0.032857142857142856 0.03333333333333333
9 0.1992857142857143 0.5447619047619048 0.01 0.022857142857142857
3 0.3921428571428571 0.6766666666666666 0.032857142857142856 0.06
3 0.3442857142857143 0.6966666666666667 0.037142857142857144 0.06952380952380953
0 0.35035714285714287 0.7342857142857143 0.012142857142857143 0.024761904761904763
3 0.39714285714285713 0.5242857142857142 0.037142857142857144 0.04476190476190476
3 0.5721428571428572 0.6895238095238095 0.06 0.05904761904761905
3 0.5264285714285715 0.6266666666666667 0.05 0.05142857142857143
4 0.5521428571428572 0.6523809523809524 0.06571428571428571 0.07047619047619047
4 0.6528571428571428 0.9719047619047619 0.07571428571428572 0.054285714285714284
4 0.41035714285714286 0.2819047619047619 0.04214285714285714 0.047619047619047616
3 0.40964285714285714 0.31 0.03214285714285714 0.01619047619047619
3 0.4546428571428571 0.2795238095238095 0.025 0.02
3 0.49214285714285716 0.3852380952380952 0.037142857142857144 0.037142857142857144
3 0.5096428571428572 0.43142857142857144 0.03785714285714286 0.03428571428571429
3 0.465 0.4676190476190476 0.03857142857142857 0.0380952380952381
9 0.6092857142857143 0.36142857142857143 0.01 0.018095238095238095
9 0.5889285714285715 0.3852380952380952 0.013571428571428571 0.012380952380952381
2 0.5928571428571429 0.36952380952380953 0.007142857142857143 0.017142857142857144
9 0.74 0.5438095238095239 0.015714285714285715 0.02095238095238095
9 0.7671428571428571 0.61 0.012857142857142857 0.025714285714285714
3 0.7475 0.8071428571428572 0.06785714285714285 0.058095238095238096
9 0.8167857142857143 0.8471428571428572 0.023571428571428573 0.040952380952380955
3 0.8603571428571428 0.9638095238095238 0.07214285714285715 0.06857142857142857
3 0.9125 0.9571428571428572 0.08642857142857142 0.08190476190476191
3 0.9489285714285715 0.9442857142857143 0.09642857142857143 0.10761904761904761
3 0.9653571428571428 0.9347619047619048 0.06785714285714285 0.11523809523809524
3 0.9871428571428571 0.8995238095238095 0.024285714285714285 0.04285714285714286
4 0.8175 0.9742857142857143 0.056428571428571425 0.049523809523809526
9 0.9175 0.7138095238095238 0.015 0.023809523809523808
9 0.8296428571428571 0.679047619047619 0.015 0.03238095238095238
9 0.8989285714285714 0.7076190476190476 0.017857142857142856 0.026666666666666665
