3 0.5125 0.66 0.055 0.05714285714285714
3 0.5953571428571428 0.6519047619047619 0.03642857142857143 0.04857142857142857
3 0.6396428571428572 0.65 0.035 0.05047619047619047
3 0.6171428571428571 0.6123809523809524 0.027142857142857142 0.03238095238095238
3 0.7442857142857143 0.6123809523809524 0.027142857142857142 0.0380952380952381
3 0.7721428571428571 0.579047619047619 0.022857142857142857 0.022857142857142857
3 0.7603571428571428 0.5314285714285715 0.013571428571428571 0.013333333333333332
3 0.7696428571428572 0.5052380952380953 0.010714285714285714 0.012380952380952381
3 0.7246428571428571 0.49 0.009285714285714286 0.012380952380952381
8 0.7392857142857143 0.46476190476190476 0.007142857142857143 0.009523809523809525
3 0.7475 0.46714285714285714 0.005 0.004761904761904762
3 0.7617857142857143 0.46904761904761905 0.005 0.004761904761904762
4 0.7996428571428571 0.4695238095238095 0.005 0.007619047619047619
4 0.8042857142857143 0.46476190476190476 0.004285714285714286 0.007619047619047619
3 0.7978571428571428 0.4595238095238095 0.004285714285714286 0.004761904761904762
3 0.7964285714285714 0.45476190476190476 0.004285714285714286 0.004761904761904762
3 0.7803571428571429 0.4552380952380952 0.0035714285714285713 0.0038095238095238095
5 0.765 0.44666666666666666 0.002857142857142857 0.007619047619047619
0 0.02892857142857143 0.6547619047619048 0.012142857142857143 0.04476190476190476
0 0.037142857142857144 0.6519047619047619 0.012857142857142857 0.04666666666666667
