9 0.09214285714285714 0.95 0.03571428571428571 0.035238095238095235
9 0.11178571428571428 0.8471428571428572 0.039285714285714285 0.02761904761904762
9 0.2475 0.7119047619047619 0.012142857142857143 0.039047619047619046
9 0.054285714285714284 0.49 0.027142857142857142 0.02
9 0.36642857142857144 0.1719047619047619 0.01 0.02761904761904762
9 0.36142857142857143 0.13952380952380952 0.008571428571428572 0.021904761904761906
9 0.37714285714285717 0.054285714285714284 0.01 0.017142857142857144
9 0.9042857142857142 0.37952380952380954 0.022857142857142857 0.02
9 0.68 0.4523809523809524 0.011428571428571429 0.030476190476190476
9 0.96 0.48523809523809525 0.02 0.014285714285714285
9 0.955 0.4676190476190476 0.02 0.015238095238095238
7 0.02035714285714286 0.6242857142857143 0.04214285714285714 0.029523809523809525
0 0.25785714285714284 0.7166666666666667 0.01 0.023809523809523808
1 0.24678571428571427 0.7052380952380952 0.007857142857142858 0.021904761904761906
2 0.25535714285714284 0.7195238095238096 0.019285714285714285 0.029523809523809525
1 0.6821428571428572 0.4471428571428571 0.01 0.02
9 0.8117857142857143 0.2038095238095238 0.019285714285714285 0.02095238095238095
1 0.36642857142857144 0.16523809523809524 0.008571428571428572 0.01619047619047619
1 0.3603571428571429 0.13238095238095238 0.0064285714285714285 0.015238095238095238
1 0.3775 0.047142857142857146 0.005 0.014285714285714285
3 0.44642857142857145 0.05238095238095238 0.017142857142857144 0.03238095238095238
3 0.4714285714285714 0.06666666666666667 0.014285714285714285 0.03238095238095238
3 0.5992857142857143 0.15904761904761905 0.022857142857142857 0.03428571428571429
3 0.4025 0.049523809523809526 0.019285714285714285 0.03238095238095238
3 0.3364285714285714 0.049523809523809526 0.017142857142857144 0.030476190476190476
5 0.49714285714285716 0.16238095238095238 0.022857142857142857 0.05047619047619047
5 0.5946428571428571 0.24428571428571427 0.027857142857142858 0.05238095238095238
1 0.43535714285714283 0.3271428571428571 0.005 0.012380952380952381
9 0.43535714285714283 0.33 0.007857142857142858 0.023809523809523808
3 0.14714285714285713 0.4776190476190476 0.06714285714285714 0.054285714285714284
5 0.5828571428571429 0.5347619047619048 0.03571428571428571 0.08476190476190476
3 0.5421428571428571 0.5376190476190477 0.032857142857142856 0.07904761904761905
7 0.5046428571428572 0.5547619047619048 0.025 0.07714285714285714
3 0.8792857142857143 0.38666666666666666 0.04285714285714286 0.05904761904761905
3 0.8525 0.3295238095238095 0.03214285714285714 0.0419047619047619
3 0.8039285714285714 0.23666666666666666 0.03214285714285714 0.040952380952380955
3 0.7853571428571429 0.19476190476190477 0.023571428571428573 0.035238095238095235
