5 0.06392857142857143 0.8401015228426395 0.09785714285714285 0.11421319796954314
5 0.20464285714285715 0.9365482233502538 0.10214285714285715 0.11167512690355329
4 0.22892857142857143 0.5482233502538071 0.047857142857142855 0.07106598984771573
3 0.25535714285714284 0.5678934010152283 0.039285714285714285 0.05456852791878172
3 0.3171428571428571 0.7024111675126903 0.05285714285714286 0.04695431472081218
5 0.455 0.7125634517766497 0.07 0.18654822335025378
5 0.5067857142857143 0.5336294416243654 0.055 0.16370558375634517
8 0.5453571428571429 0.3978426395939086 0.055 0.15862944162436546
8 0.9171428571428571 0.906725888324873 0.12571428571428572 0.14086294416243653
4 0.6521428571428571 0.5983502538071066 0.03 0.08756345177664974
4 0.6142857142857143 0.6154822335025381 0.03142857142857143 0.08629441624365482
0 0.9196428571428571 0.6021573604060914 0.007857142857142858 0.026649746192893398
0 0.9292857142857143 0.6008883248730964 0.008571428571428572 0.021573604060913704
0 0.9275 0.5901015228426395 0.005 0.02284263959390863
4 0.8478571428571429 0.40038071065989844 0.047142857142857146 0.031725888324873094
5 0.605 0.19543147208121825 0.03571428571428571 0.09644670050761421
3 0.6521428571428571 0.15545685279187815 0.017142857142857144 0.03934010152284264
3 0.6692857142857143 0.07741116751269035 0.017142857142857144 0.032994923857868015
5 0.6817857142857143 0.141497461928934 0.025 0.06979695431472081
