8 0.10142857142857142 0.30583756345177665 0.032857142857142856 0.04060913705583756
8 0.1425 0.3623096446700507 0.027857142857142858 0.05710659898477157
3 0.047142857142857146 0.28236040609137053 0.022857142857142857 0.026649746192893398
3 0.045 0.30076142131979694 0.027142857142857142 0.02284263959390863
3 0.08964285714285715 0.3629441624365482 0.02214285714285714 0.025380710659898477
3 0.15714285714285714 0.43527918781725883 0.017142857142857144 0.04060913705583756
3 0.15214285714285714 0.5031725888324873 0.025714285714285714 0.04187817258883248
3 0.09678571428571428 0.6129441624365481 0.035 0.048223350253807105
3 0.295 0.5596446700507614 0.025714285714285714 0.055837563451776644
3 0.5175 0.33185279187817257 0.017857142857142856 0.03426395939086294
3 0.6046428571428571 0.22842639593908629 0.015 0.035532994923857864
3 0.5521428571428572 0.3889593908629441 0.02 0.04441624365482233
3 0.5303571428571429 0.7385786802030456 0.02642857142857143 0.08883248730964466
3 0.5521428571428572 0.03616751269035533 0.012857142857142857 0.024111675126903553
4 0.57 0.04060913705583756 0.011428571428571429 0.027918781725888322
4 0.6225 0.32550761421319796 0.019285714285714285 0.05710659898477157
4 0.4542857142857143 0.7753807106598984 0.02142857142857143 0.08883248730964466
4 0.16535714285714287 0.3515228426395939 0.02214285714285714 0.032994923857868015
3 0.145 0.2563451776649746 0.014285714285714285 0.027918781725888322
3 0.16035714285714286 0.25571065989847713 0.016428571428571428 0.021573604060913704
3 0.2517857142857143 0.17068527918781726 0.012142857142857143 0.024111675126903553
3 0.2092857142857143 0.09898477157360405 0.017142857142857144 0.015228426395939085
3 0.21464285714285714 0.08629441624365482 0.017857142857142856 0.02284263959390863
3 0.2225 0.08375634517766496 0.016428571428571428 0.015228426395939085
3 0.22964285714285715 0.07677664974619289 0.017857142857142856 0.021573604060913704
3 0.2292857142857143 0.06789340101522842 0.015714285714285715 0.013959390862944161
3 0.2367857142857143 0.061548223350253804 0.015 0.019035532994923856
3 0.20535714285714285 0.06408629441624365 0.019285714285714285 0.019035532994923856
3 0.21642857142857141 0.06091370558375634 0.018571428571428572 0.017766497461928932
3 0.2292857142857143 0.048223350253807105 0.012857142857142857 0.01015228426395939
3 0.20392857142857143 0.049492385786802026 0.015 0.012690355329949238
3 0.2117857142857143 0.04695431472081218 0.016428571428571428 0.015228426395939085
3 0.046785714285714285 0.09644670050761421 0.013571428571428571 0.015228426395939085
3 0.0525 0.09137055837563451 0.016428571428571428 0.02030456852791878
3 0.061785714285714284 0.08629441624365482 0.013571428571428571 0.015228426395939085
3 0.06964285714285715 0.08375634517766496 0.015 0.012690355329949238
3 0.08 0.08121827411167512 0.012857142857142857 0.015228426395939085
3 0.0725 0.09263959390862943 0.017857142857142856 0.015228426395939085
3 0.05928571428571429 0.06408629441624365 0.017142857142857144 0.016497461928934008
3 0.08214285714285714 0.052030456852791875 0.017142857142857144 0.017766497461928932
3 0.105 0.039974619289340096 0.017142857142857144 0.016497461928934008
3 0.026785714285714284 0.07677664974619289 0.017857142857142856 0.016497461928934008
3 0.04 0.06535532994923858 0.02 0.019035532994923856
3 0.026785714285714284 0.06091370558375634 0.017857142857142856 0.02030456852791878
3 0.08964285714285715 0.042512690355329945 0.015 0.016497461928934008
5 0.06428571428571428 0.04505076142131979 0.024285714285714285 0.031725888324873094
5 0.011428571428571429 0.07296954314720812 0.022857142857142857 0.03426395939086294
8 0.14535714285714285 0.02030456852791878 0.060714285714285714 0.04060913705583756
3 0.1417857142857143 0.03109137055837563 0.015 0.013959390862944161
5 0.41035714285714286 0.5786802030456852 0.027857142857142858 0.10152284263959391
0 0.7096428571428571 0.049492385786802026 0.005 0.02030456852791878
0 0.6996428571428571 0.050761421319796954 0.002142857142857143 0.012690355329949238
3 0.485 0.13388324873096447 0.008571428571428572 0.029187817258883246
3 0.27035714285714285 0.1364213197969543 0.023571428571428573 0.016497461928934008
3 0.2671428571428571 0.12690355329949238 0.02 0.012690355329949238
4 0.275 0.11230964467005075 0.03 0.021573604060913704
5 0.115 0.024111675126903553 0.03 0.015228426395939085
0 0.039285714285714285 0.45050761421319796 0.007142857142857143 0.02284263959390863
0 0.03428571428571429 0.45304568527918776 0.007142857142857143 0.02030456852791878
