3 0.03785714285714286 0.07931472081218273 0.03142857142857143 0.024111675126903553
8 0.013928571428571429 0.11928934010152284 0.027857142857142858 0.055837563451776644
8 0.2592857142857143 0.12055837563451775 0.041428571428571426 0.035532994923857864
3 0.29928571428571427 0.09644670050761421 0.03 0.02284263959390863
3 0.31285714285714283 0.1548223350253807 0.03142857142857143 0.02284263959390863
3 0.3625 0.08121827411167512 0.015 0.035532994923857864
3 0.39 0.10596446700507614 0.03 0.026649746192893398
3 0.4925 0.038705583756345176 0.012142857142857143 0.03426395939086294
3 0.5192857142857142 0.11992385786802029 0.03 0.026649746192893398
3 0.5621428571428572 0.07931472081218273 0.01 0.03934010152284264
3 0.6125 0.04695431472081218 0.012142857142857143 0.03807106598984771
4 0.6121428571428571 0.11611675126903552 0.01 0.029187817258883246
5 0.6396428571428572 0.07170050761421319 0.015 0.0748730964467005
5 0.9246428571428571 0.08502538071065989 0.025 0.06345177664974619
8 0.7089285714285715 0.17005076142131978 0.04357142857142857 0.035532994923857864
3 0.9321428571428572 0.5399746192893401 0.017142857142857144 0.05456852791878172
5 0.7917857142857143 0.8927664974619288 0.017857142857142856 0.07741116751269035
3 0.7575 0.8769035532994923 0.015 0.06091370558375634
4 0.7292857142857143 0.958756345177665 0.037142857142857144 0.029187817258883246
8 0.6739285714285714 0.881979695431472 0.02642857142857143 0.1751269035532995
4 0.5275 0.8362944162436547 0.017857142857142856 0.06345177664974619
4 0.45285714285714285 0.7963197969543147 0.017142857142857144 0.06725888324873096
4 0.44035714285714284 0.581218274111675 0.013571428571428571 0.055837563451776644
4 0.3271428571428571 0.5241116751269035 0.012857142857142857 0.04568527918781726
9 0.41214285714285714 0.5456852791878172 0.007142857142857143 0.025380710659898477
1 0.41214285714285714 0.5444162436548223 0.005714285714285714 0.015228426395939085
3 0.4664285714285714 0.1465736040609137 0.027142857142857142 0.026649746192893398
3 0.3653571428571429 0.2652284263959391 0.012142857142857143 0.04060913705583756
8 0.28714285714285714 0.19670050761421318 0.022857142857142857 0.09137055837563451
9 0.3975 0.27411167512690354 0.005 0.02030456852791878
1 0.39535714285714285 0.2715736040609137 0.005 0.015228426395939085
3 0.3967857142857143 0.23032994923857866 0.012142857142857143 0.03680203045685279
3 0.4225 0.23921319796954313 0.012142857142857143 0.03426395939086294
3 0.4496428571428571 0.23984771573604058 0.010714285714285714 0.04314720812182741
3 0.5014285714285714 0.2639593908629441 0.012857142857142857 0.050761421319796954
3 0.4442857142857143 0.33375634517766495 0.012857142857142857 0.04568527918781726
8 0.6721428571428572 0.1281725888324873 0.07 0.048223350253807105
3 0.7496428571428572 0.20875634517766495 0.027857142857142858 0.024111675126903553
8 0.6989285714285715 0.22652284263959388 0.019285714285714285 0.06725888324873096
8 0.6396428571428572 0.3426395939086294 0.017857142857142856 0.11675126903553298
3 0.6103571428571428 0.4378172588832487 0.012142857142857143 0.050761421319796954
9 0.5821428571428572 0.47017766497461927 0.004285714285714286 0.029187817258883246
1 0.5828571428571429 0.4689086294416243 0.005714285714285714 0.011421319796954314
5 0.8639285714285714 0.24555837563451774 0.015 0.05964467005076142
8 0.07964285714285714 0.9505076142131978 0.039285714285714285 0.09644670050761421
4 0.06035714285714286 0.8807106598984771 0.025 0.053299492385786795
4 0.027142857142857142 0.8128172588832486 0.027142857142857142 0.05456852791878172
