3 0.5878571428571429 0.9119047619047619 0.16285714285714287 0.14761904761904762
3 0.57 0.7871428571428571 0.15285714285714286 0.11523809523809524
3 0.5521428571428572 0.68 0.14 0.10857142857142857
3 0.5275 0.5842857142857143 0.145 0.1
3 0.5121428571428571 0.4847619047619048 0.11285714285714285 0.09523809523809523
3 0.49214285714285716 0.4119047619047619 0.12571428571428572 0.10761904761904761
3 0.465 0.3442857142857143 0.09714285714285714 0.08095238095238096
3 0.42892857142857144 0.09238095238095238 0.09928571428571428 0.07047619047619047
3 0.42142857142857143 0.03190476190476191 0.1 0.06380952380952382
3 0.9725 0.09476190476190476 0.05357142857142857 0.09619047619047619
3 0.47 0.2795238095238095 0.11428571428571428 0.06190476190476191
3 0.46 0.22904761904761906 0.10714285714285714 0.07333333333333333
3 0.4417857142857143 0.1719047619047619 0.10357142857142858 0.08285714285714285
3 0.9642857142857143 0.7623809523809524 0.07 0.19904761904761906
3 0.8275 0.24952380952380954 0.08642857142857142 0.14285714285714285
9 0.3142857142857143 0.6090476190476191 0.022857142857142857 0.07523809523809524
9 0.34464285714285714 0.6776190476190476 0.055 0.04476190476190476
9 0.31035714285714283 0.19952380952380952 0.035 0.039047619047619046
9 0.29285714285714287 0.2276190476190476 0.03428571428571429 0.0419047619047619
9 0.30214285714285716 0.21142857142857144 0.027142857142857142 0.03238095238095238
9 0.2867857142857143 0.27714285714285714 0.015 0.049523809523809526
0 0.3339285714285714 0.24 0.019285714285714285 0.045714285714285714
0 0.3246428571428571 0.35 0.02214285714285714 0.05238095238095238
0 0.36678571428571427 0.2542857142857143 0.017857142857142856 0.047619047619047616
0 0.3842857142857143 0.21714285714285714 0.017142857142857144 0.049523809523809526
0 0.3425 0.18 0.016428571428571428 0.05142857142857143
0 0.315 0.17952380952380953 0.014285714285714285 0.04285714285714286
0 0.3717857142857143 0.22904761904761906 0.012142857142857143 0.023809523809523808
0 0.35928571428571426 0.21714285714285714 0.017142857142857144 0.0419047619047619
3 0.7178571428571429 0.17 0.07571428571428572 0.11523809523809524
0 0.9475 0.07142857142857142 0.015 0.049523809523809526
0 0.9346428571428571 0.07238095238095238 0.017857142857142856 0.04
0 0.9403571428571429 0.051904761904761905 0.013571428571428571 0.04285714285714286
0 0.93 0.04523809523809524 0.018571428571428572 0.039047619047619046
1 0.9039285714285714 0.06190476190476191 0.016428571428571428 0.04
