3 0.7139285714285715 0.82 0.11928571428571429 0.29523809523809524
3 0.1975 0.8571428571428571 0.215 0.14095238095238094
3 0.24964285714285714 0.5471428571428572 0.16214285714285714 0.09428571428571429
3 0.5196428571428572 0.8766666666666667 0.10785714285714286 0.24476190476190476
9 0.13535714285714287 0.5523809523809524 0.030714285714285715 0.0761904761904762
9 0.0975 0.5647619047619048 0.03785714285714286 0.08
2 0.1025 0.3914285714285714 0.025 0.05333333333333333
2 0.10428571428571429 0.2623809523809524 0.022857142857142857 0.04666666666666667
2 0.14785714285714285 0.2619047619047619 0.04428571428571428 0.04
2 0.20214285714285715 0.23238095238095238 0.03 0.047619047619047616
9 0.21964285714285714 0.19714285714285715 0.027857142857142858 0.049523809523809526
9 0.23142857142857143 0.1619047619047619 0.024285714285714285 0.05142857142857143
0 0.34214285714285714 0.10476190476190476 0.017142857142857144 0.05142857142857143
0 0.3246428571428571 0.09238095238095238 0.015 0.047619047619047616
0 0.3342857142857143 0.08190476190476191 0.012857142857142857 0.049523809523809526
3 0.26 0.39666666666666667 0.14 0.07333333333333333
3 0.2767857142857143 0.3295238095238095 0.12785714285714286 0.07428571428571429
3 0.2764285714285714 0.2742857142857143 0.12 0.06476190476190476
3 0.28714285714285714 0.22666666666666666 0.1 0.05333333333333333
3 0.29178571428571426 0.1819047619047619 0.09928571428571428 0.05523809523809524
3 0.2975 0.14476190476190476 0.10785714285714286 0.05714285714285714
3 0.4825 0.45714285714285713 0.075 0.18476190476190477
3 0.6717857142857143 0.3223809523809524 0.06785714285714285 0.14
1 0.7325 0.2138095238095238 0.019285714285714285 0.04476190476190476
1 0.7414285714285714 0.21428571428571427 0.025714285714285714 0.03619047619047619
9 0.7303571428571428 0.21523809523809523 0.04214285714285714 0.04
