3 0.35285714285714287 0.8995238095238095 0.07571428571428572 0.17238095238095238
3 0.9278571428571428 0.9052380952380953 0.08714285714285715 0.1761904761904762
3 0.6978571428571428 0.6352380952380953 0.06714285714285714 0.1219047619047619
3 0.3875 0.6123809523809524 0.055 0.12
3 0.4642857142857143 0.5214285714285715 0.05285714285714286 0.10380952380952381
3 0.6564285714285715 0.44666666666666666 0.05285714285714286 0.08190476190476191
3 0.43214285714285716 0.4338095238095238 0.05 0.06761904761904762
3 0.6496428571428572 0.3323809523809524 0.04214285714285714 0.05523809523809524
4 0.6478571428571429 0.2719047619047619 0.03 0.054285714285714284
5 0.4564285714285714 0.29 0.05 0.08857142857142856
3 0.4717857142857143 0.22476190476190477 0.03214285714285714 0.04
3 0.48428571428571426 0.18476190476190477 0.02857142857142857 0.04
3 0.4875 0.14 0.02642857142857143 0.0380952380952381
3 0.49714285714285716 0.11142857142857143 0.024285714285714285 0.03428571428571429
3 0.5046428571428572 0.08714285714285715 0.027857142857142858 0.02761904761904762
3 0.5046428571428572 0.05714285714285714 0.025 0.024761904761904763
3 0.6367857142857143 0.22238095238095237 0.05357142857142857 0.04476190476190476
3 0.6242857142857143 0.15428571428571428 0.04285714285714286 0.03428571428571429
3 0.6246428571428572 0.1295238095238095 0.04214285714285714 0.03428571428571429
3 0.625 0.10952380952380952 0.04 0.026666666666666665
3 0.6175 0.09142857142857143 0.045 0.026666666666666665
3 0.6146428571428572 0.08 0.045 0.024761904761904763
3 0.6139285714285714 0.06523809523809523 0.04071428571428572 0.023809523809523808
3 0.6139285714285714 0.051904761904761905 0.04071428571428572 0.02
3 0.6096428571428572 0.04428571428571428 0.035 0.02
3 0.6125 0.03238095238095238 0.03785714285714286 0.01904761904761905
3 0.6067857142857143 0.02238095238095238 0.03642857142857143 0.02
3 0.6021428571428571 0.01 0.04 0.02
3 0.5071428571428571 0.039523809523809524 0.02 0.025714285714285714
3 0.5128571428571429 0.017619047619047618 0.02 0.029523809523809525
4 0.5092857142857142 0.007619047619047619 0.037142857142857144 0.017142857142857144
5 0.6471428571428571 0.16904761904761906 0.04285714285714286 0.06761904761904762
