3 0.3028571428571429 0.9723809523809523 0.15571428571428572 0.05333333333333333
3 0.18464285714285714 0.5695238095238095 0.08928571428571429 0.15428571428571428
3 0.31464285714285717 0.8766666666666667 0.14214285714285715 0.11523809523809524
3 0.3439285714285714 0.7695238095238095 0.13785714285714284 0.09714285714285714
3 0.7178571428571429 0.95 0.1357142857142857 0.0980952380952381
3 0.7564285714285715 0.8447619047619047 0.1442857142857143 0.10476190476190476
3 0.7453571428571428 0.6442857142857142 0.135 0.09428571428571429
3 0.7203571428571428 0.4442857142857143 0.12071428571428572 0.08857142857142856
3 0.7292857142857143 0.3647619047619048 0.11285714285714285 0.08952380952380952
3 0.7342857142857143 0.14476190476190476 0.10714285714285714 0.07809523809523809
3 0.735 0.07666666666666666 0.10714285714285714 0.07904761904761905
3 0.7492857142857143 0.027142857142857142 0.10142857142857142 0.05238095238095238
2 0.8346428571428571 0.4219047619047619 0.025 0.0419047619047619
3 0.04964285714285714 0.54 0.095 0.16380952380952382
3 0.13428571428571429 0.38761904761904764 0.13428571428571429 0.08761904761904762
3 0.39 0.16952380952380952 0.11 0.07809523809523809
3 0.4117857142857143 0.1019047619047619 0.10357142857142858 0.08952380952380952
3 0.41214285714285714 0.034761904761904765 0.09714285714285714 0.06761904761904762
3 0.13785714285714284 0.11428571428571428 0.07428571428571429 0.11428571428571428
3 0.20392857142857143 0.11142857142857143 0.08071428571428571 0.12761904761904763
3 0.18214285714285713 0.021904761904761906 0.06 0.04380952380952381
0 0.017142857142857144 0.9747619047619047 0.032857142857142856 0.04857142857142857
4 0.11178571428571428 0.7771428571428571 0.115 0.2057142857142857
4 0.7342857142857143 0.7366666666666667 0.14714285714285713 0.1
0 0.5714285714285714 0.8814285714285715 0.018571428571428572 0.039047619047619046
0 0.5239285714285714 0.9171428571428571 0.023571428571428573 0.03428571428571429
0 0.5971428571428572 0.7042857142857143 0.022857142857142857 0.029523809523809525
0 0.6671428571428571 0.5347619047619048 0.02 0.029523809523809525
0 0.69 0.5495238095238095 0.027142857142857142 0.024761904761904763
4 0.28964285714285715 0.11904761904761904 0.065 0.11428571428571428
