5 0.41535714285714287 0.19952380952380952 0.04071428571428572 0.1742857142857143
5 0.5003571428571428 0.23761904761904762 0.04928571428571429 0.3380952380952381
0 0.6289285714285714 0.11761904761904762 0.007857142857142858 0.018095238095238095
3 0.6421428571428571 0.38476190476190475 0.032857142857142856 0.08761904761904762
3 0.5871428571428572 0.43 0.027142857142857142 0.10761904761904761
0 0.6392857142857142 0.4795238095238095 0.012857142857142857 0.012380952380952381
4 0.6596428571428572 0.5623809523809524 0.025 0.06761904761904762
4 0.42642857142857143 0.6652380952380952 0.025714285714285714 0.07714285714285714
4 0.6696428571428571 0.8890476190476191 0.035 0.09619047619047619
3 0.6721428571428572 0.9785714285714285 0.03428571428571429 0.040952380952380955
3 0.5242857142857142 0.9142857142857143 0.027142857142857142 0.09714285714285714
4 0.43642857142857144 0.8519047619047619 0.027142857142857142 0.09238095238095238
