3 0.05662839248434237 0.37894248608534326 0.06524008350730688 0.08812615955473098
3 0.3977035490605428 0.2676252319109462 0.06367432150313151 0.06586270871985157
3 0.3935281837160751 0.3404452690166976 0.06471816283924843 0.05380333951762523
3 0.5446242171189979 0.7898886827458256 0.06419624217118998 0.10482374768089053
3 0.5336638830897703 0.6038961038961039 0.05897703549060542 0.08719851576994435
3 0.6051670146137786 0.5723562152133581 0.056889352818371604 0.11131725417439703
3 0.5511482254697285 0.17810760667903525 0.04697286012526095 0.0816326530612245
3 0.5730688935281837 0.22077922077922077 0.04697286012526095 0.0927643784786642
3 0.6002087682672234 0.24860853432282004 0.051148225469728595 0.08719851576994435
3 0.7951461377870563 0.5157699443413729 0.04958246346555323 0.1038961038961039
