3 0.3121085594989561 0.9086270871985158 0.057411273486430055 0.0640074211502783
3 0.4746868475991649 0.2277365491651206 0.009916492693110646 0.015769944341372914
3 0.4665970772442588 0.24628942486085342 0.008350730688935281 0.015769944341372914
3 0.4600730688935281 0.2662337662337662 0.009916492693110646 0.01855287569573284
3 0.5227035490605427 0.32189239332096475 0.012004175365344467 0.025974025974025976
9 0.4997390396659707 0.326530612244898 0.010960334029227557 0.011131725417439703
4 0.5571503131524008 0.313543599257885 0.010960334029227557 0.03153988868274583
3 0.563152400835073 0.2820037105751392 0.018789144050104383 0.014842300556586271
3 0.5657620041753653 0.2755102040816327 0.01774530271398747 0.011131725417439703
3 0.5628914405010438 0.2690166975881262 0.017223382045929016 0.012987012987012988
3 0.5908141962421711 0.3209647495361781 0.010438413361169102 0.01855287569573284
3 0.6174321503131524 0.32142857142857145 0.010438413361169102 0.01948051948051948
3 0.6299582463465553 0.3209647495361781 0.011482254697286011 0.020408163265306124
3 0.6281315240083507 0.3914656771799629 0.012004175365344467 0.022263450834879406
3 0.5879436325678496 0.38961038961038963 0.02661795407098121 0.020408163265306124
3 0.5407098121085594 0.48515769944341375 0.033402922755741124 0.02411873840445269
3 0.5451461377870563 0.4577922077922078 0.02974947807933194 0.02504638218923933
3 0.551670146137787 0.4332096474953618 0.029227557411273482 0.022263450834879406
3 0.551670146137787 0.4174397031539889 0.026096033402922752 0.01855287569573284
3 0.5498434237995824 0.4114100185528757 0.028705636743215027 0.021335807050092765
3 0.5558455114822547 0.39935064935064934 0.028183716075156573 0.01948051948051948
3 0.558455114822547 0.38636363636363635 0.026096033402922752 0.02504638218923933
3 0.5579331941544885 0.3710575139146568 0.026096033402922752 0.01855287569573284
4 0.558455114822547 0.35482374768089053 0.029227557411273482 0.021335807050092765
3 0.5887265135699373 0.3784786641929499 0.027139874739039664 0.020408163265306124
4 0.5868997912317327 0.37059369202226344 0.017223382045929016 0.0176252319109462
3 0.5863778705636743 0.36688311688311687 0.025574112734864297 0.01948051948051948
3 0.587160751565762 0.3589981447124304 0.026096033402922752 0.020408163265306124
1 0.5874217118997912 0.33766233766233766 0.004697286012526096 0.011131725417439703
9 0.5876826722338204 0.34090909090909094 0.010438413361169102 0.008348794063079777
9 0.5741127348643006 0.3228200371057514 0.0031315240083507304 0.011131725417439703
9 0.5696764091858038 0.3033395176252319 0.0036534446764091852 0.011131725417439703
9 0.5660229645093945 0.300556586270872 0.0036534446764091852 0.011131725417439703
6 0.6002087682672234 0.300556586270872 0.010438413361169102 0.014842300556586271
3 0.3870041753653444 0.6827458256029685 0.04227557411273486 0.04081632653061225
3 0.36978079331941544 0.7235621521335808 0.0464509394572025 0.0352504638218924
3 0.3580375782881002 0.7541743970315399 0.04279749478079332 0.03896103896103896
3 0.345250521920668 0.8130797773654916 0.05271398747390396 0.043599257884972174
3 0.3319415448851774 0.8492578849721707 0.05427974947807933 0.049165120593692026
4 0.24660751565762 0.8636363636363636 0.032881002087682666 0.09833024118738405
3 0.27661795407098116 0.9860853432282004 0.05427974947807933 0.02411873840445269
4 0.4525052192066805 0.8474025974025974 0.052192066805845504 0.05658627087198516
3 0.4634655532359081 0.8163265306122449 0.044885177453027135 0.03896103896103896
3 0.4786012526096033 0.7388682745825603 0.04697286012526095 0.03432282003710575
3 0.4799060542797494 0.7050092764378478 0.04436325678496868 0.03339517625231911
3 0.5341858037578288 0.5463821892393321 0.03183716075156576 0.02411873840445269
3 0.5370563674321502 0.5296846011131725 0.029227557411273482 0.02411873840445269
3 0.4418058455114822 0.5102040816326531 0.03392484342379958 0.03339517625231911
3 0.44676409185803756 0.4893320964749536 0.030271398747390394 0.030612244897959183
3 0.45067849686847594 0.47866419294990725 0.032881002087682666 0.022263450834879406
3 0.45276617954070975 0.4642857142857143 0.02974947807933194 0.026901669758812616
1 0.4632045929018789 0.5454545454545454 0.0057411273486430055 0.014842300556586271
9 0.4624217118997912 0.5551948051948052 0.005219206680584551 0.0176252319109462
0 0.5073068893528183 0.38636363636363635 0.0031315240083507304 0.0176252319109462
