3 0.14 0.7887055837563451 0.03142857142857143 0.026649746192893398
3 0.24964285714285714 0.7798223350253807 0.03214285714285714 0.024111675126903553
3 0.33035714285714285 0.7887055837563451 0.03357142857142857 0.026649746192893398
8 0.3317857142857143 0.7525380710659898 0.04928571428571429 0.032994923857868015
8 0.20464285714285715 0.732233502538071 0.08928571428571429 0.050761421319796954
3 0.41464285714285715 0.8401015228426395 0.030714285714285715 0.02284263959390863
3 0.42464285714285716 0.8071065989847716 0.03214285714285714 0.027918781725888322
8 0.5121428571428571 0.8147208121827411 0.04428571428571428 0.03045685279187817
5 0.42892857142857144 0.7690355329949238 0.07357142857142857 0.03807106598984771
8 0.6117857142857143 0.95748730964467 0.08214285714285714 0.052030456852791875
3 0.5875 0.9086294416243654 0.03357142857142857 0.027918781725888322
3 0.6271428571428571 0.91497461928934 0.032857142857142856 0.027918781725888322
5 0.6767857142857143 0.9238578680203045 0.035 0.03045685279187817
3 0.7228571428571429 0.9257614213197969 0.03 0.029187817258883246
3 0.7667857142857143 0.9282994923857867 0.03214285714285714 0.029187817258883246
3 0.8067857142857143 0.9302030456852791 0.03642857142857143 0.032994923857868015
3 0.8528571428571429 0.9390862944162436 0.03571428571428571 0.032994923857868015
3 0.8967857142857143 0.9517766497461928 0.03642857142857143 0.035532994923857864
3 0.8717857142857143 0.8889593908629441 0.03357142857142857 0.029187817258883246
3 0.7592857142857142 0.83248730964467 0.032857142857142856 0.025380710659898477
3 0.6596428571428572 0.8623096446700507 0.03785714285714286 0.026649746192893398
3 0.6528571428571428 0.822969543147208 0.03428571428571429 0.026649746192893398
5 0.4325 0.6732233502538071 0.04928571428571429 0.07994923857868019
3 0.5139285714285714 0.5215736040609137 0.015 0.050761421319796954
3 0.5142857142857142 0.40609137055837563 0.014285714285714285 0.048223350253807105
5 0.4592857142857143 0.3312182741116751 0.022857142857142857 0.11928934010152284
3 0.5175 0.19416243654822332 0.013571428571428571 0.04568527918781726
5 0.4675 0.11104060913705582 0.017857142857142856 0.06725888324873096
3 0.5221428571428571 0.017766497461928932 0.012857142857142857 0.035532994923857864
