5 0.0889874739039666 0.7193877551020408 0.1779749478079332 0.3775510204081633
7 0.6758872651356993 0.9605751391465678 0.06993736951983298 0.07699443413729128
3 0.8449895615866387 0.9076994434137291 0.06471816283924843 0.16419294990723562
3 0.6808455114822546 0.7634508348794063 0.06524008350730688 0.11688311688311688
3 0.022964509394572022 0.11873840445269017 0.04697286012526095 0.03339517625231911
3 0.015135699373695197 0.10018552875695733 0.030271398747390394 0.027829313543599257
9 0.06054279749478079 0.10899814471243043 0.018789144050104383 0.021335807050092765
9 0.07124217118997912 0.1567717996289425 0.014091858037578286 0.025974025974025976
9 0.08637787056367431 0.17764378478664195 0.019311064718162838 0.02504638218923933
9 0.10307933194154488 0.1679035250463822 0.017223382045929016 0.02411873840445269
7 0.08298538622129435 0.13868274582560297 0.026096033402922752 0.030612244897959183
7 0.0644572025052192 0.22448979591836735 0.02974947807933194 0.04267161410018553
7 0.09159707724425886 0.2481447124304267 0.03079331941544885 0.04730983302411874
7 0.12082463465553235 0.2717996289424861 0.03183716075156576 0.05009276437847866
7 0.12473903966597076 0.19434137291280149 0.030271398747390394 0.03432282003710575
7 0.15579331941544883 0.2537105751391466 0.019311064718162838 0.05102040816326531
7 0.17275574112734862 0.32421150278293137 0.03653444676409186 0.05658627087198516
7 0.22338204592901878 0.37291280148423006 0.03653444676409186 0.06307977736549165
0 0.23669102296450936 0.3761595547309833 0.010960334029227557 0.03432282003710575
0 0.24478079331941544 0.36966604823747684 0.012526096033402922 0.039888682745825604
0 0.04227557411273486 0.3650278293135436 0.015657620041753653 0.039888682745825604
0 0.029227557411273482 0.36131725417439703 0.009394572025052192 0.02504638218923933
0 0.02322546972860125 0.3552875695732839 0.014091858037578286 0.03339517625231911
1 0.0644572025052192 0.2560296846011132 0.012004175365344467 0.02411873840445269
1 0.05767223382045929 0.2532467532467533 0.009916492693110646 0.020408163265306124
6 0.06341336116910229 0.2625231910946197 0.022442588726513567 0.03339517625231911
3 0.14378914405010437 0.2147495361781076 0.05271398747390396 0.04730983302411874
1 0.17875782881002086 0.24721706864564008 0.009916492693110646 0.026901669758812616
9 0.18084551148225467 0.24953617810760667 0.019311064718162838 0.027829313543599257
9 0.19754697286012524 0.17532467532467533 0.013048016701461376 0.020408163265306124
9 0.19389352818371605 0.18460111317254174 0.013048016701461376 0.022263450834879406
9 0.18554279749478078 0.1989795918367347 0.014091858037578286 0.01948051948051948
9 0.19702505219206679 0.20640074211502782 0.015135699373695197 0.02319109461966605
9 0.2372129436325678 0.23562152133580705 0.013048016701461376 0.027829313543599257
9 0.23486430062630478 0.23283858998144713 0.013569937369519832 0.029684601113172542
9 0.23303757828810018 0.23098330241187384 0.016179540709812108 0.027829313543599257
2 0.2807933194154488 0.24072356215213359 0.015657620041753653 0.01948051948051948
9 0.2661795407098121 0.2717996289424861 0.01774530271398747 0.027829313543599257
6 0.25808977035490605 0.2657699443413729 0.02453027139874739 0.036178107606679034
3 0.20041753653444674 0.30287569573283857 0.045929018789144044 0.05287569573283859
3 0.2792275574112735 0.29545454545454547 0.06054279749478079 0.04730983302411874
3 0.3055845511482254 0.3107606679035251 0.04540709812108559 0.05009276437847866
7 0.333768267223382 0.32235621521335805 0.028705636743215027 0.04730983302411874
4 0.3431628392484342 0.3715213358070501 0.05375782881002087 0.06029684601113173
7 0.3734342379958246 0.38636363636363635 0.02974947807933194 0.049165120593692026
1 0.3812630480167014 0.33163265306122447 0.009916492693110646 0.0176252319109462
1 0.38804801670146133 0.3979591836734694 0.009916492693110646 0.029684601113172542
0 0.4010960334029227 0.4095547309833024 0.010960334029227557 0.041743970315398886
1 0.37604384133611685 0.4642857142857143 0.012004175365344467 0.036178107606679034
0 0.42432150313152395 0.37987012987012986 0.008350730688935281 0.03803339517625232
9 0.3781315240083507 0.47170686456400746 0.023486430062630476 0.0287569573283859
9 0.45615866388308973 0.4735621521335807 0.025052192066805843 0.030612244897959183
1 0.45407098121085593 0.46289424860853434 0.011482254697286011 0.029684601113172542
1 0.3055845511482254 0.6470315398886828 0.013048016701461376 0.03432282003710575
6 0.31236951983298533 0.638682745825603 0.04123173277661795 0.08256029684601113
9 0.26330897703549055 0.6080705009276438 0.017223382045929016 0.04730983302411874
1 0.26383089770354906 0.6001855287569573 0.017223382045929016 0.05194805194805195
0 0.397964509394572 0.7504638218923934 0.016179540709812108 0.05194805194805195
1 0.5031315240083507 0.7583487940630798 0.014613778705636741 0.036178107606679034
1 0.49034446764091855 0.7458256029684601 0.012004175365344467 0.029684601113172542
9 0.49895615866388304 0.7583487940630798 0.03653444676409186 0.06029684601113173
1 0.5054801670146137 0.43692022263450836 0.012004175365344467 0.0352504638218924
9 0.5052192066805845 0.44063079777365494 0.016701461377870562 0.03153988868274583
3 0.4950417536534446 0.4174397031539889 0.04958246346555323 0.06493506493506494
0 0.48564718162839243 0.33116883116883117 0.009916492693110646 0.0352504638218924
2 0.4548538622129436 0.34740259740259744 0.014091858037578286 0.021335807050092765
7 0.4887787056367432 0.34369202226345086 0.02661795407098121 0.04730983302411874
6 0.4655532359081419 0.29267161410018555 0.03444676409185803 0.043599257884972174
3 0.5495824634655532 0.3390538033395176 0.044885177453027135 0.05844155844155844
0 0.512787056367432 0.29267161410018555 0.004697286012526096 0.021335807050092765
1 0.5373173277661795 0.3116883116883117 0.007828810020876827 0.027829313543599257
1 0.539144050104384 0.30844155844155846 0.009394572025052192 0.02504638218923933
0 0.5213987473903966 0.2880333951762523 0.008350730688935281 0.0287569573283859
9 0.536795407098121 0.3181818181818182 0.013048016701461376 0.027829313543599257
7 0.5709812108559499 0.25463821892393323 0.022964509394572022 0.045454545454545456
7 0.6604906054279749 0.15584415584415584 0.020354906054279746 0.04081632653061225
3 0.6910229645093945 0.13868274582560297 0.029227557411273482 0.036178107606679034
3 0.712160751565762 0.11085343228200371 0.02453027139874739 0.036178107606679034
4 0.7312108559498955 0.09183673469387756 0.028183716075156573 0.04081632653061225
0 0.7439979123173277 0.06215213358070501 0.0057411273486430055 0.022263450834879406
7 0.7609603340292275 0.07374768089053803 0.018789144050104383 0.026901669758812616
3 0.7633089770354905 0.061224489795918366 0.023486430062630476 0.025974025974025976
3 0.7933194154488517 0.03246753246753247 0.024008350730688934 0.029684601113172542
9 0.7398225469728601 0.02922077922077922 0.008872651356993735 0.012059369202226345
8 0.6310020876826722 0.38636363636363635 0.07515657620041753 0.14007421150278293
1 0.6223903966597076 0.5241187384044527 0.015135699373695197 0.025974025974025976
6 0.6036012526096033 0.5398886827458256 0.04123173277661795 0.0463821892393321
6 0.5915970772442588 0.5844155844155844 0.04227557411273486 0.04452690166975881
0 0.587160751565762 0.5686456400742115 0.011482254697286011 0.025974025974025976
1 0.5788100208768266 0.6586270871985158 0.014613778705636741 0.04081632653061225
3 0.5772442588726513 0.6665120593692022 0.028183716075156573 0.043599257884972174
