5 0.40714285714285714 0.7747619047619048 0.07 0.05238095238095238
3 0.8317857142857142 0.24476190476190476 0.062142857142857146 0.06666666666666667
5 0.7746428571428572 0.25666666666666665 0.07214285714285715 0.1
1 0.6928571428571428 0.24904761904761905 0.008571428571428572 0.012380952380952381
7 0.6917857142857143 0.24666666666666667 0.020714285714285713 0.026666666666666665
3 0.6403571428571428 0.4319047619047619 0.04357142857142857 0.05619047619047619
5 0.6021428571428571 0.42952380952380953 0.037142857142857144 0.05523809523809524
3 0.5371428571428571 0.5214285714285715 0.032857142857142856 0.04285714285714286
3 0.4525 0.63 0.03642857142857143 0.039047619047619046
1 0.35714285714285715 0.6671428571428571 0.007142857142857143 0.012380952380952381
9 0.35928571428571426 0.6695238095238095 0.011428571428571429 0.013333333333333332
3 0.3514285714285714 0.6914285714285714 0.022857142857142857 0.030476190476190476
3 0.35464285714285715 0.7019047619047619 0.025 0.0380952380952381
3 0.3028571428571429 0.7119047619047619 0.024285714285714285 0.03333333333333333
0 0.1742857142857143 0.8319047619047619 0.008571428571428572 0.012380952380952381
3 0.22714285714285715 0.7976190476190477 0.017142857142857144 0.029523809523809525
3 0.1992857142857143 0.8819047619047619 0.022857142857142857 0.024761904761904763
0 0.27785714285714286 0.8838095238095238 0.012857142857142857 0.015238095238095238
3 0.13142857142857142 0.9447619047619048 0.022857142857142857 0.024761904761904763
3 0.12535714285714286 0.9119047619047619 0.016428571428571428 0.021904761904761906
3 0.13892857142857143 0.8871428571428571 0.015 0.02
3 0.046785714285714285 0.9866666666666667 0.015 0.013333333333333332
3 0.5514285714285714 0.37 0.015714285714285715 0.02761904761904762
3 0.5621428571428572 0.3319047619047619 0.012857142857142857 0.021904761904761906
3 0.61 0.3352380952380952 0.015714285714285715 0.024761904761904763
3 0.6239285714285714 0.31238095238095237 0.019285714285714285 0.024761904761904763
3 0.645 0.2923809523809524 0.017142857142857144 0.022857142857142857
3 0.6596428571428572 0.2695238095238095 0.02214285714285714 0.026666666666666665
3 0.71 0.22238095238095237 0.022857142857142857 0.02761904761904762
3 0.6628571428571428 0.2342857142857143 0.017142857142857144 0.02095238095238095
3 0.6925 0.2119047619047619 0.02214285714285714 0.025714285714285714
3 0.6778571428571428 0.21 0.017142857142857144 0.021904761904761906
3 0.6514285714285715 0.25952380952380955 0.018571428571428572 0.021904761904761906
3 0.6346428571428572 0.2814285714285714 0.017857142857142856 0.023809523809523808
3 0.615 0.3 0.012857142857142857 0.02095238095238095
3 0.6042857142857143 0.3219047619047619 0.014285714285714285 0.022857142857142857
3 0.5996428571428571 0.30666666666666664 0.015 0.017142857142857144
3 0.6089285714285714 0.29 0.013571428571428571 0.02
3 0.6253571428571428 0.2723809523809524 0.013571428571428571 0.02095238095238095
3 0.6396428571428572 0.2523809523809524 0.015 0.01904761904761905
3 0.6317857142857143 0.24714285714285714 0.012142857142857143 0.018095238095238095
3 0.6246428571428572 0.2419047619047619 0.012142857142857143 0.017142857142857144
3 0.62 0.2342857142857143 0.01 0.015238095238095238
3 0.615 0.23238095238095238 0.01 0.015238095238095238
3 0.6096428571428572 0.22714285714285715 0.012142857142857143 0.012380952380952381
3 0.6025 0.22380952380952382 0.009285714285714286 0.013333333333333332
3 0.6178571428571429 0.2671428571428571 0.012857142857142857 0.018095238095238095
3 0.6128571428571429 0.259047619047619 0.011428571428571429 0.017142857142857144
3 0.6078571428571429 0.2538095238095238 0.011428571428571429 0.014285714285714285
3 0.6046428571428571 0.24523809523809523 0.010714285714285714 0.010476190476190476
3 0.5978571428571429 0.24476190476190476 0.01 0.015238095238095238
3 0.5967857142857143 0.24 0.007857142857142858 0.015238095238095238
3 0.5917857142857142 0.23523809523809525 0.009285714285714286 0.013333333333333332
3 0.5875 0.22952380952380952 0.0064285714285714285 0.009523809523809525
3 0.585 0.2276190476190476 0.007142857142857143 0.013333333333333332
3 0.5789285714285715 0.22 0.007857142857142858 0.009523809523809525
3 0.5892857142857143 0.2138095238095238 0.008571428571428572 0.012380952380952381
3 0.5803571428571429 0.2042857142857143 0.007857142857142858 0.010476190476190476
3 0.5725 0.21523809523809523 0.005 0.007619047619047619
3 0.5675 0.2319047619047619 0.0064285714285714285 0.010476190476190476
3 0.5746428571428571 0.23904761904761904 0.007857142857142858 0.011428571428571429
8 0.5814285714285714 0.25476190476190474 0.02 0.02761904761904762
3 0.5942857142857143 0.26666666666666666 0.011428571428571429 0.015238095238095238
3 0.5975 0.27714285714285714 0.010714285714285714 0.017142857142857144
3 0.6042857142857143 0.2823809523809524 0.011428571428571429 0.01619047619047619
3 0.5925 0.2995238095238095 0.012142857142857143 0.018095238095238095
3 0.5878571428571429 0.29428571428571426 0.012857142857142857 0.015238095238095238
3 0.585 0.2866666666666667 0.01 0.015238095238095238
3 0.56 0.2866666666666667 0.01 0.013333333333333332
3 0.5553571428571429 0.2671428571428571 0.009285714285714286 0.014285714285714285
3 0.56 0.24428571428571427 0.007142857142857143 0.012380952380952381
4 0.5475 0.24428571428571427 0.007857142857142858 0.012380952380952381
3 0.5525 0.20666666666666667 0.005 0.007619047619047619
3 0.5596428571428571 0.19952380952380952 0.005 0.006666666666666666
3 0.5721428571428572 0.2019047619047619 0.007142857142857143 0.007619047619047619
4 0.5696428571428571 0.19523809523809524 0.005 0.007619047619047619
5 0.5414285714285715 0.2042857142857143 0.008571428571428572 0.012380952380952381
3 0.64 0.14761904761904762 0.008571428571428572 0.011428571428571429
3 0.6296428571428572 0.14 0.007857142857142858 0.009523809523809525
3 0.6221428571428571 0.12238095238095238 0.005714285714285714 0.006666666666666666
5 0.6175 0.13428571428571429 0.007857142857142858 0.011428571428571429
3 0.6064285714285714 0.14476190476190476 0.005714285714285714 0.007619047619047619
3 0.6046428571428571 0.12761904761904763 0.005 0.005714285714285714
3 0.5921428571428572 0.1442857142857143 0.004285714285714286 0.004761904761904762
3 0.5846428571428571 0.13666666666666666 0.002142857142857143 0.004761904761904762
3 0.5796428571428571 0.14238095238095239 0.005 0.004761904761904762
3 0.5753571428571429 0.15 0.0035714285714285713 0.004761904761904762
3 0.5725 0.15142857142857144 0.002142857142857143 0.0038095238095238095
3 0.5725 0.14761904761904762 0.0035714285714285713 0.0038095238095238095
3 0.5696428571428571 0.14904761904761904 0.002142857142857143 0.004761904761904762
3 0.5725 0.1419047619047619 0.002142857142857143 0.0038095238095238095
3 0.5671428571428572 0.1519047619047619 0.002857142857142857 0.002857142857142857
3 0.5653571428571429 0.15666666666666668 0.002142857142857143 0.004761904761904762
3 0.5603571428571429 0.1595238095238095 0.002142857142857143 0.004761904761904762
