3 0.04428571428571428 0.5819047619047619 0.037142857142857144 0.022857142857142857
3 0.07928571428571428 0.5823809523809523 0.037142857142857144 0.02
3 0.1225 0.5852380952380952 0.035 0.018095238095238095
3 0.1075 0.5738095238095238 0.03785714285714286 0.018095238095238095
3 0.1742857142857143 0.5866666666666667 0.032857142857142856 0.01904761904761905
8 0.23892857142857143 0.5838095238095238 0.08214285714285714 0.0380952380952381
4 0.3 0.5942857142857143 0.03857142857142857 0.024761904761904763
3 0.28035714285714286 0.6219047619047618 0.035 0.022857142857142857
3 0.33785714285714286 0.6142857142857143 0.03571428571428571 0.02095238095238095
3 0.36892857142857144 0.6319047619047619 0.029285714285714286 0.02
3 0.3442857142857143 0.5966666666666667 0.03428571428571429 0.02
3 0.33964285714285714 0.5823809523809523 0.03214285714285714 0.02
3 0.41214285714285714 0.5771428571428572 0.03428571428571429 0.017142857142857144
3 0.44642857142857145 0.5923809523809523 0.03142857142857143 0.02095238095238095
3 0.4475 0.6371428571428571 0.035 0.02095238095238095
3 0.405 0.6666666666666666 0.03142857142857143 0.03238095238095238
4 0.48678571428571427 0.6295238095238095 0.035 0.030476190476190476
3 0.5396428571428571 0.6023809523809524 0.029285714285714286 0.02
3 0.5575 0.64 0.03214285714285714 0.024761904761904763
3 0.6242857142857143 0.5823809523809523 0.03142857142857143 0.02
3 0.64 0.6147619047619047 0.037142857142857144 0.02
3 0.6528571428571428 0.6047619047619047 0.032857142857142856 0.017142857142857144
3 0.6992857142857143 0.659047619047619 0.04 0.02857142857142857
3 0.7539285714285714 0.63 0.04214285714285714 0.025714285714285714
9 0.3221428571428571 0.539047619047619 0.01 0.007619047619047619
9 0.29464285714285715 0.5442857142857143 0.005 0.008571428571428572
2 0.31642857142857145 0.549047619047619 0.005714285714285714 0.008571428571428572
9 0.3246428571428571 0.549047619047619 0.007857142857142858 0.012380952380952381
0 0.33964285714285714 0.5395238095238095 0.005 0.014285714285714285
1 0.3025 0.5576190476190476 0.005 0.010476190476190476
1 0.3117857142857143 0.5547619047619048 0.0035714285714285713 0.012380952380952381
9 0.30214285714285716 0.5571428571428572 0.01 0.007619047619047619
9 0.31285714285714283 0.5566666666666666 0.01 0.010476190476190476
0 0.3742857142857143 0.5338095238095238 0.007142857142857143 0.01619047619047619
0 0.41535714285714287 0.5423809523809524 0.0035714285714285713 0.012380952380952381
1 0.39464285714285713 0.56 0.005 0.011428571428571429
1 0.415 0.5642857142857143 0.004285714285714286 0.012380952380952381
1 0.43 0.5619047619047619 0.002857142857142857 0.009523809523809525
1 0.47714285714285715 0.5738095238095238 0.004285714285714286 0.010476190476190476
1 0.4875 0.549047619047619 0.005 0.012380952380952381
1 0.5053571428571428 0.5119047619047619 0.002142857142857143 0.008571428571428572
2 0.395 0.5623809523809524 0.01 0.006666666666666666
2 0.415 0.5666666666666667 0.011428571428571429 0.007619047619047619
9 0.42964285714285716 0.5647619047619048 0.010714285714285714 0.009523809523809525
9 0.4764285714285714 0.5747619047619048 0.014285714285714285 0.010476190476190476
9 0.4875 0.55 0.0064285714285714285 0.010476190476190476
9 0.47535714285714287 0.5442857142857143 0.0064285714285714285 0.006666666666666666
9 0.4717857142857143 0.5514285714285714 0.0064285714285714285 0.009523809523809525
9 0.4675 0.5576190476190476 0.005 0.010476190476190476
9 0.4575 0.56 0.005 0.011428571428571429
9 0.4639285714285714 0.5547619047619048 0.007857142857142858 0.006666666666666666
0 0.43464285714285716 0.5523809523809524 0.005 0.013333333333333332
0 0.4203571428571429 0.5395238095238095 0.0035714285714285713 0.012380952380952381
0 0.42214285714285715 0.5442857142857143 0.005714285714285714 0.012380952380952381
0 0.4442857142857143 0.5423809523809524 0.004285714285714286 0.010476190476190476
4 0.42178571428571426 0.5290476190476191 0.030714285714285715 0.023809523809523808
9 0.4725 0.5195238095238095 0.005 0.010476190476190476
1 0.47464285714285714 0.5419047619047619 0.005 0.009523809523809525
1 0.4717857142857143 0.5471428571428572 0.005 0.010476190476190476
1 0.46285714285714286 0.5542857142857143 0.004285714285714286 0.011428571428571429
1 0.4575 0.5566666666666666 0.005 0.012380952380952381
1 0.46714285714285714 0.5576190476190476 0.002857142857142857 0.010476190476190476
9 0.505 0.5147619047619048 0.004285714285714286 0.008571428571428572
1 0.5342857142857143 0.5742857142857143 0.004285714285714286 0.011428571428571429
1 0.5375 0.5723809523809524 0.005 0.011428571428571429
1 0.5521428571428572 0.5771428571428572 0.007142857142857143 0.013333333333333332
1 0.5789285714285715 0.5847619047619048 0.005 0.009523809523809525
0 0.5664285714285714 0.5442857142857143 0.002857142857142857 0.012380952380952381
9 0.5771428571428572 0.5871428571428572 0.01 0.010476190476190476
9 0.5517857142857143 0.5814285714285714 0.013571428571428571 0.010476190476190476
9 0.5346428571428572 0.5766666666666667 0.012142857142857143 0.008571428571428572
9 0.6596428571428572 0.5847619047619048 0.012142857142857143 0.009523809523809525
1 0.66 0.5819047619047619 0.007142857142857143 0.009523809523809525
1 0.6771428571428572 0.5495238095238095 0.005714285714285714 0.009523809523809525
0 0.6528571428571428 0.5019047619047619 0.004285714285714286 0.009523809523809525
3 0.6089285714285714 0.49 0.013571428571428571 0.01619047619047619
3 0.57 0.5042857142857143 0.014285714285714285 0.018095238095238095
3 0.5775 0.48904761904761906 0.012142857142857143 0.01619047619047619
3 0.5575 0.4714285714285714 0.012142857142857143 0.015238095238095238
4 0.53 0.5152380952380953 0.015714285714285715 0.026666666666666665
3 0.54 0.5023809523809524 0.012857142857142857 0.02
3 0.56 0.49142857142857144 0.014285714285714285 0.015238095238095238
3 0.5667857142857143 0.48142857142857143 0.012142857142857143 0.012380952380952381
8 0.5478571428571428 0.5119047619047619 0.027142857142857142 0.04476190476190476
0 0.6303571428571428 0.45714285714285713 0.0035714285714285713 0.007619047619047619
6 0.6367857142857143 0.46714285714285714 0.007857142857142858 0.010476190476190476
3 0.5592857142857143 0.4119047619047619 0.01 0.012380952380952381
0 0.565 0.4142857142857143 0.002857142857142857 0.009523809523809525
1 0.5739285714285715 0.4195238095238095 0.005 0.004761904761904762
1 0.5692857142857143 0.42238095238095236 0.002857142857142857 0.004761904761904762
1 0.5542857142857143 0.43952380952380954 0.002857142857142857 0.006666666666666666
1 0.6267857142857143 0.35714285714285715 0.002142857142857143 0.005714285714285714
9 0.6264285714285714 0.35904761904761906 0.002857142857142857 0.0038095238095238095
9 0.5742857142857143 0.4219047619047619 0.002857142857142857 0.007619047619047619
9 0.5696428571428571 0.42428571428571427 0.005 0.006666666666666666
9 0.5546428571428571 0.44142857142857145 0.005 0.008571428571428572
3 0.5164285714285715 0.41523809523809524 0.017142857142857144 0.011428571428571429
9 0.5153571428571428 0.44476190476190475 0.0064285714285714285 0.005714285714285714
9 0.5042857142857143 0.4642857142857143 0.007142857142857143 0.012380952380952381
9 0.49642857142857144 0.46476190476190476 0.004285714285714286 0.007619047619047619
9 0.4575 0.48238095238095235 0.009285714285714286 0.006666666666666666
9 0.46214285714285713 0.47904761904761906 0.01 0.007619047619047619
3 0.5267857142857143 0.4 0.012142857142857143 0.007619047619047619
3 0.5275 0.3942857142857143 0.015 0.009523809523809525
3 0.6375 0.3523809523809524 0.005 0.005714285714285714
3 0.6367857142857143 0.3466666666666667 0.005 0.007619047619047619
3 0.6425 0.3414285714285714 0.005 0.006666666666666666
3 0.6464285714285715 0.33666666666666667 0.004285714285714286 0.004761904761904762
3 0.6492857142857142 0.3314285714285714 0.004285714285714286 0.005714285714285714
3 0.6403571428571428 0.3323809523809524 0.0035714285714285713 0.007619047619047619
3 0.6428571428571429 0.33 0.004285714285714286 0.004761904761904762
3 0.6442857142857142 0.32476190476190475 0.004285714285714286 0.005714285714285714
8 0.6492857142857142 0.31952380952380954 0.005714285714285714 0.012380952380952381
3 0.6525 0.3171428571428571 0.005 0.005714285714285714
0 0.565 0.7252380952380952 0.011428571428571429 0.021904761904761906
0 0.5646428571428571 0.8395238095238096 0.005 0.02761904761904762
0 0.61 0.9023809523809524 0.007142857142857143 0.025714285714285714
9 0.04392857142857143 0.6276190476190476 0.009285714285714286 0.015238095238095238
9 0.01 0.6266666666666667 0.01 0.011428571428571429
1 0.0325 0.6376190476190476 0.0064285714285714285 0.01619047619047619
1 0.019642857142857142 0.6442857142857142 0.007857142857142858 0.01619047619047619
1 0.1392857142857143 0.6519047619047619 0.005714285714285714 0.010476190476190476
1 0.1442857142857143 0.6495238095238095 0.007142857142857143 0.009523809523809525
1 0.15464285714285714 0.6438095238095238 0.005 0.013333333333333332
1 0.15928571428571428 0.6423809523809524 0.007142857142857143 0.012380952380952381
1 0.2325 0.6523809523809524 0.005 0.015238095238095238
1 0.2425 0.6438095238095238 0.005 0.013333333333333332
1 0.29035714285714287 0.6514285714285715 0.0064285714285714285 0.013333333333333332
0 0.3325 0.6423809523809524 0.005 0.018095238095238095
1 0.30714285714285716 0.6595238095238095 0.007142857142857143 0.012380952380952381
2 0.30785714285714283 0.6647619047619048 0.012857142857142857 0.013333333333333332
9 0.29214285714285715 0.6538095238095238 0.012857142857142857 0.010476190476190476
9 0.24214285714285713 0.6466666666666666 0.012857142857142857 0.011428571428571429
9 0.2325 0.6552380952380953 0.015 0.011428571428571429
9 0.15928571428571428 0.6471428571428571 0.017142857142857144 0.014285714285714285
9 0.14214285714285715 0.6547619047619048 0.012857142857142857 0.010476190476190476
3 0.15428571428571428 0.6642857142857143 0.047142857142857146 0.03142857142857143
0 0.03464285714285714 0.6519047619047619 0.007857142857142858 0.018095238095238095
0 0.027857142857142858 0.6566666666666666 0.008571428571428572 0.01619047619047619
2 0.035 0.64 0.012857142857142857 0.013333333333333332
2 0.02142857142857143 0.6471428571428571 0.012857142857142857 0.012380952380952381
3 0.040357142857142855 0.6776190476190476 0.04928571428571429 0.035238095238095235
3 0.04928571428571429 0.7066666666666667 0.054285714285714284 0.03428571428571429
9 0.04285714285714286 0.72 0.02142857142857143 0.013333333333333332
9 0.039285714285714285 0.7271428571428571 0.022857142857142857 0.014285714285714285
9 0.040357142857142855 0.7323809523809524 0.017857142857142856 0.015238095238095238
9 0.04392857142857143 0.7366666666666667 0.02214285714285714 0.014285714285714285
0 0.03214285714285714 0.7423809523809524 0.012857142857142857 0.021904761904761906
1 0.044642857142857144 0.7542857142857143 0.015 0.017142857142857144
9 0.0625 0.7666666666666667 0.02214285714285714 0.022857142857142857
3 0.10214285714285715 0.7095238095238096 0.04 0.0380952380952381
3 0.14 0.7342857142857143 0.054285714285714284 0.03619047619047619
3 0.085 0.8071428571428572 0.05142857142857143 0.05238095238095238
1 0.40285714285714286 0.689047619047619 0.005714285714285714 0.018095238095238095
1 0.49 0.6847619047619048 0.005714285714285714 0.015238095238095238
1 0.5092857142857142 0.6747619047619048 0.007142857142857143 0.01619047619047619
1 0.52 0.6995238095238095 0.008571428571428572 0.014285714285714285
1 0.5546428571428571 0.6852380952380952 0.007857142857142858 0.01619047619047619
1 0.5575 0.6947619047619048 0.005 0.012380952380952381
1 0.5917857142857142 0.6923809523809524 0.007857142857142858 0.015238095238095238
1 0.6571428571428571 0.6919047619047619 0.007142857142857143 0.014285714285714285
9 0.6575 0.6966666666666667 0.015 0.012380952380952381
9 0.5553571428571429 0.6976190476190476 0.015 0.010476190476190476
9 0.5546428571428571 0.6895238095238095 0.015 0.013333333333333332
9 0.52 0.7042857142857143 0.017142857142857144 0.012380952380952381
9 0.49214285714285716 0.689047619047619 0.015714285714285715 0.012380952380952381
2 0.51 0.6795238095238095 0.012857142857142857 0.010476190476190476
2 0.5921428571428572 0.6966666666666667 0.015714285714285715 0.012380952380952381
9 0.40464285714285714 0.6919047619047619 0.019285714285714285 0.018095238095238095
0 0.8075 0.5542857142857143 0.005 0.015238095238095238
1 0.7846428571428572 0.5795238095238096 0.005 0.012380952380952381
1 0.9539285714285715 0.6223809523809524 0.0064285714285714285 0.012380952380952381
1 0.8239285714285715 0.6071428571428571 0.0064285714285714285 0.012380952380952381
1 0.7589285714285714 0.6047619047619047 0.0064285714285714285 0.013333333333333332
1 0.7389285714285714 0.6023809523809524 0.005 0.012380952380952381
1 0.7203571428571428 0.6 0.005 0.013333333333333332
1 0.7021428571428572 0.5623809523809524 0.005714285714285714 0.010476190476190476
1 0.6971428571428572 0.56 0.005714285714285714 0.009523809523809525
1 0.6875 0.5547619047619048 0.005 0.010476190476190476
1 0.6867857142857143 0.5542857142857143 0.005 0.007619047619047619
0 0.7189285714285715 0.5695238095238095 0.005 0.015238095238095238
1 0.7014285714285714 0.5895238095238096 0.005714285714285714 0.009523809523809525
6 0.7 0.5919047619047619 0.017142857142857144 0.012380952380952381
6 0.7196428571428571 0.6023809523809524 0.010714285714285714 0.008571428571428572
6 0.7371428571428571 0.6052380952380952 0.012857142857142857 0.010476190476190476
6 0.7575 0.6090476190476191 0.015 0.012380952380952381
6 0.8275 0.5823809523809523 0.015 0.010476190476190476
2 0.9521428571428572 0.6242857142857143 0.017142857142857144 0.012380952380952381
6 0.8271428571428572 0.6142857142857143 0.032857142857142856 0.02095238095238095
3 0.8546428571428571 0.6319047619047619 0.045 0.02761904761904762
3 0.8739285714285714 0.6523809523809524 0.04642857142857143 0.022857142857142857
3 0.9278571428571428 0.6447619047619048 0.045714285714285714 0.024761904761904763
3 0.8321428571428572 0.679047619047619 0.047142857142857146 0.02857142857142857
3 0.8564285714285714 0.7023809523809523 0.05142857142857143 0.035238095238095235
4 0.9696428571428571 0.6623809523809524 0.05785714285714286 0.04476190476190476
9 0.9878571428571429 0.7576190476190476 0.02142857142857143 0.01619047619047619
9 0.9603571428571429 0.7471428571428571 0.02214285714285714 0.014285714285714285
9 0.9271428571428572 0.7438095238095238 0.017142857142857144 0.013333333333333332
9 0.8403571428571428 0.7252380952380952 0.019285714285714285 0.012380952380952381
9 0.8221428571428572 0.7314285714285714 0.017142857142857144 0.013333333333333332
9 0.7825 0.7223809523809523 0.015 0.014285714285714285
2 0.7696428571428572 0.7119047619047619 0.017857142857142856 0.012380952380952381
9 0.7342857142857143 0.7171428571428572 0.017142857142857144 0.015238095238095238
9 0.7275 0.7052380952380952 0.015 0.012380952380952381
9 0.6992857142857143 0.7071428571428572 0.017142857142857144 0.010476190476190476
1 0.6992857142857143 0.7042857142857143 0.01 0.018095238095238095
1 0.7271428571428571 0.7023809523809523 0.007142857142857143 0.018095238095238095
1 0.7346428571428572 0.7142857142857143 0.007857142857142858 0.015238095238095238
1 0.7696428571428572 0.7076190476190476 0.010714285714285714 0.017142857142857144
1 0.7825 0.72 0.007857142857142858 0.015238095238095238
1 0.8225 0.7252380952380952 0.007857142857142858 0.014285714285714285
1 0.8375 0.7214285714285714 0.007857142857142858 0.01619047619047619
1 0.925 0.7366666666666667 0.011428571428571429 0.02
1 0.9546428571428571 0.741904761904762 0.007857142857142858 0.017142857142857144
1 0.9614285714285714 0.741904761904762 0.005714285714285714 0.015238095238095238
1 0.99 0.7542857142857143 0.008571428571428572 0.017142857142857144
1 0.6275 0.76 0.0064285714285714285 0.02095238095238095
1 0.71 0.7595238095238095 0.01 0.012380952380952381
1 0.6025 0.7671428571428571 0.009285714285714286 0.018095238095238095
1 0.5946428571428571 0.7752380952380953 0.007857142857142858 0.01904761904761905
1 0.6128571428571429 0.7914285714285715 0.011428571428571429 0.01904761904761905
1 0.6039285714285715 0.7976190476190477 0.012142857142857143 0.021904761904761906
1 0.5967857142857143 0.8214285714285714 0.007857142857142858 0.018095238095238095
1 0.58 0.819047619047619 0.007142857142857143 0.02095238095238095
1 0.5796428571428571 0.8723809523809524 0.007857142857142858 0.017142857142857144
1 0.5671428571428572 0.8319047619047619 0.007142857142857143 0.012380952380952381
1 0.5896428571428571 0.8790476190476191 0.007857142857142858 0.02095238095238095
1 0.6025 0.8842857142857142 0.007857142857142858 0.02
1 0.5771428571428572 0.9142857142857143 0.01 0.01904761904761905
9 0.6014285714285714 0.9442857142857143 0.008571428571428572 0.02761904761904762
9 0.5778571428571428 0.9171428571428571 0.011428571428571429 0.030476190476190476
9 0.59 0.8795238095238095 0.007142857142857143 0.02761904761904762
9 0.5796428571428571 0.8747619047619047 0.007857142857142858 0.02761904761904762
2 0.6021428571428571 0.8842857142857142 0.007142857142857143 0.029523809523809525
2 0.5814285714285714 0.8219047619047619 0.008571428571428572 0.024761904761904763
9 0.5978571428571429 0.8219047619047619 0.01 0.022857142857142857
9 0.6046428571428571 0.8019047619047619 0.007857142857142858 0.022857142857142857
9 0.6125 0.7914285714285715 0.007857142857142858 0.026666666666666665
9 0.6021428571428571 0.7690476190476191 0.007142857142857143 0.021904761904761906
2 0.5946428571428571 0.7771428571428571 0.007857142857142858 0.024761904761904763
9 0.6271428571428571 0.7619047619047619 0.012857142857142857 0.017142857142857144
3 0.47 0.7971428571428572 0.03 0.047619047619047616
3 0.4975 0.8138095238095238 0.030714285714285715 0.054285714285714284
3 0.5271428571428571 0.8242857142857143 0.03 0.054285714285714284
3 0.4742857142857143 0.8895238095238095 0.032857142857142856 0.06285714285714286
3 0.5071428571428571 0.8966666666666666 0.03428571428571429 0.06571428571428571
3 0.535 0.9171428571428571 0.03571428571428571 0.07238095238095238
3 0.4492857142857143 0.9642857142857143 0.04285714285714286 0.06952380952380953
3 0.4825 0.9752380952380952 0.035 0.047619047619047616
