3 0.2714285714285714 0.6390476190476191 0.11 0.10666666666666666
3 0.5646428571428571 0.40714285714285714 0.08071428571428571 0.05047619047619047
8 0.10678571428571429 0.22523809523809524 0.10214285714285715 0.06952380952380953
1 0.19214285714285714 0.8 0.024285714285714285 0.047619047619047616
1 0.06 0.6776190476190476 0.03 0.04285714285714286
1 0.065 0.6719047619047619 0.017142857142857144 0.04476190476190476
1 0.07 0.6042857142857143 0.02142857142857143 0.035238095238095235
9 0.07214285714285715 0.6090476190476191 0.06285714285714286 0.03142857142857143
9 0.0725 0.6719047619047619 0.06785714285714285 0.04476190476190476
9 0.19285714285714287 0.8095238095238095 0.05857142857142857 0.049523809523809526
2 0.6046428571428571 0.319047619047619 0.02214285714285714 0.02095238095238095
2 0.62 0.3238095238095238 0.017142857142857144 0.02095238095238095
1 0.6046428571428571 0.30952380952380953 0.012142857142857143 0.024761904761904763
1 0.6196428571428572 0.3171428571428571 0.007857142857142858 0.024761904761904763
0 0.6278571428571429 0.3142857142857143 0.005714285714285714 0.022857142857142857
0 0.6378571428571429 0.31952380952380954 0.007142857142857143 0.02761904761904762
