3 0.39464285714285713 0.9568527918781725 0.025 0.08375634517766496
3 0.5021428571428571 0.5031725888324873 0.017142857142857144 0.052030456852791875
3 0.43 0.40609137055837563 0.017142857142857144 0.04568527918781726
3 0.3871428571428571 0.32741116751269034 0.017142857142857144 0.04568527918781726
3 0.47964285714285715 0.20939086294416243 0.015 0.032994923857868015
3 0.5067857142857143 0.32043147208121825 0.013571428571428571 0.03934010152284264
3 0.46214285714285713 0.13261421319796954 0.012857142857142857 0.031725888324873094
3 0.49 0.04378172588832487 0.008571428571428572 0.026649746192893398
8 0.41928571428571426 0.13197969543147206 0.018571428571428572 0.050761421319796954
3 0.335 0.08121827411167512 0.022857142857142857 0.03045685279187817
3 0.17214285714285715 0.30710659898477155 0.04 0.04314720812182741
3 0.295 0.20748730964467005 0.03 0.04695431472081218
3 0.215 0.21637055837563451 0.03 0.026649746192893398
3 0.1717857142857143 0.4295685279187817 0.03214285714285714 0.03934010152284264
3 0.13178571428571428 0.5418781725888324 0.04357142857142857 0.06091370558375634
3 0.105 0.4911167512690355 0.027142857142857142 0.03807106598984771
3 0.0875 0.5101522842639593 0.025 0.04060913705583756
3 0.06714285714285714 0.5336294416243654 0.037142857142857144 0.04441624365482233
3 0.046785714285714285 0.5571065989847716 0.027857142857142858 0.053299492385786795
3 0.02214285714285714 0.575507614213198 0.027142857142857142 0.052030456852791875
3 0.27214285714285713 0.5780456852791878 0.02 0.06218274111675126
3 0.065 0.21637055837563451 0.022857142857142857 0.029187817258883246
3 0.02 0.18083756345177662 0.02 0.021573604060913704
3 0.12964285714285714 0.20304568527918782 0.025 0.03045685279187817
3 0.125 0.19225888324873094 0.03 0.03934010152284264
3 0.11 0.1846446700507614 0.025714285714285714 0.031725888324873094
3 0.09214285714285714 0.17322335025380708 0.017142857142857144 0.026649746192893398
3 0.08678571428571429 0.16878172588832485 0.025 0.027918781725888322
3 0.07535714285714286 0.1548223350253807 0.02642857142857143 0.025380710659898477
3 0.01 0.20875634517766495 0.02 0.026649746192893398
4 0.1025 0.17703045685279187 0.027857142857142858 0.03934010152284264
4 0.06714285714285714 0.14784263959390861 0.027142857142857142 0.03426395939086294
4 0.09428571428571429 0.40736040609137053 0.05 0.06852791878172589
4 0.18178571428571427 0.4873096446700507 0.04214285714285714 0.05837563451776649
4 0.04928571428571429 0.22208121827411165 0.024285714285714285 0.032994923857868015
5 0.15964285714285714 0.16370558375634517 0.045 0.048223350253807105
5 0.1392857142857143 0.1548223350253807 0.041428571428571426 0.053299492385786795
5 0.13 0.15038071065989847 0.04428571428571428 0.052030456852791875
5 0.10714285714285714 0.12880710659898476 0.04 0.04441624365482233
5 0.24 0.12690355329949238 0.027142857142857142 0.04314720812182741
5 0.2367857142857143 0.11802030456852791 0.030714285714285715 0.04314720812182741
5 0.22642857142857142 0.11230964467005075 0.027142857142857142 0.04695431472081218
5 0.21428571428571427 0.10723350253807105 0.02857142857142857 0.04695431472081218
5 0.2025 0.10088832487309644 0.035 0.052030456852791875
5 0.195 0.09644670050761421 0.037142857142857144 0.050761421319796954
5 0.17464285714285716 0.08629441624365482 0.03214285714285714 0.04314720812182741
8 0.12178571428571429 0.2576142131979695 0.10214285714285715 0.11928934010152284
3 0.03464285714285714 0.13261421319796954 0.029285714285714286 0.021573604060913704
3 0.027142857142857142 0.12944162436548223 0.027142857142857142 0.02284263959390863
3 0.01892857142857143 0.11675126903553298 0.03214285714285714 0.03045685279187817
3 0.085 0.10723350253807105 0.02142857142857143 0.016497461928934008
3 0.07464285714285715 0.10088832487309644 0.02214285714285714 0.026649746192893398
3 0.06785714285714285 0.09644670050761421 0.024285714285714285 0.025380710659898477
3 0.05964285714285714 0.09073604060913705 0.02214285714285714 0.031725888324873094
3 0.05964285714285714 0.08756345177664974 0.025 0.025380710659898477
3 0.04928571428571429 0.08629441624365482 0.02142857142857143 0.027918781725888322
3 0.04428571428571428 0.07868020304568528 0.02142857142857143 0.025380710659898477
3 0.035 0.07550761421319796 0.02 0.024111675126903553
3 0.024642857142857143 0.0666243654822335 0.02214285714285714 0.024111675126903553
3 0.02 0.06218274111675126 0.025714285714285714 0.025380710659898477
3 0.13964285714285715 0.06218274111675126 0.02214285714285714 0.027918781725888322
3 0.06714285714285714 0.0666243654822335 0.022857142857142857 0.019035532994923856
3 0.010357142857142856 0.1465736040609137 0.02214285714285714 0.03680203045685279
3 0.06 0.06218274111675126 0.02 0.02030456852791878
5 0.07035714285714285 0.5983502538071066 0.07642857142857143 0.09517766497461928
5 0.40464285714285714 0.05710659898477157 0.030714285714285715 0.04060913705583756
8 0.4025 0.02030456852791878 0.025 0.04060913705583756
8 0.20285714285714285 0.03616751269035533 0.045714285714285714 0.052030456852791875
3 0.19 0.416243654822335 0.03 0.03807106598984771
0 0.22035714285714286 0.42576142131979694 0.009285714285714286 0.029187817258883246
3 0.015 0.6586294416243654 0.03142857142857143 0.06345177664974619
3 0.1225 0.055837563451776644 0.03214285714285714 0.025380710659898477
