3 0.04642857142857143 0.8323809523809523 0.037142857142857144 0.08761904761904762
3 0.05 0.9242857142857143 0.04428571428571428 0.08476190476190476
3 0.10178571428571428 0.9123809523809524 0.045 0.10095238095238095
3 0.007857142857142858 0.9447619047619048 0.017142857142857144 0.08761904761904762
3 0.12428571428571429 0.8023809523809524 0.03428571428571429 0.08285714285714285
3 0.0975 0.7095238095238096 0.06785714285714285 0.0380952380952381
4 0.07714285714285714 0.7519047619047619 0.10714285714285714 0.08476190476190476
4 0.20214285714285715 0.7876190476190477 0.037142857142857144 0.10476190476190476
3 0.20964285714285713 0.7019047619047619 0.027857142857142858 0.06285714285714286
3 0.29928571428571427 0.5847619047619048 0.027142857142857142 0.049523809523809526
3 0.34 0.6842857142857143 0.03 0.06
3 0.35642857142857143 0.5695238095238095 0.025714285714285714 0.04
3 0.4625 0.6595238095238095 0.05357142857142857 0.039047619047619046
3 0.4546428571428571 0.6295238095238095 0.05785714285714286 0.04
3 0.44785714285714284 0.5995238095238096 0.055714285714285716 0.035238095238095235
0 0.3025 0.7019047619047619 0.009285714285714286 0.024761904761904763
0 0.4421428571428571 0.5738095238095238 0.007142857142857143 0.01619047619047619
0 0.29 0.5142857142857142 0.007142857142857143 0.017142857142857144
0 0.21464285714285714 0.6123809523809524 0.009285714285714286 0.024761904761904763
0 0.30642857142857144 0.5119047619047619 0.008571428571428572 0.021904761904761906
0 0.3192857142857143 0.5042857142857143 0.007142857142857143 0.02
0 0.375 0.49714285714285716 0.007142857142857143 0.02095238095238095
0 0.35892857142857143 0.4838095238095238 0.0064285714285714285 0.02095238095238095
9 0.19464285714285715 0.6038095238095238 0.02214285714285714 0.015238095238095238
9 0.19285714285714287 0.5938095238095238 0.02 0.01619047619047619
9 0.19 0.5842857142857143 0.02 0.014285714285714285
9 0.385 0.5347619047619048 0.007142857142857143 0.02
9 0.3942857142857143 0.5371428571428571 0.008571428571428572 0.02095238095238095
9 0.3989285714285714 0.5290476190476191 0.009285714285714286 0.023809523809523808
9 0.40964285714285714 0.5314285714285715 0.007857142857142858 0.01904761904761905
9 0.44892857142857145 0.5342857142857143 0.009285714285714286 0.022857142857142857
9 0.46 0.5266666666666666 0.007142857142857143 0.02095238095238095
9 0.49464285714285716 0.5 0.012142857142857143 0.024761904761904763
9 0.4789285714285714 0.5047619047619047 0.010714285714285714 0.022857142857142857
9 0.49 0.5190476190476191 0.01 0.02095238095238095
9 0.45535714285714285 0.5123809523809524 0.007857142857142858 0.024761904761904763
9 0.4625 0.5095238095238095 0.010714285714285714 0.024761904761904763
9 0.46964285714285714 0.5095238095238095 0.007857142857142858 0.024761904761904763
9 0.485 0.49952380952380954 0.005714285714285714 0.018095238095238095
9 0.4492857142857143 0.5152380952380953 0.01 0.022857142857142857
9 0.44142857142857145 0.5195238095238095 0.008571428571428572 0.02
9 0.415 0.5314285714285715 0.008571428571428572 0.022857142857142857
9 0.42214285714285715 0.5271428571428571 0.01 0.021904761904761906
9 0.42964285714285716 0.5252380952380953 0.007857142857142858 0.023809523809523808
9 0.4342857142857143 0.5190476190476191 0.008571428571428572 0.01904761904761905
0 0.3575 0.8590476190476191 0.015 0.01904761904761905
0 0.41678571428571426 0.8847619047619047 0.010714285714285714 0.024761904761904763
0 0.42214285714285715 0.8671428571428571 0.01 0.025714285714285714
0 0.4114285714285714 0.8695238095238095 0.008571428571428572 0.02095238095238095
0 0.4975 0.4423809523809524 0.007857142857142858 0.02
0 0.5028571428571429 0.44476190476190475 0.004285714285714286 0.022857142857142857
0 0.5146428571428572 0.4595238095238095 0.007857142857142858 0.02
0 0.5517857142857143 0.4895238095238095 0.0064285714285714285 0.017142857142857144
0 0.5796428571428571 0.49238095238095236 0.005 0.017142857142857144
0 0.56 0.4695238095238095 0.007142857142857143 0.02095238095238095
0 0.55 0.46190476190476193 0.005714285714285714 0.017142857142857144
0 0.9721428571428572 0.3995238095238095 0.007142857142857143 0.021904761904761906
0 0.9639285714285715 0.39476190476190476 0.0064285714285714285 0.02
0 0.9728571428571429 0.3871428571428571 0.007142857142857143 0.018095238095238095
9 0.7671428571428571 0.39476190476190476 0.01 0.012380952380952381
9 0.7825 0.40476190476190477 0.009285714285714286 0.015238095238095238
1 0.8196428571428571 0.9295238095238095 0.005 0.015238095238095238
1 0.8039285714285714 0.9223809523809524 0.010714285714285714 0.014285714285714285
1 0.8017857142857143 0.8952380952380953 0.0064285714285714285 0.015238095238095238
1 0.6242857142857143 0.7538095238095238 0.008571428571428572 0.01619047619047619
1 0.6403571428571428 0.8395238095238096 0.009285714285714286 0.02761904761904762
0 0.6428571428571429 0.819047619047619 0.008571428571428572 0.017142857142857144
0 0.6539285714285714 0.8819047619047619 0.007857142857142858 0.022857142857142857
0 0.6939285714285715 0.7366666666666667 0.009285714285714286 0.02
1 0.705 0.7 0.01 0.011428571428571429
1 0.6917857142857143 0.699047619047619 0.009285714285714286 0.015238095238095238
1 0.815 0.679047619047619 0.01 0.017142857142857144
1 0.8 0.6619047619047619 0.01 0.015238095238095238
1 0.8142857142857143 0.6390476190476191 0.007142857142857143 0.013333333333333332
1 0.8039285714285714 0.6314285714285715 0.007857142857142858 0.011428571428571429
7 0.7578571428571429 0.5671428571428572 0.02857142857142857 0.03142857142857143
0 0.7642857142857142 0.5514285714285714 0.005714285714285714 0.017142857142857144
0 0.8771428571428571 0.7466666666666667 0.007142857142857143 0.022857142857142857
0 0.8917857142857143 0.719047619047619 0.012142857142857143 0.024761904761904763
0 0.8821428571428571 0.7071428571428572 0.012857142857142857 0.02
0 0.8614285714285714 0.71 0.008571428571428572 0.018095238095238095
0 0.8475 0.6795238095238095 0.010714285714285714 0.02
0 0.8492857142857143 0.6914285714285714 0.007142857142857143 0.011428571428571429
0 0.9003571428571429 0.6542857142857142 0.009285714285714286 0.022857142857142857
0 0.8814285714285715 0.6252380952380953 0.005714285714285714 0.012380952380952381
4 0.6246428571428572 0.46523809523809523 0.03785714285714286 0.029523809523809525
9 0.8325 0.5323809523809524 0.009285714285714286 0.015238095238095238
9 0.7964285714285714 0.49238095238095236 0.014285714285714285 0.013333333333333332
9 0.8021428571428572 0.49952380952380954 0.01 0.012380952380952381
9 0.8075 0.5047619047619047 0.013571428571428571 0.013333333333333332
9 0.815 0.5119047619047619 0.012857142857142857 0.014285714285714285
9 0.8196428571428571 0.5195238095238095 0.012142857142857143 0.014285714285714285
9 0.8239285714285715 0.52 0.012142857142857143 0.013333333333333332
9 0.83 0.5276190476190477 0.012857142857142857 0.015238095238095238
9 0.88 0.5871428571428572 0.018571428571428572 0.02761904761904762
9 0.8746428571428572 0.579047619047619 0.012142857142857143 0.022857142857142857
9 0.865 0.5714285714285714 0.011428571428571429 0.01904761904761905
7 0.8992857142857142 0.5952380952380952 0.03 0.0380952380952381
9 0.9178571428571428 0.6223809523809524 0.017142857142857144 0.02
9 0.9539285714285715 0.6876190476190476 0.013571428571428571 0.017142857142857144
9 0.9646428571428571 0.7047619047619048 0.02214285714285714 0.017142857142857144
9 0.9764285714285714 0.6838095238095238 0.02 0.022857142857142857
9 0.9771428571428571 0.7166666666666667 0.02 0.02
9 0.9871428571428571 0.7342857142857143 0.022857142857142857 0.015238095238095238
9 0.9935714285714285 0.7447619047619047 0.011428571428571429 0.015238095238095238
