0 0.61 0.8095238095238095 0.007142857142857143 0.026666666666666665
0 0.6046428571428571 0.809047619047619 0.005 0.023809523809523808
0 0.9021428571428571 0.9519047619047619 0.012857142857142857 0.035238095238095235
0 0.9021428571428571 0.909047619047619 0.012857142857142857 0.035238095238095235
0 0.5375 0.6852380952380952 0.0064285714285714285 0.02
0 0.5971428571428572 0.6290476190476191 0.002857142857142857 0.012380952380952381
0 0.375 0.7042857142857143 0.005714285714285714 0.02
0 0.4767857142857143 0.6114285714285714 0.002142857142857143 0.007619047619047619
0 0.4742857142857143 0.611904761904762 0.002857142857142857 0.010476190476190476
0 0.5771428571428572 0.5847619047619048 0.002857142857142857 0.007619047619047619
7 0.48464285714285715 0.67 0.005 0.014285714285714285
2 0.5828571428571429 0.7771428571428571 0.012857142857142857 0.015238095238095238
8 0.3339285714285714 0.9071428571428571 0.047857142857142855 0.07714285714285714
3 0.2425 0.9 0.029285714285714286 0.05523809523809524
3 0.5464285714285714 0.7814285714285715 0.018571428571428572 0.029523809523809525
3 0.48964285714285716 0.7019047619047619 0.015 0.02857142857142857
3 0.46464285714285714 0.6766666666666666 0.012142857142857143 0.018095238095238095
3 0.5225 0.6771428571428572 0.012142857142857143 0.015238095238095238
3 0.5253571428571429 0.6623809523809524 0.010714285714285714 0.012380952380952381
3 0.49642857142857144 0.6723809523809524 0.012857142857142857 0.017142857142857144
3 0.4975 0.63 0.007857142857142858 0.012380952380952381
3 0.5117857142857143 0.6295238095238095 0.009285714285714286 0.013333333333333332
3 0.515 0.6152380952380953 0.007142857142857143 0.009523809523809525
3 0.5303571428571429 0.6095238095238096 0.007857142857142858 0.007619047619047619
3 0.5153571428571428 0.6038095238095238 0.0064285714285714285 0.007619047619047619
3 0.455 0.6414285714285715 0.01 0.012380952380952381
8 0.46035714285714285 0.5895238095238096 0.007857142857142858 0.013333333333333332
3 0.4589285714285714 0.5819047619047619 0.0064285714285714285 0.005714285714285714
3 0.48178571428571426 0.5895238095238096 0.007857142857142858 0.007619047619047619
3 0.5278571428571428 0.5823809523809523 0.007142857142857143 0.006666666666666666
3 0.5246428571428572 0.5795238095238096 0.005 0.004761904761904762
3 0.5253571428571429 0.5771428571428572 0.0035714285714285713 0.005714285714285714
3 0.5117857142857143 0.58 0.012142857142857143 0.005714285714285714
3 0.48464285714285715 0.5766666666666667 0.009285714285714286 0.004761904761904762
3 0.4875 0.5695238095238095 0.009285714285714286 0.005714285714285714
3 0.48928571428571427 0.5671428571428572 0.008571428571428572 0.004761904761904762
3 0.5 0.5676190476190476 0.002857142857142857 0.005714285714285714
4 0.5271428571428571 0.5719047619047619 0.004285714285714286 0.006666666666666666
8 0.5164285714285715 0.57 0.004285714285714286 0.008571428571428572
3 0.5167857142857143 0.5652380952380952 0.0035714285714285713 0.004761904761904762
3 0.5253571428571429 0.5671428571428572 0.0035714285714285713 0.002857142857142857
3 0.5242857142857142 0.5642857142857143 0.002857142857142857 0.004761904761904762
3 0.5171428571428571 0.5642857142857143 0.004285714285714286 0.004761904761904762
3 0.5178571428571429 0.5614285714285714 0.002857142857142857 0.004761904761904762
3 0.5221428571428571 0.5552380952380952 0.002857142857142857 0.0038095238095238095
3 0.5153571428571428 0.5566666666666666 0.0035714285714285713 0.002857142857142857
3 0.5092857142857142 0.5552380952380952 0.002857142857142857 0.0038095238095238095
3 0.5117857142857143 0.5495238095238095 0.002142857142857143 0.0019047619047619048
3 0.495 0.5571428571428572 0.008571428571428572 0.005714285714285714
3 0.5242857142857142 0.5519047619047619 0.002857142857142857 0.002857142857142857
3 0.5171428571428571 0.5547619047619048 0.002857142857142857 0.004761904761904762
5 0.5171428571428571 0.5495238095238095 0.004285714285714286 0.007619047619047619
3 0.5475 0.6014285714285714 0.013571428571428571 0.006666666666666666
3 0.5471428571428572 0.5971428571428572 0.012857142857142857 0.007619047619047619
3 0.5471428571428572 0.5947619047619047 0.012857142857142857 0.006666666666666666
3 0.5453571428571429 0.5942857142857143 0.013571428571428571 0.007619047619047619
3 0.545 0.5923809523809523 0.012857142857142857 0.007619047619047619
3 0.5442857142857143 0.5895238095238096 0.012857142857142857 0.007619047619047619
3 0.5439285714285714 0.589047619047619 0.013571428571428571 0.006666666666666666
3 0.5442857142857143 0.5847619047619048 0.012857142857142857 0.007619047619047619
3 0.5425 0.5842857142857143 0.013571428571428571 0.006666666666666666
3 0.5425 0.5814285714285714 0.013571428571428571 0.006666666666666666
3 0.5417857142857143 0.5766666666666667 0.013571428571428571 0.006666666666666666
3 0.5403571428571429 0.5771428571428572 0.013571428571428571 0.007619047619047619
3 0.5539285714285714 0.5766666666666667 0.013571428571428571 0.006666666666666666
3 0.5525 0.5771428571428572 0.012142857142857143 0.005714285714285714
3 0.555 0.5795238095238096 0.011428571428571429 0.004761904761904762
3 0.5567857142857143 0.5823809523809523 0.010714285714285714 0.004761904761904762
3 0.5571428571428572 0.5842857142857143 0.01 0.004761904761904762
3 0.5575 0.5871428571428572 0.010714285714285714 0.004761904761904762
3 0.5575 0.5842857142857143 0.010714285714285714 0.004761904761904762
3 0.5596428571428571 0.5895238095238096 0.010714285714285714 0.005714285714285714
3 0.5596428571428571 0.5919047619047619 0.010714285714285714 0.004761904761904762
3 0.5617857142857143 0.5947619047619047 0.010714285714285714 0.004761904761904762
3 0.5625 0.5971428571428572 0.010714285714285714 0.005714285714285714
3 0.5653571428571429 0.5995238095238096 0.010714285714285714 0.004761904761904762
3 0.5639285714285714 0.6014285714285714 0.010714285714285714 0.004761904761904762
3 0.6042857142857143 0.6047619047619047 0.012857142857142857 0.007619047619047619
3 0.6042857142857143 0.6023809523809524 0.011428571428571429 0.004761904761904762
3 0.6 0.599047619047619 0.01 0.005714285714285714
3 0.6003571428571428 0.5995238095238096 0.010714285714285714 0.004761904761904762
3 0.5878571428571429 0.5971428571428572 0.011428571428571429 0.005714285714285714
3 0.5996428571428571 0.5971428571428572 0.012142857142857143 0.007619047619047619
3 0.5946428571428571 0.5942857142857143 0.012142857142857143 0.007619047619047619
3 0.5939285714285715 0.5923809523809523 0.012142857142857143 0.007619047619047619
3 0.5875 0.5871428571428572 0.012142857142857143 0.006666666666666666
3 0.5846428571428571 0.5819047619047619 0.012142857142857143 0.007619047619047619
3 0.5867857142857142 0.5823809523809523 0.012142857142857143 0.006666666666666666
3 0.5817857142857142 0.5795238095238096 0.012142857142857143 0.006666666666666666
3 0.5821428571428572 0.5795238095238096 0.012857142857142857 0.006666666666666666
3 0.5803571428571429 0.5776190476190476 0.012142857142857143 0.006666666666666666
3 0.5796428571428571 0.5771428571428572 0.012142857142857143 0.007619047619047619
3 0.5771428571428572 0.5742857142857143 0.012857142857142857 0.007619047619047619
3 0.5775 0.6652380952380952 0.025 0.012380952380952381
3 0.5746428571428571 0.6623809523809524 0.025 0.012380952380952381
3 0.575 0.6595238095238095 0.024285714285714285 0.012380952380952381
3 0.5728571428571428 0.6547619047619048 0.024285714285714285 0.012380952380952381
3 0.5946428571428571 0.65 0.025 0.012380952380952381
3 0.5925 0.6471428571428571 0.025 0.012380952380952381
3 0.5917857142857142 0.6442857142857142 0.025 0.012380952380952381
3 0.5896428571428571 0.6395238095238095 0.025 0.012380952380952381
3 0.5896428571428571 0.6366666666666667 0.025 0.012380952380952381
3 0.585 0.6342857142857142 0.02142857142857143 0.011428571428571429
3 0.5839285714285715 0.63 0.019285714285714285 0.012380952380952381
3 0.5825 0.6271428571428571 0.019285714285714285 0.012380952380952381
3 0.5796428571428571 0.6247619047619047 0.017857142857142856 0.009523809523809525
3 0.5596428571428571 0.6271428571428571 0.017857142857142856 0.010476190476190476
3 0.5575 0.6295238095238095 0.017857142857142856 0.009523809523809525
3 0.6275 0.6242857142857143 0.016428571428571428 0.010476190476190476
3 0.6321428571428571 0.6319047619047619 0.02 0.010476190476190476
3 0.6496428571428572 0.6452380952380953 0.017857142857142856 0.008571428571428572
3 0.6517857142857143 0.65 0.017857142857142856 0.008571428571428572
3 0.6567857142857143 0.6542857142857142 0.02214285714285714 0.011428571428571429
3 0.6589285714285714 0.66 0.017857142857142856 0.007619047619047619
3 0.6664285714285715 0.6647619047619048 0.025714285714285714 0.009523809523809525
3 0.67 0.6676190476190477 0.025714285714285714 0.009523809523809525
3 0.6746428571428571 0.6738095238095239 0.025 0.010476190476190476
3 0.6775 0.6814285714285714 0.025 0.010476190476190476
3 0.6896428571428571 0.6847619047619048 0.027857142857142858 0.011428571428571429
3 0.6967857142857142 0.6923809523809524 0.035 0.017142857142857144
3 0.7046428571428571 0.7038095238095238 0.035 0.017142857142857144
3 0.7117857142857142 0.7076190476190476 0.035 0.017142857142857144
3 0.7175 0.7152380952380952 0.035 0.017142857142857144
3 0.7239285714285715 0.7219047619047619 0.035 0.017142857142857144
3 0.6414285714285715 0.7276190476190476 0.03857142857142857 0.01904761904761905
3 0.6364285714285715 0.72 0.03571428571428571 0.015238095238095238
3 0.6342857142857142 0.7138095238095238 0.03571428571428571 0.01619047619047619
3 0.6271428571428571 0.7066666666666667 0.03571428571428571 0.015238095238095238
3 0.6246428571428572 0.6976190476190476 0.027857142857142858 0.01619047619047619
3 0.6267857142857143 0.6914285714285714 0.027857142857142858 0.015238095238095238
3 0.6221428571428571 0.689047619047619 0.022857142857142857 0.014285714285714285
3 0.6314285714285715 0.6819047619047619 0.022857142857142857 0.015238095238095238
3 0.6792857142857143 0.7619047619047619 0.04285714285714286 0.024761904761904763
