5 0.2685281837160751 0.1572356215213358 0.023486430062630476 0.030612244897959183
4 0.6706680584551148 0.17810760667903525 0.021920668058455113 0.02411873840445269
3 0.6805845511482254 0.1859925788497217 0.015657620041753653 0.0176252319109462
9 0.7241649269311063 0.22217068645640076 0.009916492693110646 0.02504638218923933
3 0.6871085594989561 0.24860853432282004 0.014091858037578286 0.02411873840445269
3 0.6758872651356993 0.27690166975881264 0.016701461377870562 0.02319109461966605
4 0.6563152400835073 0.31307977736549164 0.016179540709812108 0.03803339517625232
3 0.6349164926931106 0.3144712430426716 0.015135699373695197 0.029684601113172542
3 0.6132567849686847 0.35760667903525045 0.021920668058455113 0.036178107606679034
3 0.657098121085595 0.3970315398886827 0.01774530271398747 0.03153988868274583
3 0.6487473903966596 0.42764378478664195 0.020876826722338204 0.03153988868274583
7 0.6458768267223381 0.4897959183673469 0.025574112734864297 0.03153988868274583
3 0.5696764091858038 0.49860853432282004 0.02766179540709812 0.043599257884972174
3 0.5318371607515657 0.4744897959183674 0.027139874739039664 0.03803339517625232
3 0.5156576200417536 0.4619666048237477 0.021920668058455113 0.04267161410018553
4 0.5281837160751566 0.8028756957328386 0.025052192066805843 0.12337662337662338
3 0.44102296450939454 0.8566790352504638 0.045929018789144044 0.08812615955473098
6 0.40161795407098116 0.7908163265306123 0.02974947807933194 0.06029684601113173
3 0.3757828810020876 0.7820037105751392 0.045929018789144044 0.0686456400742115
3 0.3515135699373695 0.9424860853432282 0.05480167014613778 0.09833024118738405
3 0.2272964509394572 0.852504638218924 0.04540709812108559 0.07235621521335807
4 0.2620041753653444 0.6725417439703154 0.04279749478079332 0.06493506493506494
9 0.23147181628392482 0.6136363636363636 0.015135699373695197 0.030612244897959183
9 0.17562630480167013 0.5992578849721707 0.012004175365344467 0.03896103896103896
9 0.18345511482254695 0.5709647495361782 0.008872651356993735 0.013914656771799629
9 0.17875782881002086 0.5607606679035251 0.009916492693110646 0.012059369202226345
9 0.13517745302713985 0.5612244897959183 0.008350730688935281 0.020408163265306124
9 0.147964509394572 0.5644712430426716 0.006784968684759916 0.02504638218923933
9 0.22338204592901878 0.5723562152133581 0.010438413361169102 0.022263450834879406
9 0.22259916492693108 0.599721706864564 0.009916492693110646 0.01948051948051948
3 0.09185803757828809 0.4225417439703154 0.021920668058455113 0.030612244897959183
3 0.06706680584551147 0.4536178107606679 0.03079331941544885 0.03153988868274583
3 0.02740083507306889 0.4911873840445269 0.032881002087682666 0.03432282003710575
