3 0.06535714285714286 0.11190476190476191 0.019285714285714285 0.018095238095238095
0 0.17 0.24952380952380954 0.005714285714285714 0.007619047619047619
0 0.19178571428571428 0.32666666666666666 0.0064285714285714285 0.007619047619047619
3 0.18464285714285714 0.34476190476190477 0.017857142857142856 0.01904761904761905
3 0.20035714285714284 0.35714285714285715 0.015 0.015238095238095238
3 0.2978571428571429 0.13142857142857142 0.02 0.01904761904761905
3 0.29035714285714287 0.14714285714285713 0.019285714285714285 0.02
3 0.2817857142857143 0.1595238095238095 0.019285714285714285 0.018095238095238095
3 0.275 0.17142857142857143 0.02 0.02095238095238095
3 0.33964285714285714 0.1595238095238095 0.015 0.02761904761904762
3 0.3264285714285714 0.17952380952380953 0.02142857142857143 0.02
3 0.3092857142857143 0.2019047619047619 0.015714285714285715 0.022857142857142857
3 0.32 0.20476190476190476 0.015714285714285715 0.024761904761904763
3 0.35214285714285715 0.22666666666666666 0.017142857142857144 0.024761904761904763
3 0.3628571428571429 0.2338095238095238 0.017142857142857144 0.021904761904761906
3 0.35214285714285715 0.16523809523809524 0.017142857142857144 0.025714285714285714
3 0.36964285714285716 0.17666666666666667 0.017857142857142856 0.023809523809523808
3 0.3942857142857143 0.19142857142857142 0.017142857142857144 0.026666666666666665
3 0.4125 0.20142857142857143 0.017857142857142856 0.02761904761904762
3 0.42428571428571427 0.20904761904761904 0.017142857142857144 0.02761904761904762
3 0.43785714285714283 0.21476190476190476 0.012857142857142857 0.02
3 0.4492857142857143 0.2219047619047619 0.017142857142857144 0.024761904761904763
3 0.385 0.24714285714285714 0.017142857142857144 0.025714285714285714
3 0.39535714285714285 0.2523809523809524 0.017857142857142856 0.024761904761904763
3 0.4067857142857143 0.26142857142857145 0.016428571428571428 0.025714285714285714
3 0.5253571428571429 0.2695238095238095 0.016428571428571428 0.026666666666666665
3 0.5403571428571429 0.2742857142857143 0.016428571428571428 0.024761904761904763
3 0.5525 0.2814285714285714 0.016428571428571428 0.025714285714285714
3 0.5689285714285715 0.2914285714285714 0.016428571428571428 0.026666666666666665
3 0.5071428571428571 0.3242857142857143 0.015714285714285715 0.025714285714285714
3 0.5221428571428571 0.3342857142857143 0.015714285714285715 0.026666666666666665
3 0.56 0.35523809523809524 0.017142857142857144 0.02857142857142857
3 0.5839285714285715 0.3719047619047619 0.015 0.02761904761904762
3 0.5989285714285715 0.37761904761904763 0.016428571428571428 0.02761904761904762
4 0.6125 0.3838095238095238 0.015 0.03619047619047619
0 0.65 0.10476190476190476 0.002857142857142857 0.007619047619047619
0 0.7125 0.2623809523809524 0.0035714285714285713 0.008571428571428572
0 0.7092857142857143 0.26476190476190475 0.004285714285714286 0.009523809523809525
0 0.7046428571428571 0.2819047619047619 0.005 0.007619047619047619
0 0.705 0.27714285714285714 0.002857142857142857 0.007619047619047619
0 0.8375 0.31952380952380954 0.005 0.006666666666666666
3 0.6378571428571429 0.33476190476190476 0.017142857142857144 0.02761904761904762
3 0.6678571428571428 0.3514285714285714 0.015714285714285715 0.030476190476190476
3 0.7071428571428572 0.37714285714285717 0.017142857142857144 0.03238095238095238
3 0.64 0.4042857142857143 0.017142857142857144 0.029523809523809525
3 0.6792857142857143 0.4238095238095238 0.02 0.030476190476190476
4 0.7203571428571428 0.38142857142857145 0.019285714285714285 0.03333333333333333
0 0.9121428571428571 0.7566666666666667 0.007142857142857143 0.006666666666666666
3 0.295 0.5323809523809524 0.02 0.03238095238095238
3 0.27785714285714286 0.41 0.017142857142857144 0.02
3 0.2975 0.42428571428571427 0.02214285714285714 0.02
3 0.39785714285714285 0.4976190476190476 0.022857142857142857 0.021904761904761906
3 0.42214285714285715 0.5142857142857142 0.02 0.017142857142857144
1 0.495 0.4723809523809524 0.004285714285714286 0.005714285714285714
2 0.495 0.4738095238095238 0.007142857142857143 0.008571428571428572
1 0.5378571428571428 0.5119047619047619 0.002857142857142857 0.004761904761904762
9 0.5389285714285714 0.5123809523809524 0.007857142857142858 0.007619047619047619
3 0.6625 0.6838095238095238 0.02642857142857143 0.026666666666666665
3 0.6946428571428571 0.7066666666666667 0.02214285714285714 0.022857142857142857
1 0.7442857142857143 0.659047619047619 0.004285714285714286 0.005714285714285714
9 0.7425 0.6595238095238095 0.010714285714285714 0.006666666666666666
5 0.7303571428571428 0.7252380952380952 0.03642857142857143 0.037142857142857144
5 0.7671428571428571 0.7523809523809524 0.04428571428571428 0.04
0 0.8867857142857143 0.7295238095238096 0.010714285714285714 0.007619047619047619
9 0.06785714285714285 0.5266666666666666 0.007142857142857143 0.007619047619047619
3 0.09214285714285714 0.5342857142857143 0.022857142857142857 0.022857142857142857
3 0.07214285714285715 0.5695238095238095 0.017142857142857144 0.03238095238095238
3 0.10214285714285715 0.5176190476190476 0.017142857142857144 0.02
3 0.12678571428571428 0.4719047619047619 0.02214285714285714 0.021904761904761906
3 0.05678571428571429 0.5947619047619047 0.025 0.025714285714285714
3 0.047142857142857146 0.6114285714285714 0.022857142857142857 0.024761904761904763
3 0.03642857142857143 0.6276190476190476 0.024285714285714285 0.024761904761904763
9 0.014642857142857143 0.6671428571428571 0.007857142857142858 0.010476190476190476
9 0.0075 0.6747619047619048 0.009285714285714286 0.008571428571428572
3 0.095 0.9852380952380952 0.024285714285714285 0.02761904761904762
3 0.13892857142857143 0.8342857142857143 0.029285714285714286 0.03238095238095238
3 0.16178571428571428 0.7871428571428571 0.02642857142857143 0.025714285714285714
3 0.19178571428571428 0.7166666666666667 0.025 0.02761904761904762
4 0.19964285714285715 0.6995238095238095 0.025 0.025714285714285714
0 0.21892857142857142 0.659047619047619 0.007857142857142858 0.007619047619047619
3 0.24 0.6295238095238095 0.017142857142857144 0.03428571428571429
3 0.25142857142857145 0.6152380952380953 0.017142857142857144 0.03238095238095238
9 0.2725 0.5547619047619048 0.0064285714285714285 0.010476190476190476
3 0.48964285714285716 0.6714285714285714 0.020714285714285713 0.03619047619047619
3 0.44 0.7247619047619047 0.025714285714285714 0.026666666666666665
3 0.4317857142857143 0.7395238095238095 0.02642857142857143 0.025714285714285714
3 0.4275 0.76 0.02642857142857143 0.02857142857142857
3 0.41892857142857143 0.7795238095238095 0.02642857142857143 0.029523809523809525
3 0.39964285714285713 0.8238095238095238 0.025 0.026666666666666665
3 0.3925 0.8442857142857143 0.025 0.02761904761904762
3 0.37214285714285716 0.8990476190476191 0.03 0.030476190476190476
3 0.46964285714285714 0.9047619047619048 0.017857142857142856 0.045714285714285714
3 0.4853571428571429 0.9166666666666666 0.019285714285714285 0.04476190476190476
3 0.5021428571428571 0.9795238095238096 0.027142857142857142 0.02761904761904762
3 0.3442857142857143 0.9666666666666667 0.027142857142857142 0.03238095238095238
3 0.3125 0.9890476190476191 0.03214285714285714 0.02
3 0.6917857142857143 0.8242857142857143 0.020714285714285713 0.04285714285714286
3 0.7253571428571428 0.8242857142857143 0.015 0.037142857142857144
3 0.745 0.9119047619047619 0.015714285714285715 0.04285714285714286
3 0.655 0.8695238095238095 0.027142857142857142 0.024761904761904763
3 0.6425 0.9123809523809524 0.025 0.022857142857142857
0 0.009642857142857142 0.13952380952380952 0.009285714285714286 0.010476190476190476
3 0.3075 0.2719047619047619 0.015 0.021904761904761906
