3 0.5353571428571429 0.9247619047619048 0.07642857142857143 0.14285714285714285
4 0.48214285714285715 0.7914285714285715 0.06 0.12
3 0.43892857142857145 0.6542857142857142 0.06785714285714285 0.12761904761904763
1 0.6703571428571429 0.7814285714285715 0.015 0.018095238095238095
1 0.6453571428571429 0.77 0.020714285714285713 0.02
1 0.6496428571428572 0.73 0.025 0.02
2 0.6464285714285715 0.7023809523809523 0.02 0.039047619047619046
1 0.6646428571428571 0.6747619047619048 0.015 0.02
9 0.6771428571428572 0.6823809523809524 0.03 0.029523809523809525
2 0.6167857142857143 0.5571428571428572 0.03214285714285714 0.022857142857142857
9 0.5964285714285714 0.5347619047619048 0.03857142857142857 0.02761904761904762
3 0.5646428571428571 0.5 0.09214285714285714 0.06476190476190476
3 0.5621428571428572 0.4438095238095238 0.09714285714285714 0.06095238095238095
4 0.37464285714285717 0.4895238095238095 0.07214285714285715 0.1219047619047619
9 0.37142857142857144 0.36904761904761907 0.024285714285714285 0.04476190476190476
1 0.3675 0.3566666666666667 0.015 0.023809523809523808
5 0.3171428571428571 0.36 0.08428571428571428 0.1523809523809524
3 0.3603571428571429 0.23142857142857143 0.09214285714285714 0.07238095238095238
4 0.22464285714285714 0.1419047619047619 0.05071428571428571 0.08761904761904762
3 0.2875 0.03 0.05785714285714286 0.06190476190476191
2 0.16142857142857142 0.047142857142857146 0.03142857142857143 0.05238095238095238
