4 0.1075 0.06476190476190476 0.075 0.05142857142857143
9 0.11464285714285714 0.09476190476190476 0.017857142857142856 0.035238095238095235
0 0.10464285714285715 0.12666666666666668 0.015 0.04
0 0.07535714285714286 0.10952380952380952 0.025 0.045714285714285714
4 0.26 0.01904761904761905 0.047142857142857146 0.0380952380952381
4 0.31892857142857145 0.024761904761904763 0.047857142857142855 0.045714285714285714
4 0.3 0.07761904761904762 0.06285714285714286 0.05238095238095238
4 0.31035714285714283 0.047142857142857146 0.05071428571428571 0.054285714285714284
3 0.22178571428571428 0.09428571428571429 0.055 0.047619047619047616
3 0.27785714285714286 0.10952380952380952 0.06285714285714286 0.0419047619047619
3 0.2642857142857143 0.14238095238095239 0.06285714285714286 0.05238095238095238
3 0.1875 0.14666666666666667 0.055 0.05142857142857143
0 0.215 0.1295238095238095 0.007142857142857143 0.026666666666666665
4 0.2375 0.17904761904761904 0.055 0.06857142857142857
0 0.26964285714285713 0.19142857142857142 0.017857142857142856 0.0419047619047619
5 0.3392857142857143 0.21666666666666667 0.06571428571428571 0.10761904761904761
4 0.1775 0.4714285714285714 0.10214285714285715 0.1657142857142857
3 0.26285714285714284 0.47714285714285715 0.08142857142857143 0.12761904761904763
2 0.046785714285714285 0.34714285714285714 0.027857142857142858 0.02761904761904762
3 0.41964285714285715 0.5266666666666666 0.12214285714285714 0.11238095238095239
3 0.3896428571428571 0.45476190476190476 0.12214285714285714 0.11523809523809524
4 0.6242857142857143 0.49714285714285716 0.06714285714285714 0.1619047619047619
3 0.5942857142857143 0.37238095238095237 0.05714285714285714 0.11619047619047619
3 0.4 0.3738095238095238 0.11142857142857143 0.1
0 0.4692857142857143 0.3619047619047619 0.008571428571428572 0.0419047619047619
3 0.4117857142857143 0.32 0.105 0.07238095238095238
3 0.5846428571428571 0.25952380952380955 0.047857142857142855 0.08666666666666667
3 0.4175 0.2671428571428571 0.08785714285714286 0.06190476190476191
4 0.4303571428571429 0.21476190476190476 0.08785714285714286 0.06
3 0.5842857142857143 0.1319047619047619 0.03428571428571429 0.07714285714285714
3 0.5775 0.09761904761904762 0.029285714285714286 0.05047619047619047
3 0.5696428571428571 0.034761904761904765 0.027857142857142858 0.04666666666666667
3 0.5696428571428571 0.009523809523809525 0.025 0.01904761904761905
0 0.5471428571428572 0.06 0.01 0.0380952380952381
0 0.5325 0.06 0.010714285714285714 0.04
0 0.5321428571428571 0.04476190476190476 0.007142857142857143 0.030476190476190476
3 0.46464285714285714 0.0419047619047619 0.065 0.03428571428571429
3 0.4592857142857143 0.06904761904761905 0.06428571428571428 0.037142857142857144
3 0.45714285714285713 0.08904761904761904 0.07571428571428572 0.035238095238095235
3 0.45035714285714284 0.11476190476190476 0.075 0.037142857142857144
3 0.43535714285714283 0.17476190476190476 0.07357142857142857 0.05047619047619047
4 0.445 0.14 0.07 0.049523809523809526
2 0.9064285714285715 0.5714285714285714 0.03142857142857143 0.05714285714285714
9 0.7946428571428571 0.4795238095238095 0.035 0.05238095238095238
2 0.6625 0.047142857142857146 0.025 0.018095238095238095
