4 0.3275 0.7423857868020304 0.03214285714285714 0.027918781725888322
4 0.395 0.766497461928934 0.03 0.03045685279187817
3 0.40464285714285714 0.6763959390862944 0.020714285714285713 0.035532994923857864
3 0.49142857142857144 0.6085025380710659 0.011428571428571429 0.03426395939086294
3 0.5264285714285715 0.5869289340101522 0.011428571428571429 0.031725888324873094
3 0.5396428571428571 0.5780456852791878 0.012142857142857143 0.031725888324873094
4 0.5414285714285715 0.5393401015228426 0.011428571428571429 0.035532994923857864
5 0.4903571428571429 0.5609137055837563 0.013571428571428571 0.050761421319796954
8 0.5092857142857142 0.583756345177665 0.012857142857142857 0.05837563451776649
3 0.5071428571428571 0.5425126903553299 0.01 0.026649746192893398
5 0.505 0.5006345177664975 0.012857142857142857 0.04695431472081218
8 0.5242857142857142 0.5241116751269035 0.017142857142857144 0.08121827411167512
3 0.5189285714285714 0.47715736040609136 0.009285714285714286 0.025380710659898477
3 0.5192857142857142 0.45050761421319796 0.01 0.025380710659898477
3 0.5171428571428571 0.42576142131979694 0.01 0.024111675126903553
8 0.5046428571428572 0.4625634517766497 0.012142857142857143 0.04441624365482233
5 0.5039285714285714 0.42703045685279184 0.012142857142857143 0.04187817258883248
4 0.5164285714285715 0.4029187817258883 0.01 0.024111675126903553
3 0.5017857142857143 0.4048223350253807 0.007857142857142858 0.017766497461928932
4 0.4992857142857143 0.3838832487309644 0.01 0.024111675126903553
3 0.5121428571428571 0.38642131979695427 0.01 0.021573604060913704
3 0.5121428571428571 0.3705583756345177 0.01 0.02284263959390863
3 0.49642857142857144 0.3623096446700507 0.008571428571428572 0.021573604060913704
3 0.4928571428571429 0.3413705583756345 0.008571428571428572 0.017766497461928932
3 0.5089285714285714 0.3546954314720812 0.007857142857142858 0.016497461928934008
3 0.5071428571428571 0.3413705583756345 0.012857142857142857 0.017766497461928932
5 0.48928571428571427 0.3236040609137056 0.022857142857142857 0.032994923857868015
5 0.8967857142857143 0.32677664974619286 0.04357142857142857 0.04441624365482233
3 0.9153571428571429 0.3147208121827411 0.013571428571428571 0.025380710659898477
3 0.9392857142857143 0.3115482233502538 0.017142857142857144 0.019035532994923856
8 0.9464285714285714 0.3045685279187817 0.017142857142857144 0.025380710659898477
4 0.9539285714285715 0.30076142131979694 0.019285714285714285 0.027918781725888322
3 0.965 0.30203045685279184 0.017142857142857144 0.02030456852791878
3 0.9846428571428572 0.3032994923857868 0.019285714285714285 0.015228426395939085
5 0.9885714285714285 0.28236040609137053 0.02142857142857143 0.03680203045685279
5 0.9496428571428571 0.28172588832487305 0.027857142857142858 0.035532994923857864
5 0.96 0.274746192893401 0.022857142857142857 0.03680203045685279
3 0.9646428571428571 0.2531725888324873 0.015 0.019035532994923856
3 0.9196428571428571 0.28743654822335024 0.02214285714285714 0.029187817258883246
3 0.8971428571428571 0.24936548223350252 0.022857142857142857 0.024111675126903553
3 0.8117857142857143 0.2848984771573604 0.017857142857142856 0.021573604060913704
3 0.7917857142857143 0.32677664974619286 0.023571428571428573 0.026649746192893398
5 0.8021428571428572 0.2779187817258883 0.027142857142857142 0.03045685279187817
3 0.7903571428571429 0.27538071065989844 0.015 0.02030456852791878
3 0.7796428571428572 0.2652284263959391 0.015 0.017766497461928932
3 0.7739285714285714 0.2639593908629441 0.013571428571428571 0.015228426395939085
8 0.7671428571428571 0.2563451776649746 0.024285714285714285 0.02284263959390863
4 0.7614285714285715 0.25571065989847713 0.015714285714285715 0.016497461928934008
3 0.755 0.2519035532994924 0.012857142857142857 0.013959390862944161
3 0.7489285714285714 0.2506345177664974 0.010714285714285714 0.011421319796954314
3 0.7428571428571429 0.24682741116751267 0.011428571428571429 0.011421319796954314
8 0.7392857142857143 0.23921319796954313 0.022857142857142857 0.021573604060913704
4 0.7246428571428571 0.23350253807106597 0.015 0.012690355329949238
4 0.6964285714285714 0.22842639593908629 0.015714285714285715 0.012690355329949238
5 0.7475 0.30076142131979694 0.03642857142857143 0.03045685279187817
5 0.7389285714285714 0.29441624365482233 0.03642857142857143 0.035532994923857864
5 0.73 0.2848984771573604 0.03428571428571429 0.03426395939086294
5 0.7225 0.282994923857868 0.03214285714285714 0.035532994923857864
5 0.7092857142857143 0.2760152284263959 0.027142857142857142 0.026649746192893398
5 0.7075 0.26776649746192893 0.035 0.03045685279187817
5 0.695 0.2563451776649746 0.03142857142857143 0.027918781725888322
5 0.6867857142857143 0.2531725888324873 0.027857142857142858 0.029187817258883246
4 0.6771428571428572 0.22588832487309643 0.012857142857142857 0.012690355329949238
3 0.5978571428571429 0.16370558375634517 0.014285714285714285 0.01015228426395939
3 0.6067857142857143 0.1846446700507614 0.013571428571428571 0.016497461928934008
3 0.6042857142857143 0.17576142131979694 0.012857142857142857 0.013959390862944161
4 0.3967857142857143 0.05456852791878172 0.007857142857142858 0.01015228426395939
5 0.3821428571428571 0.038705583756345176 0.01 0.016497461928934008
5 0.3871428571428571 0.02982233502538071 0.015714285714285715 0.021573604060913704
8 0.43714285714285717 0.06598984771573603 0.017142857142857144 0.027918781725888322
3 0.3339285714285714 0.010786802030456852 0.007857142857142858 0.011421319796954314
3 0.3489285714285714 0.015228426395939085 0.007857142857142858 0.01015228426395939
0 0.38285714285714284 0.4676395939086294 0.004285714285714286 0.013959390862944161
0 0.3846428571428571 0.4689086294416243 0.002142857142857143 0.013959390862944161
3 0.08035714285714286 0.9498730964467005 0.04642857142857143 0.03680203045685279
9 0.3871428571428571 0.8851522842639593 0.005714285714285714 0.021573604060913704
1 0.3867857142857143 0.883248730964467 0.007857142857142858 0.015228426395939085
