5 0.055 0.15989847715736039 0.11142857142857143 0.2563451776649746
0 0.21392857142857144 0.11294416243654821 0.012142857142857143 0.035532994923857864
0 0.19285714285714287 0.12055837563451775 0.01 0.02284263959390863
0 0.3325 0.36738578680203043 0.012142857142857143 0.03934010152284264
0 0.3271428571428571 0.3248730964467005 0.012857142857142857 0.03807106598984771
0 0.42642857142857143 0.7696700507614213 0.017142857142857144 0.03934010152284264
1 0.4392857142857143 0.7639593908629441 0.008571428571428572 0.02030456852791878
0 0.5 0.3889593908629441 0.01 0.03426395939086294
1 0.42392857142857143 0.5215736040609137 0.015 0.027918781725888322
1 0.42714285714285716 0.5088832487309645 0.015714285714285715 0.027918781725888322
1 0.33785714285714286 0.4549492385786802 0.02 0.016497461928934008
1 0.33714285714285713 0.47144670050761417 0.012857142857142857 0.024111675126903553
0 0.33464285714285713 0.2246192893401015 0.012142857142857143 0.04314720812182741
0 0.3264285714285714 0.22842639593908629 0.008571428571428572 0.035532994923857864
0 0.24 0.3661167512690355 0.01 0.04187817258883248
0 0.24678571428571427 0.35977157360406087 0.012142857142857143 0.03426395939086294
0 0.24214285714285713 0.3413705583756345 0.007142857142857143 0.027918781725888322
0 0.2325 0.34200507614213194 0.012142857142857143 0.03934010152284264
0 0.23 0.3565989847715736 0.01 0.035532994923857864
1 0.4392857142857143 0.6903553299492385 0.012857142857142857 0.03045685279187817
0 0.5017857142857143 0.8071065989847716 0.010714285714285714 0.035532994923857864
0 0.5071428571428571 0.8464467005076142 0.01 0.048223350253807105
0 0.49 0.09454314720812182 0.01 0.04441624365482233
0 0.48928571428571427 0.01967005076142132 0.008571428571428572 0.03426395939086294
1 0.43464285714285716 0.21383248730964466 0.009285714285714286 0.029187817258883246
1 0.15714285714285714 0.7684010152284263 0.02 0.03680203045685279
1 0.43214285714285716 0.34200507614213194 0.012857142857142857 0.031725888324873094
1 0.3314285714285714 0.3978426395939086 0.008571428571428572 0.013959390862944161
0 0.5096428571428572 0.8388324873096447 0.015 0.04568527918781726
1 0.43285714285714283 0.20748730964467005 0.008571428571428572 0.031725888324873094
