3 0.24464285714285713 0.22476190476190477 0.052142857142857144 0.14285714285714285
3 0.25214285714285717 0.38476190476190475 0.055714285714285716 0.15047619047619049
4 0.3717857142857143 0.24952380952380954 0.045 0.1295238095238095
3 0.4471428571428571 0.15714285714285714 0.047142857142857146 0.13714285714285715
3 0.4525 0.5647619047619048 0.052142857142857144 0.15047619047619049
3 0.5375 0.45380952380952383 0.047857142857142855 0.1457142857142857
3 0.5567857142857143 0.611904761904762 0.05357142857142857 0.14761904761904762
3 0.25642857142857145 0.7252380952380952 0.055714285714285716 0.16285714285714287
3 0.4675 0.9566666666666667 0.047857142857142855 0.08476190476190476
9 0.6625 0.4795238095238095 0.04214285714285714 0.037142857142857144
9 0.6646428571428571 0.4523809523809524 0.04214285714285714 0.026666666666666665
0 0.6664285714285715 0.38952380952380955 0.02 0.022857142857142857
2 0.7221428571428572 0.45476190476190476 0.027142857142857142 0.040952380952380955
9 0.65 0.2042857142857143 0.045714285714285714 0.037142857142857144
9 0.6467857142857143 0.16952380952380952 0.03785714285714286 0.030476190476190476
