3 0.0725 0.049523809523809526 0.05071428571428571 0.09714285714285714
3 0.11178571428571428 0.02761904761904762 0.045 0.05714285714285714
3 0.04 0.22523809523809524 0.08 0.05238095238095238
3 0.015357142857142857 0.2966666666666667 0.030714285714285715 0.05047619047619047
3 0.09464285714285714 0.3352380952380952 0.07785714285714286 0.09523809523809523
3 0.19285714285714287 0.16666666666666666 0.06428571428571428 0.08761904761904762
3 0.22714285714285715 0.13476190476190475 0.06285714285714286 0.09047619047619047
3 0.26285714285714284 0.09476190476190476 0.054285714285714284 0.08857142857142856
3 0.29178571428571426 0.05476190476190476 0.060714285714285714 0.08476190476190476
3 0.21964285714285714 0.2895238095238095 0.075 0.06095238095238095
3 0.31 0.23238095238095238 0.07 0.08761904761904762
9 0.40214285714285714 0.12666666666666668 0.007142857142857143 0.03238095238095238
1 0.40214285714285714 0.12142857142857143 0.005714285714285714 0.02
3 0.5292857142857142 0.037142857142857144 0.032857142857142856 0.07428571428571429
4 0.5167857142857143 0.13952380952380952 0.03642857142857143 0.10761904761904761
3 0.5167857142857143 0.2795238095238095 0.030714285714285715 0.0980952380952381
3 0.5117857142857143 0.4042857142857143 0.03357142857142857 0.1
4 0.5025 0.5219047619047619 0.029285714285714286 0.09714285714285714
4 0.4878571428571429 0.6942857142857143 0.04428571428571428 0.14476190476190476
3 0.46214285714285713 0.9338095238095238 0.037142857142857144 0.11904761904761904
3 0.40214285714285714 0.8847619047619047 0.04 0.13714285714285715
3 0.3392857142857143 0.7395238095238095 0.04285714285714286 0.13047619047619047
4 0.29214285714285715 0.8571428571428571 0.05 0.13523809523809524
3 0.2817857142857143 0.7195238095238096 0.03785714285714286 0.09047619047619047
4 0.2 0.9019047619047619 0.08714285714285715 0.08
3 0.17642857142857143 0.8466666666666667 0.09 0.0761904761904762
3 0.1742857142857143 0.6766666666666666 0.09 0.07523809523809524
3 0.3896428571428571 0.5538095238095239 0.052142857142857144 0.10952380952380952
3 0.20464285714285715 0.5871428571428572 0.085 0.07714285714285714
3 0.2125 0.5071428571428571 0.085 0.07523809523809524
3 0.125 0.5542857142857143 0.05857142857142857 0.07809523809523809
3 0.041428571428571426 0.5519047619047619 0.08 0.05238095238095238
0 0.08035714285714286 0.7471428571428571 0.03214285714285714 0.021904761904761906
0 0.1075 0.7719047619047619 0.025 0.018095238095238095
0 0.13464285714285715 0.7619047619047619 0.035 0.022857142857142857
0 0.155 0.7442857142857143 0.037142857142857144 0.02
0 0.14035714285714285 0.7295238095238096 0.03357142857142857 0.024761904761904763
