3 0.45535714285714285 0.5995238095238096 0.02214285714285714 0.04476190476190476
3 0.59 0.6971428571428572 0.04 0.07047619047619047
3 0.5171428571428571 0.5742857142857143 0.02 0.047619047619047616
3 0.5414285714285715 0.5176190476190476 0.024285714285714285 0.037142857142857144
3 0.43214285714285716 0.4742857142857143 0.017142857142857144 0.03619047619047619
3 0.525 0.4166666666666667 0.014285714285714285 0.018095238095238095
3 0.5025 0.39666666666666667 0.012142857142857143 0.02
3 0.5196428571428572 0.37714285714285717 0.010714285714285714 0.017142857142857144
3 0.5 0.3566666666666667 0.01 0.01619047619047619
3 0.505 0.34 0.01 0.013333333333333332
3 0.5028571428571429 0.31 0.008571428571428572 0.012380952380952381
3 0.5121428571428571 0.2995238095238095 0.007142857142857143 0.010476190476190476
3 0.5146428571428572 0.2742857142857143 0.007857142857142858 0.007619047619047619
3 0.6621428571428571 0.9571428571428572 0.05 0.08190476190476191
