0 0.4714285714285714 0.5314285714285715 0.011428571428571429 0.013333333333333332
0 0.49178571428571427 0.4595238095238095 0.005 0.010476190476190476
0 0.36 0.4519047619047619 0.008571428571428572 0.012380952380952381
0 0.1675 0.8166666666666667 0.007857142857142858 0.012380952380952381
0 0.28464285714285714 0.6471428571428571 0.012142857142857143 0.014285714285714285
0 0.21464285714285714 0.9866666666666667 0.015 0.009523809523809525
0 0.10928571428571429 0.6271428571428571 0.01 0.010476190476190476
0 0.9421428571428572 0.43238095238095237 0.01 0.015238095238095238
0 0.9492857142857143 0.43238095238095237 0.008571428571428572 0.015238095238095238
1 0.8828571428571429 0.2776190476190476 0.01 0.01619047619047619
9 0.8753571428571428 0.2776190476190476 0.015 0.023809523809523808
1 0.7864285714285715 0.12238095238095238 0.007142857142857143 0.01619047619047619
1 0.79 0.12714285714285714 0.01 0.018095238095238095
9 0.7864285714285715 0.12714285714285714 0.018571428571428572 0.02
1 0.7003571428571429 0.10523809523809524 0.0064285714285714285 0.02
1 0.7046428571428571 0.10476190476190476 0.007857142857142858 0.017142857142857144
9 0.6996428571428571 0.10952380952380952 0.02214285714285714 0.013333333333333332
1 0.7278571428571429 0.06380952380952382 0.005714285714285714 0.02095238095238095
9 0.7271428571428571 0.06523809523809523 0.017142857142857144 0.018095238095238095
1 0.6271428571428571 0.08952380952380952 0.007142857142857143 0.01904761904761905
2 0.6253571428571428 0.09380952380952381 0.012142857142857143 0.01619047619047619
0 0.5675 0.017142857142857144 0.005 0.017142857142857144
0 0.5542857142857143 0.027142857142857142 0.004285714285714286 0.014285714285714285
0 0.5578571428571428 0.029523809523809525 0.005714285714285714 0.017142857142857144
0 0.5196428571428572 0.09761904761904762 0.005 0.01619047619047619
0 0.5121428571428571 0.09761904761904762 0.002857142857142857 0.018095238095238095
5 0.9714285714285714 0.1538095238095238 0.055714285714285716 0.11523809523809524
