3 0.3967857142857143 0.9842857142857143 0.052142857142857144 0.029523809523809525
3 0.38535714285714284 0.9542857142857143 0.04214285714285714 0.04
3 0.5596428571428571 0.8176190476190476 0.025 0.07714285714285714
3 0.6446428571428572 0.7895238095238095 0.04214285714285714 0.09523809523809523
3 0.5521428571428572 0.6152380952380953 0.025714285714285714 0.06666666666666667
3 0.595 0.6166666666666667 0.03428571428571429 0.07142857142857142
3 0.565 0.4847619047619048 0.03142857142857143 0.06666666666666667
3 0.49464285714285716 0.3423809523809524 0.03214285714285714 0.06761904761904762
3 0.5217857142857143 0.27714285714285714 0.027857142857142858 0.06095238095238095
3 0.48678571428571427 0.1442857142857143 0.02214285714285714 0.05238095238095238
4 0.8921428571428571 0.1919047619047619 0.03 0.04476190476190476
3 0.9614285714285714 0.09142857142857143 0.03571428571428571 0.03619047619047619
0 0.7267857142857143 0.12238095238095238 0.007857142857142858 0.02
4 0.7396428571428572 0.16714285714285715 0.02214285714285714 0.040952380952380955
3 0.6892857142857143 0.10952380952380952 0.032857142857142856 0.03238095238095238
3 0.6567857142857143 0.0719047619047619 0.03214285714285714 0.02761904761904762
4 0.27964285714285714 0.6190476190476191 0.047857142857142855 0.06476190476190476
4 0.33214285714285713 0.5523809523809524 0.04 0.04
3 0.33 0.5023809523809524 0.045714285714285714 0.03142857142857143
3 0.3271428571428571 0.4723809523809524 0.047142857142857146 0.03238095238095238
3 0.3225 0.44476190476190475 0.052142857142857144 0.04
3 0.39 0.8047619047619048 0.04428571428571428 0.09523809523809523
3 0.3925 0.8947619047619048 0.062142857142857146 0.08857142857142856
3 0.4175 0.023809523809523808 0.02214285714285714 0.0419047619047619
