8 0.6792857142857143 0.14784263959390861 0.007142857142857143 0.024111675126903553
3 0.6703571428571429 0.15862944162436546 0.005 0.0076142131979695426
3 0.7078571428571429 0.15736040609137056 0.005714285714285714 0.012690355329949238
3 0.715 0.1649746192893401 0.007142857142857143 0.01015228426395939
3 0.7071428571428572 0.19670050761421318 0.007142857142857143 0.01015228426395939
3 0.6942857142857143 0.22081218274111675 0.008571428571428572 0.012690355329949238
3 0.6721428571428572 0.18274111675126903 0.007142857142857143 0.0076142131979695426
3 0.6703571428571429 0.17068527918781726 0.007857142857142858 0.006345177664974619
3 0.6775 0.17195431472081216 0.005 0.006345177664974619
5 0.66 0.17068527918781726 0.007142857142857143 0.011421319796954314
4 0.6492857142857142 0.18591370558375633 0.005714285714285714 0.008883248730964466
1 0.6642857142857143 0.18083756345177662 0.002857142857142857 0.0038071065989847713
9 0.6642857142857143 0.18337563451776648 0.002857142857142857 0.008883248730964466
3 0.6253571428571428 0.20748730964467005 0.009285714285714286 0.008883248730964466
3 0.6592857142857143 0.1979695431472081 0.008571428571428572 0.0076142131979695426
3 0.6064285714285714 0.22588832487309643 0.01 0.012690355329949238
3 0.6271428571428571 0.2296954314720812 0.01 0.01015228426395939
3 0.5871428571428572 0.25444162436548223 0.012857142857142857 0.013959390862944161
3 0.5746428571428571 0.24936548223350252 0.012142857142857143 0.011421319796954314
3 0.6071428571428571 0.2506345177664974 0.012857142857142857 0.011421319796954314
3 0.5603571428571429 0.3642131979695431 0.023571428571428573 0.027918781725888322
3 0.46535714285714286 0.35215736040609136 0.023571428571428573 0.024111675126903553
3 0.4717857142857143 0.37309644670050757 0.025 0.027918781725888322
3 0.4828571428571429 0.4111675126903553 0.03 0.032994923857868015
3 0.4625 0.48667512690355325 0.035 0.04695431472081218
0 0.5821428571428572 0.9517766497461928 0.01 0.048223350253807105
0 0.4467857142857143 0.7709390862944162 0.005 0.03426395939086294
0 0.475 0.8045685279187816 0.004285714285714286 0.02284263959390863
0 0.47714285714285715 0.7982233502538071 0.002857142857142857 0.02284263959390863
1 0.4575 0.766497461928934 0.005 0.015228426395939085
4 0.8492857142857143 0.6269035532994923 0.024285714285714285 0.05837563451776649
3 0.8396428571428571 0.5310913705583756 0.015 0.03426395939086294
3 0.74 0.5304568527918782 0.017142857142857144 0.025380710659898477
4 0.7467857142857143 0.508248730964467 0.016428571428571428 0.031725888324873094
3 0.7517857142857143 0.46002538071065985 0.013571428571428571 0.021573604060913704
5 0.7553571428571428 0.4213197969543147 0.013571428571428571 0.03807106598984771
4 0.7578571428571429 0.3876903553299492 0.011428571428571429 0.021573604060913704
0 0.8517857142857143 0.4428934010152284 0.0035714285714285713 0.02030456852791878
3 0.8246428571428571 0.4029187817258883 0.012142857142857143 0.026649746192893398
5 0.8242857142857143 0.3794416243654822 0.015714285714285715 0.04060913705583756
0 0.8121428571428572 0.38071065989847713 0.002857142857142857 0.017766497461928932
0 0.8017857142857143 0.38071065989847713 0.002142857142857143 0.015228426395939085
5 0.8046428571428571 0.3477157360406091 0.015 0.048223350253807105
5 0.8217857142857142 0.3508883248730964 0.013571428571428571 0.031725888324873094
5 0.8139285714285714 0.2703045685279188 0.010714285714285714 0.027918781725888322
5 0.8117857142857143 0.24238578680203043 0.009285714285714286 0.027918781725888322
5 0.8021428571428572 0.23604060913705582 0.007142857142857143 0.02284263959390863
3 0.8021428571428572 0.22017766497461927 0.007142857142857143 0.011421319796954314
