3 0.9028571428571428 0.9323809523809524 0.1442857142857143 0.13333333333333333
3 0.8025 0.7371428571428571 0.11785714285714285 0.1676190476190476
3 0.7142857142857143 0.5495238095238095 0.09571428571428571 0.1180952380952381
3 0.6646428571428571 0.43952380952380954 0.075 0.09047619047619047
3 0.625 0.35714285714285715 0.08 0.08761904761904762
3 0.5639285714285714 0.6152380952380953 0.085 0.16
3 0.5639285714285714 0.25523809523809526 0.06928571428571428 0.07238095238095238
3 0.5367857142857143 0.16476190476190475 0.035 0.049523809523809526
4 0.40535714285714286 0.8719047619047618 0.15785714285714286 0.2542857142857143
3 0.3842857142857143 0.6866666666666666 0.08285714285714285 0.16
3 0.3842857142857143 0.52 0.08571428571428572 0.1523809523809524
3 0.35714285714285715 0.40904761904761905 0.06 0.10761904761904761
3 0.34964285714285714 0.32142857142857145 0.052142857142857144 0.08857142857142856
3 0.33535714285714285 0.25142857142857145 0.045 0.06285714285714286
5 0.3221428571428571 0.17952380952380953 0.06 0.08666666666666667
3 0.3628571428571429 0.14714285714285713 0.04 0.06571428571428571
5 0.4446428571428571 0.02761904761904762 0.055 0.05523809523809524
3 0.31464285714285717 0.13476190476190475 0.03214285714285714 0.037142857142857144
3 0.3117857142857143 0.10428571428571429 0.03785714285714286 0.04476190476190476
3 0.3028571428571429 0.06714285714285714 0.03 0.035238095238095235
3 0.29285714285714287 0.04 0.024285714285714285 0.04
3 0.2864285714285714 0.017619047619047618 0.027142857142857142 0.03142857142857143
