3 0.0325 0.34835025380710655 0.023571428571428573 0.06725888324873096
3 0.15214285714285714 0.21954314720812182 0.047142857142857146 0.04568527918781726
3 0.062142857142857146 0.3362944162436548 0.027142857142857142 0.05837563451776649
3 0.2567857142857143 0.21637055837563451 0.04357142857142857 0.04441624365482233
3 0.34 0.2519035532994924 0.047142857142857146 0.05456852791878172
3 0.43464285714285716 0.28870558375634514 0.04214285714285714 0.05710659898477157
3 0.4739285714285714 0.26903553299492383 0.04357142857142857 0.053299492385786795
3 0.5396428571428571 0.2969543147208122 0.045 0.04314720812182741
3 0.5592857142857143 0.3439086294416243 0.045714285714285714 0.04314720812182741
3 0.6246428571428572 0.33248730964467005 0.04214285714285714 0.04314720812182741
3 0.7464285714285714 0.3705583756345177 0.05 0.048223350253807105
3 0.7525 0.4098984771573604 0.035 0.04060913705583756
3 0.8589285714285714 0.40164974619289334 0.05357142857142857 0.05710659898477157
3 0.8721428571428571 0.449238578680203 0.05285714285714286 0.050761421319796954
3 0.9471428571428572 0.14593908629441624 0.017142857142857144 0.04314720812182741
3 0.9342857142857143 0.2595177664974619 0.02142857142857143 0.049492385786802026
3 0.9242857142857143 0.3845177664974619 0.03428571428571429 0.04568527918781726
3 0.935 0.43337563451776645 0.047142857142857146 0.04695431472081218
3 0.7628571428571429 0.8610406091370558 0.06571428571428571 0.06979695431472081
3 0.8317857142857142 0.8927664974619288 0.05928571428571429 0.06218274111675126
3 0.8514285714285714 0.9467005076142131 0.06142857142857143 0.050761421319796954
3 0.7821428571428571 0.9200507614213197 0.07285714285714286 0.07614213197969542
3 0.77 0.9581218274111675 0.06857142857142857 0.07614213197969542
3 0.8378571428571429 0.9777918781725887 0.06857142857142857 0.04187817258883248
3 0.8321428571428572 0.8445431472081217 0.07 0.07233502538071065
5 0.8153571428571429 0.7887055837563451 0.095 0.09010152284263959
3 0.7189285714285715 0.7296954314720812 0.027857142857142858 0.09898477157360405
3 0.7496428571428572 0.6541878172588832 0.02214285714285714 0.07233502538071065
3 0.7246428571428571 0.6522842639593908 0.025 0.07360406091370558
3 0.6967857142857142 0.6535532994923857 0.030714285714285715 0.09898477157360405
3 0.6267857142857143 0.5875634517766497 0.025 0.09137055837563451
8 0.66 0.6656091370558375 0.054285714285714284 0.2449238578680203
1 0.7396428571428572 0.2614213197969543 0.007857142857142858 0.02030456852791878
1 0.7396428571428572 0.2480964467005076 0.007857142857142858 0.026649746192893398
3 0.7489285714285714 0.7233502538071065 0.029285714285714286 0.07614213197969542
4 0.9239285714285714 0.10850253807106598 0.025 0.08502538071065989
4 0.9867857142857143 0.08756345177664974 0.02214285714285714 0.055837563451776644
3 0.9367857142857143 0.5006345177664975 0.060714285714285714 0.05964467005076142
4 0.24428571428571427 0.17322335025380708 0.041428571428571426 0.049492385786802026
