3 0.3417857142857143 0.516497461928934 0.03357142857142857 0.050761421319796954
4 0.43214285714285716 0.7798223350253807 0.04 0.12055837563451775
3 0.8517857142857143 0.9835025380710659 0.062142857142857146 0.03045685279187817
3 0.17035714285714285 0.3876903553299492 0.02642857142857143 0.04187817258883248
8 0.2817857142857143 0.31408629441624364 0.060714285714285714 0.10786802030456852
3 0.21678571428571428 0.2969543147208122 0.027857142857142858 0.04060913705583756
1 0.11428571428571428 0.5298223350253807 0.005714285714285714 0.016497461928934008
9 0.11392857142857143 0.5361675126903553 0.017857142857142856 0.016497461928934008
8 0.026785714285714284 0.5799492385786802 0.05357142857142857 0.06598984771573603
4 0.005 0.3743654822335025 0.011428571428571429 0.03045685279187817
3 0.02142857142857143 0.2766497461928934 0.017142857142857144 0.025380710659898477
3 0.0064285714285714285 0.28743654822335024 0.012857142857142857 0.024111675126903553
3 0.2717857142857143 0.12309644670050761 0.016428571428571428 0.01015228426395939
3 0.32035714285714284 0.16751269035532992 0.015 0.015228426395939085
3 0.33214285714285713 0.26776649746192893 0.02 0.02030456852791878
5 0.7328571428571429 0.20304568527918782 0.037142857142857144 0.025380710659898477
