3 0.8539285714285715 0.6666666666666666 0.22642857142857142 0.12380952380952381
3 0.9639285714285715 0.59 0.07071428571428572 0.09238095238095238
3 0.9660714285714286 0.4866666666666667 0.06642857142857143 0.06857142857142857
0 0.5446428571428571 0.5395238095238095 0.027857142857142858 0.06952380952380953
0 0.48892857142857143 0.5366666666666666 0.023571428571428573 0.06761904761904762
3 0.7571428571428571 0.5771428571428572 0.18 0.10095238095238095
3 0.7989285714285714 0.47904761904761906 0.10642857142857143 0.05333333333333333
3 0.775 0.4523809523809524 0.11 0.05523809523809524
2 0.3067857142857143 0.439047619047619 0.016428571428571428 0.05142857142857143
0 0.4542857142857143 0.4195238095238095 0.011428571428571429 0.04476190476190476
0 0.4664285714285714 0.4195238095238095 0.014285714285714285 0.040952380952380955
3 0.49535714285714283 0.37666666666666665 0.029285714285714286 0.039047619047619046
4 0.46214285714285713 0.34714285714285714 0.024285714285714285 0.037142857142857144
4 0.3 0.3842857142857143 0.03428571428571429 0.05047619047619047
4 0.17964285714285713 0.36 0.035 0.0419047619047619
8 0.21785714285714286 0.31952380952380954 0.06142857142857143 0.05047619047619047
3 0.045 0.36523809523809525 0.032857142857142856 0.03142857142857143
3 0.06142857142857143 0.34476190476190477 0.03 0.022857142857142857
0 0.0875 0.3547619047619048 0.012142857142857143 0.02761904761904762
0 0.11142857142857143 0.34714285714285714 0.01 0.029523809523809525
0 0.1225 0.3423809523809524 0.012142857142857143 0.02761904761904762
3 0.08464285714285714 0.30904761904761907 0.017857142857142856 0.018095238095238095
3 0.15 0.38761904761904764 0.04285714285714286 0.0380952380952381
3 0.225 0.3442857142857143 0.04 0.02761904761904762
3 0.2725 0.32666666666666666 0.02642857142857143 0.024761904761904763
3 0.30892857142857144 0.3119047619047619 0.02214285714285714 0.018095238095238095
3 0.3242857142857143 0.3047619047619048 0.015714285714285715 0.01904761904761905
3 0.33714285714285713 0.3 0.012857142857142857 0.015238095238095238
4 0.3821428571428571 0.3295238095238095 0.03 0.024761904761904763
3 0.3925 0.29714285714285715 0.015 0.013333333333333332
3 0.5389285714285714 0.37714285714285717 0.029285714285714286 0.03428571428571429
2 0.6242857142857143 0.5266666666666666 0.05 0.07238095238095238
3 0.6667857142857143 0.41 0.085 0.04476190476190476
3 0.7864285714285715 0.41 0.09285714285714286 0.04476190476190476
0 0.7171428571428572 0.4076190476190476 0.01 0.0419047619047619
0 0.7275 0.4076190476190476 0.010714285714285714 0.047619047619047616
3 0.8917857142857143 0.40714285714285714 0.11214285714285714 0.04857142857142857
3 0.7039285714285715 0.31952380952380954 0.02642857142857143 0.02
3 0.6792857142857143 0.3442857142857143 0.03571428571428571 0.029523809523809525
4 0.6596428571428572 0.36952380952380953 0.027857142857142858 0.04
3 0.6217857142857143 0.37714285714285717 0.03642857142857143 0.0380952380952381
3 0.69 0.37238095238095237 0.027142857142857142 0.03238095238095238
3 0.7217857142857143 0.37 0.029285714285714286 0.035238095238095235
3 0.76 0.36714285714285716 0.032857142857142856 0.037142857142857144
3 0.725 0.3495238095238095 0.032857142857142856 0.030476190476190476
3 0.5625 0.35428571428571426 0.05785714285714286 0.02857142857142857
3 0.5542857142857143 0.34476190476190477 0.05714285714285714 0.024761904761904763
3 0.5514285714285714 0.33666666666666667 0.05 0.02
3 0.5517857142857143 0.3319047619047619 0.047857142857142855 0.023809523809523808
3 0.5421428571428571 0.3119047619047619 0.04 0.018095238095238095
4 0.465 0.3314285714285714 0.02 0.022857142857142857
3 0.4742857142857143 0.3142857142857143 0.017142857142857144 0.01904761904761905
4 0.5942857142857143 0.27476190476190476 0.02142857142857143 0.010476190476190476
3 0.5975 0.2814285714285714 0.010714285714285714 0.010476190476190476
8 0.3796428571428571 0.26476190476190475 0.012142857142857143 0.017142857142857144
2 0.3675 0.379047619047619 0.016428571428571428 0.022857142857142857
0 0.37714285714285717 0.37761904761904763 0.007142857142857143 0.035238095238095235
0 0.38142857142857145 0.37238095238095237 0.004285714285714286 0.030476190476190476
0 0.395 0.37476190476190474 0.01 0.037142857142857144
0 0.40464285714285714 0.3719047619047619 0.009285714285714286 0.029523809523809525
9 0.2292857142857143 0.38476190476190475 0.014285714285714285 0.024761904761904763
4 0.026785714285714284 0.3323809523809524 0.027857142857142858 0.026666666666666665
4 0.016428571428571428 0.31952380952380954 0.025714285714285714 0.02761904761904762
0 0.11 0.31952380952380954 0.007142857142857143 0.021904761904761906
0 0.1175 0.319047619047619 0.005 0.01904761904761905
0 0.12178571428571429 0.31952380952380954 0.005 0.02
0 0.12714285714285714 0.31952380952380954 0.002857142857142857 0.02
0 0.12964285714285714 0.3219047619047619 0.005 0.017142857142857144
0 0.135 0.31952380952380954 0.007142857142857143 0.021904761904761906
0 0.1425 0.31952380952380954 0.0064285714285714285 0.02
0 0.1717857142857143 0.31952380952380954 0.0064285714285714285 0.02
0 0.18214285714285713 0.3171428571428571 0.005714285714285714 0.01904761904761905
3 0.25642857142857145 0.31238095238095237 0.015714285714285715 0.01904761904761905
3 0.13464285714285715 0.3 0.035 0.017142857142857144
0 0.05285714285714286 0.29904761904761906 0.005714285714285714 0.015238095238095238
0 0.06714285714285714 0.3019047619047619 0.007142857142857143 0.015238095238095238
0 0.1025 0.29904761904761906 0.005 0.015238095238095238
4 0.9503571428571429 0.36904761904761907 0.05071428571428571 0.04476190476190476
0 0.9442857142857143 0.3819047619047619 0.015714285714285715 0.030476190476190476
0 0.9846428571428572 0.39714285714285713 0.012142857142857143 0.03428571428571429
0 0.9946428571428572 0.4038095238095238 0.009285714285714286 0.045714285714285714
0 0.5821428571428572 0.3871428571428571 0.014285714285714285 0.04285714285714286
1 0.625 0.5238095238095238 0.022857142857142857 0.06095238095238095
1 0.30464285714285716 0.4342857142857143 0.015 0.04
1 0.2292857142857143 0.3838095238095238 0.011428571428571429 0.02095238095238095
