3 0.22785714285714287 0.5471428571428572 0.05285714285714286 0.11333333333333333
3 0.24928571428571428 0.43714285714285717 0.047142857142857146 0.09714285714285714
3 0.15964285714285714 0.8942857142857142 0.075 0.17142857142857143
3 0.12928571428571428 0.6814285714285714 0.06142857142857143 0.12666666666666668
4 0.30714285714285716 0.2342857142857143 0.05 0.08571428571428572
4 0.29714285714285715 0.18476190476190477 0.032857142857142856 0.06476190476190476
9 0.24892857142857142 0.2719047619047619 0.030714285714285715 0.029523809523809525
1 0.23464285714285715 0.3319047619047619 0.017857142857142856 0.021904761904761906
1 0.4614285714285714 0.07142857142857142 0.008571428571428572 0.026666666666666665
2 0.46 0.07952380952380952 0.005714285714285714 0.021904761904761906
3 0.61 0.19952380952380952 0.07142857142857142 0.04476190476190476
4 0.6389285714285714 0.4138095238095238 0.09214285714285714 0.06
3 0.6053571428571428 0.14142857142857143 0.065 0.04285714285714286
4 0.5846428571428571 0.11714285714285715 0.055 0.047619047619047616
3 0.4928571428571429 0.11428571428571428 0.027142857142857142 0.06476190476190476
4 0.5014285714285714 0.2419047619047619 0.02857142857142857 0.06476190476190476
3 0.5017857142857143 0.4014285714285714 0.035 0.08285714285714285
3 0.4975 0.30666666666666664 0.03214285714285714 0.07238095238095238
3 0.5075 0.4938095238095238 0.04071428571428572 0.10380952380952381
3 0.5078571428571429 0.5995238095238096 0.041428571428571426 0.10571428571428572
3 0.6846428571428571 0.7814285714285715 0.115 0.08666666666666667
3 0.5164285714285715 0.9095238095238095 0.03857142857142857 0.12
9 0.6503571428571429 0.2842857142857143 0.019285714285714285 0.02
9 0.645 0.28 0.015714285714285715 0.015238095238095238
0 0.565 0.21428571428571427 0.01 0.03238095238095238
0 0.5853571428571429 0.4166666666666667 0.010714285714285714 0.029523809523809525
3 0.33464285714285713 0.02142857142857143 0.027857142857142858 0.04285714285714286
