3 0.1225 0.42952380952380953 0.017857142857142856 0.013333333333333332
3 0.10928571428571429 0.42952380952380953 0.014285714285714285 0.015238095238095238
3 0.33714285714285713 0.5071428571428571 0.01 0.02
3 0.37535714285714283 0.5071428571428571 0.010714285714285714 0.021904761904761906
3 0.35678571428571426 0.6471428571428571 0.017857142857142856 0.029523809523809525
3 0.5321428571428571 0.5152380952380953 0.022857142857142857 0.017142857142857144
3 0.6228571428571429 0.33 0.005714285714285714 0.006666666666666666
4 0.3289285714285714 0.6319047619047619 0.023571428571428573 0.035238095238095235
5 0.3425 0.6423809523809524 0.02214285714285714 0.039047619047619046
8 0.6175 0.6823809523809524 0.029285714285714286 0.06571428571428571
