0 0.6855 0.8576666666666667 0.048 0.05266666666666667
1 0.7035 0.8326666666666667 0.049 0.04533333333333333
0 0.64725 0.8546666666666667 0.043500000000000004 0.06266666666666666
0 0.514 0.8816666666666666 0.03 0.06066666666666667
1 0.68425 0.6779999999999999 0.0525 0.044
1 0.6825 0.7156666666666667 0.043000000000000003 0.04466666666666667
1 0.7000000000000001 0.624 0.025 0.06
1 0.3575 0.6296666666666666 0.036000000000000004 0.04733333333333333
9 0.36225 0.6396666666666666 0.021500000000000002 0.09933333333333333
0 0.46875 0.7066666666666667 0.029500000000000002 0.04533333333333333
1 0.47200000000000003 0.7066666666666667 0.016 0.024
0 0.606 0.5076666666666666 0.029 0.051333333333333335
0 0.5775 0.46166666666666667 0.029 0.051333333333333335
0 0.57425 0.4096666666666667 0.0185 0.05933333333333333
0 0.555 0.4036666666666667 0.021 0.057999999999999996
0 0.5325 0.37666666666666665 0.025 0.06133333333333333
1 0.62675 0.304 0.0375 0.064
0 0.5895 0.25966666666666666 0.028 0.06866666666666667
1 0.70475 0.26766666666666666 0.035500000000000004 0.07533333333333334
0 0.4215 0.242 0.025 0.06799999999999999
0 0.6135 0.22266666666666665 0.02 0.06266666666666666
1 0.60775 0.20466666666666666 0.0115 0.029333333333333333
0 0.55125 0.094 0.0185 0.08
1 0.62175 0.08766666666666667 0.0315 0.057999999999999996
2 0.57225 0.034666666666666665 0.025500000000000002 0.06933333333333333
6 0.3755 0.15166666666666667 0.051000000000000004 0.122
2 0.34125 0.04766666666666666 0.0265 0.08333333333333333
1 0.27425 0.5016666666666667 0.0415 0.06066666666666667
6 0.04925 0.7366666666666667 0.0845 0.17333333333333334
6 0.14200000000000002 0.6956666666666667 0.112 0.074
