3 0.3625 0.48350253807106597 0.023571428571428573 0.08883248730964466
3 0.3939285714285714 0.48477157360406087 0.020714285714285713 0.08883248730964466
3 0.43 0.48477157360406087 0.025714285714285714 0.09644670050761421
3 0.4639285714285714 0.46637055837563446 0.023571428571428573 0.08248730964467005
3 0.4992857142857143 0.4765228426395939 0.02142857142857143 0.0748730964467005
3 0.5296428571428572 0.47144670050761417 0.027857142857142858 0.09010152284263959
3 0.5642857142857143 0.4625634517766497 0.025714285714285714 0.09263959390862943
3 0.5975 0.46637055837563446 0.03357142857142857 0.10025380710659898
3 0.635 0.46637055837563446 0.03428571428571429 0.09771573604060912
3 0.7975 0.4625634517766497 0.025 0.09517766497461928
3 0.8296428571428571 0.4549492385786802 0.027857142857142858 0.08756345177664974
3 0.8346428571428571 0.6967005076142131 0.05071428571428571 0.08375634517766496
3 0.8796428571428572 0.6687817258883249 0.052142857142857144 0.08375634517766496
3 0.8064285714285714 0.7544416243654821 0.05 0.08248730964467005
3 0.7842857142857143 0.7937817258883249 0.047142857142857146 0.07994923857868019
3 0.7053571428571429 0.6522842639593908 0.052142857142857144 0.04060913705583756
4 0.9689285714285715 0.648477157360406 0.04928571428571429 0.03807106598984771
4 0.9603571428571429 0.424492385786802 0.03785714285714286 0.07233502538071065
4 0.985 0.4378172588832487 0.02857142857142857 0.08629441624365482
5 0.8892857142857142 0.40736040609137053 0.08571428571428572 0.055837563451776644
3 0.15535714285714286 0.4746192893401015 0.056428571428571425 0.04314720812182741
3 0.0875 0.48477157360406087 0.055 0.04060913705583756
3 0.23642857142857143 0.3794416243654822 0.025714285714285714 0.10152284263959391
3 0.20892857142857144 0.383248730964467 0.025 0.09898477157360405
3 0.1775 0.37309644670050757 0.025 0.09390862944162436
3 0.15 0.38705583756345174 0.025714285714285714 0.09898477157360405
3 0.1225 0.39340101522842635 0.02642857142857143 0.10406091370558375
3 0.08892857142857143 0.39403553299492383 0.02642857142857143 0.11040609137055837
3 0.05714285714285714 0.4035532994923858 0.03 0.09390862944162436
3 0.02892857142857143 0.4029187817258883 0.025 0.07994923857868019
3 0.21964285714285714 0.19035532994923857 0.04928571428571429 0.048223350253807105
3 0.44535714285714284 0.2411167512690355 0.052142857142857144 0.04314720812182741
3 0.5471428571428572 0.3178934010152284 0.05285714285714286 0.03680203045685279
3 0.48178571428571426 0.149746192893401 0.052142857142857144 0.04568527918781726
3 0.3392857142857143 0.07296954314720812 0.025714285714285714 0.07741116751269035
3 0.16392857142857142 0.10596446700507614 0.029285714285714286 0.07994923857868019
3 0.13214285714285715 0.10913705583756345 0.027142857142857142 0.10152284263959391
3 0.105 0.12182741116751268 0.03 0.10659898477157359
3 0.06928571428571428 0.12182741116751268 0.032857142857142856 0.10152284263959391
3 0.03214285714285714 0.13895939086294415 0.037142857142857144 0.09771573604060912
3 0.0075 0.40736040609137053 0.015 0.10152284263959391
3 0.02 0.7030456852791878 0.04 0.055837563451776644
0 0.21714285714285714 0.12436548223350252 0.012857142857142857 0.02030456852791878
0 0.22964285714285715 0.11230964467005075 0.012142857142857143 0.019035532994923856
0 0.22714285714285715 0.08629441624365482 0.012857142857142857 0.012690355329949238
9 0.8739285714285714 0.35850253807106597 0.023571428571428573 0.04441624365482233
