3 0.04392857142857143 0.8671428571428571 0.08785714285714286 0.26
3 0.08214285714285714 0.4695238095238095 0.16428571428571428 0.11047619047619048
3 0.03785714285714286 0.37476190476190474 0.07714285714285714 0.12476190476190477
3 0.3192857142857143 0.2123809523809524 0.04857142857142857 0.07238095238095238
3 0.31 0.019523809523809523 0.037142857142857144 0.029523809523809525
3 0.41964285714285715 0.023809523809523808 0.03214285714285714 0.03619047619047619
3 0.4421428571428571 0.0419047619047619 0.04285714285714286 0.04
3 0.5028571428571429 0.0838095238095238 0.04857142857142857 0.04380952380952381
3 0.4225 0.09238095238095238 0.047857142857142855 0.04380952380952381
3 0.5814285714285714 0.1519047619047619 0.06428571428571428 0.06190476190476191
4 0.625 0.19380952380952382 0.06 0.08285714285714285
3 0.49214285714285716 0.24761904761904763 0.07 0.0761904761904762
3 0.5153571428571428 0.3852380952380952 0.06642857142857143 0.11333333333333333
3 0.43392857142857144 0.3142857142857143 0.055 0.09714285714285714
3 0.42214285714285715 0.4176190476190476 0.06571428571428571 0.13238095238095238
3 0.4367857142857143 0.5847619047619048 0.095 0.20952380952380953
3 0.685 0.4166666666666667 0.08 0.11904761904761904
3 0.7671428571428571 0.689047619047619 0.14285714285714285 0.2542857142857143
3 0.7771428571428571 0.23666666666666666 0.12 0.06190476190476191
3 0.18464285714285714 0.014285714285714285 0.03785714285714286 0.02857142857142857
