3 0.6714285714285714 0.6971428571428572 0.03 0.02857142857142857
3 0.6167857142857143 0.9771428571428571 0.03785714285714286 0.0419047619047619
4 0.6442857142857142 0.959047619047619 0.047142857142857146 0.0761904761904762
3 0.4714285714285714 0.9619047619047619 0.027142857142857142 0.05523809523809524
3 0.7042857142857143 0.7314285714285714 0.027142857142857142 0.02857142857142857
3 0.7192857142857143 0.7471428571428571 0.03 0.025714285714285714
3 0.6867857142857143 0.7166666666666667 0.027857142857142858 0.023809523809523808
3 0.6364285714285715 0.6542857142857142 0.02857142857142857 0.01904761904761905
3 0.6471428571428571 0.6647619047619048 0.03 0.024761904761904763
3 0.6575 0.68 0.029285714285714286 0.024761904761904763
3 0.5403571428571429 0.7971428571428572 0.04214285714285714 0.03238095238095238
3 0.7325 0.7695238095238095 0.035 0.03238095238095238
3 0.7489285714285714 0.7947619047619048 0.035 0.035238095238095235
3 0.5453571428571429 0.7019047619047619 0.027857142857142858 0.024761904761904763
3 0.5489285714285714 0.6842857142857143 0.025 0.018095238095238095
3 0.5442857142857143 0.6642857142857143 0.02 0.012380952380952381
3 0.6421428571428571 0.6095238095238096 0.03 0.026666666666666665
3 0.5467857142857143 0.6495238095238095 0.017857142857142856 0.017142857142857144
3 0.5371428571428571 0.6190476190476191 0.027142857142857142 0.015238095238095238
3 0.5425 0.6342857142857142 0.027857142857142858 0.015238095238095238
5 0.64 0.5695238095238095 0.03142857142857143 0.03238095238095238
3 0.36964285714285716 0.4976190476190476 0.012142857142857143 0.018095238095238095
3 0.4325 0.21904761904761905 0.0035714285714285713 0.005714285714285714
5 0.43964285714285717 0.22142857142857142 0.005 0.014285714285714285
5 0.4367857142857143 0.21142857142857144 0.005 0.013333333333333332
0 0.39464285714285713 0.3142857142857143 0.002142857142857143 0.005714285714285714
0 0.37535714285714283 0.3995238095238095 0.0035714285714285713 0.012380952380952381
9 0.29214285714285715 0.8914285714285715 0.01 0.02095238095238095
1 0.2925 0.8871428571428571 0.009285714285714286 0.014285714285714285
1 0.4114285714285714 0.7923809523809524 0.005714285714285714 0.013333333333333332
1 0.41285714285714287 0.789047619047619 0.007142857142857143 0.012380952380952381
8 0.44892857142857145 0.1895238095238095 0.005 0.007619047619047619
3 0.5925 0.9866666666666667 0.035 0.024761904761904763
5 0.34964285714285714 0.3619047619047619 0.015 0.024761904761904763
