3 0.665 0.41714285714285715 0.05 0.08190476190476191
3 0.6889285714285714 0.27666666666666667 0.04357142857142857 0.06380952380952382
3 0.6446428571428572 0.22142857142857142 0.045 0.058095238095238096
3 0.5346428571428572 0.47523809523809524 0.055 0.08571428571428572
3 0.49892857142857144 0.6314285714285715 0.05785714285714286 0.09333333333333334
3 0.46214285714285713 0.8123809523809524 0.07428571428571429 0.12380952380952381
3 0.42714285714285716 0.7590476190476191 0.07285714285714286 0.1180952380952381
3 0.36214285714285716 0.7619047619047619 0.07714285714285714 0.12
3 0.33964285714285714 0.7042857142857143 0.08214285714285714 0.12285714285714286
3 0.42964285714285716 0.5542857142857143 0.065 0.08761904761904762
3 0.45035714285714284 0.611904761904762 0.06357142857142857 0.1019047619047619
9 0.21464285714285714 0.6019047619047619 0.027857142857142858 0.03238095238095238
9 0.31 0.6123809523809524 0.025714285714285714 0.04
9 0.26964285714285713 0.6176190476190476 0.027857142857142858 0.04285714285714286
9 0.2571428571428571 0.6076190476190476 0.032857142857142856 0.04380952380952381
9 0.4421428571428571 0.4471428571428571 0.027142857142857142 0.037142857142857144
1 0.21678571428571428 0.5876190476190476 0.017857142857142856 0.02857142857142857
1 0.31214285714285717 0.6076190476190476 0.015714285714285715 0.03619047619047619
1 0.2671428571428571 0.611904761904762 0.017142857142857144 0.023809523809523808
1 0.2546428571428571 0.6 0.019285714285714285 0.024761904761904763
1 0.4425 0.4419047619047619 0.013571428571428571 0.022857142857142857
