0 0.8339285714285715 0.4076190476190476 0.039285714285714285 0.06476190476190476
0 0.8617857142857143 0.3871428571428571 0.03214285714285714 0.05238095238095238
0 0.7175 0.33 0.025 0.03333333333333333
0 0.6639285714285714 0.22952380952380952 0.009285714285714286 0.015238095238095238
2 0.6314285714285715 0.23523809523809525 0.008571428571428572 0.009523809523809525
2 0.6296428571428572 0.2338095238095238 0.009285714285714286 0.010476190476190476
2 0.6271428571428571 0.23 0.01 0.010476190476190476
2 0.6264285714285714 0.23 0.01 0.008571428571428572
0 0.6289285714285714 0.22380952380952382 0.0064285714285714285 0.007619047619047619
7 0.6103571428571428 0.22666666666666666 0.005 0.007619047619047619
1 0.6096428571428572 0.22476190476190477 0.002142857142857143 0.0038095238095238095
9 0.24214285714285713 0.8023809523809524 0.02 0.035238095238095235
1 0.23964285714285713 0.8 0.012142857142857143 0.024761904761904763
3 0.4514285714285714 0.7847619047619048 0.07857142857142857 0.13714285714285715
5 0.2 0.9661904761904762 0.07 0.06571428571428571
3 0.19678571428571429 0.9295238095238095 0.06785714285714285 0.11238095238095239
3 0.2914285714285714 0.8138095238095238 0.06142857142857143 0.10952380952380952
3 0.41464285714285715 0.6842857142857143 0.05071428571428571 0.08476190476190476
3 0.33035714285714285 0.6542857142857142 0.029285714285714286 0.047619047619047616
3 0.4075 0.5766666666666667 0.02642857142857143 0.04285714285714286
3 0.4139285714285714 0.5371428571428571 0.020714285714285713 0.030476190476190476
0 0.48214285714285715 0.38952380952380955 0.007142857142857143 0.009523809523809525
3 0.4725 0.4066666666666667 0.015 0.015238095238095238
3 0.5167857142857143 0.41714285714285715 0.020714285714285713 0.030476190476190476
3 0.5675 0.36142857142857143 0.019285714285714285 0.02761904761904762
3 0.5464285714285714 0.3738095238095238 0.015714285714285715 0.023809523809523808
7 0.5203571428571429 0.3352380952380952 0.0064285714285714285 0.009523809523809525
3 0.525 0.3238095238095238 0.005714285714285714 0.007619047619047619
3 0.5871428571428572 0.2966666666666667 0.01 0.014285714285714285
3 0.5625 0.32 0.012142857142857143 0.017142857142857144
3 0.5471428571428572 0.33666666666666667 0.012857142857142857 0.018095238095238095
3 0.5771428571428572 0.29714285714285715 0.01 0.015238095238095238
3 0.5725 0.2919047619047619 0.007857142857142858 0.012380952380952381
3 0.5553571428571429 0.31238095238095237 0.009285714285714286 0.013333333333333332
3 0.5642857142857143 0.2895238095238095 0.007142857142857143 0.007619047619047619
3 0.5542857142857143 0.27714285714285714 0.007142857142857143 0.007619047619047619
3 0.5453571428571429 0.28904761904761905 0.005 0.002857142857142857
3 0.5717857142857142 0.2776190476190476 0.007857142857142858 0.010476190476190476
3 0.5942857142857143 0.2571428571428571 0.007142857142857143 0.007619047619047619
3 0.5839285714285715 0.26666666666666666 0.0064285714285714285 0.009523809523809525
3 0.5896428571428571 0.25523809523809526 0.005 0.007619047619047619
3 0.5925 0.24666666666666667 0.005 0.007619047619047619
3 0.5792857142857143 0.25952380952380955 0.004285714285714286 0.006666666666666666
3 0.5746428571428571 0.259047619047619 0.005 0.005714285714285714
3 0.5846428571428571 0.24952380952380954 0.005 0.007619047619047619
3 0.58 0.2519047619047619 0.004285714285714286 0.006666666666666666
3 0.5825 0.24714285714285714 0.005 0.004761904761904762
3 0.5875 0.2419047619047619 0.005 0.005714285714285714
3 0.5871428571428572 0.23666666666666666 0.005714285714285714 0.004761904761904762
3 0.5942857142857143 0.22952380952380952 0.002857142857142857 0.005714285714285714
3 0.8396428571428571 0.021904761904761906 0.035 0.0380952380952381
3 0.7696428571428572 0.10238095238095238 0.03214285714285714 0.035238095238095235
3 0.8292857142857143 0.029523809523809525 0.022857142857142857 0.026666666666666665
3 0.8228571428571428 0.034761904761904765 0.02142857142857143 0.025714285714285714
3 0.8153571428571429 0.0419047619047619 0.020714285714285713 0.024761904761904763
3 0.8042857142857143 0.047142857142857146 0.025714285714285714 0.029523809523809525
3 0.7971428571428572 0.051904761904761905 0.017142857142857144 0.021904761904761906
4 0.785 0.06190476190476191 0.018571428571428572 0.030476190476190476
3 0.7796428571428572 0.06761904761904762 0.017857142857142856 0.024761904761904763
0 0.7596428571428572 0.08714285714285715 0.007857142857142858 0.010476190476190476
3 0.775 0.06714285714285714 0.02 0.02761904761904762
3 0.7628571428571429 0.10428571428571429 0.027142857142857142 0.035238095238095235
3 0.7564285714285715 0.10666666666666666 0.022857142857142857 0.03238095238095238
3 0.7496428571428572 0.11142857142857143 0.02214285714285714 0.03238095238095238
3 0.7471428571428571 0.11428571428571428 0.022857142857142857 0.03238095238095238
3 0.7421428571428571 0.11523809523809524 0.022857142857142857 0.03238095238095238
3 0.735 0.11904761904761904 0.022857142857142857 0.03238095238095238
3 0.7328571428571429 0.1219047619047619 0.022857142857142857 0.03238095238095238
3 0.7296428571428571 0.12 0.02214285714285714 0.03238095238095238
3 0.725 0.1219047619047619 0.022857142857142857 0.03238095238095238
3 0.7192857142857143 0.1295238095238095 0.022857142857142857 0.026666666666666665
3 0.7164285714285714 0.1319047619047619 0.022857142857142857 0.02761904761904762
