3 0.5103571428571428 0.7271573604060914 0.010714285714285714 0.048223350253807105
3 0.5246428571428572 0.5875634517766497 0.007857142857142858 0.04060913705583756
3 0.41964285714285715 0.5628172588832487 0.007857142857142858 0.03934010152284264
3 0.40785714285714286 0.7036802030456852 0.01 0.04187817258883248
3 0.4925 0.5767766497461928 0.007857142857142858 0.031725888324873094
3 0.48714285714285716 0.6922588832487309 0.01 0.03426395939086294
3 0.485 0.824238578680203 0.01 0.04441624365482233
3 0.43214285714285716 0.45050761421319796 0.01 0.03045685279187817
3 0.49178571428571427 0.22081218274111675 0.010714285714285714 0.02030456852791878
3 0.5271428571428571 0.23350253807106597 0.01 0.025380710659898477
3 0.5246428571428572 0.18908629441624364 0.012142857142857143 0.02284263959390863
3 0.5428571428571428 0.1782994923857868 0.011428571428571429 0.016497461928934008
3 0.5496428571428571 0.12690355329949238 0.009285714285714286 0.02284263959390863
3 0.56 0.22525380710659898 0.01 0.024111675126903553
3 0.5264285714285715 0.3312182741116751 0.01 0.03045685279187817
3 0.48464285714285715 0.43972081218274106 0.010714285714285714 0.03426395939086294
3 0.5439285714285714 0.30583756345177665 0.009285714285714286 0.03045685279187817
3 0.5289285714285714 0.5203045685279187 0.010714285714285714 0.04060913705583756
3 0.5142857142857142 0.5050761421319797 0.01 0.04060913705583756
3 0.5789285714285715 0.5583756345177665 0.019285714285714285 0.02030456852791878
3 0.6621428571428571 0.5463197969543147 0.022857142857142857 0.024111675126903553
3 0.5392857142857143 0.6097715736040609 0.01 0.03934010152284264
3 0.5392857142857143 0.982233502538071 0.01 0.032994923857868015
8 0.4675 0.8483502538071065 0.016428571428571428 0.0748730964467005
4 0.5196428571428572 0.08248730964467005 0.015 0.027918781725888322
4 0.5667857142857143 0.15736040609137056 0.012142857142857143 0.027918781725888322
4 0.4567857142857143 0.3147208121827411 0.010714285714285714 0.03045685279187817
3 0.49464285714285716 0.34581218274111675 0.007857142857142858 0.03426395939086294
3 0.32535714285714284 0.14403553299492386 0.010714285714285714 0.021573604060913704
4 0.38142857142857145 0.18337563451776648 0.017142857142857144 0.019035532994923856
3 0.335 0.07170050761421319 0.011428571428571429 0.013959390862944161
5 0.6067857142857143 0.02030456852791878 0.02214285714285714 0.03045685279187817
4 0.35428571428571426 0.04758883248730964 0.01 0.031725888324873094
0 0.44 0.174492385786802 0.002857142857142857 0.011421319796954314
0 0.4567857142857143 0.15545685279187815 0.0035714285714285713 0.008883248730964466
3 0.3221428571428571 0.21763959390862941 0.012857142857142857 0.016497461928934008
0 0.6314285714285715 0.26903553299492383 0.004285714285714286 0.015228426395939085
7 0.635 0.7017766497461928 0.011428571428571429 0.055837563451776644
4 0.655 0.8642131979695431 0.017142857142857144 0.04568527918781726
4 0.6771428571428572 0.898477157360406 0.022857142857142857 0.04060913705583756
5 0.6871428571428572 0.9168781725888324 0.03 0.05710659898477157
3 0.0925 0.05456852791878172 0.015 0.017766497461928932
3 0.0017857142857142857 0.18210659898477155 0.005 0.016497461928934008
3 0.13178571428571428 0.10723350253807105 0.015 0.019035532994923856
0 0.08178571428571428 0.2296954314720812 0.0035714285714285713 0.0076142131979695426
8 0.2292857142857143 0.17322335025380708 0.045714285714285714 0.03680203045685279
0 0.7246428571428571 0.1281725888324873 0.002142857142857143 0.012690355329949238
0 0.7271428571428571 0.12690355329949238 0.002857142857142857 0.01015228426395939
0 0.7296428571428571 0.12880710659898476 0.002142857142857143 0.008883248730964466
0 0.7271428571428571 0.141497461928934 0.002857142857142857 0.011421319796954314
0 0.7296428571428571 0.14022842639593908 0.002142857142857143 0.013959390862944161
0 0.7292857142857143 0.12182741116751268 0.004285714285714286 0.01015228426395939
0 0.675 0.013959390862944161 0.002857142857142857 0.005076142131979695
0 0.6728571428571428 0.009517766497461928 0.002857142857142857 0.011421319796954314
0 0.6625 0.004441624365482233 0.005 0.008883248730964466
0 0.67 0.0069796954314720805 0.002857142857142857 0.013959390862944161
0 0.6825 0.011421319796954314 0.002142857142857143 0.0076142131979695426
4 0.3725 0.14784263959390861 0.007857142857142858 0.029187817258883246
9 0.35 0.14403553299492386 0.007142857142857143 0.013959390862944161
9 0.34464285714285714 0.11865482233502538 0.005 0.011421319796954314
