3 0.4367857142857143 0.6914285714285714 0.07357142857142857 0.19428571428571428
3 0.5 0.4638095238095238 0.05 0.08190476190476191
3 0.3467857142857143 0.38761904761904764 0.04642857142857143 0.06285714285714286
3 0.4064285714285714 0.21714285714285714 0.02142857142857143 0.024761904761904763
0 0.95 0.7223809523809523 0.037142857142857144 0.08666666666666667
0 0.9892857142857143 0.6052380952380952 0.02 0.07142857142857142
5 0.535 0.6047619047619047 0.08 0.15619047619047619
3 0.34464285714285714 0.20142857142857143 0.03785714285714286 0.01619047619047619
3 0.33964285714285714 0.19 0.03214285714285714 0.01619047619047619
3 0.4278571428571429 0.1019047619047619 0.005714285714285714 0.007619047619047619
9 0.8153571428571429 0.38 0.03642857142857143 0.026666666666666665
1 0.8178571428571428 0.36714285714285716 0.014285714285714285 0.02761904761904762
3 0.6839285714285714 0.3076190476190476 0.04357142857142857 0.0419047619047619
3 0.6114285714285714 0.2523809523809524 0.02857142857142857 0.024761904761904763
3 0.5971428571428572 0.2342857142857143 0.027142857142857142 0.024761904761904763
