5 0.8593423799582462 0.7087198515769945 0.04436325678496868 0.1150278293135436
3 0.9825156576200417 0.6442486085343229 0.03079331941544885 0.05658627087198516
3 0.9214509394572025 0.44387755102040816 0.02974947807933194 0.039888682745825604
3 0.9650313152400835 0.4865491651205937 0.029227557411273482 0.05102040816326531
3 0.9890396659707723 0.5120593692022264 0.020876826722338204 0.05009276437847866
3 0.99321503131524 0.424860853432282 0.011482254697286011 0.03896103896103896
3 0.9138830897703548 0.35667903525046385 0.025052192066805843 0.039888682745825604
0 0.8238517745302714 0.1920222634508349 0.0057411273486430055 0.020408163265306124
0 0.8760438413361168 0.1280148423005566 0.004697286012526096 0.01855287569573284
0 0.8700417536534446 0.11920222634508348 0.005219206680584551 0.0176252319109462
3 0.29227557411273486 0.7244897959183674 0.03653444676409186 0.061224489795918366
3 0.2708768267223382 0.5500927643784786 0.038622129436325675 0.0463821892393321
3 0.36430062630480164 0.44063079777365494 0.033402922755741124 0.04081632653061225
0 0.48930062630480164 0.46938775510204084 0.006784968684759916 0.025974025974025976
0 0.5623695198329853 0.2588126159554731 0.004697286012526096 0.020408163265306124
0 0.565501043841336 0.27365491651205937 0.0036534446764091852 0.020408163265306124
3 0.4919102296450939 0.26113172541743973 0.02974947807933194 0.0287569573283859
3 0.49921711899791227 0.24953617810760667 0.028705636743215027 0.027829313543599257
3 0.4104906054279749 0.3051948051948052 0.02974947807933194 0.0352504638218924
6 0.4446764091858037 0.24628942486085342 0.015657620041753653 0.02319109461966605
4 0.40605427974947805 0.2142857142857143 0.021920668058455113 0.029684601113172542
3 0.3953549060542797 0.20686456400742115 0.022442588726513567 0.027829313543599257
3 0.6278705636743215 0.09415584415584416 0.016701461377870562 0.02319109461966605
3 0.6461377870563674 0.08116883116883117 0.020876826722338204 0.0176252319109462
3 0.6659707724425886 0.06725417439703155 0.020876826722338204 0.01948051948051948
3 0.6610125260960333 0.029684601113172542 0.01826722338204593 0.01855287569573284
3 0.6748434237995824 0.01948051948051948 0.019832985386221292 0.016697588126159554
0 0.14326722338204592 0.3914656771799629 0.006784968684759916 0.020408163265306124
0 0.15031315240083507 0.39053803339517623 0.0041753653444676405 0.014842300556586271
3 0.1051670146137787 0.4383116883116883 0.023486430062630476 0.041743970315398886
3 0.06602296450939457 0.34461966604823746 0.023486430062630476 0.03432282003710575
7 0.005219206680584551 0.27690166975881264 0.010438413361169102 0.0287569573283859
4 0.014613778705636741 0.6164192949907236 0.029227557411273482 0.05658627087198516
3 0.01696242171189979 0.6567717996289425 0.03496868475991649 0.05194805194805195
3 0.030271398747390394 0.7115027829313544 0.0615866388308977 0.07421150278293136
8 0.3087160751565762 0.9434137291280149 0.07359081419624217 0.10946196660482375
