3 0.1742857142857143 0.07380952380952381 0.06428571428571428 0.14761904761904762
3 0.2764285714285714 0.05238095238095238 0.06428571428571428 0.10476190476190476
7 0.18928571428571428 0.1919047619047619 0.05714285714285714 0.13428571428571429
0 0.305 0.1819047619047619 0.02 0.03428571428571429
0 0.3242857142857143 0.16428571428571428 0.027142857142857142 0.040952380952380955
0 0.2875 0.23142857142857143 0.020714285714285713 0.026666666666666665
0 0.4064285714285714 0.14238095238095239 0.02142857142857143 0.035238095238095235
3 0.3192857142857143 0.2776190476190476 0.09714285714285714 0.15333333333333332
0 0.1667857142857143 0.48904761904761906 0.03357142857142857 0.029523809523809525
0 0.26142857142857145 0.4523809523809524 0.03142857142857143 0.030476190476190476
0 0.3296428571428571 0.5138095238095238 0.02214285714285714 0.021904761904761906
7 0.215 0.3223809523809524 0.06 0.06571428571428571
6 0.35214285714285715 0.4819047619047619 0.08285714285714285 0.047619047619047616
5 0.45285714285714285 0.37 0.1742857142857143 0.09428571428571429
0 0.4592857142857143 0.2652380952380952 0.011428571428571429 0.021904761904761906
0 0.4575 0.2995238095238095 0.012142857142857143 0.018095238095238095
0 0.3314285714285714 0.12238095238095238 0.02142857142857143 0.035238095238095235
3 0.5875 0.20714285714285716 0.12214285714285714 0.07523809523809524
2 0.6996428571428571 0.23476190476190475 0.012142857142857143 0.05238095238095238
9 0.9553571428571429 0.2742857142857143 0.015 0.047619047619047616
9 0.9578571428571429 0.23476190476190475 0.017142857142857144 0.035238095238095235
3 0.5021428571428571 0.5066666666666667 0.13 0.07238095238095238
3 0.6546428571428572 0.5147619047619048 0.14214285714285715 0.07523809523809524
3 0.6578571428571428 0.6019047619047619 0.12285714285714286 0.07238095238095238
3 0.8078571428571428 0.5266666666666666 0.12857142857142856 0.05904761904761905
3 0.965 0.5366666666666666 0.06714285714285714 0.06761904761904762
3 0.9321428571428572 0.7466666666666667 0.13 0.08
3 0.7728571428571429 0.74 0.12428571428571429 0.07238095238095238
4 0.7325 0.8095238095238095 0.12071428571428572 0.06666666666666667
0 0.9071428571428571 0.861904761904762 0.037142857142857144 0.030476190476190476
0 0.7403571428571428 0.9076190476190477 0.029285714285714286 0.0380952380952381
0 0.7325 0.9352380952380952 0.02214285714285714 0.049523809523809526
6 0.7571428571428571 0.6676190476190477 0.06285714285714286 0.026666666666666665
0 0.75 0.6919047619047619 0.024285714285714285 0.021904761904761906
3 0.6221428571428571 0.7195238095238096 0.11571428571428571 0.07714285714285714
3 0.48 0.6966666666666667 0.13428571428571429 0.08095238095238096
3 0.4228571428571429 0.8047619047619048 0.12714285714285714 0.07238095238095238
0 0.4875 0.8671428571428571 0.010714285714285714 0.025714285714285714
1 0.40964285714285714 0.7266666666666667 0.017857142857142856 0.024761904761904763
0 0.28464285714285714 0.73 0.025 0.02
3 0.2914285714285714 0.6447619047619048 0.11714285714285715 0.07238095238095238
2 0.3875 0.66 0.03642857142857143 0.03619047619047619
0 0.3825 0.6619047619047619 0.020714285714285713 0.015238095238095238
0 0.3775 0.6538095238095238 0.015 0.01619047619047619
0 0.2117857142857143 0.7171428571428572 0.030714285714285715 0.026666666666666665
0 0.22 0.6338095238095238 0.022857142857142857 0.02
0 0.22 0.6095238095238096 0.027142857142857142 0.022857142857142857
9 0.3767857142857143 0.8842857142857142 0.05357142857142857 0.02761904761904762
6 0.3875 0.9042857142857142 0.05785714285714286 0.04476190476190476
0 0.3125 0.9771428571428571 0.017857142857142856 0.03428571428571429
0 0.1 0.8114285714285714 0.03142857142857143 0.026666666666666665
9 0.6317857142857143 0.909047619047619 0.045 0.039047619047619046
1 0.22964285714285715 0.9814285714285714 0.019285714285714285 0.025714285714285714
9 0.23285714285714285 0.969047619047619 0.022857142857142857 0.05238095238095238
3 0.05142857142857143 0.5647619047619048 0.10285714285714286 0.09714285714285714
1 0.24214285714285713 0.1319047619047619 0.017142857142857144 0.018095238095238095
1 0.27 0.13238095238095238 0.012857142857142857 0.024761904761904763
1 0.2742857142857143 0.15714285714285714 0.014285714285714285 0.026666666666666665
0 0.29 0.13952380952380952 0.02 0.035238095238095235
