0 0.9 0.3496666666666667 0.007 0.024666666666666667
0 0.90325 0.3456666666666667 0.0075 0.028666666666666667
0 0.9107500000000001 0.3496666666666667 0.0105 0.03133333333333333
0 0.9137500000000001 0.3506666666666667 0.0095 0.024
0 0.9157500000000001 0.31466666666666665 0.0105 0.030666666666666665
0 0.9267500000000001 0.33366666666666667 0.0115 0.03
0 0.937 0.35566666666666663 0.013000000000000001 0.033999999999999996
0 0.94525 0.33266666666666667 0.0125 0.025333333333333333
1 0.94225 0.32766666666666666 0.0095 0.020666666666666667
9 0.9430000000000001 0.33766666666666667 0.024 0.020666666666666667
1 0.96875 0.358 0.0115 0.024
9 0.9655 0.36366666666666664 0.015 0.02733333333333333
1 0.96825 0.3466666666666667 0.0115 0.024
9 0.96675 0.3506666666666667 0.0155 0.02
0 0.982 0.36366666666666664 0.013000000000000001 0.03266666666666666
0 0.9902500000000001 0.37466666666666665 0.0185 0.036
9 0.9935 0.38266666666666665 0.012 0.029333333333333333
0 0.9905 0.3486666666666667 0.018000000000000002 0.036
0 0.9745 0.41466666666666663 0.017 0.042666666666666665
1 0.97775 0.42366666666666664 0.0125 0.02333333333333333
0 0.983 0.43666666666666665 0.017 0.04
0 0.9915 0.45866666666666667 0.016 0.05466666666666666
0 0.9722500000000001 0.4706666666666667 0.0245 0.050666666666666665
0 0.9762500000000001 0.47866666666666663 0.0275 0.058666666666666666
0 0.99175 0.4026666666666667 0.0135 0.03333333333333333
0 0.9585 0.5456666666666666 0.022 0.062
0 0.9295 0.5426666666666666 0.02 0.048
0 0.9235 0.47766666666666663 0.022 0.06066666666666667
1 0.9105 0.39166666666666666 0.018000000000000002 0.03133333333333333
2 0.9097500000000001 0.40066666666666667 0.0185 0.029333333333333333
0 0.89625 0.5106666666666666 0.0245 0.05733333333333333
0 0.875 0.5066666666666666 0.023 0.06133333333333333
0 0.7605000000000001 0.42866666666666664 0.016 0.04133333333333333
0 0.7665000000000001 0.42966666666666664 0.009000000000000001 0.03666666666666667
0 0.78825 0.44666666666666666 0.0175 0.050666666666666665
0 0.74525 0.43766666666666665 0.0145 0.05533333333333333
1 0.74675 0.47966666666666663 0.021500000000000002 0.04733333333333333
1 0.744 0.47766666666666663 0.008 0.02333333333333333
0 0.7065 0.48866666666666664 0.023 0.052
0 0.722 0.5056666666666666 0.011 0.03666666666666667
0 0.71375 0.46266666666666667 0.0165 0.04533333333333333
9 0.8135 0.43166666666666664 0.017 0.038
9 0.8145 0.40166666666666667 0.02 0.03
2 0.835 0.4116666666666666 0.024 0.028666666666666667
2 0.86475 0.36566666666666664 0.0225 0.02733333333333333
0 0.991 0.5376666666666666 0.017 0.06333333333333332
1 0.97375 0.6486666666666666 0.0425 0.052
0 0.91125 0.6376666666666666 0.0345 0.07266666666666667
3 0.796 0.5356666666666666 0.088 0.08466666666666667
3 0.5710000000000001 0.6546666666666666 0.153 0.18933333333333333
0 0.649 0.6496666666666666 0.03 0.074
0 0.68275 0.6626666666666666 0.0175 0.05733333333333333
0 0.7685 0.6526666666666666 0.028 0.09066666666666666
0 0.79425 0.7116666666666667 0.0415 0.08333333333333333
2 0.7845 0.7306666666666667 0.028 0.08133333333333333
1 0.8492500000000001 0.7056666666666667 0.035500000000000004 0.06733333333333333
0 0.8795000000000001 0.768 0.028 0.076
0 0.9147500000000001 0.7826666666666666 0.0385 0.08533333333333333
0 0.7030000000000001 0.8346666666666667 0.032 0.09333333333333332
0 0.6930000000000001 0.8816666666666666 0.044 0.118
0 0.729 0.8766666666666666 0.032 0.10266666666666667
0 0.68725 0.9216666666666666 0.0365 0.07533333333333334
0 0.797 0.9766666666666667 0.045 0.04533333333333333
1 0.50325 0.9616666666666667 0.0485 0.07533333333333334
9 0.501 0.9696666666666667 0.061 0.05933333333333333
0 0.0535 0.8936666666666666 0.061 0.10066666666666667
9 0.074 0.8996666666666666 0.05 0.10866666666666666
0 0.13675 0.9096666666666666 0.0615 0.13
1 0.11750000000000001 0.893 0.023 0.057999999999999996
3 0.3205 0.9723333333333333 0.176 0.054
1 0.37425 0.7876666666666666 0.0365 0.09133333333333334
9 0.37425 0.8046666666666666 0.0315 0.10933333333333332
0 0.19125 0.703 0.0265 0.09
0 0.21325 0.6906666666666667 0.0265 0.07733333333333334
0 0.2515 0.6826666666666666 0.027 0.07733333333333334
2 0.26475 0.6926666666666667 0.0275 0.08933333333333333
1 0.267 0.7086666666666667 0.035 0.042666666666666665
0 0.35825 0.7006666666666667 0.0425 0.08399999999999999
9 0.34500000000000003 0.7056666666666667 0.064 0.06333333333333332
0 0.4435 0.6336666666666666 0.021 0.07666666666666666
9 0.44325000000000003 0.6256666666666666 0.0525 0.062
9 0.4535 0.5976666666666667 0.033 0.062
0 0.41825 0.589 0.0175 0.066
6 0.52525 0.5436666666666666 0.0605 0.062
2 0.7725 0.42866666666666664 0.016 0.026666666666666665
9 0.9585 0.317 0.025 0.022
6 0.973 0.31366666666666665 0.029 0.026
0 0.99625 0.29266666666666663 0.006500000000000001 0.026666666666666665
9 0.87175 0.7956666666666666 0.043500000000000004 0.08066666666666666
