3 0.1325 0.6630710659898477 0.04642857142857143 0.03680203045685279
3 0.25535714285714284 0.5748730964467005 0.04214285714285714 0.035532994923857864
3 0.3264285714285714 0.5666243654822335 0.04 0.03680203045685279
5 0.29178571428571426 0.6110406091370558 0.052142857142857144 0.052030456852791875
5 0.5564285714285714 0.24048223350253806 0.022857142857142857 0.09771573604060912
3 0.5625 0.08629441624365482 0.016428571428571428 0.04060913705583756
3 0.49642857142857144 0.03934010152284264 0.015714285714285715 0.03045685279187817
3 0.5689285714285715 0.5285532994923857 0.020714285714285713 0.06979695431472081
3 0.6003571428571428 0.5666243654822335 0.023571428571428573 0.06979695431472081
3 0.6925 0.5057106598984771 0.04642857142857143 0.04441624365482233
3 0.8789285714285714 0.6104060913705583 0.052142857142857144 0.04314720812182741
3 0.9375 0.6129441624365481 0.055 0.03807106598984771
3 0.5928571428571429 0.7994923857868019 0.025714285714285714 0.08883248730964466
3 0.6325 0.8496192893401014 0.025 0.09263959390862943
0 0.7892857142857143 0.6256345177664974 0.007142857142857143 0.015228426395939085
0 0.7928571428571428 0.6180203045685279 0.005714285714285714 0.02284263959390863
0 0.7396428571428572 0.583756345177665 0.007857142857142858 0.015228426395939085
0 0.7375 0.5717005076142132 0.005 0.013959390862944161
1 0.6367857142857143 0.449238578680203 0.0064285714285714285 0.02284263959390863
9 0.635 0.45177664974619286 0.014285714285714285 0.035532994923857864
3 0.1775 0.8705583756345177 0.025 0.08375634517766496
3 0.2375 0.899746192893401 0.03357142857142857 0.09898477157360405
3 0.2525 0.9600253807106598 0.025 0.0748730964467005
3 0.2625 0.8794416243654821 0.025 0.08375634517766496
3 0.28535714285714286 0.8769035532994923 0.025 0.08121827411167512
3 0.2775 0.9473350253807106 0.025 0.06979695431472081
8 0.1992857142857143 0.9041878172588832 0.06428571428571428 0.18908629441624364
0 0.42214285714285715 0.3927664974619289 0.005714285714285714 0.024111675126903553
0 0.3989285714285714 0.3692893401015228 0.0064285714285714285 0.025380710659898477
0 0.39 0.37182741116751267 0.007142857142857143 0.02284263959390863
0 0.5067857142857143 0.41370558375634514 0.005 0.025380710659898477
0 0.5042857142857143 0.416243654822335 0.005714285714285714 0.02284263959390863
1 0.31142857142857144 0.4555837563451776 0.01 0.015228426395939085
1 0.3117857142857143 0.43718274111675126 0.007857142857142858 0.013959390862944161
1 0.29464285714285715 0.45304568527918776 0.007857142857142858 0.02030456852791878
0 0.3296428571428571 0.42068527918781723 0.005 0.019035532994923856
0 0.27785714285714286 0.424492385786802 0.007142857142857143 0.021573604060913704
3 0.5821428571428572 0.2214467005076142 0.017142857142857144 0.049492385786802026
0 0.6021428571428571 0.021573604060913704 0.005714285714285714 0.02030456852791878
0 0.6053571428571428 0.02030456852791878 0.0064285714285714285 0.025380710659898477
