3 0.6996428571428571 0.640228426395939 0.04214285714285714 0.10786802030456852
3 0.7453571428571428 0.6167512690355329 0.03357142857142857 0.11167512690355329
3 0.8278571428571428 0.6091370558375634 0.03428571428571429 0.10659898477157359
3 0.8642857142857143 0.6065989847715736 0.03571428571428571 0.10659898477157359
3 0.9046428571428572 0.6097715736040609 0.035 0.11548223350253806
3 0.9396428571428571 0.5951776649746192 0.035 0.09644670050761421
3 0.8771428571428571 0.7969543147208121 0.06428571428571428 0.050761421319796954
3 0.8803571428571428 0.4422588832487309 0.03642857142857143 0.11040609137055837
3 0.8467857142857143 0.4606598984771573 0.027857142857142858 0.10913705583756345
3 0.815 0.4695431472081218 0.03428571428571429 0.10659898477157359
3 0.7864285714285715 0.46510152284263956 0.02857142857142857 0.09517766497461928
3 0.7525 0.4727157360406091 0.03214285714285714 0.10279187817258882
3 0.7178571428571429 0.4809644670050761 0.03428571428571429 0.11167512690355329
3 0.6821428571428572 0.4777918781725888 0.03 0.10025380710659898
3 0.6514285714285715 0.48477157360406087 0.025714285714285714 0.10406091370558375
3 0.5971428571428572 0.48350253807106597 0.024285714285714285 0.08121827411167512
3 0.44285714285714284 0.5361675126903553 0.02857142857142857 0.08248730964467005
3 0.56 0.4993654822335025 0.027142857142857142 0.10786802030456852
3 0.36964285714285716 0.5475888324873096 0.027857142857142858 0.10786802030456852
3 0.33964285714285714 0.5513959390862944 0.02214285714285714 0.10786802030456852
3 0.3025 0.5532994923857868 0.02642857142857143 0.10659898477157359
3 0.27714285714285714 0.7227157360406091 0.04 0.11294416243654821
3 0.21285714285714286 0.697969543147208 0.027142857142857142 0.10152284263959391
3 0.18214285714285713 0.7106598984771573 0.027142857142857142 0.10913705583756345
4 0.11785714285714285 0.7163705583756345 0.037142857142857144 0.13578680203045684
3 0.08214285714285714 0.7271573604060914 0.027142857142857142 0.11928934010152284
3 0.019642857142857142 0.7252538071065989 0.025 0.07741116751269035
3 0.0275 0.8851522842639593 0.055 0.052030456852791875
3 0.3675 0.41941624365482233 0.05928571428571429 0.06218274111675126
3 0.7428571428571429 0.2848984771573604 0.06 0.06979695431472081
3 0.9589285714285715 0.4511421319796954 0.035 0.10786802030456852
3 0.9864285714285714 0.440989847715736 0.025714285714285714 0.11548223350253806
5 0.6246428571428572 0.6364213197969543 0.03214285714285714 0.1281725888324873
5 0.4039285714285714 0.3413705583756345 0.06642857142857143 0.04314720812182741
3 0.15464285714285714 0.36548223350253806 0.05928571428571429 0.04568527918781726
3 0.2342857142857143 0.5805837563451777 0.027142857142857142 0.11040609137055837
3 0.20214285714285715 0.58248730964467 0.024285714285714285 0.10152284263959391
3 0.17 0.572969543147208 0.02142857142857143 0.10279187817258882
3 0.1275 0.5736040609137055 0.029285714285714286 0.10659898477157359
3 0.08642857142857142 0.5818527918781725 0.03142857142857143 0.10532994923857868
9 0.07 0.3648477157360406 0.012857142857142857 0.03934010152284264
9 0.08464285714285714 0.3610406091370558 0.007857142857142858 0.03934010152284264
9 0.335 0.32170050761421315 0.022857142857142857 0.021573604060913704
9 0.88 0.2411167512690355 0.018571428571428572 0.032994923857868015
2 0.3367857142857143 0.3439086294416243 0.023571428571428573 0.012690355329949238
2 0.21928571428571428 0.34010152284263956 0.01 0.035532994923857864
2 0.20892857142857144 0.34073604060913704 0.007857142857142858 0.031725888324873094
2 0.1992857142857143 0.33883248730964466 0.007142857142857143 0.03807106598984771
0 0.7103571428571429 0.3362944162436548 0.012142857142857143 0.02030456852791878
0 0.5146428571428572 0.4022842639593908 0.012142857142857143 0.02030456852791878
0 0.495 0.4098984771573604 0.01 0.015228426395939085
1 0.5525 0.24048223350253806 0.009285714285714286 0.016497461928934008
1 0.2275 0.299492385786802 0.009285714285714286 0.015228426395939085
1 0.6896428571428571 0.21763959390862941 0.010714285714285714 0.021573604060913704
0 0.4617857142857143 0.7404822335025381 0.012142857142857143 0.016497461928934008
9 0.18714285714285714 0.8730964467005076 0.025714285714285714 0.02030456852791878
1 0.18464285714285714 0.8730964467005076 0.012142857142857143 0.02030456852791878
9 0.054285714285714284 0.6085025380710659 0.02 0.04441624365482233
9 0.05178571428571429 0.5532994923857868 0.02214285714285714 0.03045685279187817
