3 0.15 0.44035532994923854 0.02 0.02284263959390863
3 0.12464285714285714 0.4111675126903553 0.02214285714285714 0.02030456852791878
3 0.5671428571428572 0.8680203045685279 0.015714285714285715 0.05837563451776649
3 0.5692857142857143 0.7125634517766497 0.012857142857142857 0.03934010152284264
9 0.5214285714285715 0.6167512690355329 0.004285714285714286 0.02030456852791878
3 0.49964285714285717 0.5691624365482233 0.012142857142857143 0.026649746192893398
3 0.5728571428571428 0.5564720812182741 0.011428571428571429 0.031725888324873094
3 0.5446428571428571 0.4175126903553299 0.009285714285714286 0.02284263959390863
3 0.5346428571428572 0.3439086294416243 0.007857142857142858 0.015228426395939085
3 0.5353571428571429 0.2639593908629441 0.009285714285714286 0.017766497461928932
4 0.5421428571428571 0.21890862944162434 0.007142857142857143 0.019035532994923856
3 0.5946428571428571 0.1782994923857868 0.007857142857142858 0.013959390862944161
3 0.5503571428571429 0.12055837563451775 0.0064285714285714285 0.012690355329949238
3 0.56 0.1148477157360406 0.007142857142857143 0.011421319796954314
3 0.5564285714285714 0.08248730964467005 0.005714285714285714 0.012690355329949238
4 0.5971428571428572 0.07550761421319796 0.005714285714285714 0.016497461928934008
4 0.5964285714285714 0.055837563451776644 0.005714285714285714 0.012690355329949238
8 0.5921428571428572 0.021573604060913704 0.007142857142857143 0.02284263959390863
8 0.5896428571428571 0.008248730964467004 0.005 0.016497461928934008
