3 0.5792857142857143 0.9536802030456852 0.02142857142857143 0.08756345177664974
3 0.5314285714285715 0.4911167512690355 0.02142857142857143 0.07360406091370558
3 0.36392857142857143 0.33502538071065985 0.017857142857142856 0.06091370558375634
3 0.5778571428571428 0.28109137055837563 0.027142857142857142 0.052030456852791875
8 0.46785714285714286 0.026015228426395937 0.017142857142857144 0.05456852791878172
8 0.6264285714285714 0.42005076142131975 0.10285714285714286 0.10659898477157359
3 0.9475 0.3527918781725888 0.04357142857142857 0.03045685279187817
8 0.8475 0.24555837563451774 0.045 0.16878172588832485
3 0.0875 0.4892131979695431 0.030714285714285715 0.0748730964467005
3 0.08642857142857142 0.706218274111675 0.027142857142857142 0.09263959390862943
3 0.055357142857142855 0.8413705583756345 0.03785714285714286 0.09644670050761421
3 0.017857142857142856 0.5558375634517766 0.037142857142857144 0.07614213197969542
3 0.02214285714285714 0.6491116751269035 0.03428571428571429 0.09010152284263959
3 0.012857142857142857 0.7442893401015228 0.027142857142857142 0.09263959390862943
3 0.019642857142857142 0.4029187817258883 0.039285714285714285 0.031725888324873094
3 0.06464285714285714 0.42639593908629436 0.045 0.06852791878172589
4 0.1 0.5831218274111675 0.03 0.09517766497461928
0 0.27 0.708756345177665 0.008571428571428572 0.011421319796954314
0 0.2375 0.7874365482233502 0.005 0.016497461928934008
0 0.24714285714285714 0.8439086294416243 0.007142857142857143 0.01015228426395939
0 0.24464285714285713 0.9232233502538071 0.005 0.011421319796954314
0 0.14785714285714285 0.7373096446700507 0.012857142857142857 0.02030456852791878
0 0.15464285714285714 0.7214467005076142 0.007857142857142858 0.013959390862944161
0 0.15714285714285714 0.7049492385786802 0.012857142857142857 0.016497461928934008
0 0.1492857142857143 0.7195431472081217 0.007142857142857143 0.012690355329949238
0 0.1675 0.6491116751269035 0.007857142857142858 0.016497461928934008
0 0.17892857142857144 0.516497461928934 0.012142857142857143 0.012690355329949238
0 0.285 0.6757614213197969 0.007142857142857143 0.013959390862944161
0 0.2867857142857143 0.6294416243654822 0.005 0.01015228426395939
0 0.2867857142857143 0.6148477157360406 0.005 0.013959390862944161
0 0.29392857142857143 0.5964467005076142 0.005 0.015228426395939085
0 0.2889285714285714 0.5780456852791878 0.0064285714285714285 0.011421319796954314
0 0.295 0.5361675126903553 0.005714285714285714 0.011421319796954314
0 0.29464285714285715 0.6192893401015228 0.005 0.012690355329949238
0 0.26785714285714285 0.4181472081218274 0.004285714285714286 0.013959390862944161
0 0.26 0.5006345177664975 0.005714285714285714 0.011421319796954314
0 0.22892857142857143 0.9384517766497461 0.007857142857142858 0.011421319796954314
1 0.2017857142857143 0.06916243654822335 0.010714285714285714 0.016497461928934008
1 0.19714285714285715 0.09390862944162436 0.007142857142857143 0.02030456852791878
0 0.12142857142857143 0.45304568527918776 0.01 0.017766497461928932
0 0.06 0.9137055837563451 0.017142857142857144 0.012690355329949238
0 0.06892857142857142 0.9156091370558375 0.013571428571428571 0.011421319796954314
0 0.615 0.6173857868020304 0.007142857142857143 0.013959390862944161
0 0.6021428571428571 0.5850253807106599 0.004285714285714286 0.01015228426395939
0 0.6028571428571429 0.5691624365482233 0.002857142857142857 0.011421319796954314
0 0.6071428571428571 0.5704314720812182 0.004285714285714286 0.016497461928934008
0 0.5992857142857143 0.5951776649746192 0.002857142857142857 0.012690355329949238
0 0.6242857142857143 0.4676395939086294 0.004285714285714286 0.011421319796954314
0 0.6028571428571429 0.23604060913705582 0.004285714285714286 0.015228426395939085
