0 0.7317857142857143 0.48238095238095235 0.012142857142857143 0.01619047619047619
0 0.7225 0.4976190476190476 0.012142857142857143 0.014285714285714285
0 0.4925 0.48714285714285716 0.007857142857142858 0.012380952380952381
0 0.6125 0.43714285714285717 0.007857142857142858 0.015238095238095238
0 0.46285714285714286 0.569047619047619 0.007142857142857143 0.014285714285714285
0 0.6096428571428572 0.8995238095238095 0.009285714285714286 0.010476190476190476
0 0.5946428571428571 0.8938095238095238 0.007857142857142858 0.010476190476190476
0 0.9496428571428571 0.6771428571428572 0.02214285714285714 0.013333333333333332
1 0.7046428571428571 0.909047619047619 0.015 0.01619047619047619
1 0.7 0.9238095238095239 0.012857142857142857 0.013333333333333332
9 0.6996428571428571 0.9166666666666666 0.02214285714285714 0.037142857142857144
1 0.7642857142857142 0.7314285714285714 0.011428571428571429 0.015238095238095238
9 0.7596428571428572 0.731904761904762 0.02214285714285714 0.018095238095238095
0 0.047142857142857146 0.62 0.02 0.015238095238095238
0 0.2575 0.5042857142857143 0.010714285714285714 0.008571428571428572
0 0.2625 0.4919047619047619 0.009285714285714286 0.012380952380952381
0 0.3578571428571429 0.46714285714285714 0.008571428571428572 0.010476190476190476
0 0.3492857142857143 0.49952380952380954 0.014285714285714285 0.012380952380952381
0 0.3796428571428571 0.46476190476190476 0.012142857142857143 0.015238095238095238
1 0.47964285714285715 0.53 0.010714285714285714 0.02
9 0.47964285714285715 0.5347619047619048 0.010714285714285714 0.029523809523809525
0 0.8446428571428571 0.2619047619047619 0.010714285714285714 0.017142857142857144
0 0.2392857142857143 0.35428571428571426 0.012857142857142857 0.015238095238095238
0 0.225 0.3566666666666667 0.01 0.012380952380952381
2 0.24964285714285714 0.3514285714285714 0.017857142857142856 0.017142857142857144
1 0.5046428571428572 0.6371428571428571 0.012142857142857143 0.017142857142857144
9 0.5046428571428572 0.6371428571428571 0.009285714285714286 0.04
9 0.4 0.6066666666666667 0.02142857142857143 0.03238095238095238
5 0.9664285714285714 0.9419047619047619 0.06571428571428571 0.11428571428571428
7 0.815 0.8842857142857142 0.03 0.029523809523809525
7 0.5664285714285714 0.7123809523809523 0.03 0.02095238095238095
