3 0.19642857142857142 0.149746192893401 0.02857142857142857 0.015228426395939085
3 0.3871428571428571 0.09517766497461928 0.02 0.015228426395939085
3 0.1667857142857143 0.5456852791878172 0.045 0.03045685279187817
3 0.045 0.6649746192893401 0.06 0.035532994923857864
3 0.16285714285714287 0.7874365482233502 0.06142857142857143 0.05456852791878172
3 0.49178571428571427 0.5450507614213198 0.05071428571428571 0.03426395939086294
3 0.5728571428571428 0.5564720812182741 0.05285714285714286 0.03426395939086294
3 0.6825 0.4993654822335025 0.05357142857142857 0.029187817258883246
3 0.725 0.44352791878172587 0.04857142857142857 0.031725888324873094
3 0.8492857142857143 0.48350253807106597 0.04285714285714286 0.032994923857868015
