3 0.20214285714285715 0.4708121827411167 0.02 0.02030456852791878
8 0.25535714285714284 0.3965736040609137 0.062142857142857146 0.04695431472081218
3 0.36464285714285716 0.3902284263959391 0.025 0.021573604060913704
3 0.4639285714285714 0.440989847715736 0.023571428571428573 0.03680203045685279
8 0.48678571428571427 0.3413705583756345 0.056428571428571425 0.050761421319796954
4 0.4925 0.5019035532994923 0.015 0.04187817258883248
3 0.505 0.6154822335025381 0.01 0.04314720812182741
3 0.4675 0.6281725888324873 0.015 0.04568527918781726
3 0.4742857142857143 0.6903553299492385 0.014285714285714285 0.048223350253807105
3 0.48178571428571426 0.7506345177664974 0.015 0.04695431472081218
3 0.48928571428571427 0.8115482233502538 0.017142857142857144 0.052030456852791875
8 0.48428571428571426 0.649746192893401 0.018571428571428572 0.06091370558375634
8 0.4903571428571429 0.7106598984771573 0.02214285714285714 0.06598984771573603
3 0.5214285714285715 0.8280456852791878 0.017142857142857144 0.05710659898477157
5 0.5346428571428572 0.766497461928934 0.027857142857142858 0.11167512690355329
5 0.5525 0.9238578680203045 0.017857142857142856 0.07614213197969542
3 0.022857142857142857 0.19670050761421318 0.01 0.03045685279187817
3 0.04178571428571429 0.1878172588832487 0.012142857142857143 0.032994923857868015
3 0.0625 0.15228426395939085 0.017857142857142856 0.02030456852791878
3 0.019642857142857142 0.13895939086294415 0.012142857142857143 0.03426395939086294
3 0.03 0.13705583756345177 0.01 0.035532994923857864
3 0.03142857142857143 0.10850253807106598 0.011428571428571429 0.029187817258883246
3 0.02 0.11230964467005075 0.01 0.026649746192893398
3 0.0625 0.1281725888324873 0.019285714285714285 0.02284263959390863
3 0.06392857142857143 0.11230964467005075 0.020714285714285713 0.024111675126903553
3 0.06392857142857143 0.10215736040609136 0.019285714285714285 0.024111675126903553
3 0.065 0.08756345177664974 0.02 0.02030456852791878
3 0.06464285714285714 0.07931472081218273 0.019285714285714285 0.016497461928934008
3 0.06285714285714286 0.06916243654822335 0.02 0.021573604060913704
