5 0.3575 0.7076190476190476 0.085 0.18666666666666668
3 0.6814285714285714 0.7966666666666666 0.07857142857142857 0.13238095238095238
4 0.6596428571428572 0.6452380952380953 0.052142857142857144 0.1019047619047619
3 0.38535714285714284 0.539047619047619 0.04642857142857143 0.08190476190476191
3 0.405 0.45380952380952383 0.04 0.07142857142857142
3 0.6296428571428572 0.5266666666666666 0.07785714285714286 0.08
3 0.40964285714285714 0.36714285714285716 0.035 0.06190476190476191
3 0.41785714285714287 0.30952380952380953 0.03428571428571429 0.06095238095238095
3 0.6003571428571428 0.3823809523809524 0.05928571428571429 0.05619047619047619
3 0.595 0.34 0.054285714285714284 0.05904761904761905
3 0.4317857142857143 0.2638095238095238 0.03642857142857143 0.045714285714285714
3 0.5896428571428571 0.2976190476190476 0.047857142857142855 0.037142857142857144
3 0.42678571428571427 0.21904761904761905 0.039285714285714285 0.0380952380952381
3 0.4317857142857143 0.18714285714285714 0.02642857142857143 0.03333333333333333
3 0.4392857142857143 0.15476190476190477 0.027142857142857142 0.037142857142857144
4 0.4342857142857143 0.13428571428571429 0.047142857142857146 0.03238095238095238
3 0.4225 0.10714285714285714 0.045 0.02761904761904762
3 0.445 0.09238095238095238 0.02 0.024761904761904763
3 0.4471428571428571 0.07428571428571429 0.017142857142857144 0.015238095238095238
3 0.45 0.05952380952380952 0.012857142857142857 0.02
3 0.4525 0.04523809523809524 0.015 0.014285714285714285
3 0.45285714285714285 0.03238095238095238 0.014285714285714285 0.013333333333333332
3 0.42714285714285716 0.029523809523809525 0.015714285714285715 0.02095238095238095
3 0.4525 0.014285714285714285 0.027857142857142858 0.01904761904761905
3 0.5825 0.2723809523809524 0.056428571428571425 0.04
3 0.5728571428571428 0.24952380952380954 0.05857142857142857 0.03238095238095238
3 0.5689285714285715 0.22476190476190477 0.052142857142857144 0.030476190476190476
3 0.5721428571428572 0.2042857142857143 0.047142857142857146 0.02761904761904762
3 0.5625 0.1919047619047619 0.04214285714285714 0.02
3 0.5625 0.17238095238095238 0.045 0.024761904761904763
3 0.5525 0.1519047619047619 0.04214285714285714 0.02
3 0.5478571428571428 0.1376190476190476 0.041428571428571426 0.021904761904761906
3 0.5571428571428572 0.12476190476190477 0.047142857142857146 0.024761904761904763
3 0.5614285714285714 0.10380952380952381 0.041428571428571426 0.026666666666666665
3 0.5471428571428572 0.09523809523809523 0.04428571428571428 0.02095238095238095
3 0.6328571428571429 0.11904761904761904 0.055714285714285716 0.03238095238095238
3 0.5464285714285714 0.07666666666666666 0.03857142857142857 0.02
3 0.5421428571428571 0.05952380952380952 0.037142857142857144 0.021904761904761906
3 0.5428571428571428 0.05380952380952381 0.037142857142857144 0.02
3 0.54 0.0419047619047619 0.03428571428571429 0.015238095238095238
4 0.535 0.03190476190476191 0.041428571428571426 0.02761904761904762
3 0.5364285714285715 0.015238095238095238 0.032857142857142856 0.02095238095238095
3 0.5346428571428572 0.01 0.03214285714285714 0.02
5 0.6346428571428572 0.42952380952380953 0.065 0.12
