8 0.656054279749478 0.8028756957328386 0.11586638830897703 0.24025974025974026
8 0.5114822546972859 0.9485157699443414 0.10229645093945719 0.09925788497217068
3 0.44311064718162835 0.7551020408163266 0.057411273486430055 0.07606679035250465
3 0.5615866388308977 0.6099257884972171 0.04070981210855949 0.0640074211502783
4 0.5010438413361169 0.6781076066790352 0.039665970772442584 0.07421150278293136
9 0.4057933194154488 0.7323747680890538 0.020354906054279746 0.030612244897959183
9 0.5258350730688934 0.6085343228200372 0.009916492693110646 0.027829313543599257
9 0.5874217118997912 0.5398886827458256 0.020354906054279746 0.02411873840445269
9 0.580375782881002 0.5255102040816326 0.010438413361169102 0.030612244897959183
9 0.5712421711899791 0.5556586270871985 0.013048016701461376 0.025974025974025976
2 0.4637265135699373 0.6804267161410019 0.013048016701461376 0.026901669758812616
0 0.38256784968684754 0.7374768089053804 0.011482254697286011 0.02411873840445269
0 0.5075678496868475 0.62708719851577 0.006784968684759916 0.027829313543599257
0 0.514874739039666 0.640074211502783 0.007828810020876827 0.022263450834879406
8 0.8919624217118997 0.2987012987012987 0.038622129436325675 0.06679035250463822
4 0.8141962421711899 0.3181818181818182 0.016701461377870562 0.03710575139146568
3 0.8345511482254696 0.2532467532467533 0.021920668058455113 0.020408163265306124
3 0.8322025052192066 0.25092764378478666 0.023486430062630476 0.02504638218923933
3 0.8455114822546972 0.2365491651205937 0.020876826722338204 0.020408163265306124
3 0.8713465553235907 0.19944341372912802 0.02453027139874739 0.03153988868274583
3 0.8872651356993736 0.22217068645640076 0.015657620041753653 0.01948051948051948
0 0.7896659707724425 0.3339517625231911 0.0041753653444676405 0.020408163265306124
0 0.7951461377870563 0.31307977736549164 0.006784968684759916 0.02504638218923933
1 0.8061064718162838 0.3520408163265306 0.0026096033402922755 0.013914656771799629
2 0.8042797494780792 0.3589981447124304 0.0041753653444676405 0.020408163265306124
1 0.4699895615866388 0.6131725417439703 0.0057411273486430055 0.011131725417439703
9 0.47077244258872647 0.62847866419295 0.013569937369519832 0.015769944341372914
2 0.647964509394572 0.45315398886827457 0.013048016701461376 0.0176252319109462
0 0.6205636743215031 0.4397031539888683 0.0041753653444676405 0.020408163265306124
0 0.6148225469728601 0.439239332096475 0.0041753653444676405 0.021335807050092765
9 0.6599686847599164 0.4383116883116883 0.013048016701461376 0.008348794063079777
1 0.6821503131524008 0.5106679035250464 0.0041753653444676405 0.010204081632653062
9 0.6818893528183715 0.524582560296846 0.009916492693110646 0.015769944341372914
0 0.4512004175365344 0.6150278293135436 0.0057411273486430055 0.011131725417439703
0 0.5292275574112735 0.5454545454545454 0.010438413361169102 0.014842300556586271
9 0.4822546972860125 0.648886827458256 0.013569937369519832 0.026901669758812616
