4 0.6325000000000001 0.8186666666666667 0.17500000000000002 0.22933333333333333
0 0.627 0.9346666666666666 0.022 0.06933333333333333
0 0.7385 0.8716666666666666 0.035 0.074
0 0.53125 0.8416666666666667 0.0205 0.07666666666666666
1 0.52625 0.8236666666666667 0.0115 0.028666666666666667
1 0.51675 0.9106666666666666 0.0365 0.076
2 0.5165 0.9276666666666666 0.055 0.074
1 0.30875 0.9636666666666667 0.0395 0.06066666666666667
1 0.2935 0.9436666666666667 0.024 0.04466666666666667
2 0.30775 0.9766666666666667 0.0605 0.04533333333333333
1 0.336 0.6406666666666666 0.033 0.056
9 0.339 0.6466666666666666 0.05 0.048
0 0.41825 0.6496666666666666 0.0195 0.056666666666666664
0 0.435 0.6716666666666666 0.021 0.06466666666666666
0 0.44675000000000004 0.6896666666666667 0.0205 0.06733333333333333
0 0.39075 0.5806666666666667 0.0135 0.052
0 0.42725 0.5946666666666667 0.021500000000000002 0.06133333333333333
0 0.41475 0.5816666666666667 0.0165 0.05533333333333333
0 0.43775000000000003 0.5856666666666667 0.0155 0.054
0 0.4235 0.5666666666666667 0.018000000000000002 0.05333333333333333
0 0.3835 0.5686666666666667 0.012 0.06133333333333333
0 0.41875 0.5476666666666666 0.0145 0.054
0 0.43425 0.5426666666666666 0.0125 0.050666666666666665
0 0.4515 0.5806666666666667 0.011 0.058666666666666666
1 0.45275 0.5416666666666666 0.0185 0.03133333333333333
0 0.47850000000000004 0.5576666666666666 0.015 0.051333333333333335
0 0.512 0.5776666666666667 0.012 0.054
0 0.53325 0.5636666666666666 0.0115 0.05533333333333333
0 0.547 0.5356666666666666 0.012 0.046
0 0.522 0.5336666666666666 0.013000000000000001 0.04733333333333333
0 0.50175 0.5276666666666666 0.0125 0.05266666666666667
1 0.48825 0.5486666666666666 0.0135 0.028
0 0.4875 0.5196666666666666 0.02 0.04066666666666666
0 0.50625 0.501 0.0175 0.046
0 0.51375 0.5016666666666667 0.0085 0.05933333333333333
0 0.5365 0.5226666666666666 0.011 0.050666666666666665
0 0.531 0.495 0.014 0.041999999999999996
1 0.542 0.49066666666666664 0.012 0.029333333333333333
0 0.55275 0.47766666666666663 0.0125 0.04466666666666667
0 0.55225 0.5036666666666666 0.0125 0.04466666666666667
0 0.5605 0.49766666666666665 0.009000000000000001 0.048666666666666664
0 0.5650000000000001 0.5626666666666666 0.013000000000000001 0.050666666666666665
0 0.577 0.5676666666666667 0.018000000000000002 0.054
1 0.56425 0.5786666666666667 0.0085 0.018666666666666665
1 0.57075 0.5836666666666667 0.0085 0.019333333333333334
1 0.5255 0.639 0.014 0.03
0 0.52425 0.6466666666666666 0.0145 0.06133333333333333
9 0.273 0.6186666666666667 0.05 0.04133333333333333
0 0.12125 0.648 0.0265 0.064
4 0.03975 0.6606666666666666 0.0795 0.108
4 0.34175 0.5529999999999999 0.07150000000000001 0.106
0 0.17250000000000001 0.5616666666666666 0.02 0.05933333333333333
0 0.2005 0.5116666666666666 0.019 0.046
1 0.19375 0.5306666666666666 0.0175 0.03733333333333333
1 0.2265 0.49166666666666664 0.015 0.03266666666666666
1 0.2505 0.5056666666666666 0.014 0.035333333333333335
1 0.24125 0.48166666666666663 0.0135 0.03266666666666666
1 0.2465 0.49566666666666664 0.014 0.03666666666666667
9 0.31875000000000003 0.38666666666666666 0.0155 0.034666666666666665
0 0.387 0.37066666666666664 0.011 0.036
5 0.375 0.42066666666666663 0.084 0.06666666666666667
4 0.4405 0.42966666666666664 0.067 0.07266666666666667
4 0.50025 0.4736666666666666 0.0925 0.074
6 0.48575 0.4076666666666667 0.0375 0.02733333333333333
1 0.41200000000000003 0.32966666666666666 0.009000000000000001 0.02333333333333333
1 0.42575 0.32266666666666666 0.0085 0.02
0 0.44525000000000003 0.32766666666666666 0.0055 0.02733333333333333
6 0.42675 0.3416666666666667 0.0185 0.02733333333333333
9 0.37225 0.33866666666666667 0.0075 0.022666666666666665
9 0.4 0.3476666666666667 0.016 0.02333333333333333
6 0.39725 0.33499999999999996 0.0195 0.03
6 0.532 0.33466666666666667 0.03 0.028
9 0.46900000000000003 0.3406666666666667 0.016 0.024
9 0.46475 0.35766666666666663 0.0195 0.02333333333333333
9 0.46975 0.36066666666666664 0.0205 0.024
9 0.47600000000000003 0.36266666666666664 0.018000000000000002 0.025333333333333333
9 0.48 0.36666666666666664 0.018000000000000002 0.024
9 0.48675 0.36866666666666664 0.0245 0.026666666666666665
1 0.6295000000000001 0.45266666666666666 0.012 0.03733333333333333
0 0.6295000000000001 0.4116666666666666 0.013000000000000001 0.041999999999999996
0 0.70125 0.44366666666666665 0.0125 0.043333333333333335
0 0.73075 0.438 0.0155 0.044
1 0.6805 0.4106666666666667 0.01 0.018666666666666665
1 0.6960000000000001 0.4036666666666667 0.01 0.024666666666666667
0 0.74875 0.387 0.0115 0.033999999999999996
0 0.75025 0.37566666666666665 0.0135 0.03266666666666666
0 0.80025 0.36766666666666664 0.0115 0.038
1 0.77925 0.38866666666666666 0.0155 0.032
6 0.78025 0.39566666666666667 0.0205 0.03133333333333333
4 0.8512500000000001 0.39066666666666666 0.0605 0.04933333333333333
4 0.92125 0.41766666666666663 0.0855 0.07133333333333333
4 0.94275 0.44566666666666666 0.08750000000000001 0.07133333333333333
4 0.9055 0.5446666666666666 0.107 0.09466666666666666
0 0.9345 0.49366666666666664 0.022 0.04066666666666666
9 0.9470000000000001 0.5076666666666666 0.04 0.04066666666666666
0 0.9885 0.49566666666666664 0.022 0.04733333333333333
1 0.98475 0.43966666666666665 0.0155 0.03666666666666667
9 0.98475 0.44266666666666665 0.0185 0.034666666666666665
0 0.967 0.36466666666666664 0.02 0.032
0 0.8025 0.33566666666666667 0.01 0.03133333333333333
0 0.806 0.33166666666666667 0.009000000000000001 0.03
0 0.843 0.3456666666666667 0.009000000000000001 0.026
0 0.8505 0.3476666666666667 0.012 0.03266666666666666
0 0.86425 0.3446666666666667 0.0105 0.026666666666666665
0 0.87825 0.35366666666666663 0.0135 0.035333333333333335
0 0.87625 0.32666666666666666 0.0095 0.026666666666666665
0 0.90025 0.31766666666666665 0.0095 0.028666666666666667
1 0.89275 0.32566666666666666 0.0075 0.012666666666666666
4 0.7845 0.32166666666666666 0.079 0.043333333333333335
4 0.914 0.3476666666666667 0.047 0.04733333333333333
3 0.9545 0.33266666666666667 0.046 0.04
0 0.94575 0.32566666666666666 0.0125 0.022
4 0.98175 0.30066666666666664 0.035500000000000004 0.05333333333333333
3 0.89375 0.15866666666666665 0.0265 0.012
3 0.94275 0.20966666666666667 0.0405 0.019333333333333334
3 0.883 0.20099999999999998 0.039 0.018
0 0.95025 0.25266666666666665 0.0115 0.024
3 0.82275 0.295 0.0575 0.033999999999999996
4 0.82875 0.2866666666666667 0.051500000000000004 0.03733333333333333
4 0.853 0.2826666666666667 0.049 0.03333333333333333
3 0.8685 0.2786666666666667 0.056 0.030666666666666665
5 0.87925 0.26566666666666666 0.0645 0.041999999999999996
4 0.90325 0.25566666666666665 0.0585 0.03666666666666667
3 0.9115 0.25366666666666665 0.05 0.02733333333333333
3 0.91625 0.248 0.0455 0.024
3 0.919 0.24066666666666667 0.049 0.025333333333333333
4 0.8695 0.23166666666666666 0.043000000000000003 0.02733333333333333
3 0.81475 0.22366666666666665 0.0405 0.020666666666666667
3 0.7847500000000001 0.18666666666666665 0.029500000000000002 0.014666666666666666
3 0.734 0.13966666666666666 0.018000000000000002 0.01
1 0.82675 0.22899999999999998 0.0045000000000000005 0.018
2 0.82475 0.23166666666666666 0.0155 0.014
3 0.26875 0.20966666666666667 0.0325 0.015333333333333332
3 0.25725 0.20266666666666666 0.0275 0.017333333333333333
3 0.245 0.162 0.023 0.012
3 0.23025 0.15766666666666665 0.021500000000000002 0.011333333333333332
3 0.21375 0.15166666666666667 0.0195 0.011333333333333332
3 0.21 0.14966666666666667 0.017 0.008666666666666666
3 0.20600000000000002 0.14866666666666667 0.018000000000000002 0.009333333333333332
3 0.202 0.14866666666666667 0.016 0.008
3 0.19125 0.17666666666666667 0.029500000000000002 0.013333333333333332
3 0.18475 0.17466666666666666 0.0195 0.013333333333333332
3 0.15475 0.17966666666666667 0.025500000000000002 0.012666666666666666
5 0.19875 0.191 0.0575 0.026
4 0.29375 0.16966666666666666 0.0155 0.016666666666666666
8 0.26775 0.16266666666666665 0.0275 0.026666666666666665
5 0.22075 0.15166666666666667 0.0245 0.015333333333333332
5 0.19275 0.14366666666666666 0.0265 0.012666666666666666
5 0.18675 0.13966666666666666 0.0225 0.016666666666666666
5 0.181 0.13866666666666666 0.024 0.018666666666666665
5 0.16075 0.135 0.0245 0.014
5 0.152 0.13266666666666665 0.032 0.017333333333333333
5 0.17375000000000002 0.16866666666666666 0.0305 0.02
5 0.16175 0.15866666666666665 0.0305 0.022666666666666665
5 0.16275 0.16466666666666666 0.0265 0.017333333333333333
4 0.147 0.17666666666666667 0.029 0.014666666666666666
3 0.161 0.14266666666666666 0.009000000000000001 0.008
5 0.1555 0.159 0.028 0.018
3 0.14275000000000002 0.15666666666666665 0.0175 0.009333333333333332
3 0.13875 0.15466666666666667 0.0175 0.009333333333333332
4 0.137 0.15366666666666667 0.018000000000000002 0.015333333333333332
4 0.12725 0.14966666666666667 0.0175 0.011333333333333332
4 0.12175 0.14766666666666667 0.0235 0.015333333333333332
3 0.14475 0.17266666666666666 0.0225 0.010666666666666666
3 0.134 0.17166666666666666 0.024 0.014
3 0.0395 0.42066666666666663 0.079 0.05733333333333333
3 0.0395 0.42066666666666663 0.079 0.05733333333333333
