0 0.1 0.6223809523809524 0.017142857142857144 0.039047619047619046
0 0.12464285714285714 0.6195238095238095 0.017857142857142856 0.037142857142857144
0 0.11785714285714285 0.6076190476190476 0.011428571428571429 0.03238095238095238
0 0.16464285714285715 0.6171428571428571 0.02214285714285714 0.03428571428571429
0 0.15714285714285714 0.6152380952380953 0.022857142857142857 0.03428571428571429
0 0.16428571428571428 0.599047619047619 0.014285714285714285 0.02857142857142857
0 0.155 0.59 0.012857142857142857 0.029523809523809525
0 0.22035714285714286 0.5952380952380952 0.016428571428571428 0.03619047619047619
0 0.22535714285714287 0.59 0.020714285714285713 0.03333333333333333
0 0.2275 0.5819047619047619 0.017857142857142856 0.03238095238095238
0 0.27214285714285713 0.6 0.015714285714285715 0.03238095238095238
0 0.275 0.5923809523809523 0.012857142857142857 0.03238095238095238
0 0.44285714285714284 0.6023809523809524 0.01 0.035238095238095235
0 0.5792857142857143 0.6 0.015714285714285715 0.030476190476190476
0 0.5625 0.5895238095238096 0.015 0.03238095238095238
0 0.5946428571428571 0.5895238095238096 0.015 0.030476190476190476
0 0.6321428571428571 0.5752380952380952 0.012857142857142857 0.03428571428571429
0 0.6603571428571429 0.5442857142857143 0.009285714285714286 0.035238095238095235
0 0.6889285714285714 0.5119047619047619 0.010714285714285714 0.035238095238095235
0 0.6617857142857143 0.5195238095238095 0.010714285714285714 0.029523809523809525
0 0.6528571428571428 0.45476190476190476 0.008571428571428572 0.02761904761904762
0 0.6571428571428571 0.4319047619047619 0.005714285714285714 0.02761904761904762
0 0.6625 0.4319047619047619 0.0064285714285714285 0.02761904761904762
0 0.6696428571428571 0.439047619047619 0.007857142857142858 0.02857142857142857
0 0.6792857142857143 0.43476190476190474 0.007142857142857143 0.021904761904761906
0 0.6946428571428571 0.44 0.007857142857142858 0.024761904761904763
0 0.6692857142857143 0.37238095238095237 0.007142857142857143 0.024761904761904763
0 0.6778571428571428 0.37476190476190474 0.008571428571428572 0.025714285714285714
0 0.6878571428571428 0.37714285714285717 0.008571428571428572 0.024761904761904763
0 0.7639285714285714 0.5942857142857143 0.017857142857142856 0.0380952380952381
9 0.7778571428571428 0.5747619047619048 0.015714285714285715 0.035238095238095235
3 0.8117857142857143 0.7019047619047619 0.05785714285714286 0.0761904761904762
0 0.9053571428571429 0.4642857142857143 0.010714285714285714 0.023809523809523808
0 0.7303571428571428 0.41904761904761906 0.0064285714285714285 0.022857142857142857
0 0.7375 0.4195238095238095 0.007857142857142858 0.025714285714285714
0 0.7425 0.4176190476190476 0.0064285714285714285 0.025714285714285714
0 0.6696428571428571 0.36 0.007857142857142858 0.01904761904761905
0 0.6767857142857143 0.3619047619047619 0.0064285714285714285 0.017142857142857144
0 0.6817857142857143 0.3619047619047619 0.007857142857142858 0.01904761904761905
0 0.6903571428571429 0.34904761904761905 0.0064285714285714285 0.021904761904761906
0 0.68 0.35 0.007142857142857143 0.02
0 0.6825 0.3466666666666667 0.005 0.02095238095238095
3 0.6817857142857143 0.3319047619047619 0.019285714285714285 0.02
0 0.655 0.30714285714285716 0.007142857142857143 0.018095238095238095
0 0.6503571428571429 0.30952380952380953 0.0064285714285714285 0.017142857142857144
0 0.6471428571428571 0.29714285714285715 0.002857142857142857 0.017142857142857144
0 0.6517857142857143 0.30238095238095236 0.0064285714285714285 0.02
0 0.6614285714285715 0.2423809523809524 0.005714285714285714 0.014285714285714285
0 0.7221428571428572 0.1919047619047619 0.004285714285714286 0.010476190476190476
0 0.9596428571428571 0.39666666666666667 0.012142857142857143 0.02
0 0.9564285714285714 0.3819047619047619 0.008571428571428572 0.022857142857142857
0 0.9167857142857143 0.8547619047619047 0.02642857142857143 0.04666666666666667
0 0.8878571428571429 0.9147619047619048 0.02142857142857143 0.05238095238095238
2 0.8978571428571429 0.9223809523809524 0.02142857142857143 0.06
9 0.5771428571428572 0.9666666666666667 0.054285714285714284 0.047619047619047616
1 0.5771428571428572 0.9595238095238096 0.022857142857142857 0.04285714285714286
0 0.6139285714285714 0.7914285714285715 0.017857142857142856 0.0419047619047619
