0 0.0175 0.6173857868020304 0.010714285714285714 0.03426395939086294
0 0.005357142857142857 0.6288071065989848 0.009285714285714286 0.029187817258883246
0 0.05785714285714286 0.20875634517766495 0.005714285714285714 0.016497461928934008
3 0.10964285714285714 0.12944162436548223 0.017857142857142856 0.027918781725888322
3 0.12035714285714286 0.15355329949238578 0.016428571428571428 0.03045685279187817
4 0.11964285714285715 0.1884517766497462 0.017857142857142856 0.03680203045685279
3 0.11892857142857143 0.23604060913705582 0.017857142857142856 0.035532994923857864
3 0.12 0.28870558375634514 0.02 0.03680203045685279
8 0.1025 0.35342639593908626 0.047857142857142855 0.133248730964467
3 0.08285714285714285 0.4860406091370558 0.027142857142857142 0.05837563451776649
3 0.22178571428571428 0.02728426395939086 0.017857142857142856 0.021573604060913704
8 0.3417857142857143 0.22715736040609136 0.03214285714285714 0.12944162436548223
3 0.36714285714285716 0.5260152284263959 0.022857142857142857 0.05964467005076142
4 0.58 0.8965736040609137 0.02857142857142857 0.12055837563451775
4 0.5614285714285714 0.7163705583756345 0.022857142857142857 0.09771573604060912
8 0.6467857142857143 0.8559644670050761 0.03785714285714286 0.19923857868020303
3 0.8225 0.9517766497461928 0.05071428571428571 0.09390862944162436
4 0.8239285714285715 0.8876903553299492 0.05357142857142857 0.09771573604060912
5 0.9325 0.7772842639593908 0.05071428571428571 0.2296954314720812
4 0.825 0.8121827411167513 0.05285714285714286 0.10152284263959391
4 0.8175 0.7417512690355329 0.052142857142857144 0.08756345177664974
4 0.8192857142857143 0.6878172588832486 0.05285714285714286 0.07868020304568528
3 0.8964285714285715 0.5520304568527918 0.025714285714285714 0.06091370558375634
4 0.8603571428571428 0.5272842639593909 0.025 0.05710659898477157
4 0.8303571428571429 0.5126903553299492 0.025 0.06852791878172589
0 0.9742857142857143 0.1846446700507614 0.007142857142857143 0.019035532994923856
1 0.97 0.23350253807106597 0.004285714285714286 0.015228426395939085
0 0.9767857142857143 0.22715736040609136 0.0064285714285714285 0.02284263959390863
5 0.8496428571428571 0.30774111675126903 0.025 0.06725888324873096
3 0.8096428571428571 0.2982233502538071 0.019285714285714285 0.04314720812182741
4 0.7075 0.08756345177664974 0.016428571428571428 0.04314720812182741
3 0.5814285714285714 0.012690355329949238 0.014285714285714285 0.025380710659898477
3 0.5475 0.041243654822335024 0.015 0.024111675126903553
4 0.5296428571428572 0.1611675126903553 0.017857142857142856 0.04060913705583756
3 0.5221428571428571 0.2893401015228426 0.017142857142857144 0.04060913705583756
3 0.6321428571428571 0.2449238578680203 0.017142857142857144 0.04568527918781726
4 0.5225 0.02284263959390863 0.015 0.027918781725888322
4 0.5992857142857143 0.3096446700507614 0.017142857142857144 0.050761421319796954
3 0.5596428571428571 0.3413705583756345 0.017857142857142856 0.050761421319796954
4 0.5928571428571429 0.3927664974619289 0.02 0.052030456852791875
3 0.5096428571428572 0.4676395939086294 0.02214285714285714 0.05710659898477157
3 0.5692857142857143 0.5241116751269035 0.02142857142857143 0.06852791878172589
3 0.6264285714285714 0.6453045685279187 0.022857142857142857 0.07741116751269035
5 0.9528571428571428 0.021573604060913704 0.02 0.04060913705583756
