4 0.9085 0.8916666666666666 0.128 0.19933333333333333
3 0.0845 0.8026666666666666 0.078 0.15733333333333333
3 0.1955 0.5176666666666666 0.046 0.082
3 0.77025 0.5646666666666667 0.0635 0.10133333333333333
3 0.7252500000000001 0.4686666666666667 0.0465 0.07466666666666666
3 0.683 0.36666666666666664 0.044 0.072
3 0.6565 0.301 0.039 0.057999999999999996
3 0.6205 0.21066666666666667 0.031 0.03866666666666667
8 0.58725 0.08366666666666667 0.0495 0.09266666666666666
3 0.5585 0.029666666666666664 0.02 0.022
4 0.1075 0.6226666666666666 0.07 0.144
3 0.17875 0.38466666666666666 0.0415 0.072
3 0.20125 0.2886666666666667 0.0385 0.06799999999999999
3 0.2405 0.14966666666666667 0.027 0.04066666666666666
3 0.2625 0.09566666666666666 0.022 0.035333333333333335
3 0.27575 0.06666666666666667 0.0235 0.04
3 0.28475 0.041666666666666664 0.0205 0.02333333333333333
3 0.298 0.010666666666666666 0.017 0.021333333333333333
3 0.47275 0.07366666666666666 0.0195 0.028666666666666667
4 0.547 0.011 0.021 0.022
1 0.56575 0.14266666666666666 0.006500000000000001 0.022666666666666665
1 0.57275 0.14466666666666667 0.0055 0.021333333333333333
2 0.57325 0.15366666666666667 0.0045000000000000005 0.012666666666666666
2 0.5660000000000001 0.15066666666666667 0.004 0.012
0 0.17425000000000002 0.32066666666666666 0.0095 0.036
