5 0.33 0.30766666666666664 0.018000000000000002 0.04066666666666666
3 0.4305 0.27366666666666667 0.012 0.016666666666666666
3 0.44875 0.25166666666666665 0.0095 0.012666666666666666
3 0.45325 0.26166666666666666 0.0105 0.011333333333333332
0 0.46675 0.26866666666666666 0.0055 0.012
3 0.481 0.32066666666666666 0.015 0.018666666666666665
3 0.456 0.3456666666666667 0.015 0.020666666666666667
3 0.43675 0.3426666666666667 0.0165 0.018666666666666665
3 0.49325 0.3466666666666667 0.0145 0.017333333333333333
3 0.52225 0.4086666666666667 0.0165 0.02
3 0.53075 0.43366666666666664 0.0175 0.024666666666666667
3 0.499 0.45966666666666667 0.02 0.02733333333333333
3 0.45875 0.39966666666666667 0.0185 0.02733333333333333
0 0.5385 0.4746666666666666 0.007 0.02
3 0.53425 0.6566666666666666 0.0305 0.04533333333333333
9 0.35050000000000003 0.35766666666666663 0.007 0.016666666666666666
3 0.28375 0.323 0.0395 0.022
3 0.28025 0.3486666666666667 0.029500000000000002 0.017333333333333333
3 0.26425 0.4136666666666666 0.029500000000000002 0.018
3 0.27425 0.43166666666666664 0.0305 0.024666666666666667
3 0.268 0.44966666666666666 0.044 0.024666666666666667
3 0.2525 0.5566666666666666 0.045 0.026666666666666665
3 0.3905 0.4656666666666667 0.018000000000000002 0.033999999999999996
3 0.33925 0.45666666666666667 0.0155 0.029333333333333333
3 0.454 0.6916666666666667 0.027 0.06333333333333332
0 0.34650000000000003 0.5146666666666666 0.008 0.022666666666666665
3 0.356 0.7056666666666667 0.027 0.056666666666666664
4 0.247 0.6916666666666667 0.047 0.051333333333333335
0 0.28700000000000003 0.6356666666666666 0.01 0.02733333333333333
0 0.29825 0.6336666666666666 0.0085 0.024666666666666667
0 0.276 0.712 0.01 0.032
0 0.5760000000000001 0.5786666666666667 0.006 0.024
0 0.58175 0.5796666666666667 0.0055 0.024666666666666667
9 0.3545 0.407 0.009000000000000001 0.022
