3 0.21928571428571428 0.08428571428571428 0.06428571428571428 0.04857142857142857
3 0.28785714285714287 0.11142857142857143 0.06428571428571428 0.045714285714285714
3 0.19214285714285714 0.20952380952380953 0.07 0.05523809523809524
3 0.3717857142857143 0.1319047619047619 0.07071428571428572 0.035238095238095235
3 0.4542857142857143 0.1595238095238095 0.07 0.058095238095238096
3 0.385 0.16476190476190475 0.07571428571428572 0.049523809523809526
3 0.3464285714285714 0.2342857142857143 0.07857142857142857 0.05714285714285714
3 0.47785714285714287 0.27380952380952384 0.08714285714285715 0.06571428571428571
0 0.5017857142857143 0.29523809523809524 0.012142857142857143 0.0419047619047619
3 0.5846428571428571 0.3219047619047619 0.085 0.06476190476190476
3 0.7525 0.24952380952380954 0.095 0.06666666666666667
3 0.6975 0.36428571428571427 0.10928571428571429 0.07714285714285714
3 0.8103571428571429 0.46190476190476193 0.05071428571428571 0.10666666666666666
3 0.9639285714285715 0.32761904761904764 0.07071428571428572 0.05523809523809524
3 0.955 0.5247619047619048 0.08857142857142856 0.15047619047619049
0 0.36964285714285716 0.3995238095238095 0.015 0.054285714285714284
9 0.1125 0.4738095238095238 0.045 0.037142857142857144
9 0.11142857142857143 0.5095238095238095 0.04428571428571428 0.03428571428571429
