3 0.5421428571428571 0.08142857142857143 0.017142857142857144 0.025714285714285714
0 0.8525 0.06428571428571428 0.007857142857142858 0.023809523809523808
0 0.8175 0.06952380952380953 0.009285714285714286 0.022857142857142857
0 0.8139285714285714 0.06666666666666667 0.007857142857142858 0.024761904761904763
0 0.5564285714285714 0.10428571428571429 0.007142857142857143 0.02
0 0.5528571428571428 0.11714285714285715 0.005714285714285714 0.024761904761904763
0 0.55 0.12666666666666668 0.008571428571428572 0.026666666666666665
0 0.8217857142857142 0.3019047619047619 0.017857142857142856 0.0419047619047619
0 0.5539285714285714 0.18714285714285714 0.007857142857142858 0.02761904761904762
0 0.5171428571428571 0.19952380952380952 0.007142857142857143 0.02761904761904762
0 0.47714285714285715 0.23238095238095238 0.01 0.03238095238095238
0 0.5046428571428572 0.2523809523809524 0.009285714285714286 0.03238095238095238
0 0.5342857142857143 0.24666666666666667 0.007142857142857143 0.03238095238095238
0 0.5303571428571429 0.30428571428571427 0.009285714285714286 0.035238095238095235
0 0.5221428571428571 0.30238095238095236 0.01 0.035238095238095235
0 0.5117857142857143 0.2866666666666667 0.012142857142857143 0.03428571428571429
0 0.48142857142857143 0.3119047619047619 0.01 0.035238095238095235
0 0.49714285714285716 0.32476190476190475 0.01 0.03428571428571429
0 0.5075 0.3219047619047619 0.007857142857142858 0.0380952380952381
0 0.4692857142857143 0.37238095238095237 0.01 0.0419047619047619
0 0.48178571428571426 0.3819047619047619 0.012142857142857143 0.0380952380952381
0 0.49964285714285717 0.3914285714285714 0.010714285714285714 0.03428571428571429
0 0.47714285714285715 0.42 0.012857142857142857 0.04
0 0.5325 0.19714285714285715 0.009285714285714286 0.030476190476190476
0 0.5221428571428571 0.25476190476190474 0.01 0.029523809523809525
0 0.5246428571428572 0.27 0.007857142857142858 0.035238095238095235
0 0.49642857142857144 0.2719047619047619 0.01 0.03142857142857143
0 0.4967857142857143 0.29428571428571426 0.010714285714285714 0.02857142857142857
0 0.5021428571428571 0.3019047619047619 0.01 0.03238095238095238
0 0.49714285714285716 0.37761904761904763 0.01 0.037142857142857144
0 0.4442857142857143 0.4147619047619048 0.012857142857142857 0.04285714285714286
0 0.5117857142857143 0.6142857142857143 0.012142857142857143 0.04380952380952381
0 0.34464285714285714 0.5319047619047619 0.015 0.037142857142857144
0 0.37214285714285716 0.5642857142857143 0.02 0.037142857142857144
0 0.2889285714285714 0.5519047619047619 0.015 0.04285714285714286
0 0.2175 0.6676190476190477 0.015 0.0419047619047619
0 0.19392857142857142 0.7042857142857143 0.016428571428571428 0.04476190476190476
0 0.38 0.7595238095238095 0.017142857142857144 0.04476190476190476
0 0.3517857142857143 0.8076190476190476 0.02214285714285714 0.045714285714285714
0 0.34714285714285714 0.6938095238095238 0.03 0.04476190476190476
0 0.38535714285714284 0.6819047619047619 0.02214285714285714 0.05714285714285714
0 0.41928571428571426 0.6847619047619048 0.012857142857142857 0.04
0 0.40035714285714286 0.6547619047619048 0.017857142857142856 0.04285714285714286
0 0.41964285714285715 0.5638095238095238 0.017857142857142856 0.045714285714285714
0 0.4589285714285714 0.5376190476190477 0.016428571428571428 0.040952380952380955
0 0.43 0.5019047619047619 0.017142857142857144 0.049523809523809526
0 0.4546428571428571 0.4714285714285714 0.015 0.04380952380952381
0 0.4775 0.4595238095238095 0.013571428571428571 0.04476190476190476
0 0.5196428571428572 0.6319047619047619 0.012142857142857143 0.05238095238095238
8 0.42214285714285715 0.33904761904761904 0.09 0.15047619047619049
8 0.215 0.7747619047619048 0.28714285714285714 0.44857142857142857
0 0.3489285714285714 0.5442857142857143 0.016428571428571428 0.04476190476190476
