3 0.475 0.8083756345177664 0.03142857142857143 0.08629441624365482
3 0.5046428571428572 0.6351522842639593 0.03214285714285714 0.07994923857868019
3 0.5292857142857142 0.5266497461928934 0.025714285714285714 0.06598984771573603
3 0.5889285714285715 0.15736040609137056 0.019285714285714285 0.04314720812182741
3 0.5671428571428572 0.23604060913705582 0.02 0.050761421319796954
3 0.5639285714285714 0.2861675126903553 0.02214285714285714 0.05710659898477157
5 0.5539285714285714 0.34708121827411165 0.03357142857142857 0.09010152284263959
4 0.6053571428571428 0.06916243654822335 0.015 0.04441624365482233
3 0.6396428571428572 0.012055837563451776 0.035 0.024111675126903553
3 0.6878571428571428 0.012055837563451776 0.03428571428571429 0.024111675126903553
3 0.7921428571428571 0.012055837563451776 0.032857142857142856 0.024111675126903553
3 0.845 0.019035532994923856 0.03142857142857143 0.03807106598984771
3 0.9089285714285714 0.016497461928934008 0.03214285714285714 0.035532994923857864
3 0.9342857142857143 0.019035532994923856 0.032857142857142856 0.03807106598984771
4 0.88 0.019035532994923856 0.03142857142857143 0.03807106598984771
0 0.48142857142857143 0.6294416243654822 0.011428571428571429 0.025380710659898477
0 0.5078571428571429 0.5145939086294415 0.008571428571428572 0.029187817258883246
