1 0.2925 0.7447619047619047 0.010714285714285714 0.03238095238095238
2 0.29214285714285715 0.7547619047619047 0.022857142857142857 0.02761904761904762
0 0.3053571428571429 0.5942857142857143 0.005 0.015238095238095238
0 0.29392857142857143 0.5942857142857143 0.005 0.015238095238095238
0 0.18892857142857142 0.5952380952380952 0.007857142857142858 0.015238095238095238
0 0.9625 0.7338095238095238 0.012142857142857143 0.03333333333333333
0 0.9964285714285714 0.7119047619047619 0.005714285714285714 0.02761904761904762
4 0.7671428571428571 0.809047619047619 0.08 0.06380952380952382
3 0.91 0.7095238095238096 0.032857142857142856 0.03428571428571429
3 0.6175 0.7752380952380953 0.03214285714285714 0.05714285714285714
3 0.4925 0.7223809523809523 0.039285714285714285 0.037142857142857144
3 0.5346428571428572 0.5871428571428572 0.015 0.010476190476190476
3 0.5646428571428571 0.59 0.020714285714285713 0.012380952380952381
3 0.6028571428571429 0.5866666666666667 0.015714285714285715 0.009523809523809525
3 0.5946428571428571 0.5771428571428572 0.009285714285714286 0.007619047619047619
3 0.6317857142857143 0.5847619047619048 0.010714285714285714 0.007619047619047619
3 0.6389285714285714 0.5819047619047619 0.010714285714285714 0.009523809523809525
3 0.6517857142857143 0.5776190476190476 0.009285714285714286 0.008571428571428572
3 0.6425 0.5771428571428572 0.007857142857142858 0.009523809523809525
3 0.6442857142857142 0.57 0.014285714285714285 0.006666666666666666
4 0.6471428571428571 0.569047619047619 0.01 0.006666666666666666
3 0.6471428571428571 0.5676190476190476 0.01 0.007619047619047619
3 0.665 0.5714285714285714 0.007142857142857143 0.007619047619047619
3 0.6764285714285714 0.5647619047619048 0.007142857142857143 0.007619047619047619
3 0.6942857142857143 0.5671428571428572 0.007142857142857143 0.004761904761904762
0 0.6871428571428572 0.5571428571428572 0.002857142857142857 0.007619047619047619
3 0.6464285714285715 0.7019047619047619 0.02857142857142857 0.030476190476190476
3 0.6667857142857143 0.67 0.02214285714285714 0.025714285714285714
3 0.6771428571428572 0.6519047619047619 0.02 0.021904761904761906
3 0.7242857142857143 0.5552380952380952 0.005714285714285714 0.005714285714285714
3 0.7114285714285714 0.5547619047619048 0.004285714285714286 0.004761904761904762
3 0.7292857142857143 0.5423809523809524 0.002857142857142857 0.002857142857142857
3 0.7321428571428571 0.5419047619047619 0.002857142857142857 0.0019047619047619048
3 0.925 0.9642857142857143 0.07428571428571429 0.06952380952380953
0 0.8721428571428571 0.6123809523809524 0.002857142857142857 0.011428571428571429
0 0.875 0.611904761904762 0.002857142857142857 0.012380952380952381
0 0.8792857142857143 0.6123809523809524 0.004285714285714286 0.013333333333333332
1 0.8489285714285715 0.5971428571428572 0.0035714285714285713 0.007619047619047619
2 0.8492857142857143 0.6019047619047619 0.002857142857142857 0.007619047619047619
0 0.8421428571428572 0.6042857142857143 0.002857142857142857 0.012380952380952381
0 0.835 0.6 0.002857142857142857 0.009523809523809525
0 0.8092857142857143 0.5695238095238095 0.0014285714285714286 0.007619047619047619
3 0.7796428571428572 0.6171428571428571 0.012142857142857143 0.013333333333333332
3 0.7775 0.61 0.012142857142857143 0.012380952380952381
3 0.7542857142857143 0.6042857142857143 0.011428571428571429 0.012380952380952381
3 0.7675 0.5842857142857143 0.007857142857142858 0.008571428571428572
3 0.7842857142857143 0.5771428571428572 0.007142857142857143 0.007619047619047619
3 0.8114285714285714 0.5795238095238096 0.007142857142857143 0.006666666666666666
3 0.78 0.5719047619047619 0.007142857142857143 0.006666666666666666
3 0.7778571428571428 0.5671428571428572 0.005714285714285714 0.004761904761904762
3 0.7771428571428571 0.5666666666666667 0.005714285714285714 0.007619047619047619
3 0.7725 0.5619047619047619 0.005 0.005714285714285714
3 0.7639285714285714 0.5714285714285714 0.005 0.005714285714285714
3 0.7646428571428572 0.5647619047619048 0.005 0.005714285714285714
3 0.7614285714285715 0.5619047619047619 0.004285714285714286 0.005714285714285714
3 0.7617857142857143 0.5571428571428572 0.005 0.005714285714285714
3 0.77 0.559047619047619 0.004285714285714286 0.0038095238095238095
3 0.77 0.5566666666666666 0.004285714285714286 0.002857142857142857
3 0.7692857142857142 0.5547619047619048 0.002857142857142857 0.002857142857142857
3 0.7689285714285714 0.5523809523809524 0.0035714285714285713 0.0038095238095238095
3 0.7671428571428571 0.5514285714285714 0.002857142857142857 0.0038095238095238095
3 0.7592857142857142 0.5495238095238095 0.002857142857142857 0.0019047619047619048
3 0.7767857142857143 0.5523809523809524 0.0035714285714285713 0.0038095238095238095
3 0.765 0.5471428571428572 0.002857142857142857 0.004761904761904762
3 0.7575 0.5471428571428572 0.0035714285714285713 0.002857142857142857
3 0.7596428571428572 0.5452380952380952 0.002142857142857143 0.002857142857142857
3 0.7539285714285714 0.5442857142857143 0.002142857142857143 0.002857142857142857
3 0.7525 0.5423809523809524 0.002142857142857143 0.002857142857142857
3 0.7628571428571429 0.5442857142857143 0.002857142857142857 0.002857142857142857
5 0.7678571428571429 0.5719047619047619 0.008571428571428572 0.014285714285714285
3 0.7939285714285714 0.5547619047619048 0.007857142857142858 0.004761904761904762
3 0.7892857142857143 0.5547619047619048 0.008571428571428572 0.004761904761904762
