0 0.205 0.2715736040609137 0.002857142857142857 0.01015228426395939
0 0.23964285714285713 0.2715736040609137 0.002142857142857143 0.0076142131979695426
0 0.33 0.8458121827411167 0.002857142857142857 0.013959390862944161
0 0.3175 0.8521573604060914 0.0035714285714285713 0.011421319796954314
0 0.29714285714285715 0.857233502538071 0.002857142857142857 0.008883248730964466
0 0.29964285714285716 0.8350253807106598 0.002142857142857143 0.012690355329949238
0 0.31285714285714283 0.8305837563451776 0.002857142857142857 0.011421319796954314
0 0.31464285714285717 0.8121827411167513 0.002142857142857143 0.012690355329949238
0 0.3 0.8217005076142131 0.002857142857142857 0.008883248730964466
0 0.295 0.8559644670050761 0.004285714285714286 0.013959390862944161
0 0.41464285714285715 0.7360406091370558 0.002142857142857143 0.012690355329949238
0 0.3196428571428571 0.24175126903553298 0.002142857142857143 0.013959390862944161
0 0.2546428571428571 0.2480964467005076 0.002142857142857143 0.008883248730964466
3 0.32535714285714284 0.23223350253807104 0.015 0.015228426395939085
0 0.5392857142857143 0.019035532994923856 0.0014285714285714286 0.0076142131979695426
0 0.5539285714285714 0.019035532994923856 0.002142857142857143 0.005076142131979695
0 0.48678571428571427 0.029187817258883246 0.002142857142857143 0.005076142131979695
0 0.49464285714285716 0.029187817258883246 0.002142857142857143 0.0076142131979695426
0 0.47035714285714286 0.2906091370558375 0.002142857142857143 0.0076142131979695426
3 0.5442857142857143 0.3648477157360406 0.007142857142857143 0.016497461928934008
8 0.41964285714285715 0.3413705583756345 0.03785714285714286 0.027918781725888322
8 0.44892857142857145 0.4048223350253807 0.013571428571428571 0.04568527918781726
0 0.4675 0.40038071065989844 0.002142857142857143 0.008883248730964466
0 0.5075 0.4010152284263959 0.002142857142857143 0.005076142131979695
0 0.515 0.42005076142131975 0.002857142857142857 0.01015228426395939
3 0.5496428571428571 0.4746192893401015 0.007857142857142858 0.02030456852791878
3 0.5075 0.5437817258883249 0.007857142857142858 0.021573604060913704
3 0.4903571428571429 0.5571065989847716 0.009285714285714286 0.02030456852791878
8 0.5075 0.5019035532994923 0.012142857142857143 0.03680203045685279
8 0.44 0.45050761421319796 0.014285714285714285 0.048223350253807105
5 0.49964285714285717 0.48350253807106597 0.017857142857142856 0.04314720812182741
8 0.5296428571428572 0.45177664974619286 0.017857142857142856 0.032994923857868015
8 0.5253571428571429 0.48477157360406087 0.012142857142857143 0.032994923857868015
8 0.5092857142857142 0.6338832487309645 0.01 0.049492385786802026
3 0.5117857142857143 0.5805837563451777 0.007857142857142858 0.021573604060913704
3 0.4925 0.6611675126903552 0.007857142857142858 0.027918781725888322
3 0.47 0.6586294416243654 0.01 0.027918781725888322
3 0.48178571428571426 0.7043147208121827 0.007857142857142858 0.03045685279187817
3 0.5017857142857143 0.7601522842639593 0.010714285714285714 0.032994923857868015
3 0.5253571428571429 0.7963197969543147 0.010714285714285714 0.03934010152284264
3 0.47714285714285715 0.8083756345177664 0.01 0.032994923857868015
3 0.54 0.8362944162436547 0.01 0.04314720812182741
3 0.47714285714285715 0.9143401015228426 0.01 0.04187817258883248
3 0.4967857142857143 0.9390862944162436 0.010714285714285714 0.04060913705583756
0 0.5642857142857143 0.017766497461928932 0.0014285714285714286 0.005076142131979695
0 0.5614285714285714 0.019035532994923856 0.002857142857142857 0.0076142131979695426
0 0.5796428571428571 0.017766497461928932 0.002142857142857143 0.005076142131979695
3 0.5753571428571429 0.07296954314720812 0.0035714285714285713 0.008883248730964466
3 0.5592857142857143 0.09771573604060912 0.002857142857142857 0.01015228426395939
3 0.5846428571428571 0.08375634517766496 0.005 0.012690355329949238
3 0.5771428571428572 0.10342639593908629 0.002857142857142857 0.008883248730964466
3 0.5842857142857143 0.10723350253807105 0.002857142857142857 0.008883248730964466
3 0.5771428571428572 0.1281725888324873 0.004285714285714286 0.01015228426395939
3 0.5846428571428571 0.14720812182741116 0.005 0.01015228426395939
3 0.5864285714285714 0.16751269035532992 0.004285714285714286 0.01015228426395939
3 0.6046428571428571 0.19035532994923857 0.005 0.01015228426395939
3 0.6092857142857143 0.2595177664974619 0.007142857142857143 0.013959390862944161
3 0.5842857142857143 0.26776649746192893 0.007142857142857143 0.015228426395939085
3 0.5739285714285715 0.24936548223350252 0.005 0.011421319796954314
3 0.575 0.20685279187817257 0.005714285714285714 0.012690355329949238
4 0.5771428571428572 0.16624365482233502 0.005714285714285714 0.015228426395939085
5 0.6221428571428571 0.13197969543147206 0.007142857142857143 0.035532994923857864
4 0.6428571428571429 0.28236040609137053 0.007142857142857143 0.016497461928934008
4 0.6653571428571429 0.3648477157360406 0.013571428571428571 0.024111675126903553
4 0.5742857142857143 0.2982233502538071 0.007142857142857143 0.02030456852791878
4 0.6146428571428572 0.3178934010152284 0.007857142857142858 0.016497461928934008
8 0.6728571428571428 0.3439086294416243 0.017142857142857144 0.03045685279187817
3 0.5917857142857142 0.30710659898477155 0.0064285714285714285 0.017766497461928932
3 0.5721428571428572 0.3439086294416243 0.007142857142857143 0.02030456852791878
3 0.5828571428571429 0.35977157360406087 0.007142857142857143 0.019035532994923856
3 0.5942857142857143 0.3756345177664974 0.007142857142857143 0.017766497461928932
3 0.625 0.357233502538071 0.01 0.021573604060913704
3 0.5714285714285714 0.42005076142131975 0.007142857142857143 0.025380710659898477
3 0.5928571428571429 0.5107868020304568 0.008571428571428572 0.026649746192893398
3 0.6953571428571429 0.3680203045685279 0.015 0.017766497461928932
3 0.585 0.5964467005076142 0.008571428571428572 0.035532994923857864
3 0.6225 0.47969543147208116 0.015 0.02030456852791878
3 0.6414285714285715 0.49682741116751267 0.018571428571428572 0.021573604060913704
3 0.6678571428571428 0.5139593908629442 0.022857142857142857 0.017766497461928932
3 0.6196428571428572 0.5044416243654822 0.015 0.013959390862944161
3 0.6028571428571429 0.48350253807106597 0.008571428571428572 0.01015228426395939
3 0.6046428571428571 0.46510152284263956 0.009285714285714286 0.011421319796954314
3 0.6517857142857143 0.6180203045685279 0.023571428571428573 0.02284263959390863
4 0.6925 0.5336294416243654 0.016428571428571428 0.031725888324873094
4 0.5671428571428572 0.6192893401015228 0.007142857142857143 0.03807106598984771
3 0.5971428571428572 0.6675126903553299 0.01 0.035532994923857864
3 0.5671428571428572 0.7588832487309644 0.01 0.03807106598984771
3 0.6778571428571428 0.6903553299492385 0.02857142857142857 0.025380710659898477
3 0.59 0.8420050761421319 0.011428571428571429 0.03934010152284264
4 0.7192857142857143 0.8058375634517766 0.03 0.032994923857868015
4 0.74 0.8153553299492385 0.027142857142857142 0.029187817258883246
4 0.7421428571428571 0.8616751269035532 0.025714285714285714 0.025380710659898477
3 0.7103571428571429 0.7861675126903552 0.02214285714285714 0.026649746192893398
3 0.7092857142857143 0.7138324873096447 0.022857142857142857 0.021573604060913704
3 0.75 0.6928934010152283 0.018571428571428572 0.03807106598984771
3 0.7303571428571428 0.6065989847715736 0.019285714285714285 0.035532994923857864
4 0.7621428571428571 0.590736040609137 0.017142857142857144 0.03680203045685279
4 0.7039285714285715 0.6795685279187816 0.02642857142857143 0.029187817258883246
4 0.7371428571428571 0.6586294416243654 0.02 0.04314720812182741
4 0.7342857142857143 0.5717005076142132 0.02 0.031725888324873094
3 0.7217857142857143 0.5748730964467005 0.016428571428571428 0.032994923857868015
3 0.7692857142857142 0.6453045685279187 0.017142857142857144 0.026649746192893398
3 0.7396428571428572 0.5958121827411167 0.017857142857142856 0.03680203045685279
3 0.7721428571428571 0.6757614213197969 0.017142857142857144 0.024111675126903553
3 0.6925 0.42576142131979694 0.015 0.016497461928934008
