1 0.1115 0.6566666666666666 0.015 0.032
0 0.15275 0.6626666666666666 0.0185 0.022666666666666665
0 0.1845 0.6666666666666666 0.019 0.029333333333333333
0 0.19425 0.6536666666666666 0.0185 0.03133333333333333
1 0.24275 0.5826666666666667 0.0235 0.029333333333333333
1 0.23900000000000002 0.5436666666666666 0.013000000000000001 0.020666666666666667
1 0.41075 0.5296666666666666 0.0105 0.015333333333333332
0 0.429 0.5316666666666666 0.012 0.033999999999999996
0 0.70975 0.7196666666666667 0.0275 0.03133333333333333
7 0.74425 0.5926666666666667 0.0535 0.05733333333333333
0 0.43525 0.46099999999999997 0.0075 0.026
4 0.059250000000000004 0.29166666666666663 0.0405 0.03666666666666667
3 0.0955 0.2866666666666667 0.034 0.030666666666666665
3 0.1275 0.2816666666666667 0.029 0.028666666666666667
3 0.166 0.2856666666666667 0.032 0.028666666666666667
3 0.1915 0.27066666666666667 0.026000000000000002 0.026666666666666665
3 0.2265 0.25766666666666665 0.022 0.02733333333333333
3 0.27 0.261 0.033 0.026
3 0.29775 0.25166666666666665 0.0285 0.024666666666666667
3 0.3725 0.22066666666666665 0.041 0.022666666666666665
3 0.42225 0.19266666666666665 0.0365 0.02
3 0.4855 0.16166666666666665 0.032 0.018
3 0.47875 0.24066666666666667 0.0405 0.025333333333333333
0 0.33575 0.22166666666666665 0.0055 0.019333333333333334
3 0.537 0.25566666666666665 0.037 0.028666666666666667
3 0.5205 0.20966666666666667 0.035 0.022
3 0.5355 0.19366666666666665 0.038 0.02333333333333333
4 0.48325 0.14766666666666667 0.025500000000000002 0.018
3 0.50025 0.14666666666666667 0.0275 0.017333333333333333
3 0.50025 0.13666666666666666 0.0245 0.013333333333333332
0 0.5485 0.23066666666666666 0.007 0.021333333333333333
1 0.553 0.30766666666666664 0.009000000000000001 0.018
3 0.645 0.246 0.044 0.032
3 0.65925 0.22966666666666666 0.0395 0.02733333333333333
3 0.6717500000000001 0.21266666666666667 0.0385 0.024
1 0.63125 0.12366666666666666 0.0045000000000000005 0.014
2 0.63075 0.12466666666666666 0.006500000000000001 0.009333333333333332
3 0.64775 0.11166666666666666 0.0265 0.014
3 0.58425 0.09566666666666666 0.0245 0.015333333333333332
3 0.62875 0.06566666666666666 0.0175 0.011333333333333332
3 0.7425 0.09266666666666666 0.026000000000000002 0.013333333333333332
8 0.64975 0.048 0.0205 0.024
8 0.6980000000000001 0.05566666666666666 0.021 0.026
3 0.7312500000000001 0.057666666666666665 0.0205 0.011333333333333332
3 0.7342500000000001 0.051666666666666666 0.0195 0.008666666666666666
3 0.75025 0.04066666666666666 0.0175 0.009333333333333332
3 0.76725 0.028666666666666667 0.0165 0.008
3 0.75425 0.11766666666666667 0.0115 0.018
