0 0.11285714285714285 0.33904761904761904 0.02 0.04
0 0.2825 0.42952380952380953 0.015 0.049523809523809526
0 0.49178571428571427 0.6823809523809524 0.027857142857142858 0.08476190476190476
0 0.5839285714285715 0.6795238095238095 0.027857142857142858 0.08476190476190476
0 0.6153571428571428 0.7471428571428571 0.03214285714285714 0.1
0 0.6392857142857142 0.6952380952380952 0.024285714285714285 0.09333333333333334
0 0.6621428571428571 0.689047619047619 0.032857142857142856 0.10571428571428572
0 0.8796428571428572 0.9595238095238096 0.052142857142857144 0.07904761904761905
9 0.3875 0.3119047619047619 0.016428571428571428 0.018095238095238095
1 0.5503571428571429 0.4895238095238095 0.02214285714285714 0.0380952380952381
0 0.56 0.5695238095238095 0.017142857142857144 0.06476190476190476
0 0.58 0.5719047619047619 0.02 0.06761904761904762
0 0.6128571428571429 0.5871428571428572 0.017142857142857144 0.07523809523809524
0 0.6021428571428571 0.5719047619047619 0.012857142857142857 0.06571428571428571
0 0.5917857142857142 0.5247619047619048 0.020714285714285713 0.06285714285714286
0 0.5764285714285714 0.5271428571428571 0.012857142857142857 0.06
0 0.5539285714285714 0.5547619047619048 0.017857142857142856 0.06761904761904762
0 0.5589285714285714 0.5419047619047619 0.016428571428571428 0.06285714285714286
2 0.5442857142857143 0.8447619047619047 0.06714285714285714 0.09714285714285714
0 0.5339285714285714 0.7676190476190476 0.025 0.09142857142857143
1 0.5542857142857143 0.7714285714285715 0.03428571428571429 0.07809523809523809
0 0.6 0.3823809523809524 0.014285714285714285 0.03333333333333333
2 0.6539285714285714 0.9566666666666667 0.06642857142857143 0.08476190476190476
