3 0.1354384133611691 0.0088126159554731 0.008872651356993735 0.010204081632653062
3 0.1450939457202505 0.013450834879406308 0.009394572025052192 0.010204081632653062
4 0.142223382045929 0.0037105751391465678 0.009916492693110646 0.0074211502782931356
3 0.010177453027139873 0.3390538033395176 0.013048016701461376 0.015769944341372914
9 0.17171189979123172 0.4383116883116883 0.0073068893528183704 0.01948051948051948
9 0.1894572025052192 0.4795918367346939 0.005219206680584551 0.01855287569573284
9 0.20302713987473903 0.4749536178107607 0.006263048016701461 0.01855287569573284
9 0.2168580375782881 0.46289424860853434 0.008872651356993735 0.016697588126159554
9 0.22781837160751564 0.4554730983302412 0.007828810020876827 0.014842300556586271
9 0.23825678496868474 0.4512987012987013 0.006784968684759916 0.013914656771799629
9 0.2528705636743215 0.44387755102040816 0.007828810020876827 0.015769944341372914
9 0.2653966597077244 0.4355287569573284 0.007828810020876827 0.015769944341372914
9 0.27244258872651356 0.4332096474953618 0.0073068893528183704 0.01855287569573284
3 0.25652400835073064 0.3780148423005566 0.022442588726513567 0.03803339517625232
3 0.1677974947807933 0.577922077922078 0.032881002087682666 0.03710575139146568
3 0.15005219206680584 0.5584415584415584 0.0057411273486430055 0.014842300556586271
9 0.5354906054279749 0.5459183673469388 0.005219206680584551 0.0176252319109462
8 0.5263569937369519 0.7634508348794063 0.05271398747390396 0.0927643784786642
3 0.5532359081419623 0.9151205936920223 0.05949895615866388 0.06771799628942486
6 0.5117432150313151 0.9721706864564008 0.032881002087682666 0.05194805194805195
3 0.7009394572025052 0.8093692022263451 0.05427974947807933 0.08256029684601113
6 0.7179018789144049 0.7769016697588126 0.0360125260960334 0.05844155844155844
9 0.7400835073068893 0.8130797773654916 0.011482254697286011 0.02504638218923933
9 0.7596555323590813 0.8130797773654916 0.017223382045929016 0.030612244897959183
9 0.7439979123173277 0.7954545454545454 0.006784968684759916 0.01948051948051948
0 0.7275574112734864 0.7277365491651206 0.006263048016701461 0.02504638218923933
0 0.7351252609603339 0.7305194805194806 0.006784968684759916 0.021335807050092765
0 0.7400835073068893 0.7583487940630798 0.006263048016701461 0.013914656771799629
0 0.7398225469728601 0.7713358070500927 0.007828810020876827 0.013914656771799629
0 0.731732776617954 0.7639146567717996 0.006263048016701461 0.015769944341372914
2 0.7609603340292275 0.7286641929499073 0.011482254697286011 0.026901669758812616
9 0.7554801670146137 0.7091836734693878 0.009916492693110646 0.0176252319109462
3 0.7914926931106471 0.6859925788497218 0.0464509394572025 0.06029684601113173
3 0.8019311064718162 0.6623376623376623 0.04227557411273486 0.059369202226345084
9 0.8243736951983298 0.6521335807050093 0.009916492693110646 0.020408163265306124
9 0.8350730688935281 0.6456400742115028 0.014613778705636741 0.02411873840445269
0 0.8533402922755741 0.6512059369202227 0.0041753653444676405 0.025974025974025976
0 0.862473903966597 0.6363636363636364 0.0057411273486430055 0.020408163265306124
3 0.8525574112734864 0.6057513914656771 0.03810020876826722 0.05194805194805195
3 0.9086638830897703 0.9174397031539889 0.039665970772442584 0.07977736549165121
9 0.8679540709812108 0.8807977736549165 0.009394572025052192 0.036178107606679034
9 0.9154488517745302 0.8692022263450835 0.013569937369519832 0.022263450834879406
3 0.8640396659707723 0.8158627087198516 0.04331941544885177 0.07142857142857142
3 0.9180584551148224 0.7068645640074211 0.03444676409185803 0.055658627087198514
3 0.8872651356993736 0.5320037105751392 0.039665970772442584 0.043599257884972174
9 0.9350208768267222 0.5111317254174397 0.012004175365344467 0.016697588126159554
3 0.9248434237995824 0.48098330241187387 0.038622129436325675 0.039888682745825604
3 0.938152400835073 0.46938775510204084 0.03705636743215031 0.04081632653061225
0 0.911795407098121 0.4387755102040816 0.0041753653444676405 0.01855287569573284
