3 0.27 0.16714285714285715 0.022857142857142857 0.039047619047619046
3 0.18178571428571427 0.16 0.035 0.022857142857142857
3 0.17535714285714285 0.1742857142857143 0.03785714285714286 0.026666666666666665
9 0.19678571428571429 0.1376190476190476 0.010714285714285714 0.018095238095238095
9 0.17964285714285713 0.13666666666666666 0.007857142857142858 0.02
9 0.23964285714285713 0.1438095238095238 0.007857142857142858 0.017142857142857144
9 0.23285714285714285 0.1419047619047619 0.005714285714285714 0.015238095238095238
9 0.2275 0.1419047619047619 0.007857142857142858 0.015238095238095238
9 0.17285714285714285 0.13714285714285715 0.008571428571428572 0.015238095238095238
2 0.19142857142857142 0.13952380952380952 0.007142857142857143 0.012380952380952381
3 0.34535714285714286 0.2219047619047619 0.03642857142857143 0.026666666666666665
3 0.17285714285714285 0.2842857142857143 0.032857142857142856 0.037142857142857144
3 0.19464285714285715 0.2876190476190476 0.029285714285714286 0.03238095238095238
1 0.09964285714285714 0.2914285714285714 0.007857142857142858 0.017142857142857144
9 0.09964285714285714 0.29523809523809524 0.015 0.011428571428571429
9 0.175 0.3676190476190476 0.015714285714285715 0.017142857142857144
1 0.17142857142857143 0.3647619047619048 0.01 0.017142857142857144
1 0.12 0.33666666666666667 0.014285714285714285 0.012380952380952381
0 0.11428571428571428 0.3323809523809524 0.01 0.02095238095238095
3 0.2775 0.26476190476190475 0.027857142857142858 0.047619047619047616
3 0.2975 0.2671428571428571 0.023571428571428573 0.04285714285714286
3 0.4175 0.20952380952380953 0.027857142857142858 0.04
3 0.48214285714285715 0.21523809523809523 0.025714285714285714 0.045714285714285714
3 0.55 0.19 0.02 0.04476190476190476
3 0.5703571428571429 0.19 0.020714285714285713 0.035238095238095235
3 0.5964285714285714 0.11523809523809524 0.02142857142857143 0.03238095238095238
3 0.5464285714285714 0.13 0.03857142857142857 0.023809523809523808
0 0.5292857142857142 0.3495238095238095 0.008571428571428572 0.01904761904761905
0 0.5392857142857143 0.36428571428571427 0.007142857142857143 0.025714285714285714
1 0.5421428571428571 0.41 0.007142857142857143 0.02
1 0.5246428571428572 0.4142857142857143 0.009285714285714286 0.015238095238095238
1 0.5175 0.379047619047619 0.0064285714285714285 0.015238095238095238
1 0.4442857142857143 0.40476190476190477 0.008571428571428572 0.01904761904761905
1 0.5753571428571429 0.3519047619047619 0.009285714285714286 0.018095238095238095
1 0.5825 0.3142857142857143 0.0064285714285714285 0.017142857142857144
1 0.5892857142857143 0.33476190476190476 0.01 0.02
1 0.6046428571428571 0.33380952380952383 0.012142857142857143 0.018095238095238095
1 0.5928571428571429 0.2671428571428571 0.007142857142857143 0.018095238095238095
1 0.6171428571428571 0.34714285714285714 0.007142857142857143 0.018095238095238095
1 0.6175 0.3647619047619048 0.010714285714285714 0.01904761904761905
1 0.6292857142857143 0.3676190476190476 0.008571428571428572 0.01904761904761905
1 0.6421428571428571 0.2895238095238095 0.01 0.015238095238095238
1 0.6096428571428572 0.28476190476190477 0.007857142857142858 0.015238095238095238
1 0.6021428571428571 0.2542857142857143 0.007142857142857143 0.015238095238095238
1 0.5925 0.23952380952380953 0.005 0.014285714285714285
1 0.6017857142857143 0.23238095238095238 0.0064285714285714285 0.015238095238095238
9 0.6017857142857143 0.23523809523809525 0.007857142857142858 0.017142857142857144
9 0.5921428571428572 0.23952380952380953 0.007142857142857143 0.014285714285714285
9 0.6021428571428571 0.2571428571428571 0.007142857142857143 0.017142857142857144
9 0.5925 0.2719047619047619 0.007857142857142858 0.021904761904761906
9 0.6417857142857143 0.2895238095238095 0.007857142857142858 0.022857142857142857
2 0.6114285714285714 0.29 0.007142857142857143 0.02
2 0.5821428571428572 0.319047619047619 0.007142857142857143 0.01904761904761905
9 0.5892857142857143 0.34 0.01 0.01904761904761905
9 0.6071428571428571 0.33904761904761904 0.01 0.02095238095238095
9 0.6153571428571428 0.3519047619047619 0.009285714285714286 0.018095238095238095
9 0.6171428571428571 0.37 0.012857142857142857 0.02
9 0.6289285714285714 0.37238095238095237 0.010714285714285714 0.02095238095238095
9 0.575 0.3566666666666667 0.008571428571428572 0.018095238095238095
9 0.5421428571428571 0.4119047619047619 0.017142857142857144 0.012380952380952381
9 0.5246428571428572 0.4166666666666667 0.007857142857142858 0.02
9 0.5178571428571429 0.3838095238095238 0.015714285714285715 0.02095238095238095
9 0.44285714285714284 0.4095238095238095 0.018571428571428572 0.013333333333333332
3 0.05714285714285714 0.4138095238095238 0.05285714285714286 0.039047619047619046
3 0.16964285714285715 0.4519047619047619 0.05785714285714286 0.04476190476190476
3 0.14 0.5242857142857142 0.06 0.04476190476190476
3 0.12178571428571429 0.48 0.052142857142857144 0.0380952380952381
3 0.2367857142857143 0.48142857142857143 0.055 0.040952380952380955
3 0.34035714285714286 0.5147619047619048 0.05928571428571429 0.04285714285714286
3 0.37214285714285716 0.5738095238095238 0.06 0.04857142857142857
1 0.01892857142857143 0.5847619047619048 0.016428571428571428 0.022857142857142857
1 0.1225 0.6114285714285714 0.015 0.02095238095238095
1 0.22964285714285715 0.6547619047619048 0.012142857142857143 0.02
1 0.2867857142857143 0.6771428571428572 0.013571428571428571 0.017142857142857144
1 0.2839285714285714 0.6938095238095238 0.016428571428571428 0.021904761904761906
1 0.16464285714285715 0.6338095238095238 0.015 0.01619047619047619
1 0.15785714285714286 0.6523809523809524 0.015714285714285715 0.022857142857142857
1 0.31464285714285717 0.7195238095238096 0.015 0.018095238095238095
1 0.36964285714285716 0.7242857142857143 0.012142857142857143 0.02
1 0.42214285714285715 0.7071428571428572 0.012857142857142857 0.02
2 0.023928571428571428 0.5871428571428572 0.023571428571428573 0.02
2 0.17 0.6352380952380953 0.02 0.01904761904761905
2 0.1625 0.6566666666666666 0.019285714285714285 0.01619047619047619
9 0.12678571428571428 0.6147619047619047 0.025 0.02
9 0.2342857142857143 0.6566666666666666 0.02142857142857143 0.02
9 0.2875 0.6947619047619048 0.02214285714285714 0.018095238095238095
9 0.28964285714285715 0.6819047619047619 0.02214285714285714 0.013333333333333332
9 0.3167857142857143 0.7223809523809523 0.02214285714285714 0.02
9 0.37214285714285716 0.7271428571428571 0.022857142857142857 0.021904761904761906
2 0.4228571428571429 0.7066666666666667 0.022857142857142857 0.013333333333333332
9 0.20392857142857143 0.6895238095238095 0.019285714285714285 0.015238095238095238
3 0.48964285714285716 0.5547619047619048 0.05785714285714286 0.037142857142857144
3 0.6128571428571429 0.5347619047619048 0.06142857142857143 0.04285714285714286
1 0.5671428571428572 0.6666666666666666 0.012857142857142857 0.015238095238095238
1 0.5675 0.6919047619047619 0.012142857142857143 0.02
1 0.4492857142857143 0.669047619047619 0.011428571428571429 0.014285714285714285
9 0.4496428571428571 0.6719047619047619 0.025 0.014285714285714285
9 0.5671428571428572 0.6923809523809524 0.022857142857142857 0.01904761904761905
2 0.5675 0.6695238095238095 0.023571428571428573 0.015238095238095238
2 0.48 0.85 0.02 0.03333333333333333
9 0.6203571428571428 0.8971428571428571 0.016428571428571428 0.03238095238095238
1 0.6214285714285714 0.8966666666666666 0.014285714285714285 0.02
1 0.47964285714285715 0.8466666666666667 0.015 0.01904761904761905
1 0.4 0.9914285714285714 0.014285714285714285 0.015238095238095238
0 0.0175 0.8219047619047619 0.025 0.017142857142857144
0 0.02035714285714286 0.8119047619047619 0.019285714285714285 0.02
2 0.044642857142857144 0.8419047619047619 0.030714285714285715 0.024761904761904763
3 0.82 0.7623809523809524 0.07 0.07523809523809524
3 0.9525 0.7152380952380952 0.08071428571428571 0.05333333333333333
0 0.8796428571428572 0.44476190476190475 0.019285714285714285 0.024761904761904763
0 0.9064285714285715 0.41 0.017142857142857144 0.02
4 0.9521428571428572 0.4076190476190476 0.03428571428571429 0.06857142857142857
1 0.8992857142857142 0.5071428571428571 0.014285714285714285 0.02
1 0.9039285714285714 0.5819047619047619 0.013571428571428571 0.017142857142857144
1 0.9017857142857143 0.65 0.017857142857142856 0.018095238095238095
1 0.8271428571428572 0.5795238095238096 0.01 0.018095238095238095
1 0.7792857142857142 0.6047619047619047 0.012857142857142857 0.022857142857142857
1 0.7192857142857143 0.6647619047619048 0.014285714285714285 0.017142857142857144
1 0.7678571428571429 0.6966666666666667 0.017142857142857144 0.02
9 0.8946428571428572 0.5114285714285715 0.02214285714285714 0.02095238095238095
9 0.7764285714285715 0.6071428571428571 0.017142857142857144 0.02
9 0.8942857142857142 0.6519047619047619 0.027142857142857142 0.025714285714285714
9 0.7192857142857143 0.6647619047619048 0.02 0.03238095238095238
9 0.7678571428571429 0.6995238095238095 0.02142857142857143 0.021904761904761906
2 0.8246428571428571 0.5823809523809523 0.017857142857142856 0.021904761904761906
2 0.9017857142857143 0.5852380952380952 0.02214285714285714 0.02
9 0.49964285714285717 0.1519047619047619 0.009285714285714286 0.01619047619047619
9 0.495 0.1523809523809524 0.012857142857142857 0.015238095238095238
9 0.48464285714285715 0.1595238095238095 0.015 0.018095238095238095
2 0.48964285714285716 0.1595238095238095 0.012142857142857143 0.012380952380952381
3 0.5146428571428572 0.14904761904761904 0.030714285714285715 0.03142857142857143
0 0.5753571428571429 0.10952380952380952 0.0035714285714285713 0.015238095238095238
9 0.5396428571428571 0.11238095238095239 0.015 0.009523809523809525
3 0.5542857142857143 0.10523809523809524 0.03142857142857143 0.021904761904761906
3 0.5514285714285714 0.09238095238095238 0.03 0.015238095238095238
3 0.5471428571428572 0.07952380952380952 0.032857142857142856 0.021904761904761906
3 0.5471428571428572 0.06952380952380953 0.03428571428571429 0.01904761904761905
0 0.5728571428571428 0.047619047619047616 0.002857142857142857 0.01904761904761905
1 0.5775 0.04666666666666667 0.005 0.007619047619047619
9 0.5771428571428572 0.051904761904761905 0.004285714285714286 0.010476190476190476
9 0.5403571428571429 0.04476190476190476 0.010714285714285714 0.015238095238095238
9 0.5525 0.05 0.010714285714285714 0.012380952380952381
9 0.5646428571428571 0.06428571428571428 0.012142857142857143 0.012380952380952381
9 0.565 0.056666666666666664 0.01 0.008571428571428572
9 0.5664285714285714 0.05142857142857143 0.011428571428571429 0.009523809523809525
9 0.5671428571428572 0.047142857142857146 0.01 0.012380952380952381
9 0.5646428571428571 0.0419047619047619 0.012142857142857143 0.009523809523809525
0 0.5753571428571429 0.029047619047619048 0.0035714285714285713 0.014285714285714285
0 0.5778571428571428 0.027142857142857142 0.004285714285714286 0.012380952380952381
4 0.5521428571428572 0.03190476190476191 0.027142857142857142 0.02
4 0.5492857142857143 0.005238095238095238 0.025714285714285714 0.012380952380952381
3 0.6671428571428571 0.047142857142857146 0.017142857142857144 0.02761904761904762
3 0.6728571428571428 0.07238095238095238 0.015714285714285715 0.024761904761904763
3 0.6767857142857143 0.09238095238095238 0.016428571428571428 0.030476190476190476
3 0.6821428571428572 0.1219047619047619 0.02 0.03619047619047619
3 0.6571428571428571 0.11476190476190476 0.02 0.035238095238095235
3 0.6896428571428571 0.15428571428571428 0.02214285714285714 0.03428571428571429
3 0.6471428571428571 0.20476190476190476 0.022857142857142857 0.04
3 0.6517857142857143 0.24428571428571427 0.019285714285714285 0.04285714285714286
3 0.6696428571428571 0.21714285714285714 0.019285714285714285 0.04
3 0.6778571428571428 0.2638095238095238 0.022857142857142857 0.04380952380952381
3 0.6521428571428571 0.31761904761904763 0.02 0.04476190476190476
3 0.6814285714285714 0.31523809523809526 0.025714285714285714 0.049523809523809526
3 0.7196428571428571 0.3271428571428571 0.027857142857142858 0.05047619047619047
4 0.7067857142857142 0.27666666666666667 0.02642857142857143 0.05238095238095238
8 0.7017857142857142 0.20904761904761904 0.04071428571428572 0.1
1 0.7803571428571429 0.19238095238095237 0.007857142857142858 0.015238095238095238
2 0.7817857142857143 0.19476190476190477 0.007857142857142858 0.02
9 0.7403571428571428 0.08761904761904762 0.0064285714285714285 0.015238095238095238
1 0.7421428571428571 0.08476190476190476 0.007142857142857143 0.015238095238095238
