0 0.043841336116910226 0.24025974025974026 0.008350730688935281 0.020408163265306124
9 0.05923799582463465 0.23515769944341372 0.010960334029227557 0.012059369202226345
9 0.10464509394572025 0.28988868274582563 0.009916492693110646 0.013914656771799629
9 0.11325678496868474 0.30287569573283857 0.014613778705636741 0.0176252319109462
9 0.08872651356993735 0.3525046382189239 0.013569937369519832 0.014842300556586271
3 0.04123173277661795 0.19851576994434136 0.027139874739039664 0.025974025974025976
3 0.08768267223382045 0.19758812615955473 0.020876826722338204 0.03710575139146568
3 0.10099164926931105 0.24628942486085342 0.01826722338204593 0.036178107606679034
3 0.14770354906054278 0.3042671614100186 0.022964509394572022 0.0352504638218924
3 0.15996868475991646 0.25463821892393323 0.02139874739039666 0.03246753246753247
5 0.009133611691022964 0.011131725417439703 0.01826722338204593 0.02411873840445269
3 0.021920668058455113 0.08116883116883117 0.016701461377870562 0.0287569573283859
5 0.05193110647181628 0.11549165120593692 0.02661795407098121 0.036178107606679034
3 0.019572025052192066 0.026901669758812616 0.010960334029227557 0.01855287569573284
3 0.03470772442588726 0.04452690166975881 0.009916492693110646 0.012987012987012988
5 0.04279749478079332 0.04730983302411874 0.011482254697286011 0.01855287569573284
3 0.05297494780793319 0.06076066790352505 0.015135699373695197 0.015769944341372914
3 0.06967640918580376 0.07653061224489796 0.013048016701461376 0.01948051948051948
3 0.0795929018789144 0.08905380333951762 0.013048016701461376 0.014842300556586271
3 0.08846555323590813 0.10204081632653061 0.014091858037578286 0.020408163265306124
3 0.11038622129436325 0.12291280148423006 0.016179540709812108 0.02319109461966605
3 0.12265135699373694 0.13775510204081634 0.016701461377870562 0.01948051948051948
3 0.13700417536534445 0.1521335807050093 0.017223382045929016 0.020408163265306124
1 0.015396659707724424 0.21799628942486085 0.009916492693110646 0.011131725417439703
3 0.15005219206680584 0.16512059369202226 0.01826722338204593 0.02411873840445269
4 0.16466597077244258 0.17810760667903525 0.01826722338204593 0.027829313543599257
3 0.1779749478079332 0.19573283858998144 0.01774530271398747 0.022263450834879406
3 0.19467640918580373 0.21335807050092764 0.019832985386221292 0.027829313543599257
3 0.2113778705636743 0.23283858998144713 0.022964509394572022 0.027829313543599257
3 0.22860125260960332 0.2504638218923933 0.020876826722338204 0.025974025974025976
3 0.2332985386221294 0.27690166975881264 0.021920668058455113 0.030612244897959183
6 0.24895615866388307 0.26669758812615957 0.016701461377870562 0.0287569573283859
3 0.26878914405010434 0.29267161410018555 0.024008350730688934 0.030612244897959183
3 0.29175365344467635 0.3167903525046382 0.025052192066805843 0.030612244897959183
3 0.21372651356993735 0.3965677179962894 0.03183716075156576 0.043599257884972174
3 0.18658663883089768 0.35482374768089053 0.020354906054279746 0.041743970315398886
3 0.26878914405010434 0.4735621521335807 0.029227557411273482 0.04730983302411874
4 0.2463465553235908 0.44063079777365494 0.025052192066805843 0.0463821892393321
3 0.30584551148225464 0.34183673469387754 0.025052192066805843 0.03246753246753247
7 0.318893528183716 0.3891465677179963 0.020876826722338204 0.041743970315398886
0 0.8186325678496867 0.7342300556586271 0.009916492693110646 0.026901669758812616
0 0.7267745302713987 0.6934137291280148 0.008872651356993735 0.026901669758812616
0 0.6944154488517744 0.6808905380333952 0.007828810020876827 0.02411873840445269
5 0.6542275574112735 0.3784786641929499 0.06837160751565761 0.0686456400742115
3 0.43241127348643 0.47170686456400746 0.03496868475991649 0.043599257884972174
2 0.40370563674321497 0.41233766233766234 0.013048016701461376 0.015769944341372914
0 0.4164926931106471 0.3998144712430427 0.006263048016701461 0.025974025974025976
3 0.37395615866388304 0.19341372912801486 0.022442588726513567 0.0287569573283859
3 0.35412317327766174 0.4800556586270872 0.023486430062630476 0.045454545454545456
3 0.33794363256784965 0.3678107606679035 0.02974947807933194 0.03432282003710575
3 0.36534446764091855 0.3970315398886827 0.028183716075156573 0.0352504638218924
3 0.2635699373695198 0.13079777365491652 0.016701461377870562 0.04081632653061225
9 0.24869519832985384 0.5125231910946196 0.016179540709812108 0.021335807050092765
9 0.24712943632567846 0.5037105751391465 0.016179540709812108 0.020408163265306124
6 0.23538622129436323 0.4958256029684601 0.022964509394572022 0.02504638218923933
6 0.22416492693110646 0.48794063079777367 0.020354906054279746 0.016697588126159554
6 0.21946764091858034 0.48283858998144713 0.02139874739039666 0.01948051948051948
9 0.19702505219206679 0.47263450834879406 0.016179540709812108 0.0176252319109462
9 0.18632567849686846 0.49860853432282004 0.006263048016701461 0.02319109461966605
9 0.23042797494780792 0.47263450834879406 0.010960334029227557 0.015769944341372914
9 0.21007306889352817 0.4512987012987013 0.017223382045929016 0.01948051948051948
2 0.16753653444676408 0.38636363636363635 0.016701461377870562 0.015769944341372914
9 0.15292275574112732 0.35482374768089053 0.008350730688935281 0.013914656771799629
9 0.15422755741127347 0.37337662337662336 0.013048016701461376 0.015769944341372914
9 0.17066805845511482 0.4100185528756957 0.015657620041753653 0.011131725417439703
9 0.16049060542797494 0.43460111317254174 0.007828810020876827 0.030612244897959183
3 0.6082985386221293 0.8956400742115028 0.062108559498956155 0.08256029684601113
9 0.14144050104384132 0.3395176252319109 0.014613778705636741 0.016697588126159554
9 0.12865344467640918 0.32606679035250463 0.020354906054279746 0.01948051948051948
3 0.10438413361169101 0.021799628942486087 0.016701461377870562 0.021335807050092765
3 0.9029227557411272 0.075139146567718 0.020876826722338204 0.022263450834879406
