3 0.33 0.8690476190476191 0.14857142857142858 0.09047619047619047
3 0.3196428571428571 0.7619047619047619 0.145 0.08761904761904762
3 0.17535714285714285 0.33714285714285713 0.06642857142857143 0.12571428571428572
3 0.3489285714285714 0.23238095238095238 0.11642857142857142 0.07428571428571429
3 0.34714285714285714 0.1619047619047619 0.11 0.07428571428571429
3 0.35035714285714287 0.0919047619047619 0.115 0.08095238095238096
3 0.2075 0.026666666666666665 0.052142857142857144 0.05333333333333333
3 0.07464285714285715 0.3314285714285714 0.07214285714285715 0.15428571428571428
3 0.0175 0.24761904761904763 0.035 0.1523809523809524
3 0.12035714285714286 0.7095238095238096 0.08214285714285714 0.19238095238095237
3 0.6742857142857143 0.9547619047619048 0.15142857142857144 0.08857142857142856
4 0.6471428571428571 0.8323809523809523 0.15714285714285714 0.0838095238095238
3 0.6578571428571428 0.4442857142857143 0.12714285714285714 0.07714285714285714
0 0.5246428571428572 0.47714285714285715 0.020714285714285713 0.04
0 0.4525 0.056666666666666664 0.015 0.04666666666666667
3 0.34464285714285714 0.46714285714285714 0.12214285714285714 0.08285714285714285
