1 0.12785714285714286 0.53 0.025714285714285714 0.039047619047619046
9 0.13142857142857142 0.5347619047619048 0.027142857142857142 0.06380952380952382
4 0.8921428571428571 0.6271428571428571 0.18 0.15714285714285714
3 0.2275 0.39380952380952383 0.09214285714285714 0.08666666666666667
3 0.39964285714285713 0.4342857142857143 0.10071428571428571 0.09523809523809523
4 0.49 0.19380952380952382 0.06857142857142857 0.06952380952380953
5 0.5967857142857143 0.36238095238095236 0.14357142857142857 0.12285714285714286
9 0.7696428571428572 0.4119047619047619 0.052142857142857144 0.029523809523809525
2 0.7371428571428571 0.37952380952380954 0.04428571428571428 0.05238095238095238
0 0.51 0.4338095238095238 0.01 0.04857142857142857
0 0.0525 0.10476190476190476 0.015 0.04
0 0.04214285714285714 0.10714285714285714 0.015714285714285715 0.04476190476190476
0 0.365 0.2795238095238095 0.012857142857142857 0.05047619047619047
0 0.5321428571428571 0.40523809523809523 0.02 0.04285714285714286
0 0.5917857142857142 0.3323809523809524 0.017857142857142856 0.03428571428571429
3 0.4692857142857143 0.05714285714285714 0.06428571428571428 0.05523809523809524
3 0.4942857142857143 0.029523809523809525 0.05714285714285714 0.047619047619047616
9 0.01 0.10142857142857142 0.02 0.039047619047619046
1 0.005357142857142857 0.09523809523809523 0.012142857142857143 0.026666666666666665
5 0.04535714285714286 0.06761904761904762 0.07357142857142857 0.08
1 0.125 0.18904761904761905 0.012857142857142857 0.023809523809523808
1 0.30214285714285716 0.2571428571428571 0.012857142857142857 0.045714285714285714
1 0.41214285714285714 0.3271428571428571 0.012857142857142857 0.04285714285714286
1 0.4375 0.28476190476190477 0.015 0.03238095238095238
1 0.39535714285714285 0.18476190476190477 0.012142857142857143 0.0419047619047619
1 0.4592857142857143 0.30714285714285716 0.01 0.018095238095238095
0 0.5325 0.3295238095238095 0.013571428571428571 0.026666666666666665
0 0.5375 0.3142857142857143 0.009285714285714286 0.03238095238095238
0 0.5467857142857143 0.30238095238095236 0.012142857142857143 0.03333333333333333
3 0.8821428571428571 0.13714285714285715 0.047142857142857146 0.07238095238095238
9 0.59 0.2619047619047619 0.037142857142857144 0.0380952380952381
0 0.49535714285714283 0.23666666666666666 0.015 0.035238095238095235
2 0.5117857142857143 0.2842857142857143 0.025 0.037142857142857144
2 0.4925 0.24666666666666667 0.015 0.04
6 0.4639285714285714 0.3223809523809524 0.04214285714285714 0.04857142857142857
2 0.43964285714285717 0.29714285714285715 0.017857142857142856 0.0380952380952381
2 0.41464285714285715 0.3323809523809524 0.03214285714285714 0.03238095238095238
2 0.39535714285714285 0.19380952380952382 0.025 0.029523809523809525
9 0.3028571428571429 0.2619047619047619 0.03142857142857143 0.030476190476190476
9 0.12928571428571428 0.20238095238095238 0.02 0.029523809523809525
6 0.38035714285714284 0.09761904761904762 0.04357142857142857 0.040952380952380955
9 0.35964285714285715 0.039523809523809524 0.015 0.02761904761904762
9 0.3225 0.05476190476190476 0.019285714285714285 0.021904761904761906
0 0.22214285714285714 0.13380952380952382 0.017142857142857144 0.037142857142857144
0 0.3439285714285714 0.2119047619047619 0.012142857142857143 0.04476190476190476
0 0.36142857142857143 0.20476190476190476 0.012857142857142857 0.045714285714285714
0 0.28464285714285714 0.21428571428571427 0.015 0.0419047619047619
0 0.235 0.1819047619047619 0.014285714285714285 0.03619047619047619
0 0.34535714285714286 0.17952380952380953 0.009285714285714286 0.025714285714285714
0 0.30464285714285716 0.18428571428571427 0.012142857142857143 0.035238095238095235
6 0.2889285714285714 0.19 0.035 0.035238095238095235
6 0.34 0.1976190476190476 0.032857142857142856 0.04666666666666667
6 0.3442857142857143 0.13952380952380952 0.04428571428571428 0.037142857142857144
3 0.5389285714285714 0.012380952380952381 0.04928571428571429 0.024761904761904763
