3 0.1 0.43952380952380954 0.06428571428571428 0.04285714285714286
7 0.16392857142857142 0.46523809523809523 0.030714285714285715 0.03142857142857143
7 0.2275 0.5076190476190476 0.03214285714285714 0.06095238095238095
4 0.2625 0.5123809523809524 0.03357142857142857 0.06666666666666667
4 0.29964285714285716 0.5171428571428571 0.029285714285714286 0.07428571428571429
3 0.40464285714285714 0.5166666666666667 0.027857142857142858 0.07333333333333333
3 0.4421428571428571 0.5147619047619048 0.027142857142857142 0.07523809523809524
3 0.48964285714285716 0.5090476190476191 0.03214285714285714 0.07333333333333333
9 0.58 0.6842857142857143 0.011428571428571429 0.04285714285714286
1 0.58 0.6766666666666666 0.007142857142857143 0.02761904761904762
3 0.2914285714285714 0.7295238095238096 0.08428571428571428 0.06476190476190476
0 0.34214285714285714 0.83 0.012857142857142857 0.02
3 0.225 0.6895238095238095 0.054285714285714284 0.09333333333333334
3 0.1975 0.6714285714285714 0.045 0.0838095238095238
3 0.15928571428571428 0.6266666666666667 0.05285714285714286 0.04380952380952381
5 0.3342857142857143 0.97 0.04428571428571428 0.058095238095238096
4 0.7021428571428572 0.9471428571428572 0.037142857142857144 0.1019047619047619
9 0.6417857142857143 0.4895238095238095 0.010714285714285714 0.03238095238095238
1 0.6428571428571429 0.4795238095238095 0.005714285714285714 0.012380952380952381
1 0.6421428571428571 0.48714285714285716 0.007142857142857143 0.014285714285714285
9 0.6617857142857143 0.3919047619047619 0.007857142857142858 0.023809523809523808
9 0.6878571428571428 0.36142857142857143 0.007142857142857143 0.023809523809523808
9 0.6125 0.3223809523809524 0.009285714285714286 0.02761904761904762
1 0.6621428571428571 0.3871428571428571 0.004285714285714286 0.018095238095238095
1 0.6896428571428571 0.3547619047619048 0.005 0.02
1 0.6146428571428572 0.31666666666666665 0.005 0.012380952380952381
1 0.6146428571428572 0.31142857142857144 0.005 0.013333333333333332
9 0.48035714285714287 0.3676190476190476 0.013571428571428571 0.030476190476190476
9 0.5196428571428572 0.4038095238095238 0.025 0.017142857142857144
6 0.5271428571428571 0.38904761904761903 0.017142857142857144 0.010476190476190476
9 0.5246428571428572 0.36523809523809525 0.02214285714285714 0.01619047619047619
9 0.5271428571428571 0.3519047619047619 0.02 0.014285714285714285
9 0.5278571428571428 0.37714285714285717 0.02142857142857143 0.011428571428571429
7 0.6725 0.2966666666666667 0.017857142857142856 0.04476190476190476
3 0.5996428571428571 0.1719047619047619 0.025 0.04285714285714286
9 0.5696428571428571 0.17952380952380953 0.017857142857142856 0.014285714285714285
7 0.655 0.0719047619047619 0.012857142857142857 0.03142857142857143
9 0.7096428571428571 0.05476190476190476 0.007857142857142858 0.021904761904761906
1 0.7096428571428571 0.05238095238095238 0.005 0.015238095238095238
3 0.7228571428571429 0.4642857142857143 0.025714285714285714 0.06
0 0.8039285714285714 0.3547619047619048 0.0064285714285714285 0.023809523809523808
0 0.8025 0.32476190476190475 0.0064285714285714285 0.024761904761904763
9 0.8028571428571428 0.2719047619047619 0.008571428571428572 0.02761904761904762
0 0.8021428571428572 0.21476190476190476 0.007142857142857143 0.018095238095238095
3 0.7342857142857143 0.22142857142857142 0.024285714285714285 0.04666666666666667
3 0.62 0.06761904761904762 0.017142857142857144 0.04
3 0.6264285714285714 0.034761904761904765 0.017142857142857144 0.02761904761904762
5 0.7375 0.12476190476190477 0.025 0.07428571428571429
3 0.031785714285714285 0.41714285714285715 0.062142857142857146 0.0419047619047619
3 0.5646428571428571 0.3342857142857143 0.030714285714285715 0.06285714285714286
