3 0.26 0.8996666666666666 0.03 0.041999999999999996
3 0.325 0.7826666666666666 0.03 0.04933333333333333
3 0.421 0.7306666666666667 0.025 0.042666666666666665
3 0.47550000000000003 0.6986666666666667 0.027 0.03866666666666667
3 0.5535 0.5026666666666666 0.015 0.025333333333333333
3 0.588 0.43166666666666664 0.016 0.016666666666666666
3 0.63475 0.4126666666666666 0.0145 0.018666666666666665
3 0.61475 0.36866666666666664 0.0125 0.014666666666666666
3 0.5905 0.39866666666666667 0.013000000000000001 0.014666666666666666
3 0.6567500000000001 0.44866666666666666 0.0135 0.02
3 0.685 0.31466666666666665 0.008 0.014666666666666666
3 0.69675 0.3456666666666667 0.0115 0.011333333333333332
3 0.67125 0.252 0.006500000000000001 0.012
3 0.714 0.22766666666666666 0.005 0.008666666666666666
3 0.72075 0.21166666666666667 0.0055 0.006
3 0.6032500000000001 0.31966666666666665 0.0105 0.012666666666666666
3 0.5855 0.3486666666666667 0.009000000000000001 0.013333333333333332
3 0.59225 0.33666666666666667 0.0105 0.014666666666666666
3 0.578 0.36166666666666664 0.013000000000000001 0.012666666666666666
3 0.56675 0.37966666666666665 0.0125 0.014
3 0.5575 0.39366666666666666 0.013000000000000001 0.016666666666666666
3 0.5425 0.41966666666666663 0.013000000000000001 0.018
3 0.675 0.5196666666666666 0.013000000000000001 0.019333333333333334
3 0.681 0.5016666666666667 0.014 0.016666666666666666
3 0.68075 0.48466666666666663 0.0125 0.017333333333333333
3 0.6880000000000001 0.4696666666666667 0.018000000000000002 0.020666666666666667
3 0.6920000000000001 0.45266666666666666 0.017 0.018666666666666665
3 0.69375 0.43666666666666665 0.0145 0.012
3 0.69825 0.42366666666666664 0.0135 0.015333333333333332
3 0.70075 0.412 0.0115 0.016
0 0.69975 0.49066666666666664 0.0075 0.010666666666666666
0 0.7125 0.45966666666666667 0.005 0.012666666666666666
0 0.68525 0.5586666666666666 0.0095 0.014666666666666666
0 0.6485 0.8906666666666666 0.009000000000000001 0.018666666666666665
0 0.65925 0.9016666666666666 0.0085 0.020666666666666667
0 0.6755 0.8956666666666666 0.005 0.019333333333333334
0 0.64025 0.9296666666666666 0.0085 0.024666666666666667
1 0.57925 0.8516666666666667 0.0075 0.014
2 0.58075 0.8636666666666666 0.0085 0.015333333333333332
2 0.5415 0.9786666666666667 0.013000000000000001 0.012
1 0.542 0.9656666666666667 0.008 0.012666666666666666
3 0.2915 0.8346666666666667 0.037 0.05466666666666666
3 0.37 0.7066666666666667 0.027 0.04
3 0.5235 0.45066666666666666 0.013000000000000001 0.018666666666666665
3 0.51375 0.4676666666666667 0.0145 0.016666666666666666
3 0.50125 0.483 0.0135 0.018
3 0.492 0.49866666666666665 0.014 0.02
0 0.39375 0.6836666666666666 0.0095 0.018
3 0.6025 0.844 0.025 0.048
3 0.5945 0.9006666666666666 0.026000000000000002 0.05333333333333333
3 0.57625 0.966 0.0225 0.052
3 0.645 0.7396666666666667 0.032 0.04066666666666666
1 0.5935 0.6926666666666667 0.006 0.018666666666666665
1 0.6695 0.48766666666666664 0.004 0.011333333333333332
1 0.665 0.5016666666666667 0.005 0.011333333333333332
1 0.616 0.6346666666666666 0.004 0.014666666666666666
1 0.65925 0.5286666666666666 0.0035 0.013333333333333332
1 0.6535 0.5446666666666666 0.005 0.013333333333333332
1 0.67875 0.5816666666666667 0.0045000000000000005 0.014
1 0.6607500000000001 0.5826666666666667 0.0055 0.016
1 0.64175 0.5836666666666667 0.0045000000000000005 0.012666666666666666
2 0.677 0.586 0.014 0.008
2 0.6607500000000001 0.5836666666666667 0.0135 0.011333333333333332
2 0.64225 0.5886666666666667 0.0075 0.010666666666666666
9 0.6155 0.639 0.016 0.01
9 0.65375 0.5506666666666666 0.0045000000000000005 0.014666666666666666
9 0.65825 0.5306666666666666 0.0055 0.013333333333333332
9 0.6655 0.5056666666666666 0.007 0.011333333333333332
9 0.67025 0.49066666666666664 0.0035 0.012
9 0.517 0.48766666666666664 0.005 0.011333333333333332
9 0.497 0.5566666666666666 0.007 0.018666666666666665
9 0.45375 0.5966666666666667 0.0075 0.013333333333333332
9 0.4505 0.5646666666666667 0.005 0.012
9 0.47675 0.532 0.0055 0.012
1 0.47625 0.5216666666666666 0.0045000000000000005 0.011333333333333332
1 0.47725 0.5276666666666666 0.0035 0.01
1 0.451 0.5576666666666666 0.004 0.011333333333333332
1 0.452 0.5776666666666667 0.005 0.012666666666666666
1 0.45425 0.5926666666666667 0.0045000000000000005 0.013333333333333332
1 0.49625 0.5576666666666666 0.0045000000000000005 0.012666666666666666
1 0.51775 0.48166666666666663 0.0045000000000000005 0.008666666666666666
2 0.553 0.422 0.004 0.012
2 0.5705 0.39199999999999996 0.004 0.008
9 0.58075 0.38366666666666666 0.0035 0.008666666666666666
9 0.6165 0.31266666666666665 0.003 0.006666666666666666
2 0.613 0.32166666666666666 0.004 0.007333333333333333
2 0.594 0.3516666666666666 0.004 0.008666666666666666
0 0.56375 0.36966666666666664 0.0035 0.01
1 0.61675 0.30866666666666664 0.0025 0.006666666666666666
1 0.613 0.31866666666666665 0.003 0.008
1 0.59375 0.3486666666666667 0.0025 0.009333333333333332
1 0.58075 0.38066666666666665 0.0035 0.009333333333333332
1 0.5705 0.38766666666666666 0.003 0.008666666666666666
1 0.5535 0.41766666666666663 0.003 0.011333333333333332
1 0.679 0.42 0.003 0.012
3 0.714 0.3436666666666667 0.007 0.011333333333333332
3 0.71 0.36766666666666664 0.008 0.011333333333333332
3 0.70825 0.37766666666666665 0.006500000000000001 0.012666666666666666
3 0.70575 0.38766666666666666 0.0075 0.012666666666666666
3 0.7355 0.25566666666666665 0.006 0.01
3 0.7342500000000001 0.26266666666666666 0.006500000000000001 0.008
3 0.73275 0.27166666666666667 0.006500000000000001 0.008666666666666666
3 0.731 0.2786666666666667 0.006 0.008
3 0.7285 0.2906666666666667 0.006 0.009333333333333332
3 0.72575 0.29766666666666663 0.006500000000000001 0.011333333333333332
3 0.725 0.30466666666666664 0.007 0.012
3 0.74275 0.22666666666666666 0.0075 0.009333333333333332
3 0.74025 0.23666666666666666 0.0055 0.006666666666666666
3 0.73925 0.24166666666666667 0.006500000000000001 0.01
3 0.75275 0.18366666666666667 0.0055 0.01
3 0.73475 0.18966666666666665 0.0055 0.007333333333333333
3 0.715 0.20266666666666666 0.006 0.006666666666666666
3 0.6950000000000001 0.20466666666666666 0.005 0.006666666666666666
3 0.69225 0.19666666666666666 0.0045000000000000005 0.006666666666666666
3 0.68975 0.20199999999999999 0.0045000000000000005 0.008
3 0.70125 0.19566666666666666 0.0055 0.006
3 0.7455 0.14066666666666666 0.004 0.005333333333333333
3 0.74025 0.13866666666666666 0.0025 0.005333333333333333
3 0.73775 0.14566666666666667 0.0045000000000000005 0.004666666666666666
3 0.73675 0.12066666666666666 0.0035 0.005333333333333333
3 0.7265 0.13166666666666665 0.003 0.004666666666666666
3 0.73275 0.13066666666666665 0.0035 0.005333333333333333
3 0.7315 0.13766666666666666 0.004 0.004666666666666666
3 0.73575 0.13366666666666666 0.0035 0.004666666666666666
3 0.7212500000000001 0.14266666666666666 0.0035 0.005333333333333333
3 0.716 0.15166666666666667 0.004 0.004666666666666666
3 0.7222500000000001 0.15066666666666667 0.0035 0.005333333333333333
3 0.7125 0.159 0.004 0.006
3 0.7192500000000001 0.15866666666666665 0.0035 0.005333333333333333
3 0.7155 0.16666666666666666 0.005 0.006666666666666666
3 0.70575 0.17166666666666666 0.0045000000000000005 0.007333333333333333
3 0.708 0.16466666666666666 0.004 0.005333333333333333
3 0.70875 0.16866666666666666 0.0055 0.006666666666666666
3 0.709 0.17766666666666667 0.004 0.006
3 0.708 0.18066666666666667 0.005 0.006666666666666666
3 0.70625 0.18366666666666667 0.0045000000000000005 0.006
3 0.7045 0.18766666666666665 0.005 0.007333333333333333
8 0.6995 0.18066666666666667 0.008 0.013333333333333332
8 0.71775 0.19566666666666666 0.0195 0.016666666666666666
8 0.68 0.22166666666666665 0.01 0.018
8 0.75675 0.11666666666666667 0.0045000000000000005 0.009333333333333332
3 0.7535000000000001 0.11466666666666667 0.003 0.005333333333333333
3 0.751 0.122 0.003 0.004
3 0.75 0.126 0.003 0.004
3 0.75325 0.12766666666666665 0.0035 0.004666666666666666
4 0.74825 0.12966666666666665 0.0035 0.004666666666666666
3 0.73875 0.11466666666666667 0.0055 0.004
3 0.69675 0.157 0.0045000000000000005 0.006
3 0.6950000000000001 0.16066666666666665 0.004 0.005333333333333333
3 0.69325 0.16666666666666666 0.0045000000000000005 0.006666666666666666
3 0.71225 0.13866666666666666 0.0035 0.005333333333333333
3 0.7065 0.14766666666666667 0.004 0.004666666666666666
8 0.63325 0.26566666666666666 0.0145 0.022
3 0.62675 0.2796666666666667 0.0075 0.01
3 0.655 0.23266666666666666 0.006 0.008
3 0.65325 0.238 0.0055 0.008
3 0.65025 0.242 0.006500000000000001 0.008
3 0.64675 0.24766666666666665 0.006500000000000001 0.007333333333333333
3 0.644 0.25266666666666665 0.006 0.006666666666666666
3 0.64125 0.25766666666666665 0.0055 0.008666666666666666
3 0.67225 0.19866666666666666 0.0055 0.006666666666666666
3 0.67275 0.20466666666666666 0.0055 0.006666666666666666
3 0.671 0.21066666666666667 0.006 0.008
3 0.6667500000000001 0.21366666666666667 0.0055 0.007333333333333333
3 0.66425 0.21866666666666665 0.006500000000000001 0.008
3 0.6625 0.22166666666666665 0.007 0.007333333333333333
3 0.65925 0.22666666666666666 0.006500000000000001 0.009333333333333332
1 0.43375 0.6356666666666666 0.0045000000000000005 0.016666666666666666
1 0.4285 0.6436666666666666 0.005 0.015333333333333332
1 0.3945 0.6516666666666666 0.005 0.014
2 0.395 0.6576666666666666 0.009000000000000001 0.019333333333333334
2 0.43625 0.642 0.0085 0.016
9 0.43 0.647 0.014 0.018
9 0.59175 0.698 0.0145 0.016
7 0.32125 0.9016666666666666 0.0195 0.04066666666666666
5 0.9385 0.45866666666666667 0.053 0.042666666666666665
0 0.74225 0.5306666666666666 0.0045000000000000005 0.013333333333333332
0 0.73775 0.5306666666666666 0.0035 0.014666666666666666
