3 0.22535714285714287 0.9519047619047619 0.18214285714285713 0.09428571428571429
4 0.5596428571428571 0.7966666666666666 0.085 0.24666666666666667
3 0.24464285714285713 0.8276190476190476 0.21214285714285713 0.1980952380952381
4 0.27785714285714286 0.6647619047619048 0.16857142857142857 0.14666666666666667
4 0.5592857142857143 0.4119047619047619 0.055714285714285716 0.1419047619047619
4 0.33214285714285713 0.44 0.12285714285714286 0.09904761904761905
3 0.3192857142857143 0.5376190476190477 0.15857142857142856 0.12476190476190477
0 0.47285714285714286 0.8495238095238096 0.02857142857142857 0.06476190476190476
0 0.4425 0.8295238095238096 0.03357142857142857 0.06095238095238095
0 0.4392857142857143 0.7171428571428572 0.025714285714285714 0.05523809523809524
0 0.4639285714285714 0.3076190476190476 0.012142857142857143 0.05142857142857143
0 0.48 0.3047619047619048 0.011428571428571429 0.049523809523809526
3 0.34535714285714286 0.37142857142857144 0.10928571428571429 0.07238095238095238
3 0.36464285714285716 0.30714285714285716 0.11214285714285714 0.06952380952380953
3 0.55 0.3223809523809524 0.05 0.1019047619047619
3 0.5425 0.1823809523809524 0.03785714285714286 0.07523809523809524
3 0.5425 0.11476190476190476 0.035 0.06190476190476191
4 0.5353571428571429 0.06761904761904762 0.03214285714285714 0.06666666666666667
3 0.37392857142857144 0.25523809523809526 0.09642857142857143 0.06285714285714286
4 0.3871428571428571 0.20476190476190476 0.09285714285714286 0.07238095238095238
4 0.41 0.1019047619047619 0.07 0.05523809523809524
3 0.42214285714285715 0.07714285714285714 0.07285714285714286 0.049523809523809526
3 0.43214285714285716 0.049523809523809526 0.07 0.04
3 0.43392857142857144 0.029047619047619048 0.062142857142857146 0.04476190476190476
0 0.39714285714285713 0.04 0.007142857142857143 0.03238095238095238
3 0.4367857142857143 0.014285714285714285 0.056428571428571425 0.026666666666666665
2 0.67 0.20476190476190476 0.03 0.024761904761904763
0 0.21964285714285714 0.23952380952380953 0.017857142857142856 0.04476190476190476
3 0.045 0.43476190476190474 0.09 0.1019047619047619
3 0.0275 0.33476190476190476 0.056428571428571425 0.12476190476190477
3 0.07964285714285714 0.36238095238095236 0.09785714285714285 0.08476190476190476
4 0.13 0.2895238095238095 0.09142857142857143 0.09714285714285714
4 0.15964285714285714 0.2219047619047619 0.06785714285714285 0.08952380952380952
4 0.1825 0.17714285714285713 0.065 0.08
4 0.10178571428571428 0.15428571428571428 0.08214285714285714 0.08
4 0.17142857142857143 0.09476190476190476 0.05142857142857143 0.06952380952380953
3 0.23714285714285716 0.11190476190476191 0.047142857142857146 0.05619047619047619
3 0.28214285714285714 0.07666666666666666 0.04285714285714286 0.05238095238095238
3 0.29035714285714287 0.021904761904761906 0.056428571428571425 0.04
3 0.3075 0.012380952380952381 0.055 0.026666666666666665
3 0.22464285714285714 0.02238095238095238 0.047857142857142855 0.04666666666666667
9 0.11785714285714285 0.05476190476190476 0.027142857142857142 0.023809523809523808
9 0.10035714285714285 0.06761904761904762 0.023571428571428573 0.017142857142857144
9 0.06785714285714285 0.06380952380952382 0.03142857142857143 0.02095238095238095
9 0.08464285714285714 0.05238095238095238 0.027857142857142858 0.024761904761904763
9 0.07392857142857143 0.05952380952380952 0.029285714285714286 0.02
