4 0.9570000000000001 0.8966666666666666 0.085 0.064
3 0.7195 0.8636666666666666 0.069 0.05533333333333333
3 0.56275 0.8636666666666666 0.0765 0.04466666666666667
3 0.47500000000000003 0.8586666666666667 0.078 0.036
3 0.358 0.856 0.058 0.028
3 0.276 0.8576666666666667 0.07 0.035333333333333335
4 0.08650000000000001 0.8576666666666667 0.088 0.041999999999999996
3 0.01325 0.8506666666666667 0.0265 0.03333333333333333
3 0.5760000000000001 0.5016666666666667 0.091 0.043333333333333335
3 0.595 0.3406666666666667 0.058 0.034666666666666665
3 0.4955 0.33866666666666667 0.057 0.032
3 0.37775000000000003 0.371 0.0395 0.03
3 0.0145 0.35266666666666663 0.029 0.028
3 0.0825 0.3446666666666667 0.053 0.032
3 0.23425 0.33899999999999997 0.0575 0.033999999999999996
4 0.31625000000000003 0.329 0.0615 0.038
0 0.577 0.29666666666666663 0.007 0.018666666666666665
9 0.55125 0.33666666666666667 0.0115 0.026666666666666665
9 0.44925 0.33866666666666667 0.0175 0.016
9 0.455 0.32666666666666666 0.016 0.013333333333333332
9 0.37025 0.32866666666666666 0.0135 0.02
2 0.383 0.33166666666666667 0.008 0.026
2 0.3895 0.33366666666666667 0.009000000000000001 0.02733333333333333
2 0.4025 0.33399999999999996 0.011 0.024
2 0.40975 0.33166666666666667 0.0055 0.024666666666666667
9 0.41775 0.33166666666666667 0.0095 0.02333333333333333
1 0.4165 0.32966666666666666 0.009000000000000001 0.015333333333333332
1 0.8220000000000001 0.3456666666666667 0.048 0.03266666666666666
1 0.95575 0.35466666666666663 0.0625 0.03866666666666667
0 0.8612500000000001 0.29666666666666663 0.0165 0.021333333333333333
9 0.36575 0.8176666666666667 0.0315 0.015333333333333332
1 0.36525 0.8196666666666667 0.0175 0.015333333333333332
0 0.67 0.845 0.013000000000000001 0.014
0 0.67325 0.8246666666666667 0.0145 0.013333333333333332
