0 0.13214285714285715 0.1219047619047619 0.03571428571428571 0.07809523809523809
0 0.2042857142857143 0.31952380952380954 0.04285714285714286 0.08476190476190476
0 0.29285714285714287 0.47714285714285715 0.04 0.08571428571428572
0 0.28464285714285714 0.4666666666666667 0.027857142857142858 0.06857142857142857
0 0.29678571428571426 0.4338095238095238 0.047857142857142855 0.07714285714285714
0 0.45535714285714285 0.4247619047619048 0.030714285714285715 0.08761904761904762
0 0.4367857142857143 0.4219047619047619 0.029285714285714286 0.07809523809523809
0 0.33785714285714286 0.24 0.03428571428571429 0.08952380952380952
0 0.31 0.3595238095238095 0.032857142857142856 0.08476190476190476
0 0.41714285714285715 0.08904761904761904 0.02 0.05238095238095238
0 0.34964285714285714 0.29523809523809524 0.03214285714285714 0.0761904761904762
0 0.3292857142857143 0.3323809523809524 0.025714285714285714 0.05523809523809524
0 0.08142857142857143 0.48904761904761906 0.047142857142857146 0.06380952380952382
0 0.08928571428571429 0.5614285714285714 0.05285714285714286 0.08666666666666667
0 0.062142857142857146 0.5142857142857142 0.04285714285714286 0.07238095238095238
0 0.06 0.4519047619047619 0.04857142857142857 0.08095238095238096
0 0.29464285714285715 0.17761904761904762 0.035 0.08476190476190476
0 0.27214285714285713 0.2019047619047619 0.025714285714285714 0.08571428571428572
0 0.48178571428571426 0.03380952380952381 0.020714285714285713 0.06761904761904762
0 0.6628571428571428 0.04476190476190476 0.018571428571428572 0.049523809523809526
0 0.9746428571428571 0.32 0.04928571428571429 0.09333333333333334
2 0.23964285714285713 0.029523809523809525 0.03785714285714286 0.05333333333333333
9 0.22142857142857142 0.02 0.04428571428571428 0.04
3 0.4575 0.5771428571428572 0.2292857142857143 0.2
3 0.7403571428571428 0.49952380952380954 0.24214285714285713 0.14952380952380953
0 0.3267857142857143 0.4042857142857143 0.03357142857142857 0.06761904761904762
