3 0.51 0.10977157360406091 0.017142857142857144 0.013959390862944161
3 0.49214285714285716 0.1364213197969543 0.017142857142857144 0.011421319796954314
3 0.5496428571428571 0.14784263959390861 0.019285714285714285 0.013959390862944161
3 0.4975 0.17703045685279187 0.009285714285714286 0.016497461928934008
3 0.5025 0.19670050761421318 0.007857142857142858 0.02030456852791878
3 0.5096428571428572 0.22017766497461927 0.009285714285714286 0.019035532994923856
3 0.5253571428571429 0.19416243654822332 0.009285714285714286 0.02030456852791878
3 0.5314285714285715 0.3115482233502538 0.011428571428571429 0.021573604060913704
3 0.5917857142857142 0.20050761421319796 0.010714285714285714 0.02030456852791878
3 0.5721428571428572 0.1916243654822335 0.01 0.017766497461928932
3 0.5796428571428571 0.12309644670050761 0.007857142857142858 0.015228426395939085
3 0.5714285714285714 0.09390862944162436 0.011428571428571429 0.015228426395939085
3 0.6221428571428571 0.061548223350253804 0.007142857142857143 0.013959390862944161
8 0.6 0.2112944162436548 0.015714285714285715 0.04187817258883248
3 0.5767857142857142 0.2614213197969543 0.012142857142857143 0.02284263959390863
3 0.6078571428571429 0.2531725888324873 0.01 0.021573604060913704
3 0.5828571428571429 0.3147208121827411 0.011428571428571429 0.02284263959390863
3 0.5928571428571429 0.33185279187817257 0.011428571428571429 0.026649746192893398
3 0.5675 0.3781725888324873 0.012142857142857143 0.027918781725888322
4 0.5617857142857143 0.33375634517766495 0.012142857142857143 0.025380710659898477
4 0.6042857142857143 0.40164974619289334 0.015714285714285715 0.04441624365482233
3 0.47464285714285714 0.4949238578680203 0.012142857142857143 0.03045685279187817
3 0.41035714285714286 0.5901015228426395 0.025 0.025380710659898477
3 0.5417857142857143 0.6262690355329948 0.016428571428571428 0.03934010152284264
3 0.5078571428571429 0.6967005076142131 0.015714285714285715 0.03807106598984771
3 0.47464285714285714 0.6770304568527918 0.015 0.03934010152284264
3 0.485 0.7246192893401014 0.015714285714285715 0.04568527918781726
3 0.43214285714285716 0.8686548223350253 0.02 0.04695431472081218
3 0.47 0.9098984771573604 0.02 0.048223350253807105
3 0.5975 0.9194162436548222 0.015 0.05964467005076142
3 0.6567857142857143 0.5609137055837563 0.013571428571428571 0.04060913705583756
3 0.6275 0.2696700507614213 0.009285714285714286 0.031725888324873094
3 0.6475 0.14530456852791876 0.007857142857142858 0.026649746192893398
3 0.6578571428571428 0.07804568527918782 0.008571428571428572 0.019035532994923856
8 0.6421428571428571 0.01713197969543147 0.012857142857142857 0.03426395939086294
3 0.6796428571428571 0.02030456852791878 0.007857142857142858 0.02030456852791878
3 0.6914285714285714 0.09708121827411166 0.008571428571428572 0.016497461928934008
3 0.6817857142857143 0.09263959390862943 0.009285714285714286 0.02030456852791878
5 0.6989285714285715 0.07423857868020305 0.010714285714285714 0.024111675126903553
3 0.6889285714285714 0.07677664974619289 0.007857142857142858 0.013959390862944161
3 0.7021428571428572 0.05837563451776649 0.007142857142857143 0.017766497461928932
3 0.7039285714285715 0.038705583756345176 0.0064285714285714285 0.013959390862944161
3 0.7067857142857142 0.019035532994923856 0.0064285714285714285 0.015228426395939085
3 0.695 0.03109137055837563 0.007142857142857143 0.013959390862944161
3 0.6978571428571428 0.004441624365482233 0.007142857142857143 0.008883248730964466
4 0.6971428571428572 0.016497461928934008 0.005714285714285714 0.012690355329949238
4 0.6928571428571428 0.052030456852791875 0.007142857142857143 0.015228426395939085
8 0.7589285714285714 0.17195431472081216 0.010714285714285714 0.04695431472081218
8 0.76 0.12880710659898476 0.011428571428571429 0.03934010152284264
8 0.8014285714285714 0.24936548223350252 0.047142857142857146 0.021573604060913704
3 0.3492857142857143 0.6116751269035533 0.03 0.027918781725888322
