3 0.6142857142857143 0.5203045685279187 0.02857142857142857 0.09137055837563451
3 0.39714285714285713 0.5862944162436547 0.03 0.08375634517766496
3 0.4446428571428571 0.1897208121827411 0.017857142857142856 0.04441624365482233
3 0.2817857142857143 0.7049492385786802 0.05928571428571429 0.09010152284263959
3 0.255 0.8318527918781725 0.054285714285714284 0.10279187817258882
3 0.2925 0.6541878172588832 0.04642857142857143 0.07994923857868019
3 0.11714285714285715 0.3648477157360406 0.047142857142857146 0.03426395939086294
3 0.065 0.36040609137055835 0.05714285714285714 0.035532994923857864
3 0.1717857142857143 0.3648477157360406 0.055 0.03426395939086294
3 0.22464285714285714 0.3661167512690355 0.04928571428571429 0.04441624365482233
4 0.29178571428571426 0.5203045685279187 0.05357142857142857 0.09137055837563451
4 0.23892857142857143 0.897208121827411 0.06357142857142857 0.13959390862944163
4 0.5425 0.08629441624365482 0.017857142857142856 0.04568527918781726
3 0.5371428571428571 0.949238578680203 0.04 0.09898477157360405
8 0.6867857142857143 0.7544416243654821 0.07928571428571428 0.3769035532994924
0 0.23714285714285716 0.758248730964467 0.012857142857142857 0.03426395939086294
0 0.3075 0.825507614213198 0.012142857142857143 0.04187817258883248
0 0.3 0.8267766497461928 0.01 0.03680203045685279
0 0.3221428571428571 0.7684010152284263 0.01 0.03680203045685279
0 0.31214285714285717 0.7703045685279187 0.01 0.04060913705583756
0 0.37464285714285717 0.31852791878172587 0.007857142857142858 0.032994923857868015
0 0.3964285714285714 0.2709390862944162 0.005714285714285714 0.029187817258883246
0 0.7692857142857142 0.26903553299492383 0.007142857142857143 0.032994923857868015
0 0.7567857142857143 0.2347715736040609 0.0064285714285714285 0.025380710659898477
0 0.7521428571428571 0.2480964467005076 0.007142857142857143 0.03426395939086294
