3 0.5114285714285715 0.01 0.04857142857142857 0.02
3 0.4471428571428571 0.01380952380952381 0.02 0.02761904761904762
3 0.5146428571428572 0.024761904761904763 0.04928571428571429 0.026666666666666665
3 0.52 0.049523809523809526 0.04428571428571428 0.030476190476190476
9 0.5128571428571429 0.06 0.018571428571428572 0.01904761904761905
9 0.5892857142857143 0.0038095238095238095 0.017142857142857144 0.007619047619047619
9 0.5896428571428571 0.007142857142857143 0.017857142857142856 0.012380952380952381
9 0.5896428571428571 0.017142857142857144 0.017857142857142856 0.017142857142857144
9 0.6096428571428572 0.004761904761904762 0.019285714285714285 0.009523809523809525
9 0.6117857142857143 0.009523809523809525 0.02214285714285714 0.007619047619047619
9 0.6121428571428571 0.016666666666666666 0.022857142857142857 0.010476190476190476
9 0.6096428571428572 0.02 0.017857142857142856 0.011428571428571429
9 0.615 0.047142857142857146 0.02 0.014285714285714285
9 0.5996428571428571 0.06952380952380953 0.017857142857142856 0.015238095238095238
9 0.5789285714285715 0.08142857142857143 0.007857142857142858 0.025714285714285714
0 0.5821428571428572 0.0719047619047619 0.004285714285714286 0.01619047619047619
0 0.5846428571428571 0.08 0.005 0.022857142857142857
0 0.5896428571428571 0.07666666666666666 0.005 0.018095238095238095
9 0.5992857142857143 0.0919047619047619 0.017142857142857144 0.01619047619047619
9 0.52 0.11142857142857143 0.015714285714285715 0.017142857142857144
9 0.5325 0.11238095238095239 0.017857142857142856 0.01904761904761905
9 0.5296428571428572 0.12238095238095238 0.02214285714285714 0.01619047619047619
9 0.5314285714285715 0.13 0.024285714285714285 0.01619047619047619
9 0.5221428571428571 0.14238095238095239 0.022857142857142857 0.02
9 0.52 0.15428571428571428 0.022857142857142857 0.017142857142857144
3 0.5178571428571429 0.18428571428571427 0.054285714285714284 0.04285714285714286
5 0.6171428571428571 0.2 0.027142857142857142 0.07047619047619047
3 0.525 0.2523809523809524 0.06142857142857143 0.03619047619047619
3 0.5275 0.28904761904761905 0.060714285714285714 0.037142857142857144
3 0.5339285714285714 0.3514285714285714 0.060714285714285714 0.0419047619047619
3 0.535 0.43761904761904763 0.06714285714285714 0.040952380952380955
3 0.5375 0.4795238095238095 0.052142857142857144 0.037142857142857144
3 0.5403571428571429 0.5176190476190476 0.06928571428571428 0.04285714285714286
3 0.6314285714285715 0.2642857142857143 0.04 0.06761904761904762
3 0.6421428571428571 0.32142857142857145 0.032857142857142856 0.06761904761904762
3 0.6521428571428571 0.4066666666666667 0.037142857142857144 0.08
3 0.6771428571428572 0.5323809523809524 0.04 0.08952380952380952
3 0.5471428571428572 0.5723809523809524 0.07285714285714286 0.0419047619047619
3 0.5446428571428571 0.6223809523809524 0.06928571428571428 0.04857142857142857
3 0.5471428571428572 0.6671428571428571 0.07571428571428572 0.05047619047619047
3 0.6928571428571428 0.6623809523809524 0.03857142857142857 0.1
4 0.5471428571428572 0.7247619047619047 0.07714285714285714 0.047619047619047616
3 0.5446428571428571 0.7966666666666666 0.08214285714285714 0.05047619047619047
3 0.16642857142857143 0.8966666666666666 0.08571428571428572 0.04857142857142857
4 0.795 0.8838095238095238 0.06857142857142857 0.10857142857142857
3 0.9103571428571429 0.8895238095238095 0.047857142857142855 0.12
3 0.9046428571428572 0.9866666666666667 0.095 0.024761904761904763
3 0.7742857142857142 0.9742857142857143 0.08714285714285715 0.049523809523809526
