3 0.21294363256784968 0.17625231910946196 0.022964509394572022 0.020408163265306124
5 0.693893528183716 0.475417439703154 0.13622129436325678 0.06771799628942486
3 0.6798016701461377 0.5867346938775511 0.03496868475991649 0.0287569573283859
4 0.5537578288100208 0.614100185528757 0.029227557411273482 0.059369202226345084
3 0.6764091858037578 0.6985157699443414 0.018789144050104383 0.06493506493506494
3 0.6197807933194154 0.6952690166975881 0.019311064718162838 0.06957328385899815
5 0.45433194154488515 0.3812615955473098 0.03914405010438413 0.027829313543599257
3 0.49660751565762 0.4800556586270872 0.03496868475991649 0.030612244897959183
3 0.45198329853862207 0.4795918367346939 0.032359081419624215 0.03153988868274583
8 0.35099164926931103 0.5626159554730983 0.08194154488517745 0.06029684601113173
4 0.35125260960334026 0.47263450834879406 0.038622129436325675 0.030612244897959183
9 0.38517745302713985 0.761595547309833 0.006263048016701461 0.03710575139146568
