0 0.7278571428571429 0.731904761904762 0.014285714285714285 0.05238095238095238
0 0.7053571428571429 0.7352380952380952 0.019285714285714285 0.045714285714285714
0 0.5403571428571429 0.49523809523809526 0.012142857142857143 0.0380952380952381
0 0.030357142857142857 0.7342857142857143 0.025 0.05523809523809524
0 0.01 0.46714285714285714 0.02 0.039047619047619046
1 0.4092857142857143 0.49952380952380954 0.017142857142857144 0.035238095238095235
9 0.4075 0.5019047619047619 0.03214285714285714 0.024761904761904763
3 0.7621428571428571 0.5566666666666666 0.09 0.05238095238095238
3 0.7096428571428571 0.4876190476190476 0.07785714285714286 0.0419047619047619
3 0.7496428571428572 0.5147619047619048 0.08214285714285714 0.04285714285714286
3 0.58 0.4452380952380952 0.054285714285714284 0.04476190476190476
3 0.6321428571428571 0.44 0.03571428571428571 0.047619047619047616
3 0.42928571428571427 0.38952380952380955 0.024285714285714285 0.03238095238095238
3 0.41964285714285715 0.3595238095238095 0.019285714285714285 0.021904761904761906
3 0.39714285714285713 0.32476190476190475 0.047142857142857146 0.026666666666666665
3 0.33964285714285714 0.36714285714285716 0.02214285714285714 0.029523809523809525
3 0.20964285714285713 0.3271428571428571 0.027857142857142858 0.03142857142857143
3 0.22642857142857142 0.2995238095238095 0.02142857142857143 0.02
3 0.24214285714285713 0.27666666666666667 0.02 0.02
3 0.2575 0.25666666666666665 0.015 0.01619047619047619
3 0.2617857142857143 0.24714285714285714 0.015 0.018095238095238095
3 0.26785714285714285 0.24 0.014285714285714285 0.015238095238095238
3 0.2725 0.23238095238095238 0.010714285714285714 0.015238095238095238
3 0.285 0.21476190476190476 0.011428571428571429 0.012380952380952381
3 0.305 0.2195238095238095 0.01 0.012380952380952381
3 0.4446428571428571 0.22428571428571428 0.02214285714285714 0.012380952380952381
3 0.4342857142857143 0.259047619047619 0.014285714285714285 0.015238095238095238
3 0.33464285714285713 0.34476190476190477 0.020714285714285713 0.024761904761904763
3 0.34 0.32476190476190475 0.02 0.024761904761904763
3 0.34 0.30952380952380953 0.02 0.024761904761904763
4 0.4575 0.24714285714285714 0.02642857142857143 0.018095238095238095
4 0.4546428571428571 0.24476190476190476 0.029285714285714286 0.017142857142857144
4 0.3964285714285714 0.37666666666666665 0.022857142857142857 0.04476190476190476
3 0.525 0.3595238095238095 0.047142857142857146 0.029523809523809525
3 0.51 0.3852380952380952 0.02857142857142857 0.03142857142857143
3 0.5167857142857143 0.3495238095238095 0.04642857142857143 0.030476190476190476
3 0.5053571428571428 0.3414285714285714 0.045 0.023809523809523808
3 0.5017857142857143 0.3319047619047619 0.045 0.023809523809523808
3 0.49464285714285716 0.32666666666666666 0.039285714285714285 0.022857142857142857
3 0.4925 0.31761904761904763 0.039285714285714285 0.023809523809523808
3 0.5717857142857142 0.3742857142857143 0.027857142857142858 0.04
3 0.6 0.37666666666666665 0.03 0.035238095238095235
3 0.6296428571428572 0.37476190476190474 0.03214285714285714 0.035238095238095235
3 0.7521428571428571 0.4247619047619048 0.04 0.045714285714285714
3 0.865 0.4166666666666667 0.05 0.04857142857142857
3 0.9 0.40904761904761905 0.03857142857142857 0.04476190476190476
3 0.9653571428571428 0.4595238095238095 0.06642857142857143 0.035238095238095235
3 0.9371428571428572 0.4147619047619048 0.05 0.04285714285714286
3 0.81 0.42428571428571427 0.05 0.04476190476190476
3 0.9675 0.4114285714285714 0.047857142857142855 0.0380952380952381
3 0.88 0.5019047619047619 0.07857142857142857 0.04380952380952381
3 0.8028571428571428 0.4766666666666667 0.06571428571428571 0.040952380952380955
3 0.8817857142857143 0.54 0.09071428571428572 0.05523809523809524
3 0.9675 0.5223809523809524 0.06357142857142857 0.05238095238095238
3 0.9689285714285715 0.48904761904761906 0.060714285714285714 0.04476190476190476
3 0.9146428571428571 0.3523809523809524 0.029285714285714286 0.03238095238095238
2 0.5889285714285715 0.4623809523809524 0.019285714285714285 0.02761904761904762
0 0.7139285714285715 0.7119047619047619 0.019285714285714285 0.058095238095238096
3 0.11464285714285714 0.3919047619047619 0.03785714285714286 0.03142857142857143
3 0.13 0.36714285714285716 0.032857142857142856 0.029523809523809525
3 0.15214285714285714 0.3414285714285714 0.03 0.03333333333333333
3 0.165 0.3242857142857143 0.03 0.02761904761904762
3 0.18178571428571427 0.30714285714285716 0.025 0.02761904761904762
3 0.12892857142857142 0.29904761904761906 0.025 0.02857142857142857
4 0.06964285714285715 0.23476190476190475 0.020714285714285713 0.021904761904761906
5 0.02892857142857143 0.20142857142857143 0.017857142857142856 0.023809523809523808
5 0.05178571428571429 0.19952380952380952 0.02214285714285714 0.02
5 0.046785714285714285 0.19 0.03214285714285714 0.021904761904761906
5 0.16214285714285714 0.18428571428571427 0.014285714285714285 0.02761904761904762
5 0.15178571428571427 0.17523809523809525 0.016428571428571428 0.022857142857142857
3 0.3975 0.31476190476190474 0.03785714285714286 0.02
3 0.3925 0.30428571428571427 0.03214285714285714 0.021904761904761906
4 0.39464285714285713 0.2919047619047619 0.035 0.02
3 0.3925 0.2823809523809524 0.030714285714285715 0.018095238095238095
0 0.33035714285714285 0.20666666666666667 0.005 0.009523809523809525
3 0.9453571428571429 0.8895238095238095 0.10785714285714286 0.10476190476190476
