3 0.2342857142857143 0.9771428571428571 0.014285714285714285 0.030476190476190476
4 0.2625 0.9547619047619048 0.015 0.025714285714285714
5 0.42214285714285715 0.8819047619047619 0.017142857142857144 0.0419047619047619
3 0.42678571428571427 0.7842857142857143 0.012142857142857143 0.02
3 0.42428571428571427 0.7571428571428571 0.01 0.01904761904761905
4 0.4417857142857143 0.8342857142857143 0.017857142857142856 0.022857142857142857
3 0.4467857142857143 0.8219047619047619 0.016428571428571428 0.01904761904761905
5 0.40214285714285714 0.7138095238095238 0.02 0.02
5 0.3842857142857143 0.6095238095238096 0.015714285714285715 0.026666666666666665
5 0.27214285714285713 0.5595238095238095 0.012857142857142857 0.018095238095238095
4 0.40714285714285714 0.5623809523809524 0.007142857142857143 0.010476190476190476
3 0.42964285714285716 0.69 0.015 0.012380952380952381
3 0.44642857142857145 0.6838095238095238 0.007142857142857143 0.015238095238095238
3 0.41035714285714286 0.6742857142857143 0.007857142857142858 0.015238095238095238
5 0.46964285714285714 0.6290476190476191 0.012142857142857143 0.03142857142857143
3 0.46714285714285714 0.7490476190476191 0.014285714285714285 0.012380952380952381
3 0.4664285714285714 0.7623809523809524 0.012857142857142857 0.012380952380952381
3 0.4675 0.7547619047619047 0.015 0.012380952380952381
5 0.5053571428571428 0.5676190476190476 0.020714285714285713 0.01904761904761905
5 0.415 0.5419047619047619 0.007142857142857143 0.013333333333333332
3 0.5078571428571429 0.5323809523809524 0.01 0.007619047619047619
3 0.5071428571428571 0.53 0.01 0.008571428571428572
3 0.5092857142857142 0.5266666666666666 0.01 0.007619047619047619
5 0.49464285714285716 0.5076190476190476 0.010714285714285714 0.024761904761904763
5 0.5092857142857142 0.4623809523809524 0.007142857142857143 0.012380952380952381
5 0.48714285714285716 0.4147619047619048 0.01 0.01619047619047619
8 0.47 0.4238095238095238 0.008571428571428572 0.015238095238095238
3 0.48964285714285716 0.38952380952380955 0.005 0.005714285714285714
3 0.5128571428571429 0.3419047619047619 0.002857142857142857 0.0038095238095238095
8 0.5296428571428572 0.31238095238095237 0.005 0.007619047619047619
3 0.5114285714285715 0.379047619047619 0.004285714285714286 0.005714285714285714
3 0.515 0.35904761904761906 0.002857142857142857 0.0038095238095238095
3 0.5171428571428571 0.3566666666666667 0.002857142857142857 0.004761904761904762
3 0.5189285714285714 0.3523809523809524 0.0035714285714285713 0.0038095238095238095
