4 0.031785714285714285 0.24936548223350252 0.05928571428571429 0.03934010152284264
4 0.13142857142857142 0.21573604060913704 0.06 0.03807106598984771
3 0.2639285714285714 0.1979695431472081 0.039285714285714285 0.032994923857868015
3 0.13964285714285715 0.20241116751269034 0.047857142857142855 0.031725888324873094
8 0.5178571428571429 0.47715736040609136 0.022857142857142857 0.10913705583756345
3 0.5589285714285714 0.4314720812182741 0.015 0.035532994923857864
0 0.375 0.6560913705583756 0.007142857142857143 0.02030456852791878
0 0.36714285714285716 0.6573604060913705 0.007142857142857143 0.025380710659898477
0 0.3653571428571429 0.640228426395939 0.005 0.016497461928934008
0 0.36678571428571427 0.6313451776649746 0.005 0.021573604060913704
0 0.37214285714285716 0.641497461928934 0.002857142857142857 0.013959390862944161
0 0.3692857142857143 0.6928934010152283 0.007142857142857143 0.02030456852791878
0 0.3692857142857143 0.7036802030456852 0.005714285714285714 0.021573604060913704
0 0.35285714285714287 0.699238578680203 0.005714285714285714 0.02030456852791878
0 0.34464285714285714 0.7271573604060914 0.005 0.017766497461928932
0 0.35 0.7201776649746192 0.004285714285714286 0.021573604060913704
0 0.35892857142857143 0.7246192893401014 0.0035714285714285713 0.017766497461928932
0 0.35928571428571426 0.7176395939086294 0.002857142857142857 0.011421319796954314
3 0.5664285714285714 0.3756345177664974 0.015714285714285715 0.03045685279187817
3 0.44785714285714284 0.324238578680203 0.012857142857142857 0.029187817258883246
3 0.5521428571428572 0.3178934010152284 0.012857142857142857 0.026649746192893398
8 0.5075 0.2975888324873096 0.016428571428571428 0.0748730964467005
8 0.5803571428571429 0.3045685279187817 0.03785714285714286 0.08629441624365482
3 0.49 0.13071065989847716 0.007142857142857143 0.015228426395939085
3 0.52 0.19289340101522842 0.008571428571428572 0.02030456852791878
3 0.4142857142857143 0.17068527918781726 0.008571428571428572 0.016497461928934008
0 0.38035714285714284 0.22588832487309643 0.0035714285714285713 0.015228426395939085
0 0.37035714285714283 0.22398477157360405 0.0035714285714285713 0.013959390862944161
0 0.3871428571428571 0.1979695431472081 0.002857142857142857 0.015228426395939085
0 0.37642857142857145 0.22588832487309643 0.002857142857142857 0.012690355329949238
0 0.3792857142857143 0.16243654822335024 0.002857142857142857 0.015228426395939085
3 0.39035714285714285 0.038705583756345176 0.0064285714285714285 0.013959390862944161
3 0.42178571428571426 0.04441624365482233 0.0064285714285714285 0.01015228426395939
3 0.43214285714285716 0.038705583756345176 0.007142857142857143 0.011421319796954314
8 0.44285714285714284 0.03616751269035533 0.01 0.03680203045685279
3 0.43 0.02982233502538071 0.005714285714285714 0.008883248730964466
3 0.42642857142857143 0.010786802030456852 0.005714285714285714 0.011421319796954314
3 0.4275 0.02030456852791878 0.005 0.0076142131979695426
0 0.5246428571428572 0.061548223350253804 0.002142857142857143 0.008883248730964466
0 0.5364285714285715 0.08312182741116751 0.0014285714285714286 0.008883248730964466
0 0.5428571428571428 0.10850253807106598 0.0014285714285714286 0.011421319796954314
0 0.5453571428571429 0.10088832487309644 0.002142857142857143 0.008883248730964466
0 0.5503571428571429 0.13071065989847716 0.002142857142857143 0.01015228426395939
0 0.5439285714285714 0.12944162436548223 0.002142857142857143 0.01015228426395939
0 0.5539285714285714 0.13071065989847716 0.002142857142857143 0.01015228426395939
0 0.5496428571428571 0.11230964467005075 0.002142857142857143 0.008883248730964466
0 0.5446428571428571 0.08121827411167512 0.002142857142857143 0.0076142131979695426
0 0.5639285714285714 0.15101522842639592 0.002142857142857143 0.012690355329949238
0 0.5692857142857143 0.18083756345177662 0.0014285714285714286 0.006345177664974619
0 0.5721428571428572 0.18083756345177662 0.002857142857142857 0.013959390862944161
0 0.5771428571428572 0.17703045685279187 0.002857142857142857 0.011421319796954314
0 0.5746428571428571 0.18210659898477155 0.002142857142857143 0.011421319796954314
0 0.5596428571428571 0.15355329949238578 0.002142857142857143 0.01015228426395939
0 0.5478571428571428 0.17005076142131978 0.002857142857142857 0.012690355329949238
0 0.5325 0.055837563451776644 0.002142857142857143 0.0076142131979695426
0 0.48464285714285715 0.010786802030456852 0.002142857142857143 0.008883248730964466
0 0.5825 0.03616751269035533 0.002142857142857143 0.011421319796954314
0 0.5417857142857143 0.08312182741116751 0.002142857142857143 0.008883248730964466
0 0.5271428571428571 0.07868020304568528 0.002857142857142857 0.0076142131979695426
0 0.5453571428571429 0.13197969543147206 0.002142857142857143 0.01015228426395939
0 0.5496428571428571 0.12182741116751268 0.002142857142857143 0.0076142131979695426
0 0.5821428571428572 0.2112944162436548 0.002857142857142857 0.013959390862944161
0 0.5871428571428572 0.21002538071065988 0.002857142857142857 0.016497461928934008
0 0.5796428571428571 0.2112944162436548 0.002142857142857143 0.013959390862944161
2 0.5596428571428571 0.2049492385786802 0.007857142857142858 0.011421319796954314
1 0.5928571428571429 0.266497461928934 0.002857142857142857 0.012690355329949238
1 0.5889285714285715 0.2614213197969543 0.0035714285714285713 0.012690355329949238
8 0.6142857142857143 0.6465736040609137 0.04857142857142857 0.15355329949238578
8 0.6821428571428572 0.631979695431472 0.032857142857142856 0.09390862944162436
0 0.68 0.5190355329949238 0.004285714285714286 0.017766497461928932
0 0.6564285714285715 0.45748730964467 0.002857142857142857 0.021573604060913704
0 0.6492857142857142 0.42576142131979694 0.002857142857142857 0.019035532994923856
0 0.6514285714285715 0.3705583756345177 0.002857142857142857 0.012690355329949238
0 0.6628571428571428 0.39403553299492383 0.002857142857142857 0.019035532994923856
0 0.6753571428571429 0.40609137055837563 0.0035714285714285713 0.02030456852791878
0 0.6471428571428571 0.3743654822335025 0.002857142857142857 0.015228426395939085
0 0.6253571428571428 0.3743654822335025 0.002142857142857143 0.012690355329949238
0 0.6296428571428572 0.3781725888324873 0.002142857142857143 0.015228426395939085
0 0.6346428571428572 0.39530456852791873 0.002142857142857143 0.013959390862944161
0 0.6371428571428571 0.3756345177664974 0.002857142857142857 0.02030456852791878
0 0.6471428571428571 0.4295685279187817 0.002857142857142857 0.021573604060913704
0 0.6428571428571429 0.37309644670050757 0.002857142857142857 0.017766497461928932
0 0.6525 0.4549492385786802 0.005 0.021573604060913704
8 0.6189285714285714 0.40736040609137053 0.04071428571428572 0.09644670050761421
0 0.6121428571428571 0.34010152284263956 0.002857142857142857 0.015228426395939085
0 0.6075 0.30076142131979694 0.0035714285714285713 0.017766497461928932
0 0.6164285714285714 0.33883248730964466 0.002857142857142857 0.015228426395939085
0 0.6064285714285714 0.31916243654822335 0.002857142857142857 0.013959390862944161
0 0.6121428571428571 0.3229695431472081 0.002857142857142857 0.011421319796954314
0 0.6139285714285714 0.32043147208121825 0.002142857142857143 0.011421319796954314
0 0.6053571428571428 0.33312182741116747 0.002142857142857143 0.011421319796954314
0 0.6075 0.3229695431472081 0.002142857142857143 0.011421319796954314
0 0.6264285714285714 0.29378172588832485 0.002857142857142857 0.016497461928934008
0 0.6621428571428571 0.3692893401015228 0.002857142857142857 0.012690355329949238
0 0.6096428571428572 0.24682741116751267 0.002142857142857143 0.013959390862944161
0 0.605 0.2480964467005076 0.004285714285714286 0.013959390862944161
1 0.6646428571428571 0.1611675126903553 0.005 0.015228426395939085
1 0.6439285714285714 0.13071065989847716 0.005 0.012690355329949238
1 0.645 0.12055837563451775 0.002857142857142857 0.01015228426395939
0 0.6992857142857143 0.3508883248730964 0.004285714285714286 0.019035532994923856
0 0.7221428571428572 0.3781725888324873 0.004285714285714286 0.02030456852791878
0 0.7003571428571429 0.3642131979695431 0.0035714285714285713 0.015228426395939085
0 0.7042857142857143 0.3680203045685279 0.002857142857142857 0.015228426395939085
0 0.7096428571428571 0.37182741116751267 0.002142857142857143 0.015228426395939085
0 0.7625 0.47335025380710655 0.0035714285714285713 0.02030456852791878
0 0.7396428571428572 0.4441624365482233 0.005 0.02030456852791878
0 0.7471428571428571 0.45050761421319796 0.002857142857142857 0.015228426395939085
0 0.7425 0.5615482233502538 0.0035714285714285713 0.021573604060913704
0 0.7771428571428571 0.49809644670050757 0.004285714285714286 0.021573604060913704
0 0.7864285714285715 0.49682741116751267 0.002857142857142857 0.013959390862944161
0 0.79 0.5057106598984771 0.002857142857142857 0.016497461928934008
0 0.8967857142857143 0.9473350253807106 0.010714285714285714 0.031725888324873094
0 0.8853571428571428 0.9467005076142131 0.009285714285714286 0.032994923857868015
1 0.9925 0.4873096446700507 0.007857142857142858 0.027918781725888322
