0 0.01 0.6336666666666666 0.007 0.016666666666666666
0 0.017750000000000002 0.6276666666666666 0.0075 0.015333333333333332
3 0.17125 0.6866666666666666 0.029500000000000002 0.032
3 0.257 0.5666666666666667 0.028 0.028
3 0.2705 0.5576666666666666 0.031 0.022
3 0.28700000000000003 0.5476666666666666 0.028 0.024666666666666667
3 0.297 0.5376666666666666 0.027 0.020666666666666667
3 0.47050000000000003 0.655 0.035 0.022
3 0.444 0.6786666666666666 0.035 0.022666666666666665
3 0.436 0.6986666666666667 0.038 0.022666666666666665
3 0.40225 0.7276666666666667 0.0395 0.024666666666666667
3 0.369 0.7636666666666666 0.041 0.024666666666666667
3 0.34625 0.7879999999999999 0.0415 0.028
3 0.35225 0.8696666666666666 0.025500000000000002 0.049999999999999996
3 0.61525 0.7126666666666667 0.0415 0.026666666666666665
3 0.59125 0.7496666666666666 0.0445 0.02733333333333333
3 0.9852500000000001 0.7426666666666667 0.0285 0.029333333333333333
3 0.9912500000000001 0.7266666666666667 0.0165 0.018666666666666665
3 0.99225 0.7126666666666667 0.0145 0.02
3 0.987 0.7776666666666666 0.025 0.028666666666666667
3 0.9855 0.7976666666666666 0.028 0.03133333333333333
3 0.97775 0.8346666666666667 0.043500000000000004 0.042666666666666665
3 0.971 0.8516666666666667 0.05 0.043333333333333335
3 0.968 0.8736666666666666 0.058 0.051333333333333335
4 0.95775 0.8886666666666666 0.0445 0.050666666666666665
3 0.9540000000000001 0.9156666666666666 0.058 0.05266666666666667
3 0.94875 0.9366666666666666 0.0575 0.052
3 0.94675 0.9626666666666667 0.0575 0.05733333333333333
3 0.94225 0.9793333333333333 0.0585 0.04
