4 0.061785714285714284 0.8576190476190476 0.12214285714285714 0.15142857142857144
4 0.20214285714285715 0.5771428571428572 0.11714285714285715 0.12
3 0.21464285714285714 0.6838095238095238 0.125 0.13714285714285715
3 0.33035714285714285 0.4595238095238095 0.10928571428571429 0.11714285714285715
3 0.3817857142857143 0.5119047619047619 0.105 0.10952380952380952
3 0.34285714285714286 0.6742857142857143 0.12857142857142856 0.14476190476190476
4 0.3117857142857143 0.9014285714285715 0.14785714285714285 0.19523809523809524
3 0.455 0.72 0.12 0.16
3 0.5492857142857143 0.4576190476190476 0.09714285714285714 0.10952380952380952
3 0.5878571428571429 0.5323809523809524 0.11142857142857143 0.13904761904761906
3 0.5142857142857142 0.37714285714285717 0.1 0.10857142857142857
3 0.4392857142857143 0.3576190476190476 0.10142857142857142 0.09619047619047619
3 0.5421428571428571 0.25952380952380955 0.08714285714285715 0.07714285714285714
6 0.3475 0.1219047619047619 0.07357142857142857 0.05523809523809524
3 0.2692857142857143 0.17952380952380953 0.09285714285714286 0.09428571428571429
3 0.15214285714285714 0.26904761904761904 0.08428571428571428 0.09238095238095238
3 0.05964285714285714 0.3547619047619048 0.105 0.09238095238095238
3 0.040357142857142855 0.07952380952380952 0.045 0.05047619047619047
3 0.0975 0.017619047619047618 0.07357142857142857 0.035238095238095235
0 0.29428571428571426 0.09666666666666666 0.011428571428571429 0.02761904761904762
0 0.30464285714285716 0.08904761904761904 0.012142857142857143 0.025714285714285714
0 0.3167857142857143 0.08952380952380952 0.016428571428571428 0.03428571428571429
0 0.7092857142857143 0.16380952380952382 0.014285714285714285 0.049523809523809526
0 0.7289285714285715 0.11428571428571428 0.017857142857142856 0.047619047619047616
0 0.6971428571428572 0.36714285714285716 0.017142857142857144 0.04476190476190476
0 0.7071428571428572 0.03380952380952381 0.014285714285714285 0.05047619047619047
0 0.73 0.06142857142857143 0.018571428571428572 0.040952380952380955
1 0.6078571428571429 0.06190476190476191 0.02 0.0419047619047619
1 0.7346428571428572 0.4666666666666667 0.015 0.047619047619047616
1 0.9303571428571429 0.33714285714285713 0.027857142857142858 0.030476190476190476
9 0.9325 0.3523809523809524 0.052142857142857144 0.03238095238095238
2 0.7342857142857143 0.4742857142857143 0.03142857142857143 0.03238095238095238
2 0.605 0.08904761904761904 0.03 0.02761904761904762
0 0.21964285714285714 0.047142857142857146 0.012142857142857143 0.025714285714285714
1 0.23214285714285715 0.04904761904761905 0.012857142857142857 0.018095238095238095
0 0.6903571428571429 0.32142857142857145 0.02642857142857143 0.035238095238095235
1 0.2775 0.2519047619047619 0.02642857142857143 0.018095238095238095
9 0.2742857142857143 0.2714285714285714 0.04285714285714286 0.02095238095238095
0 0.7721428571428571 0.5866666666666667 0.017142857142857144 0.030476190476190476
