3 0.34785714285714286 0.315989847715736 0.024285714285714285 0.03045685279187817
8 0.3975 0.4314720812182741 0.027857142857142858 0.10659898477157359
3 0.3825 0.5602791878172588 0.015 0.03934010152284264
3 0.36392857142857143 0.6890862944162436 0.017857142857142856 0.048223350253807105
3 0.38285714285714284 0.7163705583756345 0.017142857142857144 0.052030456852791875
3 0.43535714285714283 0.6871827411167513 0.016428571428571428 0.049492385786802026
3 0.42642857142857143 0.2442893401015228 0.014285714285714285 0.03680203045685279
3 0.4375 0.31852791878172587 0.015 0.03045685279187817
3 0.46964285714285714 0.36675126903553296 0.012142857142857143 0.032994923857868015
5 0.4992857142857143 0.32677664974619286 0.017142857142857144 0.06218274111675126
3 0.4714285714285714 0.2715736040609137 0.011428571428571429 0.032994923857868015
3 0.47285714285714286 0.17258883248730963 0.01 0.027918781725888322
3 0.43714285714285717 0.17322335025380708 0.01 0.026649746192893398
3 0.445 0.10088832487309644 0.01 0.024111675126903553
3 0.41 0.02284263959390863 0.008571428571428572 0.02284263959390863
3 0.4367857142857143 0.041243654822335024 0.007857142857142858 0.016497461928934008
3 0.48892857142857143 0.04187817258883248 0.009285714285714286 0.02284263959390863
3 0.5003571428571428 0.06916243654822335 0.010714285714285714 0.024111675126903553
3 0.5275 0.16878172588832485 0.012142857142857143 0.03807106598984771
3 0.5196428571428572 0.12309644670050761 0.009285714285714286 0.032994923857868015
3 0.5367857142857143 0.07170050761421319 0.010714285714285714 0.031725888324873094
3 0.5921428571428572 0.06218274111675126 0.007142857142857143 0.025380710659898477
3 0.5771428571428572 0.15418781725888323 0.01 0.024111675126903553
3 0.5671428571428572 0.21256345177664973 0.01 0.031725888324873094
3 0.5442857142857143 0.5101522842639593 0.014285714285714285 0.06345177664974619
3 0.5703571428571429 0.831218274111675 0.015 0.08375634517766496
3 0.5889285714285715 0.01015228426395939 0.009285714285714286 0.02030456852791878
3 0.45785714285714285 0.0069796954314720805 0.008571428571428572 0.013959390862944161
