0 0.19464285714285715 0.6547619047619048 0.027857142857142858 0.11523809523809524
0 0.21785714285714286 0.5738095238095238 0.03428571428571429 0.0980952380952381
0 0.25285714285714284 0.5923809523809523 0.027142857142857142 0.09523809523809523
0 0.18142857142857144 0.5147619047619048 0.02857142857142857 0.07523809523809524
9 0.16535714285714287 0.5242857142857142 0.030714285714285715 0.06
0 0.13142857142857142 0.6523809523809524 0.03428571428571429 0.1219047619047619
0 0.17892857142857144 0.45714285714285713 0.019285714285714285 0.06476190476190476
0 0.1717857142857143 0.42952380952380953 0.016428571428571428 0.06476190476190476
0 0.1925 0.43238095238095237 0.015 0.06476190476190476
0 0.2664285714285714 0.5076190476190476 0.024285714285714285 0.0761904761904762
0 0.2717857142857143 0.48142857142857143 0.027857142857142858 0.07714285714285714
0 0.3092857142857143 0.51 0.017142857142857144 0.07523809523809524
0 0.34214285714285714 0.4319047619047619 0.02 0.06
0 0.3092857142857143 0.4442857142857143 0.012857142857142857 0.06190476190476191
0 0.29214285714285715 0.46190476190476193 0.022857142857142857 0.07238095238095238
0 0.2625 0.4342857142857143 0.013571428571428571 0.05523809523809524
0 0.27964285714285714 0.41904761904761906 0.025 0.06285714285714286
0 0.29035714285714287 0.40476190476190477 0.012142857142857143 0.05523809523809524
0 0.2642857142857143 0.40523809523809523 0.014285714285714285 0.054285714285714284
3 0.9228571428571428 0.5866666666666667 0.15285714285714286 0.12
3 0.6896428571428571 0.42952380952380953 0.062142857142857146 0.05714285714285714
3 0.7253571428571428 0.32 0.04071428571428572 0.022857142857142857
3 0.6525 0.30428571428571427 0.029285714285714286 0.02
3 0.6667857142857143 0.3038095238095238 0.027857142857142858 0.02095238095238095
3 0.52 0.42523809523809525 0.06142857142857143 0.06571428571428571
3 0.48928571428571427 0.3842857142857143 0.04285714285714286 0.04857142857142857
3 0.5521428571428572 0.36666666666666664 0.045714285714285714 0.04
4 0.5339285714285714 0.3419047619047619 0.03357142857142857 0.04380952380952381
3 0.4875 0.319047619047619 0.04214285714285714 0.04
3 0.4225 0.33476190476190476 0.035 0.039047619047619046
3 0.4425 0.2995238095238095 0.027857142857142858 0.025714285714285714
3 0.42214285714285715 0.2866666666666667 0.022857142857142857 0.024761904761904763
3 0.39714285714285713 0.2723809523809524 0.02 0.01904761904761905
3 0.38392857142857145 0.26476190476190475 0.017857142857142856 0.017142857142857144
3 0.37 0.26142857142857145 0.014285714285714285 0.01619047619047619
4 0.36714285714285716 0.25476190476190474 0.014285714285714285 0.02
3 0.34785714285714286 0.27666666666666667 0.02 0.021904761904761906
3 0.3364285714285714 0.2695238095238095 0.017142857142857144 0.017142857142857144
3 0.32535714285714284 0.2571428571428571 0.016428571428571428 0.015238095238095238
3 0.3171428571428571 0.2523809523809524 0.015714285714285715 0.015238095238095238
3 0.3271428571428571 0.2438095238095238 0.027142857142857142 0.015238095238095238
3 0.3221428571428571 0.23904761904761904 0.022857142857142857 0.013333333333333332
5 0.3196428571428571 0.2338095238095238 0.03785714285714286 0.02
9 0.255 0.25476190476190474 0.012857142857142857 0.014285714285714285
0 0.2546428571428571 0.24952380952380954 0.007857142857142858 0.017142857142857144
3 0.2639285714285714 0.21476190476190476 0.012142857142857143 0.010476190476190476
3 0.2571428571428571 0.20714285714285716 0.014285714285714285 0.010476190476190476
4 0.25285714285714284 0.2019047619047619 0.011428571428571429 0.007619047619047619
3 0.2925 0.2219047619047619 0.017857142857142856 0.009523809523809525
0 0.2892857142857143 0.22428571428571428 0.004285714285714286 0.012380952380952381
3 0.2975 0.22904761904761906 0.015 0.010476190476190476
3 0.28464285714285714 0.20952380952380953 0.005 0.007619047619047619
3 0.7453571428571428 0.2976190476190476 0.017857142857142856 0.01619047619047619
4 0.7453571428571428 0.2842857142857143 0.02642857142857143 0.012380952380952381
3 0.7171428571428572 0.28523809523809524 0.024285714285714285 0.014285714285714285
3 0.39714285714285713 0.2438095238095238 0.012857142857142857 0.013333333333333332
3 0.38035714285714284 0.22714285714285715 0.007857142857142858 0.008571428571428572
3 0.37035714285714283 0.22428571428571428 0.009285714285714286 0.010476190476190476
3 0.3825 0.21714285714285714 0.0064285714285714285 0.007619047619047619
3 0.37535714285714283 0.21476190476190476 0.007857142857142858 0.006666666666666666
3 0.4142857142857143 0.2438095238095238 0.011428571428571429 0.013333333333333332
3 0.4275 0.2423809523809524 0.012142857142857143 0.012380952380952381
