3 0.20464285714285715 0.08375634517766496 0.015 0.035532994923857864
3 0.21678571428571428 0.1281725888324873 0.017857142857142856 0.035532994923857864
3 0.13 0.19352791878172587 0.017142857142857144 0.03426395939086294
3 0.10964285714285714 0.5767766497461928 0.025 0.06218274111675126
3 0.6221428571428571 0.05837563451776649 0.014285714285714285 0.03045685279187817
3 0.5478571428571428 0.4911167512690355 0.024285714285714285 0.06345177664974619
3 0.5953571428571428 0.4378172588832487 0.02214285714285714 0.05837563451776649
3 0.5789285714285715 0.20368020304568527 0.017857142857142856 0.03426395939086294
3 0.5878571428571429 0.16624365482233502 0.017142857142857144 0.03807106598984771
3 0.5996428571428571 0.13261421319796954 0.015 0.031725888324873094
4 0.6078571428571429 0.10152284263959391 0.017142857142857144 0.03807106598984771
4 0.5628571428571428 0.28870558375634514 0.017142857142857144 0.05710659898477157
0 0.475 0.1281725888324873 0.007142857142857143 0.02030456852791878
0 0.48392857142857143 0.10025380710659898 0.0064285714285714285 0.02284263959390863
0 0.44785714285714284 0.14530456852791876 0.007142857142857143 0.021573604060913704
0 0.3442857142857143 0.052030456852791875 0.005714285714285714 0.02284263959390863
0 0.3417857142857143 0.02030456852791878 0.005 0.015228426395939085
0 0.3425 0.016497461928934008 0.005 0.02030456852791878
0 0.76 0.756979695431472 0.01 0.021573604060913704
0 0.7767857142857143 0.7480964467005076 0.009285714285714286 0.021573604060913704
0 0.8903571428571428 0.8781725888324873 0.010714285714285714 0.025380710659898477
0 0.8903571428571428 0.8623096446700507 0.012142857142857143 0.026649746192893398
4 0.5871428571428572 0.7544416243654821 0.04285714285714286 0.10025380710659898
3 0.695 0.008883248730964466 0.012857142857142857 0.02030456852791878
4 0.28285714285714286 0.824238578680203 0.03142857142857143 0.1281725888324873
3 0.07642857142857143 0.8978426395939085 0.03428571428571429 0.08756345177664974
8 0.15214285714285714 0.6230964467005076 0.04285714285714286 0.19035532994923857
5 0.2342857142857143 0.19923857868020303 0.032857142857142856 0.08375634517766496
3 0.008928571428571428 0.3096446700507614 0.017857142857142856 0.06345177664974619
8 0.3275 0.08185279187817258 0.035 0.09771573604060912
