3 0.43142857142857144 0.7242857142857143 0.05 0.10761904761904761
3 0.4775 0.3619047619047619 0.025 0.0380952380952381
3 0.5046428571428572 0.26904761904761904 0.019285714285714285 0.03333333333333333
3 0.5275 0.21523809523809523 0.017857142857142856 0.02857142857142857
3 0.5314285714285715 0.16714285714285715 0.017142857142857144 0.02761904761904762
3 0.5314285714285715 0.08476190476190476 0.011428571428571429 0.015238095238095238
3 0.5467857142857143 0.09428571428571429 0.012142857142857143 0.017142857142857144
3 0.5539285714285714 0.026666666666666665 0.010714285714285714 0.009523809523809525
4 0.17285714285714285 0.7223809523809523 0.07 0.14
3 0.29892857142857143 0.31952380952380954 0.025 0.03333333333333333
3 0.10464285714285715 0.9709523809523809 0.062142857142857146 0.05619047619047619
9 0.36178571428571427 0.23476190476190475 0.007857142857142858 0.023809523809523808
0 0.35214285714285715 0.18666666666666668 0.002857142857142857 0.015238095238095238
9 0.5175 0.89 0.02214285714285714 0.05047619047619047
9 0.5514285714285714 0.8923809523809524 0.02857142857142857 0.05523809523809524
3 0.41892857142857143 0.12380952380952381 0.017857142857142856 0.017142857142857144
3 0.42892857142857144 0.14476190476190476 0.013571428571428571 0.017142857142857144
3 0.47 0.09904761904761905 0.01 0.013333333333333332
3 0.48 0.07476190476190477 0.01 0.014285714285714285
3 0.4567857142857143 0.09142857142857143 0.013571428571428571 0.013333333333333332
8 0.45285714285714285 0.11714285714285715 0.018571428571428572 0.024761904761904763
3 0.49642857142857144 0.041428571428571426 0.008571428571428572 0.008571428571428572
3 0.49214285714285716 0.05476190476190476 0.01 0.010476190476190476
3 0.5071428571428571 0.017142857142857144 0.01 0.009523809523809525
3 0.5067857142857143 0.026666666666666665 0.007857142857142858 0.007619047619047619
9 0.45714285714285713 0.06666666666666667 0.007142857142857143 0.015238095238095238
9 0.48714285714285716 0.029047619047619048 0.004285714285714286 0.010476190476190476
9 0.48214285714285715 0.027142857142857142 0.002857142857142857 0.010476190476190476
3 0.44535714285714284 0.05714285714285714 0.015 0.009523809523809525
3 0.5617857142857143 0.07238095238095238 0.009285714285714286 0.015238095238095238
3 0.5921428571428572 0.08238095238095237 0.012857142857142857 0.012380952380952381
3 0.6 0.07952380952380952 0.014285714285714285 0.012380952380952381
1 0.5192857142857142 0.8723809523809524 0.012857142857142857 0.017142857142857144
1 0.555 0.8771428571428571 0.012857142857142857 0.022857142857142857
1 0.3625 0.22714285714285715 0.005 0.010476190476190476
1 0.4589285714285714 0.06428571428571428 0.005 0.006666666666666666
1 0.4825 0.025238095238095237 0.002142857142857143 0.004761904761904762
1 0.4878571428571429 0.027142857142857142 0.002857142857142857 0.004761904761904762
