3 0.44754464285714285 0.8075396825396824 0.015625 0.01455026455026455
8 0.8169642857142857 0.8723544973544973 0.047619047619047616 0.03571428571428571
0 0.1923363095238095 0.958994708994709 0.003720238095238095 0.013227513227513227
0 0.2113095238095238 0.9603174603174602 0.004464285714285714 0.015873015873015872
0 0.2157738095238095 0.958994708994709 0.004464285714285714 0.013227513227513227
0 0.26450892857142855 0.744047619047619 0.002232142857142857 0.009259259259259259
3 0.2622767857142857 0.7407407407407407 0.011160714285714284 0.010582010582010581
4 0.3013392857142857 0.7407407407407407 0.00744047619047619 0.013227513227513227
3 0.43266369047619047 0.7791005291005291 0.01413690476190476 0.010582010582010581
0 0.4497767857142857 0.7757936507936507 0.002232142857142857 0.009259259259259259
0 0.7548363095238095 0.9027777777777777 0.003720238095238095 0.01455026455026455
0 0.7741815476190476 0.908068783068783 0.002232142857142857 0.01455026455026455
9 0.4378720238095238 0.8392857142857142 0.009672619047619048 0.009259259259259259
2 0.7645089285714285 0.8465608465608465 0.006696428571428571 0.005291005291005291
0 0.7645089285714285 0.8425925925925926 0.002232142857142857 0.007936507936507936
0 0.7630208333333333 0.8406084656084656 0.002232142857142857 0.011904761904761904
