3 0.011482254697286011 0.901669758812616 0.022964509394572022 0.055658627087198514
3 0.040970772442588725 0.6989795918367347 0.05897703549060542 0.043599257884972174
3 0.06028183716075156 0.62847866419295 0.055845511482254695 0.043599257884972174
3 0.09786012526096033 0.4461966604823748 0.03705636743215031 0.03339517625231911
3 0.10360125260960333 0.4197588126159555 0.04123173277661795 0.030612244897959183
4 0.11325678496868474 0.3933209647495362 0.04801670146137787 0.03339517625231911
3 0.12787056367432148 0.34740259740259744 0.039665970772442584 0.026901669758812616
3 0.1296972860125261 0.326530612244898 0.032881002087682666 0.022263450834879406
3 0.14091858037578286 0.2792207792207792 0.032359081419624215 0.029684601113172542
3 0.15083507306889352 0.24397031539888683 0.029227557411273482 0.02411873840445269
3 0.147964509394572 0.05844155844155844 0.02453027139874739 0.014842300556586271
3 0.18058455114822544 0.054267161410018555 0.021920668058455113 0.0176252319109462
1 0.365866388308977 0.07374768089053803 0.0031315240083507304 0.012059369202226345
9 0.3661273486430062 0.07653061224489796 0.006784968684759916 0.013914656771799629
0 0.3956158663883089 0.006493506493506494 0.0031315240083507304 0.012987012987012988
3 0.37160751565762 0.18042671614100186 0.026096033402922752 0.026901669758812616
3 0.4018789144050104 0.19109461966604824 0.012526096033402922 0.03153988868274583
3 0.41779749478079325 0.21706864564007422 0.014091858037578286 0.0352504638218924
3 0.42693110647181626 0.27968460111317256 0.014613778705636741 0.036178107606679034
3 0.44885177453027136 0.41187384044526903 0.018789144050104383 0.05194805194805195
3 0.470250521920668 0.5398886827458256 0.020876826722338204 0.055658627087198514
9 0.3650835073068893 0.5584415584415584 0.0057411273486430055 0.03153988868274583
4 0.5153966597077244 0.7430426716141002 0.02974947807933194 0.08348794063079777
5 0.7403444676409185 0.6808905380333952 0.09446764091858037 0.21335807050092764
5 0.5939457202505218 0.3910018552875696 0.051148225469728595 0.1326530612244898
3 0.5696764091858038 0.10992578849721707 0.014091858037578286 0.021335807050092765
3 0.5868997912317327 0.10250463821892393 0.015135699373695197 0.021335807050092765
0 0.6756263048016701 0.021799628942486087 0.0026096033402922755 0.015769944341372914
5 0.8585594989561586 0.06076066790352505 0.033402922755741124 0.041743970315398886
5 0.8760438413361168 0.00974025974025974 0.03810020876826722 0.01948051948051948
