5 0.35872675250357655 0.7590648854961832 0.14949928469241774 0.19370229007633588
3 0.4799713876967096 0.8697519083969465 0.0815450643776824 0.15935114503816794
4 0.6791845493562232 0.907442748091603 0.1223175965665236 0.16984732824427481
3 0.8218884120171673 0.7437977099236641 0.05150214592274678 0.11354961832061068
3 0.882689556509299 0.773854961832061 0.05436337625178827 0.10687022900763359
3 0.9502861230329042 0.8201335877862596 0.06223175965665236 0.12118320610687022
3 0.9628040057224606 0.7361641221374046 0.07153075822603719 0.06011450381679389
0 0.8919885550786838 0.6526717557251908 0.01859799713876967 0.05343511450381679
0 0.7818311874105865 0.8458969465648855 0.01859799713876967 0.04866412213740458
0 0.674892703862661 0.8120229007633587 0.019313304721030045 0.05725190839694656
0 0.49427753934191704 0.6063931297709924 0.01430615164520744 0.03912213740458015
0 0.4238197424892704 0.6135496183206106 0.015021459227467811 0.04389312977099236
0 0.5143061516452074 0.7199427480916031 0.020028612303290415 0.03530534351145038
0 0.5464949928469242 0.8077290076335878 0.012875536480686695 0.03912213740458015
0 0.4488555078683834 0.566793893129771 0.013590844062947067 0.03816793893129771
0 0.8079399141630901 0.5916030534351144 0.013590844062947067 0.04580152671755725
0 0.32331902718168815 0.375 0.010014306151645207 0.02862595419847328
3 0.30221745350500717 0.5205152671755725 0.060801144492131615 0.05820610687022901
3 0.6931330472103004 0.6102099236641221 0.08583690987124463 0.07729007633587787
3 0.7607296137339056 0.7161259541984732 0.059370529327610874 0.10591603053435114
4 0.6995708154506438 0.6937022900763359 0.06294706723891273 0.10305343511450381
4 0.6448497854077253 0.6636450381679388 0.060801144492131615 0.09255725190839695
4 0.2979256080114449 0.6145038167938931 0.06795422031473533 0.08015267175572519
4 0.21101573676680974 0.558206106870229 0.06294706723891273 0.08015267175572519
4 0.24713876967095852 0.4809160305343511 0.05221745350500715 0.047709923664122134
4 0.09084406294706723 0.34971374045801523 0.0586552217453505 0.04484732824427481
4 0.07689556509298999 0.3354007633587786 0.05078683834048641 0.03721374045801527
0 0.07761087267525035 0.2595419847328244 0.009298998569384835 0.02480916030534351
0 0.2625178826895565 0.3979007633587786 0.010014306151645207 0.03244274809160305
0 0.6398426323319027 0.3654580152671756 0.007868383404864092 0.03244274809160305
7 0.6974248927038627 0.3907442748091603 0.022889842632331903 0.023854961832061067
2 0.6630901287553648 0.39265267175572516 0.011444921316165951 0.02194656488549618
9 0.678826895565093 0.34064885496183206 0.008583690987124463 0.015267175572519083
1 0.6816881258941345 0.3320610687022901 0.005722460658082976 0.015267175572519083
2 0.46816881258941345 0.4002862595419847 0.013590844062947067 0.016221374045801526
9 0.4570815450643777 0.39503816793893126 0.015736766809728183 0.019083969465648856
0 0.2453505007153076 0.33110687022900764 0.010014306151645207 0.02480916030534351
3 0.020743919885550785 0.2924618320610687 0.04148783977110157 0.033396946564885496
3 0.0611587982832618 0.32538167938931295 0.05078683834048641 0.03435114503816794
3 0.023605150214592273 0.321087786259542 0.047210300429184546 0.033396946564885496
3 0.11659513590844063 0.3645038167938931 0.05722460658082976 0.047709923664122134
3 0.1402002861230329 0.3778625954198473 0.06723891273247497 0.047709923664122134
3 0.15665236051502146 0.3893129770992366 0.06294706723891273 0.04389312977099236
3 0.043276108726752506 0.4312977099236641 0.03934191702432046 0.04961832061068702
4 0.18526466380543632 0.3993320610687023 0.06437768240343347 0.05629770992366412
3 0.13698140200286124 0.3268129770992366 0.046494992846924176 0.046755725190839696
0 0.22567954220314734 0.3354007633587786 0.013590844062947067 0.025763358778625952
2 0.08297567954220314 0.2929389312977099 0.012875536480686695 0.019083969465648856
2 0.0536480686695279 0.303912213740458 0.012875536480686695 0.01431297709923664
9 0.14091559370529327 0.28435114503816794 0.017167381974248927 0.01717557251908397
0 0.1276824034334764 0.2919847328244275 0.009298998569384835 0.02480916030534351
9 0.21602288984263232 0.3177480916030534 0.02145922746781116 0.02099236641221374
1 0.21638054363376252 0.4136450381679389 0.009298998569384835 0.01812977099236641
1 0.22639484978540772 0.40458015267175573 0.006437768240343348 0.019083969465648856
0 0.3190271816881259 0.5949427480916031 0.010014306151645207 0.029580152671755722
1 0.3544349070100143 0.6722328244274809 0.016452074391988557 0.023854961832061067
0 0.3708869814020029 0.6531488549618321 0.012160228898426323 0.03912213740458015
0 0.3855507868383405 0.64456106870229 0.01430615164520744 0.03721374045801527
0 0.3812589413447783 0.6235687022900763 0.015736766809728183 0.03530534351145038
0 0.6251788268955651 0.691793893129771 0.015736766809728183 0.03816793893129771
0 0.7274678111587983 0.7170801526717557 0.01430615164520744 0.03721374045801527
0 0.7153075822603719 0.7352099236641221 0.020028612303290415 0.04293893129770992
2 0.7896995708154506 0.6350190839694656 0.01859799713876967 0.03721374045801527
9 0.9889127324749643 0.9479961832061068 0.020743919885550785 0.06202290076335878
1 0.9874821173104434 0.9437022900763359 0.022174535050071532 0.02862595419847328
0 0.9084406294706724 0.7094465648854962 0.020028612303290415 0.03912213740458015
1 0.6494992846924177 0.5677480916030534 0.01430615164520744 0.02480916030534351
1 0.6573676680972819 0.5605916030534351 0.00715307582260372 0.023854961832061067
1 0.6616595135908441 0.5524809160305343 0.010014306151645207 0.022900763358778626
