3 0.18 0.32142857142857145 0.09 0.13047619047619047
3 0.1175 0.43476190476190474 0.08928571428571429 0.10761904761904761
3 0.24785714285714286 0.5571428571428572 0.09 0.1180952380952381
3 0.1725 0.6576190476190477 0.08785714285714286 0.11904761904761904
3 0.13785714285714284 0.7071428571428572 0.09285714285714286 0.11904761904761904
3 0.10178571428571428 0.7547619047619047 0.08785714285714286 0.12095238095238095
3 0.065 0.8066666666666666 0.09 0.13142857142857142
3 0.2792857142857143 0.5019047619047619 0.08714285714285715 0.11238095238095239
3 0.31785714285714284 0.4595238095238095 0.09428571428571429 0.10952380952380952
3 0.3175 0.3238095238095238 0.07785714285714286 0.11238095238095239
3 0.28285714285714286 0.27476190476190476 0.08 0.10952380952380952
3 0.24535714285714286 0.23476190476190475 0.085 0.12095238095238095
3 0.21142857142857144 0.1895238095238095 0.07857142857142857 0.11428571428571428
3 0.6496428571428572 0.23714285714285716 0.060714285714285714 0.1295238095238095
3 0.595 0.8523809523809524 0.08 0.12761904761904763
3 0.8039285714285714 0.5423809523809524 0.07928571428571428 0.12476190476190477
3 0.9228571428571428 0.20952380952380953 0.08428571428571428 0.12571428571428572
3 0.795 0.13952380952380952 0.07285714285714286 0.11523809523809524
4 0.3871428571428571 0.5538095238095239 0.08571428571428572 0.08095238095238096
8 0.88 0.14714285714285713 0.20142857142857143 0.29428571428571426
8 0.9242857142857143 0.4747619047619048 0.15 0.2752380952380952
4 0.35964285714285715 0.027142857142857142 0.075 0.054285714285714284
4 0.15 0.10238095238095238 0.07 0.10761904761904761
4 0.11142857142857143 0.06 0.08 0.11428571428571428
4 0.075 0.041428571428571426 0.08285714285714285 0.08285714285714285
4 0.03214285714285714 0.3047619047619048 0.06428571428571428 0.09714285714285714
3 0.18035714285714285 0.1519047619047619 0.085 0.11142857142857143
3 0.0575 0.35 0.09785714285714285 0.11523809523809524
3 0.08428571428571428 0.3942857142857143 0.09 0.11238095238095239
3 0.035 0.8647619047619047 0.07142857142857142 0.12
3 0.0175 0.9419047619047619 0.035 0.08571428571428572
3 0.02142857142857143 0.25952380952380955 0.04285714285714286 0.06952380952380953
3 0.027142857142857142 0.037142857142857144 0.054285714285714284 0.07238095238095238
1 0.5289285714285714 0.03428571428571429 0.017857142857142856 0.03238095238095238
2 0.0125 0.6066666666666667 0.025 0.011428571428571429
0 0.6096428571428572 0.03238095238095238 0.012142857142857143 0.03238095238095238
0 0.5646428571428571 0.17238095238095238 0.015 0.030476190476190476
0 0.5353571428571429 0.15428571428571428 0.013571428571428571 0.03238095238095238
0 0.5296428571428572 0.2814285714285714 0.017857142857142856 0.025714285714285714
0 0.48428571428571426 0.4819047619047619 0.015714285714285715 0.017142857142857144
0 0.5821428571428572 0.4195238095238095 0.015714285714285715 0.04476190476190476
0 0.48464285714285715 0.2542857142857143 0.017857142857142856 0.022857142857142857
0 0.48892857142857143 0.17952380952380953 0.012142857142857143 0.02761904761904762
0 0.43464285714285716 0.2823809523809524 0.012142857142857143 0.02
0 0.07428571428571429 0.5919047619047619 0.032857142857142856 0.02
0 0.12285714285714286 0.6038095238095238 0.02857142857142857 0.013333333333333332
0 0.2546428571428571 0.7171428571428572 0.025 0.017142857142857144
0 0.30892857142857144 0.6052380952380952 0.017857142857142856 0.01619047619047619
0 0.21428571428571427 0.809047619047619 0.024285714285714285 0.02761904761904762
1 0.39464285714285713 0.30714285714285716 0.015 0.02761904761904762
1 0.40464285714285714 0.2995238095238095 0.015 0.02761904761904762
0 0.41464285714285715 0.2923809523809524 0.009285714285714286 0.026666666666666665
0 0.45964285714285713 0.3742857142857143 0.012142857142857143 0.022857142857142857
1 0.43535714285714283 0.6019047619047619 0.013571428571428571 0.017142857142857144
6 0.45285714285714285 0.5695238095238095 0.047142857142857146 0.06666666666666667
1 0.425 0.4747619047619048 0.012857142857142857 0.02
0 0.49714285714285716 0.4238095238095238 0.014285714285714285 0.024761904761904763
0 0.49142857142857144 0.4066666666666667 0.012857142857142857 0.01904761904761905
0 0.4725 0.4076190476190476 0.015 0.015238095238095238
6 0.4825 0.42904761904761907 0.02214285714285714 0.06761904761904762
6 0.39 0.2795238095238095 0.05 0.05238095238095238
0 0.35892857142857143 0.42523809523809525 0.016428571428571428 0.018095238095238095
6 0.35214285714285715 0.7023809523809523 0.032857142857142856 0.07142857142857142
5 0.8842857142857142 0.8723809523809524 0.12714285714285714 0.1676190476190476
0 0.9675 0.6038095238095238 0.030714285714285715 0.013333333333333332
6 0.9378571428571428 0.7047619047619048 0.047142857142857146 0.05523809523809524
0 0.9067857142857143 0.7842857142857143 0.02642857142857143 0.02761904761904762
0 0.9139285714285714 0.7714285714285715 0.02214285714285714 0.017142857142857144
9 0.9885714285714285 0.7714285714285715 0.02142857142857143 0.05333333333333333
0 0.9575 0.6995238095238095 0.02642857142857143 0.012380952380952381
