5 0.26175 0.4126666666666666 0.0795 0.17466666666666666
3 0.39675 0.36366666666666664 0.0685 0.15266666666666667
3 0.50125 0.36966666666666664 0.0645 0.15666666666666665
3 0.611 0.36366666666666664 0.08 0.14866666666666667
3 0.715 0.6266666666666666 0.101 0.18266666666666667
3 0.607 0.16266666666666665 0.111 0.10666666666666666
5 0.21175 0.13899999999999998 0.07150000000000001 0.178
5 0.11075 0.2876666666666667 0.08750000000000001 0.18333333333333332
3 0.35825 0.9106666666666666 0.0805 0.17733333333333332
3 0.044 0.759 0.088 0.09799999999999999
3 0.55175 0.03866666666666667 0.0655 0.07466666666666666
3 0.19025 0.024666666666666667 0.0575 0.04666666666666666
3 0.9430000000000001 0.043666666666666666 0.106 0.08733333333333333
4 0.976 0.13266666666666665 0.045 0.08399999999999999
1 0.61575 0.5446666666666666 0.0195 0.028
1 0.6637500000000001 0.39366666666666666 0.0285 0.024666666666666667
9 0.81675 0.7436666666666666 0.0525 0.02733333333333333
9 0.61475 0.5466666666666666 0.0205 0.058666666666666666
9 0.74825 0.5186666666666666 0.0465 0.04133333333333333
9 0.6675 0.39766666666666667 0.017 0.056666666666666664
6 0.7000000000000001 0.4026666666666667 0.058 0.13733333333333334
0 0.7155 0.39066666666666666 0.017 0.017333333333333333
0 0.7435 0.37966666666666665 0.029 0.03266666666666666
0 0.738 0.42066666666666663 0.023 0.029333333333333333
0 0.75275 0.49966666666666665 0.0225 0.022
0 0.764 0.48666666666666664 0.025 0.022666666666666665
0 0.8290000000000001 0.5926666666666667 0.024 0.029333333333333333
0 0.84675 0.5986666666666667 0.029500000000000002 0.016
0 0.917 0.7036666666666667 0.04 0.024666666666666667
0 0.9147500000000001 0.8266666666666667 0.0415 0.034666666666666665
0 0.585 0.24666666666666665 0.014 0.03866666666666667
0 0.63025 0.24466666666666667 0.0185 0.03733333333333333
4 0.0365 0.6076666666666667 0.073 0.06333333333333332
