0 0.3092857142857143 0.4023809523809524 0.02 0.07523809523809524
0 0.2667857142857143 0.35523809523809524 0.020714285714285713 0.05714285714285714
3 0.4017857142857143 0.6071428571428571 0.11642857142857142 0.18571428571428572
3 0.47785714285714287 0.5323809523809524 0.09 0.12380952380952381
3 0.8171428571428572 0.7047619047619048 0.2042857142857143 0.21714285714285714
3 0.645 0.49 0.12571428571428572 0.1438095238095238
3 0.5675 0.3952380952380952 0.08071428571428571 0.07809523809523809
3 0.59 0.3038095238095238 0.10142857142857142 0.05714285714285714
3 0.5578571428571428 0.25666666666666665 0.07714285714285714 0.039047619047619046
3 0.43392857142857144 0.38142857142857145 0.062142857142857146 0.07714285714285714
4 0.4117857142857143 0.2995238095238095 0.04928571428571429 0.07523809523809524
3 0.3525 0.35 0.052142857142857144 0.07904761904761905
3 0.06642857142857143 0.4795238095238095 0.13285714285714287 0.1
3 0.0875 0.42952380952380953 0.17642857142857143 0.07428571428571429
3 0.08178571428571428 0.3923809523809524 0.16357142857142856 0.05523809523809524
3 0.09214285714285714 0.3576190476190476 0.14285714285714285 0.06761904761904762
3 0.11892857142857143 0.3295238095238095 0.11928571428571429 0.05714285714285714
3 0.21464285714285714 0.28904761904761905 0.05071428571428571 0.06571428571428571
0 0.27464285714285713 0.2 0.020714285714285713 0.04
0 0.25535714285714284 0.19666666666666666 0.013571428571428571 0.04476190476190476
3 0.3539285714285714 0.2819047619047619 0.047857142857142855 0.06285714285714286
3 0.36 0.2219047619047619 0.03571428571428571 0.05523809523809524
3 0.39964285714285713 0.25142857142857145 0.04071428571428572 0.047619047619047616
3 0.4 0.19238095238095237 0.032857142857142856 0.04
3 0.3964285714285714 0.1719047619047619 0.027142857142857142 0.025714285714285714
3 0.5125 0.24761904761904763 0.065 0.05523809523809524
3 0.30642857142857144 0.1419047619047619 0.032857142857142856 0.0380952380952381
3 0.3142857142857143 0.12761904761904763 0.027142857142857142 0.03428571428571429
3 0.2825 0.11190476190476191 0.045 0.023809523809523808
3 0.29678571428571426 0.09238095238095238 0.03357142857142857 0.024761904761904763
3 0.30964285714285716 0.08428571428571428 0.027857142857142858 0.02
3 0.3628571428571429 0.1738095238095238 0.025714285714285714 0.037142857142857144
3 0.36178571428571427 0.1438095238095238 0.025 0.026666666666666665
3 0.36214285714285716 0.12238095238095238 0.02 0.025714285714285714
3 0.36714285714285716 0.10666666666666666 0.02 0.024761904761904763
3 0.3628571428571429 0.09476190476190476 0.018571428571428572 0.018095238095238095
3 0.3875 0.11190476190476191 0.017857142857142856 0.023809523809523808
3 0.37714285714285717 0.08761904761904762 0.017142857142857144 0.024761904761904763
3 0.3603571428571429 0.0719047619047619 0.02642857142857143 0.02
3 0.3889285714285714 0.06428571428571428 0.02642857142857143 0.02
3 0.455 0.13238095238095238 0.024285714285714285 0.03238095238095238
3 0.43785714285714283 0.11761904761904762 0.018571428571428572 0.023809523809523808
3 0.42892857142857144 0.10714285714285714 0.016428571428571428 0.02
3 0.42964285714285716 0.08952380952380952 0.019285714285714285 0.022857142857142857
3 0.505 0.16238095238095238 0.06 0.035238095238095235
3 0.5275 0.1895238095238095 0.07642857142857143 0.04
3 0.5378571428571428 0.2119047619047619 0.07714285714285714 0.04476190476190476
