3 0.2864285714285714 0.11928934010152284 0.022857142857142857 0.04314720812182741
3 0.3142857142857143 0.2569796954314721 0.027142857142857142 0.05456852791878172
3 0.3914285714285714 0.35215736040609136 0.03142857142857143 0.052030456852791875
4 0.3892857142857143 0.07423857868020305 0.041428571428571426 0.04441624365482233
4 0.41964285714285715 0.11802030456852791 0.04071428571428572 0.04568527918781726
4 0.4275 0.141497461928934 0.04071428571428572 0.03934010152284264
4 0.44035714285714284 0.16751269035532992 0.04214285714285714 0.048223350253807105
4 0.5403571428571429 0.49682741116751267 0.047857142857142855 0.04695431472081218
5 0.3325 0.5482233502538071 0.045 0.09390862944162436
8 0.37642857142857145 0.5203045685279187 0.025714285714285714 0.11675126903553298
3 0.6292857142857143 0.43401015228426393 0.04285714285714286 0.05837563451776649
3 0.8253571428571429 0.2614213197969543 0.03357142857142857 0.048223350253807105
0 0.9196428571428571 0.038705583756345176 0.007857142857142858 0.016497461928934008
0 0.8353571428571429 0.09961928934010152 0.0064285714285714285 0.016497461928934008
0 0.8289285714285715 0.1313451776649746 0.007857142857142858 0.021573604060913704
0 0.7071428571428572 0.22715736040609136 0.007142857142857143 0.02030456852791878
0 0.6871428571428572 0.2531725888324873 0.007142857142857143 0.019035532994923856
0 0.7142857142857143 0.25888324873096447 0.007142857142857143 0.02284263959390863
8 0.8878571428571429 0.4511421319796954 0.10285714285714286 0.14593908629441624
8 0.7989285714285714 0.7138324873096447 0.10642857142857143 0.1281725888324873
8 0.8446428571428571 0.6928934010152283 0.09928571428571428 0.10406091370558375
8 0.8442857142857143 0.6364213197969543 0.09428571428571429 0.09771573604060912
8 0.8839285714285714 0.6154822335025381 0.09357142857142857 0.09644670050761421
8 0.9378571428571428 0.8743654822335025 0.12285714285714286 0.20304568527918782
