6 0.5778571428571428 0.5514285714285714 0.03142857142857143 0.03619047619047619
3 0.7228571428571429 0.4319047619047619 0.04 0.04285714285714286
0 0.7921428571428571 0.35523809523809524 0.007142857142857143 0.02095238095238095
0 0.7875 0.34 0.005 0.022857142857142857
0 0.7417857142857143 0.4695238095238095 0.012142857142857143 0.03238095238095238
0 0.7317857142857143 0.4676190476190476 0.012142857142857143 0.02857142857142857
0 0.7792857142857142 0.4819047619047619 0.008571428571428572 0.030476190476190476
0 0.46964285714285714 0.4876190476190476 0.009285714285714286 0.02857142857142857
0 0.47714285714285715 0.49142857142857144 0.007142857142857143 0.030476190476190476
0 0.4828571428571429 0.48714285714285716 0.007142857142857143 0.029523809523809525
0 0.35892857142857143 0.38142857142857145 0.009285714285714286 0.02761904761904762
0 0.34285714285714286 0.3647619047619048 0.004285714285714286 0.024761904761904763
0 0.3917857142857143 0.4276190476190476 0.007857142857142858 0.024761904761904763
0 0.33714285714285713 0.3295238095238095 0.007142857142857143 0.022857142857142857
9 0.42892857142857144 0.42666666666666664 0.017857142857142856 0.024761904761904763
9 0.40714285714285714 0.4147619047619048 0.014285714285714285 0.018095238095238095
9 0.3967857142857143 0.40476190476190477 0.020714285714285713 0.017142857142857144
9 0.44392857142857145 0.41523809523809524 0.015 0.015238095238095238
9 0.43785714285714283 0.4095238095238095 0.012857142857142857 0.02095238095238095
9 0.4275 0.40190476190476193 0.015 0.01904761904761905
9 0.42 0.39666666666666667 0.015714285714285715 0.018095238095238095
9 0.4142857142857143 0.3914285714285714 0.012857142857142857 0.022857142857142857
9 0.4825 0.4419047619047619 0.019285714285714285 0.024761904761904763
0 0.3692857142857143 0.38666666666666666 0.005714285714285714 0.022857142857142857
3 0.3389285714285714 0.3995238095238095 0.04642857142857143 0.04666666666666667
2 0.37214285714285716 0.38476190476190475 0.012857142857142857 0.024761904761904763
0 0.36464285714285716 0.36 0.007857142857142858 0.02095238095238095
0 0.64 0.7395238095238095 0.012857142857142857 0.03333333333333333
0 0.8303571428571429 0.8971428571428571 0.025 0.03238095238095238
0 0.8175 0.8676190476190476 0.025 0.03619047619047619
0 0.8114285714285714 0.8871428571428571 0.022857142857142857 0.025714285714285714
0 0.8053571428571429 0.9014285714285715 0.02214285714285714 0.03333333333333333
0 0.7628571428571429 0.861904761904762 0.02 0.022857142857142857
0 0.7671428571428571 0.8590476190476191 0.017142857142857144 0.030476190476190476
0 0.815 0.9223809523809524 0.018571428571428572 0.02761904761904762
0 0.6478571428571429 0.7295238095238096 0.014285714285714285 0.03428571428571429
3 0.9460714285714286 0.8690476190476191 0.10642857142857143 0.13047619047619047
3 0.16 0.5676190476190476 0.04857142857142857 0.06857142857142857
3 0.04285714285714286 0.40523809523809523 0.04285714285714286 0.04285714285714286
3 0.0725 0.32142857142857145 0.05357142857142857 0.037142857142857144
0 0.019642857142857142 0.09904761904761905 0.007857142857142858 0.017142857142857144
0 0.12928571428571428 0.2 0.008571428571428572 0.022857142857142857
0 0.13464285714285715 0.19952380952380952 0.007857142857142858 0.02
0 0.15464285714285714 0.21666666666666667 0.009285714285714286 0.02
0 0.15714285714285714 0.21428571428571427 0.007142857142857143 0.02095238095238095
0 0.14714285714285713 0.21428571428571427 0.007142857142857143 0.017142857142857144
2 0.08714285714285715 0.18714285714285714 0.02 0.018095238095238095
2 0.14464285714285716 0.17904761904761904 0.015 0.022857142857142857
2 0.014642857142857143 0.07952380952380952 0.017857142857142856 0.018095238095238095
0 0.115 0.2019047619047619 0.008571428571428572 0.022857142857142857
0 0.13464285714285715 0.22428571428571428 0.007857142857142858 0.021904761904761906
2 0.13285714285714287 0.16952380952380952 0.011428571428571429 0.022857142857142857
0 0.22 0.41904761904761906 0.005714285714285714 0.024761904761904763
