3 0.29928571428571427 0.9142857142857143 0.14714285714285713 0.16952380952380952
3 0.35535714285714287 0.7114285714285714 0.08785714285714286 0.13142857142857142
3 0.4064285714285714 0.4895238095238095 0.054285714285714284 0.07047619047619047
3 0.6528571428571428 0.6219047619047618 0.16428571428571428 0.09523809523809523
3 0.6092857142857143 0.5471428571428572 0.12571428571428572 0.06761904761904762
3 0.6 0.46523809523809523 0.1 0.04285714285714286
3 0.5728571428571428 0.41904761904761906 0.08142857142857143 0.05333333333333333
3 0.5446428571428571 0.39714285714285713 0.03214285714285714 0.05523809523809524
3 0.7367857142857143 0.5566666666666666 0.08642857142857142 0.10761904761904761
3 0.6846428571428571 0.45380952380952383 0.060714285714285714 0.08476190476190476
3 0.41464285714285715 0.42714285714285716 0.045 0.06571428571428571
3 0.4317857142857143 0.3819047619047619 0.04214285714285714 0.06476190476190476
3 0.4367857142857143 0.3495238095238095 0.029285714285714286 0.026666666666666665
3 0.43714285714285717 0.3242857142857143 0.027142857142857142 0.035238095238095235
3 0.495 0.2866666666666667 0.022857142857142857 0.030476190476190476
3 0.5696428571428571 0.36428571428571427 0.07785714285714286 0.04285714285714286
3 0.5521428571428572 0.3523809523809524 0.06285714285714286 0.024761904761904763
3 0.5475 0.33476190476190476 0.060714285714285714 0.03333333333333333
3 0.5546428571428571 0.3223809523809524 0.062142857142857146 0.02761904761904762
3 0.5514285714285714 0.3142857142857143 0.06 0.03619047619047619
3 0.5539285714285714 0.3038095238095238 0.056428571428571425 0.03238095238095238
3 0.6046428571428571 0.3119047619047619 0.030714285714285715 0.04476190476190476
3 0.15928571428571428 0.46190476190476193 0.054285714285714284 0.08190476190476191
3 0.10214285714285715 0.4338095238095238 0.07 0.06
3 0.0325 0.35428571428571426 0.065 0.06285714285714286
3 0.09 0.33 0.05 0.04476190476190476
3 0.13 0.3019047619047619 0.045714285714285714 0.0419047619047619
3 0.20714285714285716 0.3395238095238095 0.045714285714285714 0.04285714285714286
3 0.20285714285714285 0.30714285714285716 0.04428571428571428 0.035238095238095235
3 0.45964285714285713 0.21714285714285714 0.012142857142857143 0.015238095238095238
3 0.4517857142857143 0.2619047619047619 0.016428571428571428 0.017142857142857144
3 0.4542857142857143 0.2523809523809524 0.015714285714285715 0.015238095238095238
3 0.45535714285714285 0.2423809523809524 0.015 0.01619047619047619
3 0.31 0.2319047619047619 0.014285714285714285 0.018095238095238095
0 0.5042857142857143 0.6414285714285715 0.017142857142857144 0.07523809523809524
0 0.5225 0.64 0.016428571428571428 0.0761904761904762
0 0.505 0.3852380952380952 0.011428571428571429 0.04666666666666667
0 0.48214285714285715 0.35904761904761906 0.007142857142857143 0.03619047619047619
0 0.47464285714285714 0.3566666666666667 0.009285714285714286 0.035238095238095235
0 0.47535714285714287 0.259047619047619 0.0064285714285714285 0.022857142857142857
0 0.4689285714285714 0.2571428571428571 0.0064285714285714285 0.017142857142857144
0 0.47464285714285714 0.2319047619047619 0.005 0.012380952380952381
0 0.48428571428571426 0.24142857142857144 0.005714285714285714 0.01619047619047619
0 0.48892857142857143 0.23952380952380953 0.005 0.014285714285714285
0 0.4992857142857143 0.23904761904761904 0.005714285714285714 0.017142857142857144
0 0.7714285714285715 0.48523809523809525 0.017142857142857144 0.06380952380952382
9 0.835 0.48428571428571426 0.027142857142857142 0.04285714285714286
0 0.8771428571428571 0.6747619047619048 0.032857142857142856 0.07523809523809524
9 0.7471428571428571 0.3923809523809524 0.02 0.03238095238095238
0 0.6664285714285715 0.33904761904761904 0.008571428571428572 0.03238095238095238
0 0.6753571428571429 0.34 0.009285714285714286 0.03428571428571429
2 0.6639285714285714 0.3942857142857143 0.025 0.026666666666666665
3 0.5321428571428571 0.2842857142857143 0.05 0.025714285714285714
3 0.5646428571428571 0.26 0.017857142857142856 0.024761904761904763
3 0.5264285714285715 0.2671428571428571 0.04285714285714286 0.02
3 0.53 0.2714285714285714 0.04 0.015238095238095238
3 0.605 0.24761904761904763 0.032857142857142856 0.01904761904761905
3 0.59 0.2419047619047619 0.03 0.01904761904761905
3 0.5792857142857143 0.23523809523809525 0.024285714285714285 0.015238095238095238
3 0.5275 0.2571428571428571 0.035 0.01904761904761905
8 0.15964285714285714 0.2642857142857143 0.07214285714285715 0.05238095238095238
8 0.16178571428571428 0.24952380952380954 0.12214285714285714 0.05333333333333333
4 0.5792857142857143 0.9219047619047619 0.10714285714285714 0.15428571428571428
4 0.5803571428571429 0.43714285714285717 0.08071428571428571 0.05523809523809524
8 0.3142857142857143 0.2695238095238095 0.04428571428571428 0.08952380952380952
4 0.6017857142857143 0.4976190476190476 0.11214285714285714 0.06190476190476191
3 0.12392857142857143 0.5419047619047619 0.05785714285714286 0.07238095238095238
0 0.9667857142857142 0.6142857142857143 0.02642857142857143 0.06476190476190476
0 0.9896428571428572 0.6347619047619047 0.017857142857142856 0.037142857142857144
9 0.7596428571428572 0.40476190476190477 0.010714285714285714 0.024761904761904763
