3 0.42014613778705634 0.037569573283859 0.029227557411273482 0.0287569573283859
3 0.4470250521920668 0.026901669758812616 0.016179540709812108 0.029684601113172542
3 0.5198329853862212 0.09090909090909091 0.03653444676409186 0.03339517625231911
3 0.5334029227557411 0.12569573283858998 0.039665970772442584 0.030612244897959183
3 0.5307933194154488 0.2147495361781076 0.044885177453027135 0.041743970315398886
0 0.5386221294363256 0.23469387755102042 0.0031315240083507304 0.025974025974025976
0 0.5297494780793319 0.22727272727272727 0.005219206680584551 0.020408163265306124
3 0.5289665970772442 0.1855287569573284 0.04123173277661795 0.0352504638218924
3 0.5326200417536534 0.16233766233766234 0.04227557411273486 0.025974025974025976
3 0.5566283924843424 0.387291280148423 0.04853862212943632 0.039888682745825604
3 0.5480167014613778 0.3552875695732839 0.04801670146137787 0.03710575139146568
3 0.574634655532359 0.5533395176252319 0.05532359081419624 0.045454545454545456
3 0.5793319415448851 0.6001855287569573 0.058455114822546964 0.0463821892393321
3 0.5842901878914405 0.653061224489796 0.06002087682672233 0.04823747680890538
3 0.5955114822546972 0.9188311688311689 0.052192066805845504 0.11038961038961038
3 0.7998434237995824 0.05519480519480519 0.02453027139874739 0.03432282003710575
3 0.8379436325678496 0.007884972170686457 0.017223382045929016 0.015769944341372914
