3 0.7601774530271398 0.87708719851577 0.04227557411273486 0.10111317254174397
3 0.9018789144050103 0.9239332096474954 0.07620041753653443 0.061224489795918366
3 0.8810020876826722 0.8617810760667903 0.06889352818371607 0.059369202226345084
3 0.8611691022964508 0.8079777365491652 0.05949895615866388 0.05380333951762523
3 0.849947807933194 0.7574211502782932 0.05271398747390396 0.045454545454545456
5 0.4240605427974947 0.6164192949907236 0.050626304801670144 0.2588126159554731
3 0.6059498956158663 0.5695732838589982 0.056367432150313146 0.05009276437847866
3 0.6004697286012526 0.5231910946196661 0.04853862212943632 0.05009276437847866
3 0.6004697286012526 0.4800556586270872 0.04540709812108559 0.039888682745825604
3 0.5548016701461377 0.3807977736549165 0.032359081419624215 0.039888682745825604
3 0.5203549060542797 0.33487940630797774 0.016701461377870562 0.03896103896103896
3 0.4449373695198329 0.34740259740259744 0.01826722338204593 0.043599257884972174
5 0.44128392484342377 0.40816326530612246 0.028705636743215027 0.07977736549165121
3 0.267223382045929 0.29730983302411873 0.026096033402922752 0.039888682745825604
4 0.5626304801670146 0.32838589981447125 0.03549060542797494 0.05194805194805195
4 0.5970772442588725 0.3293135435992579 0.028183716075156573 0.029684601113172542
4 0.5913361169102296 0.3107606679035251 0.029227557411273482 0.029684601113172542
3 0.5587160751565762 0.3038033395176252 0.03079331941544885 0.030612244897959183
0 0.600991649269311 0.2787569573283859 0.006784968684759916 0.021335807050092765
7 0.5819415448851774 0.2690166975881262 0.022964509394572022 0.025974025974025976
4 0.5801148225469728 0.23515769944341372 0.0360125260960334 0.039888682745825604
4 0.568893528183716 0.1521335807050093 0.025052192066805843 0.02411873840445269
3 0.4579853862212943 0.24211502782931354 0.015135699373695197 0.03339517625231911
7 0.458768267223382 0.2142857142857143 0.012526096033402922 0.027829313543599257
3 0.4637265135699373 0.1679035250463822 0.013048016701461376 0.025974025974025976
3 0.4665970772442588 0.1391465677179963 0.010438413361169102 0.03339517625231911
3 0.4699895615866388 0.10528756957328386 0.012004175365344467 0.02319109461966605
3 0.5675887265135698 0.10250463821892393 0.012004175365344467 0.02319109461966605
5 0.565501043841336 0.1391465677179963 0.028705636743215027 0.01855287569573284
5 0.5600208768267223 0.13126159554730985 0.04279749478079332 0.0287569573283859
5 0.5271398747390396 0.07653061224489796 0.031315240083507306 0.08070500927643785
7 0.5206158663883089 0.0463821892393321 0.009916492693110646 0.022263450834879406
0 0.5302713987473904 0.006029684601113173 0.0031315240083507304 0.013914656771799629
1 0.5240083507306889 0.006029684601113173 0.0041753653444676405 0.010204081632653062
3 0.48042797494780787 0.008348794063079777 0.009916492693110646 0.016697588126159554
5 0.5177453027139874 0.021799628942486087 0.014613778705636741 0.043599257884972174
6 0.49347599164926925 0.4684601113172542 0.010960334029227557 0.029684601113172542
1 0.4937369519832985 0.4619666048237477 0.008350730688935281 0.02411873840445269
