3 0.41535714285714287 0.766497461928934 0.027857142857142858 0.07868020304568528
3 0.42214285714285715 0.5926395939086294 0.024285714285714285 0.055837563451776644
3 0.385 0.5475888324873096 0.02857142857142857 0.06218274111675126
3 0.41714285714285715 0.357233502538071 0.015714285714285715 0.03426395939086294
3 0.43964285714285717 0.14403553299492386 0.007857142857142858 0.011421319796954314
3 0.4875 0.048223350253807105 0.007857142857142858 0.017766497461928932
3 0.49535714285714283 0.021573604060913704 0.007857142857142858 0.01015228426395939
3 0.47785714285714287 0.041243654822335024 0.008571428571428572 0.013959390862944161
3 0.6903571428571429 0.07296954314720812 0.012142857142857143 0.011421319796954314
3 0.5814285714285714 0.08629441624365482 0.007142857142857143 0.01015228426395939
3 0.5775 0.08312182741116751 0.0064285714285714285 0.008883248730964466
4 0.525 0.09263959390862943 0.008571428571428572 0.02030456852791878
3 0.4617857142857143 0.02030456852791878 0.0064285714285714285 0.012690355329949238
4 0.44892857142857145 0.21890862944162434 0.009285714285714286 0.029187817258883246
4 0.36714285714285716 0.10723350253807105 0.02 0.019035532994923856
4 0.26 0.15862944162436546 0.032857142857142856 0.02030456852791878
8 0.36464285714285716 0.17322335025380708 0.017857142857142856 0.05964467005076142
3 0.29464285714285715 0.26078680203045684 0.010714285714285714 0.029187817258883246
3 0.30178571428571427 0.30774111675126903 0.017857142857142856 0.031725888324873094
0 0.2825 0.35850253807106597 0.005 0.024111675126903553
0 0.28 0.3559644670050761 0.002857142857142857 0.024111675126903553
0 0.27464285714285713 0.3546954314720812 0.005 0.021573604060913704
4 0.27714285714285714 0.32677664974619286 0.027142857142857142 0.03426395939086294
4 0.2689285714285714 0.3096446700507614 0.025 0.032994923857868015
4 0.2814285714285714 0.29251269035532995 0.014285714285714285 0.031725888324873094
8 0.2325 0.3546954314720812 0.05071428571428571 0.05964467005076142
0 0.016785714285714286 0.6916243654822335 0.012142857142857143 0.04060913705583756
8 0.037142857142857144 0.6453045685279187 0.047142857142857146 0.11802030456852791
3 0.1125 0.6326142131979695 0.03214285714285714 0.06725888324873096
3 0.10464285714285715 0.581218274111675 0.027857142857142858 0.050761421319796954
3 0.09964285714285714 0.5266497461928934 0.027857142857142858 0.06091370558375634
8 0.17214285714285715 0.5114213197969543 0.047142857142857146 0.12944162436548223
4 0.16535714285714287 0.391497461928934 0.03642857142857143 0.03426395939086294
4 0.18678571428571428 0.3680203045685279 0.027857142857142858 0.03045685279187817
3 0.195 0.3293147208121827 0.03142857142857143 0.03426395939086294
3 0.2117857142857143 0.31979695431472077 0.03214285714285714 0.032994923857868015
3 0.22642857142857142 0.28172588832487305 0.03142857142857143 0.03045685279187817
4 0.2 0.2709390862944162 0.032857142857142856 0.029187817258883246
3 0.18892857142857142 0.2982233502538071 0.030714285714285715 0.025380710659898477
4 0.13464285714285715 0.39213197969543145 0.03785714285714286 0.035532994923857864
4 0.08214285714285714 0.416243654822335 0.047142857142857146 0.050761421319796954
4 0.02142857142857143 0.16751269035532992 0.02142857142857143 0.017766497461928932
4 0.0275 0.4378172588832487 0.055 0.053299492385786795
4 0.007857142857142858 0.41878172588832485 0.017142857142857144 0.04314720812182741
3 0.06 0.38578680203045684 0.03142857142857143 0.035532994923857864
3 0.08214285714285714 0.37499999999999994 0.03 0.03426395939086294
3 0.1025 0.3648477157360406 0.029285714285714286 0.031725888324873094
3 0.12928571428571428 0.35406091370558374 0.03 0.03045685279187817
4 0.1475 0.3115482233502538 0.04214285714285714 0.03680203045685279
4 0.0975 0.3305837563451776 0.04071428571428572 0.03680203045685279
4 0.04428571428571428 0.3508883248730964 0.04285714285714286 0.03934010152284264
0 0.019285714285714285 0.3756345177664974 0.007142857142857143 0.025380710659898477
3 0.07785714285714286 0.2246192893401015 0.047142857142857146 0.02284263959390863
3 0.03428571428571429 0.2296954314720812 0.04285714285714286 0.03045685279187817
4 0.013928571428571429 0.19543147208121825 0.02642857142857143 0.02030456852791878
4 0.09 0.1782994923857868 0.027142857142857142 0.021573604060913704
3 0.19892857142857143 0.15355329949238578 0.019285714285714285 0.02030456852791878
4 0.1925 0.14911167512690354 0.019285714285714285 0.013959390862944161
4 0.13785714285714284 0.16941624365482233 0.017142857142857144 0.013959390862944161
4 0.17 0.14530456852791876 0.02 0.019035532994923856
4 0.13 0.16624365482233502 0.022857142857142857 0.015228426395939085
4 0.12464285714285714 0.14911167512690354 0.02214285714285714 0.013959390862944161
4 0.08964285714285715 0.15228426395939085 0.019285714285714285 0.015228426395939085
4 0.05392857142857143 0.1611675126903553 0.025 0.015228426395939085
4 0.054642857142857146 0.14276649746192893 0.02214285714285714 0.016497461928934008
3 0.06928571428571428 0.17005076142131978 0.024285714285714285 0.02030456852791878
5 0.023928571428571428 0.8109137055837563 0.047857142857142855 0.11675126903553298
