3 0.073 0.46599999999999997 0.10400000000000001 0.072
3 0.35825 0.5766666666666667 0.1105 0.09333333333333332
3 0.3105 0.6456666666666666 0.10400000000000001 0.11266666666666666
3 0.49325 0.6456666666666666 0.1125 0.09266666666666666
3 0.6055 0.49066666666666664 0.099 0.076
3 0.73075 0.5396666666666666 0.0935 0.07666666666666666
3 0.8985 0.615 0.124 0.094
3 0.82375 0.7899999999999999 0.14350000000000002 0.11599999999999999
3 0.47450000000000003 0.43566666666666665 0.098 0.08866666666666666
3 0.35925 0.40066666666666667 0.0985 0.06133333333333333
3 0.26275 0.36166666666666664 0.0845 0.06999999999999999
3 0.183 0.32366666666666666 0.067 0.06333333333333332
3 0.02775 0.25766666666666665 0.0555 0.05933333333333333
3 0.95125 0.8586666666666667 0.0965 0.11066666666666666
6 0.5975 0.32566666666666666 0.054 0.04466666666666667
0 0.52675 0.19166666666666665 0.0125 0.043333333333333335
0 0.58025 0.20366666666666666 0.0115 0.035333333333333335
0 0.621 0.24366666666666667 0.013000000000000001 0.04066666666666666
0 0.5535 0.235 0.012 0.038
0 0.45975 0.30966666666666665 0.0125 0.043333333333333335
0 0.55325 0.38666666666666666 0.0125 0.042666666666666665
0 0.5545 0.33066666666666666 0.013000000000000001 0.036
1 0.49475 0.23466666666666666 0.0125 0.028
1 0.5705 0.3486666666666667 0.019 0.024
0 0.4325 0.46166666666666667 0.015 0.03933333333333333
0 0.46900000000000003 0.4706666666666667 0.014 0.029333333333333333
0 0.50675 0.49066666666666664 0.0135 0.029333333333333333
0 0.55625 0.5346666666666666 0.0135 0.029333333333333333
0 0.4815 0.589 0.014 0.03
0 0.41875 0.6656666666666666 0.0145 0.03133333333333333
0 0.38575 0.6486666666666666 0.0135 0.025333333333333333
0 0.021500000000000002 0.415 0.032 0.033999999999999996
1 0.0175 0.4096666666666667 0.014 0.019333333333333334
4 0.656 0.7206666666666667 0.112 0.09466666666666666
4 0.37975000000000003 0.49566666666666664 0.08750000000000001 0.07933333333333333
4 0.099 0.2836666666666667 0.084 0.09266666666666666
