3 0.0975 0.024761904761904763 0.009285714285714286 0.009523809523809525
3 0.105 0.039523809523809524 0.01 0.012380952380952381
3 0.09535714285714286 0.04904761904761905 0.009285714285714286 0.012380952380952381
3 0.11392857142857143 0.06714285714285714 0.010714285714285714 0.012380952380952381
3 0.10928571428571429 0.11 0.012857142857142857 0.02
3 0.13964285714285715 0.1619047619047619 0.015 0.022857142857142857
3 0.05142857142857143 0.04238095238095238 0.008571428571428572 0.012380952380952381
3 0.0525 0.02142857142857143 0.015 0.010476190476190476
3 0.054285714285714284 0.03 0.01 0.008571428571428572
3 0.052142857142857144 0.07 0.017142857142857144 0.012380952380952381
3 0.048928571428571425 0.09666666666666666 0.016428571428571428 0.010476190476190476
3 0.054642857142857146 0.12 0.012142857142857143 0.01904761904761905
3 0.055357142857142855 0.1442857142857143 0.007857142857142858 0.012380952380952381
3 0.0575 0.16 0.012142857142857143 0.015238095238095238
3 0.056428571428571425 0.1719047619047619 0.011428571428571429 0.018095238095238095
3 0.05964285714285714 0.2342857142857143 0.017857142857142856 0.024761904761904763
3 0.061785714285714284 0.2638095238095238 0.019285714285714285 0.030476190476190476
3 0.16535714285714287 0.27666666666666667 0.019285714285714285 0.02761904761904762
3 0.17214285714285715 0.039523809523809524 0.01 0.012380952380952381
3 0.18 0.05238095238095238 0.01 0.009523809523809525
3 0.18678571428571428 0.06523809523809523 0.007857142857142858 0.010476190476190476
3 0.20964285714285713 0.1019047619047619 0.012142857142857143 0.015238095238095238
3 0.2475 0.16714285714285715 0.015 0.02
3 0.2542857142857143 0.18523809523809523 0.012857142857142857 0.018095238095238095
4 0.28 0.2276190476190476 0.017142857142857144 0.026666666666666665
0 0.16785714285714284 0.10666666666666666 0.004285714285714286 0.013333333333333332
3 0.21 0.4519047619047619 0.03 0.05047619047619047
3 0.22464285714285714 0.5119047619047619 0.035 0.058095238095238096
3 0.24714285714285714 0.58 0.037142857142857144 0.06666666666666667
0 0.08535714285714285 0.4623809523809524 0.005 0.02
0 0.07928571428571428 0.45666666666666667 0.007142857142857143 0.02
9 0.10464285714285715 0.5571428571428572 0.012142857142857143 0.03238095238095238
2 0.23535714285714285 0.6471428571428571 0.013571428571428571 0.029523809523809525
3 0.13714285714285715 0.7871428571428571 0.08285714285714285 0.1019047619047619
3 0.40535714285714286 0.8952380952380953 0.10928571428571429 0.08571428571428572
9 0.67 0.6390476190476191 0.022857142857142857 0.030476190476190476
9 0.6621428571428571 0.6095238095238096 0.022857142857142857 0.024761904761904763
3 0.8271428571428572 0.7523809523809524 0.07714285714285714 0.07238095238095238
1 0.10392857142857143 0.5471428571428572 0.012142857142857143 0.021904761904761906
1 0.23464285714285715 0.6371428571428571 0.009285714285714286 0.024761904761904763
1 0.6603571428571429 0.6052380952380952 0.016428571428571428 0.021904761904761906
1 0.6696428571428571 0.6342857142857142 0.012142857142857143 0.017142857142857144
