3 0.5897703549060542 0.5551948051948052 0.032359081419624215 0.0640074211502783
3 0.5623695198329853 0.4800556586270872 0.03079331941544885 0.0640074211502783
3 0.5388830897703548 0.4100185528756957 0.02766179540709812 0.055658627087198514
3 0.5193110647181628 0.36410018552875695 0.030271398747390394 0.05844155844155844
3 0.5357515657620041 0.30241187384044527 0.022442588726513567 0.04452690166975881
0 0.21633611691022964 0.8112244897959184 0.009916492693110646 0.02319109461966605
0 0.24791231732776617 0.6711502782931354 0.009394572025052192 0.026901669758812616
3 0.17484342379958245 0.9206864564007421 0.06471816283924843 0.06771799628942486
3 0.1696242171189979 0.7903525046382189 0.06263048016701461 0.0575139146567718
3 0.16727557411273486 0.6989795918367347 0.032881002087682666 0.07328385899814471
0 0.019832985386221292 0.42346938775510207 0.009394572025052192 0.021335807050092765
3 0.05610647181628392 0.25834879406307976 0.03810020876826722 0.039888682745825604
3 0.049321503131524 0.2430426716141002 0.03914405010438413 0.04267161410018553
