3 0.6875 0.9276190476190476 0.085 0.14285714285714285
3 0.7225 0.76 0.06357142857142857 0.11238095238095239
3 0.7342857142857143 0.6495238095238095 0.05857142857142857 0.09714285714285714
3 0.7464285714285714 0.5595238095238095 0.05857142857142857 0.1019047619047619
4 0.7696428571428572 0.4 0.03214285714285714 0.06095238095238095
3 0.7721428571428571 0.32666666666666666 0.027142857142857142 0.04
4 0.7642857142857142 0.3 0.02857142857142857 0.03619047619047619
4 0.7542857142857143 0.28714285714285714 0.03 0.029523809523809525
3 0.6925 0.2338095238095238 0.04214285714285714 0.023809523809523808
0 0.7592857142857142 0.19142857142857142 0.008571428571428572 0.02095238095238095
3 0.7446428571428572 0.19523809523809524 0.019285714285714285 0.022857142857142857
3 0.7414285714285714 0.1819047619047619 0.017142857142857144 0.022857142857142857
3 0.7128571428571429 0.18666666666666668 0.015714285714285715 0.024761904761904763
3 0.9771428571428571 0.47714285714285715 0.04285714285714286 0.06285714285714286
3 0.9296428571428571 0.3423809523809524 0.03785714285714286 0.04666666666666667
3 0.895 0.2776190476190476 0.03 0.025714285714285714
3 0.8628571428571429 0.2219047619047619 0.024285714285714285 0.026666666666666665
3 0.8396428571428571 0.19428571428571428 0.02214285714285714 0.024761904761904763
4 0.8525 0.20523809523809525 0.02214285714285714 0.03142857142857143
3 0.6996428571428571 0.1019047619047619 0.012142857142857143 0.013333333333333332
