3 0.7745302713987473 0.025510204081632654 0.013569937369519832 0.0176252319109462
3 0.7578288100208768 0.02411873840445269 0.008350730688935281 0.02411873840445269
3 0.7463465553235907 0.021335807050092765 0.010438413361169102 0.020408163265306124
3 0.972599164926931 0.2676252319109462 0.02974947807933194 0.03246753246753247
3 0.957724425887265 0.11920222634508348 0.031315240083507306 0.013914656771799629
3 0.9034446764091857 0.34786641929499074 0.03444676409185803 0.03896103896103896
3 0.9470250521920667 0.400278293135436 0.0360125260960334 0.03432282003710575
3 0.8903966597077243 0.45454545454545453 0.03549060542797494 0.03339517625231911
0 0.8295929018789143 0.4679962894248609 0.009916492693110646 0.021335807050092765
0 0.8494258872651356 0.49257884972170685 0.04227557411273486 0.03710575139146568
3 0.7758350730688934 0.5009276437847866 0.03810020876826722 0.04823747680890538
3 0.5438413361169102 0.6117810760667903 0.051148225469728595 0.043599257884972174
3 0.4900835073068893 0.738404452690167 0.030271398747390394 0.07792207792207792
0 0.48121085594989554 0.6697588126159555 0.008350730688935281 0.029684601113172542
3 0.45955114822546966 0.7574211502782932 0.03496868475991649 0.08441558441558442
3 0.3802192066805845 0.7026901669758813 0.055845511482254695 0.05102040816326531
3 0.20407098121085593 0.764378478664193 0.06576200417536533 0.059369202226345084
3 0.04279749478079332 0.8320964749536178 0.06784968684759916 0.06493506493506494
3 0.4084029227557411 0.3167903525046382 0.017223382045929016 0.043599257884972174
3 0.42588726513569936 0.43645640074211506 0.026096033402922752 0.04730983302411874
3 0.44311064718162835 0.48515769944341375 0.024008350730688934 0.05194805194805195
3 0.45824634655532354 0.5384972170686456 0.026096033402922752 0.045454545454545456
3 0.4765135699373695 0.6001855287569573 0.028183716075156573 0.05380333951762523
3 0.6957202505219205 0.06307977736549165 0.014613778705636741 0.016697588126159554
3 0.7312108559498955 0.07421150278293136 0.013569937369519832 0.02411873840445269
3 0.7546972860125261 0.08302411873840446 0.013569937369519832 0.02504638218923933
3 0.8048016701461377 0.054267161410018555 0.012526096033402922 0.01948051948051948
3 0.8178496868475991 0.055658627087198514 0.013569937369519832 0.029684601113172542
0 0.22546972860125258 0.20500927643784786 0.005219206680584551 0.016697588126159554
0 0.23094989561586637 0.20269016697588127 0.0036534446764091852 0.01948051948051948
7 0.23930062630480164 0.19573283858998144 0.012004175365344467 0.016697588126159554
7 0.24086638830897703 0.18923933209647495 0.012004175365344467 0.020408163265306124
4 0.9191022964509393 0.2564935064935065 0.019832985386221292 0.0287569573283859
3 0.891179540709812 0.325139146567718 0.017223382045929016 0.0176252319109462
9 0.7956680584551148 0.45686456400742115 0.007828810020876827 0.0176252319109462
