3 0.5325 0.5819047619047619 0.055 0.03238095238095238
3 0.4725 0.5595238095238095 0.055 0.029523809523809525
3 0.40785714285714286 0.5495238095238095 0.047142857142857146 0.03428571428571429
3 0.3425 0.6866666666666666 0.06785714285714285 0.04
3 0.22142857142857142 0.6776190476190476 0.07571428571428572 0.037142857142857144
3 0.06 0.6814285714285714 0.09 0.04666666666666667
3 0.6471428571428571 0.5676190476190476 0.05 0.030476190476190476
3 0.6146428571428572 0.5319047619047619 0.04928571428571429 0.02761904761904762
3 0.515 0.5395238095238095 0.04428571428571428 0.02
3 0.8064285714285714 0.5571428571428572 0.047142857142857146 0.026666666666666665
3 0.7046428571428571 0.5119047619047619 0.04214285714285714 0.023809523809523808
3 0.8092857142857143 0.5214285714285715 0.04285714285714286 0.023809523809523808
3 0.92 0.4938095238095238 0.041428571428571426 0.018095238095238095
3 0.7075 0.48238095238095235 0.035 0.02
3 0.6464285714285715 0.48714285714285716 0.03857142857142857 0.021904761904761906
4 0.5689285714285715 0.4666666666666667 0.020714285714285713 0.024761904761904763
4 0.6039285714285715 0.5866666666666667 0.04642857142857143 0.04
8 0.25392857142857145 0.5776190476190476 0.135 0.07523809523809524
3 0.21 0.6595238095238095 0.08 0.04476190476190476
3 0.11178571428571428 0.65 0.08214285714285714 0.037142857142857144
3 0.3939285714285714 0.6271428571428571 0.06357142857142857 0.037142857142857144
3 0.3914285714285714 0.6066666666666667 0.06142857142857143 0.03238095238095238
3 0.41964285714285715 0.48523809523809525 0.020714285714285713 0.025714285714285714
3 0.3825 0.47714285714285715 0.017857142857142856 0.022857142857142857
3 0.40214285714285714 0.46904761904761905 0.022857142857142857 0.02
3 0.37142857142857144 0.4695238095238095 0.017142857142857144 0.022857142857142857
3 0.3603571428571429 0.45476190476190476 0.015 0.02
4 0.3875 0.4519047619047619 0.02214285714285714 0.02761904761904762
3 0.375 0.44666666666666666 0.017142857142857144 0.015238095238095238
3 0.3539285714285714 0.4066666666666667 0.016428571428571428 0.015238095238095238
3 0.6717857142857143 0.4795238095238095 0.02214285714285714 0.02
3 0.6989285714285715 0.47714285714285715 0.03214285714285714 0.017142857142857144
3 0.6864285714285714 0.4742857142857143 0.025714285714285714 0.01904761904761905
3 0.6789285714285714 0.46904761904761905 0.03214285714285714 0.021904761904761906
3 0.7789285714285714 0.4742857142857143 0.035 0.01904761904761905
3 0.7646428571428572 0.46523809523809523 0.03214285714285714 0.02
3 0.7525 0.4638095238095238 0.030714285714285715 0.017142857142857144
3 0.8967857142857143 0.4895238095238095 0.03642857142857143 0.02095238095238095
3 0.7592857142857142 0.5295238095238095 0.045714285714285714 0.022857142857142857
3 0.7796428571428572 0.5152380952380953 0.04214285714285714 0.024761904761904763
0 0.6746428571428571 0.6552380952380953 0.010714285714285714 0.03238095238095238
0 0.8371428571428572 0.6595238095238095 0.007142857142857143 0.02761904761904762
0 0.8428571428571429 0.6566666666666666 0.008571428571428572 0.02761904761904762
1 0.4325 0.5190476190476191 0.007857142857142858 0.01904761904761905
1 0.35214285714285715 0.5038095238095238 0.007142857142857143 0.015238095238095238
1 0.3392857142857143 0.5038095238095238 0.008571428571428572 0.013333333333333332
1 0.4725 0.5147619047619048 0.009285714285714286 0.01619047619047619
1 0.515 0.5176190476190476 0.008571428571428572 0.01619047619047619
1 0.4471428571428571 0.4747619047619048 0.005714285714285714 0.012380952380952381
1 0.44392857142857145 0.4523809523809524 0.005 0.011428571428571429
9 0.4471428571428571 0.4795238095238095 0.01 0.014285714285714285
9 0.4446428571428571 0.45714285714285713 0.007857142857142858 0.009523809523809525
9 0.47214285714285714 0.5219047619047619 0.017142857142857144 0.013333333333333332
2 0.43285714285714283 0.5219047619047619 0.015714285714285715 0.011428571428571429
9 0.515 0.5223809523809524 0.017142857142857144 0.012380952380952381
9 0.3517857142857143 0.5071428571428571 0.012142857142857143 0.014285714285714285
9 0.33785714285714286 0.5090476190476191 0.011428571428571429 0.012380952380952381
9 0.4925 0.65 0.016428571428571428 0.021904761904761906
1 0.4903571428571429 0.6447619047619048 0.010714285714285714 0.02095238095238095
3 0.26285714285714284 0.49666666666666665 0.03142857142857143 0.029523809523809525
3 0.24535714285714286 0.43238095238095237 0.030714285714285715 0.017142857142857144
3 0.23285714285714285 0.4471428571428571 0.024285714285714285 0.02
3 0.23142857142857143 0.40190476190476193 0.018571428571428572 0.022857142857142857
3 0.2839285714285714 0.4695238095238095 0.019285714285714285 0.022857142857142857
0 0.2417857142857143 0.5295238095238095 0.009285714285714286 0.022857142857142857
0 0.2596428571428571 0.5242857142857142 0.007857142857142858 0.025714285714285714
1 0.695 0.6490476190476191 0.012857142857142857 0.023809523809523808
1 0.7878571428571428 0.7014285714285714 0.012857142857142857 0.025714285714285714
9 0.7875 0.7066666666666667 0.017857142857142856 0.02857142857142857
9 0.695 0.6566666666666666 0.014285714285714285 0.02761904761904762
9 0.7267857142857143 0.54 0.017857142857142856 0.015238095238095238
1 0.7278571428571429 0.5338095238095238 0.005714285714285714 0.01619047619047619
1 0.8239285714285715 0.6076190476190476 0.007857142857142858 0.01904761904761905
2 0.8242857142857143 0.6171428571428571 0.015714285714285715 0.015238095238095238
1 0.8828571428571429 0.6666666666666666 0.012857142857142857 0.02095238095238095
1 0.9453571428571429 0.7495238095238095 0.016428571428571428 0.024761904761904763
1 0.9567857142857142 0.7647619047619048 0.016428571428571428 0.024761904761904763
1 0.8817857142857143 0.6614285714285715 0.012142857142857143 0.021904761904761906
3 0.5071428571428571 0.8966666666666666 0.08 0.14
