8 0.14214285714285715 0.3762690355329949 0.05285714285714286 0.14593908629441624
0 0.19964285714285715 0.45241116751269034 0.007857142857142858 0.026649746192893398
8 0.19964285714285715 0.3705583756345177 0.055 0.14720812182741116
8 0.3028571428571429 0.35850253807106597 0.06285714285714286 0.1383248730964467
0 0.3575 0.4232233502538071 0.005 0.024111675126903553
0 0.4228571428571429 0.31218274111675126 0.005714285714285714 0.02284263959390863
0 0.41928571428571426 0.30837563451776645 0.005714285714285714 0.02284263959390863
3 0.46214285714285713 0.012690355329949238 0.02 0.017766497461928932
4 0.46 0.005710659898477157 0.027142857142857142 0.011421319796954314
8 0.6003571428571428 0.06408629441624365 0.052142857142857144 0.049492385786802026
8 0.475 0.10723350253807105 0.09285714285714286 0.049492385786802026
4 0.5917857142857142 0.10469543147208121 0.029285714285714286 0.031725888324873094
4 0.6564285714285715 0.08185279187817258 0.027142857142857142 0.024111675126903553
4 0.6828571428571428 0.07423857868020305 0.02857142857142857 0.031725888324873094
4 0.7925 0.02030456852791878 0.025 0.025380710659898477
4 0.7925 0.013324873096446699 0.029285714285714286 0.026649746192893398
0 0.7996428571428571 0.08248730964467005 0.005 0.02284263959390863
1 0.5275 0.22335025380710657 0.005 0.02030456852791878
1 0.615 0.16687817258883247 0.004285714285714286 0.013959390862944161
1 0.6967857142857142 0.1516497461928934 0.0035714285714285713 0.013959390862944161
1 0.7171428571428572 0.1548223350253807 0.002857142857142857 0.015228426395939085
1 0.7203571428571428 0.17322335025380708 0.005 0.013959390862944161
1 0.7171428571428572 0.1878172588832487 0.005714285714285714 0.015228426395939085
0 0.7139285714285715 0.15038071065989847 0.0035714285714285713 0.016497461928934008
9 0.5253571428571429 0.2296954314720812 0.012142857142857143 0.01015228426395939
9 0.6146428571428572 0.17322335025380708 0.007857142857142858 0.011421319796954314
9 0.59 0.16624365482233502 0.01 0.012690355329949238
9 0.5942857142857143 0.16243654822335024 0.008571428571428572 0.012690355329949238
9 0.6 0.16243654822335024 0.01 0.015228426395939085
9 0.6246428571428572 0.15355329949238578 0.010714285714285714 0.012690355329949238
9 0.6146428571428572 0.15291878172588833 0.012142857142857143 0.013959390862944161
9 0.7175 0.19289340101522842 0.012142857142857143 0.015228426395939085
9 0.72 0.17956852791878172 0.01 0.008883248730964466
9 0.7071428571428572 0.16560913705583755 0.01 0.011421319796954314
9 0.7153571428571428 0.15989847715736039 0.009285714285714286 0.012690355329949238
9 0.695 0.15862944162436546 0.01 0.012690355329949238
9 0.7646428571428572 0.15038071065989847 0.007857142857142858 0.011421319796954314
1 0.7646428571428572 0.14276649746192893 0.002142857142857143 0.011421319796954314
0 0.7689285714285714 0.13895939086294415 0.0035714285714285713 0.013959390862944161
0 0.765 0.13769035532994922 0.004285714285714286 0.016497461928934008
0 0.7621428571428571 0.13895939086294415 0.002857142857142857 0.011421319796954314
0 0.7596428571428572 0.13895939086294415 0.002142857142857143 0.016497461928934008
0 0.7825 0.09835025380710659 0.005 0.016497461928934008
9 0.7396428571428572 0.12182741116751268 0.010714285714285714 0.015228426395939085
9 0.7296428571428571 0.12563451776649745 0.009285714285714286 0.015228426395939085
0 0.5728571428571428 0.5958121827411167 0.007142857142857143 0.026649746192893398
4 0.32142857142857145 0.052030456852791875 0.025714285714285714 0.027918781725888322
4 0.30178571428571427 0.03045685279187817 0.027857142857142858 0.027918781725888322
3 0.20964285714285713 0.15609137055837563 0.047857142857142855 0.02284263959390863
