3 0.38392857142857145 0.6171428571428571 0.15785714285714286 0.14857142857142858
3 0.3767857142857143 0.5042857142857143 0.12214285714285714 0.11714285714285715
3 0.22535714285714287 0.5938095238095238 0.135 0.12095238095238095
3 0.135 0.44952380952380955 0.06428571428571428 0.1219047619047619
3 0.22214285714285714 0.3619047619047619 0.07285714285714286 0.11619047619047619
3 0.2867857142857143 0.3323809523809524 0.07214285714285715 0.10666666666666666
3 0.46535714285714286 0.2319047619047619 0.075 0.1
3 0.5592857142857143 0.49 0.11857142857142858 0.13238095238095238
3 0.42142857142857143 0.2671428571428571 0.07428571428571429 0.0980952380952381
3 0.35214285714285715 0.7871428571428571 0.15714285714285714 0.17809523809523808
3 0.205 0.7547619047619047 0.17142857142857143 0.17047619047619048
3 0.79 0.05476190476190476 0.08 0.07714285714285714
3 0.71 0.10476190476190476 0.08 0.08190476190476191
3 0.67 0.12142857142857143 0.08 0.08095238095238096
3 0.6378571428571429 0.1419047619047619 0.08 0.08190476190476191
3 0.5814285714285714 0.17 0.08 0.08095238095238096
3 0.6864285714285714 0.41 0.10428571428571429 0.10761904761904761
3 0.8721428571428571 0.2638095238095238 0.09285714285714286 0.10095238095238095
3 0.7846428571428572 0.33476190476190476 0.08785714285714286 0.09047619047619047
4 0.5171428571428571 0.3919047619047619 0.08571428571428572 0.09047619047619047
0 0.8014285714285714 0.37952380952380954 0.027142857142857142 0.05238095238095238
0 0.44785714285714284 0.3076190476190476 0.017142857142857144 0.047619047619047616
1 0.41464285714285715 0.3438095238095238 0.025 0.04
1 0.2739285714285714 0.45 0.02642857142857143 0.04476190476190476
9 0.16714285714285715 0.36523809523809525 0.022857142857142857 0.058095238095238096
2 0.06 0.41714285714285715 0.05 0.0419047619047619
2 0.2725 0.4623809523809524 0.03785714285714286 0.04476190476190476
2 0.41464285714285715 0.36 0.04214285714285714 0.04
3 0.05678571428571429 0.7166666666666667 0.11357142857142857 0.16666666666666666
9 0.1125 0.3823809523809524 0.025 0.04476190476190476
