8 0.6253571428571428 0.7982233502538071 0.03357142857142857 0.13197969543147206
8 0.47964285714285715 0.5678934010152283 0.03214285714285714 0.08756345177664974
3 0.465 0.5983502538071066 0.012857142857142857 0.026649746192893398
3 0.455 0.5666243654822335 0.014285714285714285 0.026649746192893398
3 0.4025 0.5126903553299492 0.02214285714285714 0.02284263959390863
3 0.2542857142857143 0.5431472081218274 0.022857142857142857 0.02284263959390863
3 0.34964285714285714 0.391497461928934 0.012142857142857143 0.016497461928934008
3 0.5171428571428571 0.4308375634517766 0.015714285714285715 0.021573604060913704
3 0.4117857142857143 0.4555837563451776 0.017857142857142856 0.015228426395939085
3 0.4089285714285714 0.34010152284263956 0.015 0.015228426395939085
3 0.3653571428571429 0.3293147208121827 0.012142857142857143 0.013959390862944161
3 0.33 0.31408629441624364 0.012857142857142857 0.013959390862944161
3 0.6142857142857143 0.23350253807106597 0.012857142857142857 0.012690355329949238
3 0.4039285714285714 0.3680203045685279 0.013571428571428571 0.02284263959390863
3 0.4025 0.3508883248730964 0.012142857142857143 0.016497461928934008
3 0.38642857142857145 0.3680203045685279 0.012857142857142857 0.017766497461928932
3 0.36464285714285716 0.357233502538071 0.012142857142857143 0.021573604060913704
3 0.39714285714285713 0.40038071065989844 0.012857142857142857 0.021573604060913704
3 0.3725 0.42576142131979694 0.015 0.016497461928934008
3 0.42 0.391497461928934 0.011428571428571429 0.016497461928934008
3 0.39035714285714285 0.35342639593908626 0.012142857142857143 0.019035532994923856
3 0.3921428571428571 0.3426395939086294 0.012857142857142857 0.017766497461928932
3 0.30214285714285716 0.29251269035532995 0.012857142857142857 0.016497461928934008
3 0.33535714285714285 0.3096446700507614 0.013571428571428571 0.012690355329949238
3 0.3475 0.32550761421319796 0.010714285714285714 0.016497461928934008
3 0.35214285714285715 0.31535532994923854 0.012857142857142857 0.016497461928934008
4 0.375 0.3508883248730964 0.01 0.024111675126903553
4 0.3796428571428571 0.33883248730964466 0.012142857142857143 0.02030456852791878
4 0.3846428571428571 0.38197969543147203 0.012142857142857143 0.02030456852791878
4 0.41214285714285714 0.39530456852791873 0.014285714285714285 0.026649746192893398
8 0.3517857142857143 0.34010152284263956 0.017857142857142856 0.03045685279187817
8 0.31142857142857144 0.28236040609137053 0.018571428571428572 0.024111675126903553
4 0.29964285714285716 0.5139593908629442 0.017857142857142856 0.02030456852791878
8 0.3525 0.5101522842639593 0.029285714285714286 0.03045685279187817
8 0.43285714285714283 0.3813451776649746 0.02 0.03426395939086294
8 0.41714285714285715 0.3629441624365482 0.02 0.032994923857868015
4 0.5767857142857142 0.32677664974619286 0.010714285714285714 0.021573604060913704
3 0.21142857142857144 0.2379441624365482 0.011428571428571429 0.013959390862944161
3 0.2814285714285714 0.2703045685279188 0.012857142857142857 0.015228426395939085
3 0.27285714285714285 0.21890862944162434 0.005714285714285714 0.016497461928934008
