3 0.41964285714285715 0.9738095238095238 0.225 0.05047619047619047
3 0.5921428571428572 0.7642857142857142 0.10285714285714286 0.2561904761904762
3 0.42964285714285716 0.7295238095238096 0.18785714285714286 0.12571428571428572
3 0.41928571428571426 0.6266666666666667 0.15714285714285714 0.11238095238095239
4 0.555 0.5171428571428571 0.07285714285714286 0.16952380952380952
3 0.4253571428571429 0.5247619047619048 0.16642857142857143 0.10476190476190476
4 0.425 0.4419047619047619 0.14714285714285713 0.09714285714285714
3 0.4275 0.37523809523809526 0.13071428571428573 0.08761904761904762
3 0.5278571428571428 0.3538095238095238 0.06 0.12857142857142856
5 0.5771428571428572 0.23666666666666666 0.08571428571428572 0.14761904761904762
0 0.5717857142857142 0.3495238095238095 0.016428571428571428 0.06285714285714286
0 0.53 0.13952380952380952 0.012857142857142857 0.05047619047619047
1 0.605 0.1295238095238095 0.015714285714285715 0.04
9 0.605 0.14476190476190476 0.02 0.04
1 0.29642857142857143 0.2423809523809524 0.017142857142857144 0.04666666666666667
9 0.30214285714285716 0.2571428571428571 0.017142857142857144 0.03238095238095238
0 0.3289285714285714 0.16714285714285715 0.013571428571428571 0.05047619047619047
1 0.32785714285714285 0.1619047619047619 0.008571428571428572 0.026666666666666665
0 0.3425 0.16428571428571428 0.015 0.04476190476190476
0 0.41 0.05714285714285714 0.011428571428571429 0.0419047619047619
0 0.3875 0.09476190476190476 0.012142857142857143 0.04476190476190476
1 0.35214285714285715 0.047619047619047616 0.017142857142857144 0.0380952380952381
3 0.30964285714285716 0.08904761904761904 0.08214285714285714 0.05619047619047619
0 0.5 0.20714285714285716 0.015714285714285715 0.05047619047619047
2 0.5242857142857142 0.2542857142857143 0.027142857142857142 0.04
4 0.4789285714285714 0.03238095238095238 0.035 0.06666666666666667
3 0.12178571428571429 0.4442857142857143 0.15928571428571428 0.10571428571428572
4 0.15714285714285714 0.2123809523809524 0.11285714285714285 0.07238095238095238
3 0.19428571428571428 0.1823809523809524 0.09142857142857143 0.058095238095238096
3 0.9121428571428571 0.37238095238095237 0.07285714285714286 0.12
4 0.8571428571428571 0.24761904761904763 0.1 0.11428571428571428
0 0.8678571428571429 0.10666666666666666 0.017142857142857144 0.049523809523809526
0 0.8417857142857142 0.15666666666666668 0.02214285714285714 0.04857142857142857
0 0.7871428571428571 0.05142857142857143 0.017142857142857144 0.045714285714285714
1 0.7403571428571428 0.0838095238095238 0.012142857142857143 0.0380952380952381
1 0.7414285714285714 0.04523809523809524 0.011428571428571429 0.03142857142857143
2 0.7392857142857143 0.09904761904761905 0.011428571428571429 0.03238095238095238
2 0.7396428571428572 0.05904761904761905 0.009285714285714286 0.02857142857142857
0 0.7692857142857142 0.04904761904761905 0.015714285714285715 0.04285714285714286
0 0.7692857142857142 0.021904761904761906 0.012857142857142857 0.04
4 0.9714285714285714 0.26666666666666666 0.055714285714285716 0.12761904761904763
3 0.052142857142857144 0.8766666666666667 0.10428571428571429 0.1438095238095238
3 0.695 0.024285714285714285 0.04285714285714286 0.04857142857142857
