3 0.1492857142857143 0.7695238095238095 0.11 0.20952380952380953
3 0.2225 0.38904761904761903 0.08785714285714286 0.11714285714285715
3 0.6942857142857143 0.2838095238095238 0.09285714285714286 0.07809523809523809
3 0.8128571428571428 0.3919047619047619 0.10714285714285714 0.1
3 0.8828571428571429 0.9014285714285715 0.13428571428571429 0.1761904761904762
3 0.9746428571428571 0.04476190476190476 0.04928571428571429 0.06095238095238095
3 0.9446428571428571 0.5152380952380953 0.10928571428571429 0.1219047619047619
3 0.9696428571428571 0.23476190476190475 0.05928571428571429 0.08285714285714285
5 0.07035714285714285 0.46190476190476193 0.14214285714285715 0.23238095238095238
0 0.30142857142857143 0.38952380952380955 0.03 0.05523809523809524
0 0.44 0.30952380952380953 0.02 0.05904761904761905
0 0.5303571428571429 0.2895238095238095 0.019285714285714285 0.047619047619047616
0 0.6253571428571428 0.20238095238095238 0.015 0.05238095238095238
0 0.5814285714285714 0.1838095238095238 0.014285714285714285 0.0380952380952381
0 0.5442857142857143 0.06190476190476191 0.012857142857142857 0.04
0 0.5314285714285715 0.08 0.011428571428571429 0.03619047619047619
0 0.5196428571428572 0.08523809523809524 0.012142857142857143 0.040952380952380955
0 0.5053571428571428 0.0919047619047619 0.013571428571428571 0.04857142857142857
0 0.4442857142857143 0.1719047619047619 0.012857142857142857 0.05047619047619047
0 0.42928571428571427 0.17238095238095238 0.015714285714285715 0.03619047619047619
0 0.42 0.18 0.014285714285714285 0.03238095238095238
0 0.48428571428571426 0.13523809523809524 0.012857142857142857 0.04380952380952381
1 0.4825 0.1619047619047619 0.013571428571428571 0.03619047619047619
1 0.5146428571428572 0.12238095238095238 0.015 0.029523809523809525
1 0.5267857142857143 0.1319047619047619 0.015 0.029523809523809525
2 0.48464285714285715 0.17714285714285713 0.017857142857142856 0.04
2 0.4525 0.17714285714285713 0.017857142857142856 0.0380952380952381
6 0.5196428571428572 0.1419047619047619 0.027857142857142858 0.0380952380952381
0 0.9164285714285715 0.7071428571428572 0.037142857142857144 0.05047619047619047
0 0.8696428571428572 0.7142857142857143 0.027857142857142858 0.047619047619047616
0 0.19464285714285715 0.014285714285714285 0.015 0.02857142857142857
0 0.20464285714285715 0.014285714285714285 0.015 0.02857142857142857
3 0.8775 0.46714285714285714 0.125 0.11714285714285715
1 0.745 0.4176190476190476 0.017142857142857144 0.03142857142857143
1 0.7689285714285714 0.4166666666666667 0.016428571428571428 0.03333333333333333
