0 0.4159707724425887 0.287569573283859 0.005219206680584551 0.027829313543599257
0 0.24425887265135696 0.09415584415584416 0.006263048016701461 0.026901669758812616
0 0.24347599164926928 0.08116883116883117 0.004697286012526096 0.021335807050092765
0 0.2361691022964509 0.07421150278293136 0.006784968684759916 0.020408163265306124
0 0.23538622129436323 0.06076066790352505 0.0073068893528183704 0.02319109461966605
0 0.22625260960334026 0.05890538033395176 0.007828810020876827 0.021335807050092765
3 0.36064718162839243 0.1906307977736549 0.022964509394572022 0.03432282003710575
3 0.39013569937369513 0.174860853432282 0.022442588726513567 0.03432282003710575
3 0.3418580375782881 0.3362708719851577 0.029227557411273482 0.049165120593692026
4 0.3614300626304801 0.3719851576994434 0.02453027139874739 0.055658627087198514
0 0.4457202505219206 0.313543599257885 0.0073068893528183704 0.02411873840445269
4 0.38256784968684754 0.4230055658627087 0.028183716075156573 0.05380333951762523
4 0.4044885177453027 0.46289424860853434 0.029227557411273482 0.05380333951762523
4 0.44102296450939454 0.5454545454545454 0.039665970772442584 0.07421150278293136
4 0.47259916492693105 0.6080705009276438 0.032881002087682666 0.07328385899814471
9 0.49034446764091855 0.6558441558441559 0.02139874739039666 0.022263450834879406
3 0.5180062630480167 0.7115027829313544 0.04436325678496868 0.0816326530612245
4 0.5548016701461377 0.787569573283859 0.038622129436325675 0.08348794063079777
4 0.5939457202505218 0.8733766233766234 0.051148225469728595 0.10482374768089053
5 0.6873695198329853 0.8344155844155844 0.07933194154488517 0.13636363636363635
5 0.657098121085595 0.7073283858998145 0.07724425887265135 0.10111317254174397
3 0.4898225469728601 0.44805194805194803 0.0360125260960334 0.0575139146567718
9 0.4577244258872651 0.37569573283859 0.011482254697286011 0.027829313543599257
4 0.4397181628392484 0.34740259740259744 0.03183716075156576 0.05102040816326531
4 0.29436325678496866 0.11781076066790352 0.018789144050104383 0.0352504638218924
3 0.30845511482254695 0.112708719851577 0.021920668058455113 0.030612244897959183
3 0.3241127348643006 0.10250463821892393 0.022964509394572022 0.03246753246753247
3 0.342901878914405 0.09415584415584416 0.019832985386221292 0.0287569573283859
5 0.3590814196242171 0.07884972170686456 0.029227557411273482 0.05194805194805195
3 0.38048016701461373 0.07142857142857142 0.019832985386221292 0.029684601113172542
3 0.4141440501043841 0.14842300556586271 0.023486430062630476 0.03710575139146568
4 0.43241127348643 0.1303339517625232 0.020354906054279746 0.03432282003710575
3 0.45172233820459284 0.12569573283858998 0.020354906054279746 0.03246753246753247
3 0.4673799582463465 0.12059369202226346 0.023486430062630476 0.03153988868274583
3 0.40240083507306884 0.07653061224489796 0.019832985386221292 0.03246753246753247
3 0.43215031315240077 0.05519480519480519 0.021920668058455113 0.0287569573283859
4 0.458768267223382 0.03385899814471243 0.018789144050104383 0.030612244897959183
1 0.5506263048016701 0.28988868274582563 0.005219206680584551 0.021335807050092765
0 0.5686325678496867 0.28988868274582563 0.0057411273486430055 0.02319109461966605
6 0.6362212943632567 0.5037105751391465 0.031315240083507306 0.025974025974025976
9 0.647964509394572 0.5292207792207793 0.013048016701461376 0.02504638218923933
9 0.6664926931106471 0.5255102040816326 0.015657620041753653 0.026901669758812616
9 0.6844989561586639 0.5528756957328386 0.017223382045929016 0.02411873840445269
9 0.7009394572025052 0.5589053803339518 0.020876826722338204 0.021335807050092765
6 0.6777139874739039 0.5760667903525046 0.0360125260960334 0.027829313543599257
6 0.6717118997912317 0.5477736549165121 0.026096033402922752 0.03432282003710575
9 0.7286012526096033 0.6076066790352505 0.012526096033402922 0.027829313543599257
9 0.7366910229645093 0.6233766233766234 0.012004175365344467 0.025974025974025976
9 0.767223382045929 0.6651205936920223 0.022964509394572022 0.025974025974025976
9 0.7888830897703548 0.6920222634508348 0.016179540709812108 0.020408163265306124
6 0.8029749478079331 0.711038961038961 0.02453027139874739 0.03432282003710575
9 0.8421189979123173 0.8371985157699443 0.01826722338204593 0.030612244897959183
9 0.8593423799582462 0.8446196660482375 0.019311064718162838 0.03246753246753247
6 0.8828288100208768 0.8580705009276438 0.025574112734864297 0.07421150278293136
6 0.900313152400835 0.8965677179962894 0.030271398747390394 0.06957328385899815
0 0.2531315240083507 0.4290352504638219 0.010438413361169102 0.026901669758812616
1 0.30741127348643005 0.23515769944341372 0.0073068893528183704 0.01948051948051948
7 0.2716597077244259 0.1841372912801484 0.017223382045929016 0.039888682745825604
0 0.5636743215031315 0.00974025974025974 0.005219206680584551 0.01948051948051948
7 0.4710334029227557 0.02736549165120594 0.016179540709812108 0.030612244897959183
5 0.4144050104384133 0.06076066790352505 0.025052192066805843 0.041743970315398886
5 0.49243215031315235 0.022263450834879406 0.03079331941544885 0.04452690166975881
9 0.5798538622129435 0.4225417439703154 0.014613778705636741 0.0287569573283859
