3 0.47350000000000003 0.9126666666666666 0.064 0.17333333333333334
3 0.36625 0.7106666666666667 0.07050000000000001 0.11866666666666666
3 0.33375 0.6256666666666666 0.0685 0.10066666666666667
4 0.60175 0.6586666666666666 0.0425 0.08399999999999999
3 0.55825 0.6106666666666667 0.035500000000000004 0.07066666666666667
4 0.69475 0.5716666666666667 0.0665 0.07666666666666666
3 0.48 0.5306666666666666 0.068 0.05733333333333333
9 0.7525000000000001 0.44866666666666666 0.015 0.028
9 0.7847500000000001 0.427 0.0205 0.022
3 0.71625 0.43166666666666664 0.0585 0.043333333333333335
0 0.65325 0.39466666666666667 0.0095 0.029333333333333333
4 0.5615 0.41866666666666663 0.049 0.042666666666666665
2 0.5952500000000001 0.37166666666666665 0.0075 0.015333333333333332
6 0.586 0.36866666666666664 0.01 0.014666666666666666
0 0.50425 0.305 0.006500000000000001 0.018
4 0.47650000000000003 0.302 0.026000000000000002 0.028
0 0.462 0.27899999999999997 0.004 0.018
0 0.456 0.27566666666666667 0.005 0.019333333333333334
0 0.4515 0.2796666666666667 0.005 0.018
0 0.4495 0.2776666666666667 0.004 0.019333333333333334
3 0.4485 0.26966666666666667 0.025 0.019333333333333334
5 0.38425 0.2776666666666667 0.035500000000000004 0.041999999999999996
3 0.3645 0.26466666666666666 0.032 0.018666666666666665
9 0.3805 0.25466666666666665 0.01 0.013333333333333332
9 0.402 0.24666666666666665 0.009000000000000001 0.010666666666666666
5 0.93975 0.2856666666666667 0.0545 0.03266666666666666
3 0.9560000000000001 0.2896666666666667 0.036000000000000004 0.020666666666666667
3 0.9115 0.2786666666666667 0.041 0.017333333333333333
3 0.86275 0.26666666666666666 0.0335 0.018666666666666665
3 0.8325 0.27466666666666667 0.037 0.018666666666666665
3 0.82625 0.25866666666666666 0.0315 0.017333333333333333
3 0.7937500000000001 0.26366666666666666 0.035500000000000004 0.019333333333333334
4 0.55375 0.19066666666666665 0.0165 0.013333333333333332
4 0.5365 0.18666666666666665 0.016 0.013333333333333332
3 0.52275 0.18566666666666667 0.0155 0.01
3 0.94225 0.9546666666666667 0.1145 0.088
9 0.42175 0.631 0.0165 0.038
1 0.42225 0.6216666666666667 0.0165 0.03666666666666667
1 0.41875 0.6136666666666667 0.0115 0.024666666666666667
3 0.26375 0.5176666666666666 0.0445 0.057999999999999996
3 0.23825000000000002 0.4666666666666667 0.0405 0.05733333333333333
5 0.223 0.42666666666666664 0.039 0.056
3 0.43425 0.48766666666666664 0.0665 0.041999999999999996
3 0.41600000000000004 0.45866666666666667 0.062 0.04
4 0.39175 0.42666666666666664 0.035500000000000004 0.04
3 0.35675 0.411 0.025500000000000002 0.033999999999999996
4 0.338 0.36066666666666664 0.057 0.05333333333333333
3 0.28600000000000003 0.32266666666666666 0.025 0.025333333333333333
3 0.29925 0.30166666666666664 0.0305 0.022
3 0.2705 0.31066666666666665 0.022 0.022666666666666665
3 0.23375 0.31766666666666665 0.025500000000000002 0.026
5 0.24475 0.2786666666666667 0.0205 0.029333333333333333
3 0.168 0.3396666666666667 0.027 0.033999999999999996
4 0.28300000000000003 0.19866666666666666 0.014 0.014666666666666666
3 0.25625 0.17866666666666667 0.0105 0.009333333333333332
3 0.24025 0.19166666666666665 0.0205 0.01
3 0.33325 0.225 0.0155 0.014
1 0.39275 0.23666666666666666 0.0055 0.009333333333333332
9 0.2975 0.19799999999999998 0.005 0.008
0 0.27625 0.25966666666666666 0.0045000000000000005 0.016666666666666666
9 0.197 0.23766666666666666 0.006 0.011333333333333332
1 0.19675 0.23466666666666666 0.0055 0.012
3 0.10775 0.18966666666666665 0.0115 0.01
3 0.12025 0.17166666666666666 0.0095 0.01
3 0.1145 0.16166666666666665 0.008 0.007333333333333333
3 0.14525 0.29466666666666663 0.0205 0.026666666666666665
3 0.1395 0.2796666666666667 0.015 0.015333333333333332
3 0.13675 0.26866666666666666 0.0165 0.014666666666666666
3 0.12025 0.23766666666666666 0.0165 0.015333333333333332
3 0.11625 0.22966666666666666 0.0155 0.011333333333333332
3 0.1105 0.22066666666666665 0.015 0.013333333333333332
0 0.04 0.244 0.007 0.016
0 0.03625 0.24366666666666667 0.0045000000000000005 0.012666666666666666
4 0.09 0.14666666666666667 0.007 0.009333333333333332
5 0.077 0.13966666666666666 0.008 0.01
3 0.09375 0.14333333333333334 0.0055 0.008
3 0.085 0.13366666666666666 0.005 0.007333333333333333
3 0.083 0.12566666666666665 0.005 0.004666666666666666
3 0.07275 0.12466666666666666 0.0075 0.005333333333333333
4 0.044 0.12766666666666665 0.005 0.007333333333333333
