3 0.44642857142857145 0.027142857142857142 0.027142857142857142 0.021904761904761906
3 0.39035714285714285 0.10523809523809524 0.029285714285714286 0.021904761904761906
3 0.3875 0.03 0.027857142857142858 0.02
3 0.38535714285714284 0.005238095238095238 0.027857142857142858 0.012380952380952381
3 0.062142857142857146 0.20952380952380953 0.032857142857142856 0.022857142857142857
4 0.395 0.2438095238095238 0.027142857142857142 0.022857142857142857
5 0.7214285714285714 0.3314285714285714 0.018571428571428572 0.11619047619047619
3 0.7475 0.40714285714285714 0.015 0.035238095238095235
9 0.755 0.3438095238095238 0.005714285714285714 0.017142857142857144
9 0.5692857142857143 0.3476190476190476 0.007142857142857143 0.015238095238095238
3 0.6021428571428571 0.7395238095238095 0.014285714285714285 0.04285714285714286
3 0.45964285714285713 0.61 0.03214285714285714 0.02
3 0.845 0.9119047619047619 0.02857142857142857 0.02
4 0.8496428571428571 0.9885714285714285 0.027857142857142858 0.02095238095238095
3 0.9103571428571429 0.9219047619047619 0.03214285714285714 0.022857142857142857
3 0.9128571428571428 0.9595238095238096 0.03 0.021904761904761906
0 0.895 0.8852380952380953 0.008571428571428572 0.012380952380952381
0 0.9021428571428571 0.8842857142857142 0.007142857142857143 0.010476190476190476
0 0.7871428571428571 0.6795238095238095 0.01 0.012380952380952381
5 0.5971428571428572 0.8676190476190476 0.022857142857142857 0.08
