3 0.7896428571428571 0.741904761904762 0.11928571428571429 0.18285714285714286
3 0.7489285714285714 0.4795238095238095 0.062142857142857146 0.0980952380952381
5 0.6275 0.16714285714285715 0.056428571428571425 0.0980952380952381
3 0.5789285714285715 0.047142857142857146 0.03357142857142857 0.04476190476190476
3 0.48678571428571427 0.4 0.055 0.11619047619047619
3 0.3817857142857143 0.8519047619047619 0.09357142857142857 0.2276190476190476
3 0.405 0.6452380952380953 0.07 0.15523809523809523
5 0.41678571428571426 0.46904761904761905 0.06785714285714285 0.16857142857142857
3 0.4225 0.3547619047619048 0.047857142857142855 0.07523809523809524
0 0.33035714285714285 0.30666666666666664 0.023571428571428573 0.08952380952380952
3 0.4342857142857143 0.2947619047619048 0.04857142857142857 0.07714285714285714
3 0.43785714285714283 0.2195238095238095 0.04 0.06761904761904762
3 0.43464285714285716 0.16476190476190475 0.03214285714285714 0.05523809523809524
3 0.43392857142857144 0.11476190476190476 0.035 0.06
3 0.4275 0.02 0.02642857142857143 0.04
