9 0.6714285714285714 0.8647619047619047 0.022857142857142857 0.047619047619047616
5 0.5339285714285714 0.8276190476190476 0.04642857142857143 0.10857142857142857
3 0.7546428571428572 0.4471428571428571 0.04214285714285714 0.03142857142857143
3 0.7671428571428571 0.42666666666666664 0.04285714285714286 0.02857142857142857
3 0.6696428571428571 0.31952380952380954 0.020714285714285713 0.029523809523809525
3 0.7225 0.3547619047619048 0.020714285714285713 0.03333333333333333
3 0.7442857142857143 0.3647619047619048 0.017142857142857144 0.030476190476190476
9 0.5167857142857143 0.26666666666666666 0.007857142857142858 0.015238095238095238
9 0.7675 0.38666666666666666 0.015 0.02095238095238095
9 0.7378571428571429 0.14 0.007142857142857143 0.013333333333333332
9 0.7617857142857143 0.11428571428571428 0.009285714285714286 0.015238095238095238
9 0.7792857142857142 0.07428571428571429 0.008571428571428572 0.013333333333333332
