4 0.0325 0.7538095238095238 0.06642857142857143 0.08095238095238096
9 0.08285714285714285 0.7747619047619048 0.027142857142857142 0.05047619047619047
9 0.105 0.789047619047619 0.022857142857142857 0.05238095238095238
9 0.1225 0.8071428571428572 0.03214285714285714 0.05238095238095238
3 0.18 0.8523809523809524 0.08 0.08761904761904762
3 0.28964285714285715 0.85 0.07785714285714286 0.09428571428571429
3 0.30892857142857144 0.7847619047619048 0.07785714285714286 0.08
3 0.33 0.7295238095238096 0.07571428571428572 0.07428571428571429
9 0.4139285714285714 0.7071428571428572 0.023571428571428573 0.04476190476190476
3 0.445 0.7323809523809524 0.05714285714285714 0.11047619047619048
9 0.39285714285714285 0.6190476190476191 0.012857142857142857 0.0380952380952381
3 0.4114285714285714 0.5766666666666667 0.07 0.06571428571428571
6 0.46 0.5523809523809524 0.02 0.06285714285714286
5 0.4139285714285714 0.5242857142857142 0.075 0.06952380952380953
3 0.4471428571428571 0.4695238095238095 0.06714285714285714 0.05714285714285714
9 0.4775 0.3952380952380952 0.027857142857142858 0.022857142857142857
5 0.5271428571428571 0.25952380952380955 0.047142857142857146 0.05238095238095238
6 0.5375 0.23142857142857143 0.045 0.0419047619047619
9 0.5878571428571429 0.15714285714285714 0.022857142857142857 0.022857142857142857
9 0.5642857142857143 0.15476190476190477 0.025714285714285714 0.018095238095238095
9 0.5642857142857143 0.1419047619047619 0.022857142857142857 0.01904761904761905
9 0.5689285714285715 0.1295238095238095 0.020714285714285713 0.022857142857142857
9 0.5739285714285715 0.12 0.019285714285714285 0.022857142857142857
3 0.6146428571428572 0.12904761904761905 0.03785714285714286 0.05619047619047619
3 0.5842857142857143 0.0919047619047619 0.055714285714285716 0.04476190476190476
3 0.5978571428571429 0.06428571428571428 0.05285714285714286 0.04476190476190476
3 0.6067857142857143 0.03761904761904762 0.05071428571428571 0.04285714285714286
5 0.62 0.021904761904761906 0.06 0.04380952380952381
3 0.0175 0.6190476190476191 0.035 0.07238095238095238
3 0.49785714285714283 0.9438095238095238 0.08714285714285715 0.06095238095238095
3 0.5078571428571429 0.8676190476190476 0.08428571428571428 0.05904761904761905
3 0.5253571428571429 0.7942857142857143 0.075 0.05714285714285714
3 0.5446428571428571 0.7347619047619047 0.07214285714285715 0.05238095238095238
3 0.5621428571428572 0.6747619047619048 0.07714285714285714 0.05238095238095238
3 0.5667857142857143 0.6095238095238096 0.07785714285714286 0.047619047619047616
3 0.5821428571428572 0.5642857142857143 0.06714285714285714 0.04476190476190476
3 0.6121428571428571 0.5295238095238095 0.06714285714285714 0.06285714285714286
3 0.6292857142857143 0.4895238095238095 0.07 0.05523809523809524
3 0.6446428571428572 0.43666666666666665 0.06928571428571428 0.06190476190476191
3 0.6667857142857143 0.3995238095238095 0.062142857142857146 0.054285714285714284
3 0.5542857142857143 0.42523809523809525 0.045714285714285714 0.09047619047619047
5 0.6917857142857143 0.26142857142857145 0.06785714285714285 0.054285714285714284
4 0.6917857142857143 0.2123809523809524 0.060714285714285714 0.047619047619047616
5 0.7075 0.18714285714285714 0.065 0.05238095238095238
5 0.715 0.15142857142857144 0.07 0.05714285714285714
6 0.6896428571428571 0.11952380952380952 0.035 0.03333333333333333
6 0.7214285714285714 0.09952380952380953 0.041428571428571426 0.037142857142857144
9 0.6878571428571428 0.09238095238095238 0.02142857142857143 0.015238095238095238
9 0.6871428571428572 0.08142857142857143 0.02 0.01619047619047619
4 0.7289285714285715 0.06380952380952382 0.04642857142857143 0.05142857142857143
3 0.735 0.037142857142857144 0.04 0.04
3 0.7396428571428572 0.014761904761904763 0.04071428571428572 0.03142857142857143
