3 0.30785714285714283 0.8047619047619048 0.055714285714285716 0.08571428571428572
3 0.335 0.7742857142857142 0.05714285714285714 0.09523809523809523
5 0.3767857142857143 0.7590476190476191 0.07357142857142857 0.11238095238095239
3 0.4075 0.7266666666666667 0.05785714285714286 0.08761904761904762
3 0.43214285714285716 0.6947619047619048 0.05 0.07714285714285714
3 0.48392857142857143 0.6638095238095238 0.047857142857142855 0.0838095238095238
4 0.5153571428571428 0.6447619047619048 0.045 0.08
3 0.5492857142857143 0.6342857142857142 0.04857142857142857 0.09142857142857143
3 0.5864285714285714 0.6290476190476191 0.05142857142857143 0.08857142857142856
3 0.6721428571428572 0.8142857142857143 0.06714285714285714 0.06476190476190476
9 0.6075 0.7738095238095238 0.025 0.023809523809523808
1 0.6089285714285714 0.7738095238095238 0.012142857142857143 0.018095238095238095
2 0.5775 0.7390476190476191 0.02214285714285714 0.015238095238095238
1 0.5775 0.7371428571428571 0.016428571428571428 0.015238095238095238
4 0.8039285714285714 0.6447619047619048 0.060714285714285714 0.07238095238095238
2 0.8546428571428571 0.6423809523809524 0.025 0.018095238095238095
1 0.8596428571428572 0.6395238095238095 0.015 0.014285714285714285
3 0.63 0.57 0.06 0.06190476190476191
4 0.6103571428571428 0.5376190476190477 0.05785714285714286 0.06380952380952382
4 0.5742857142857143 0.49666666666666665 0.07285714285714286 0.06
0 0.44142857142857145 0.5723809523809524 0.014285714285714285 0.015238095238095238
9 0.8189285714285715 0.8476190476190476 0.027857142857142858 0.01904761904761905
1 0.8221428571428572 0.8495238095238096 0.015714285714285715 0.017142857142857144
9 0.6171428571428571 0.4471428571428571 0.025714285714285714 0.02
9 0.6471428571428571 0.48 0.022857142857142857 0.030476190476190476
9 0.6378571428571429 0.3952380952380952 0.017142857142857144 0.024761904761904763
1 0.6389285714285714 0.3942857142857143 0.012142857142857143 0.015238095238095238
4 0.5421428571428571 0.3314285714285714 0.05 0.06476190476190476
9 0.5578571428571428 0.23952380952380953 0.007142857142857143 0.029523809523809525
9 0.5689285714285715 0.24476190476190476 0.015 0.03238095238095238
9 0.5775 0.2571428571428571 0.019285714285714285 0.02857142857142857
9 0.585 0.2671428571428571 0.012857142857142857 0.029523809523809525
9 0.6 0.2776190476190476 0.02 0.029523809523809525
9 0.6114285714285714 0.29428571428571426 0.02 0.02857142857142857
9 0.6242857142857143 0.30666666666666664 0.017142857142857144 0.024761904761904763
9 0.6389285714285714 0.31952380952380954 0.025 0.021904761904761906
9 0.6528571428571428 0.22904761904761906 0.022857142857142857 0.025714285714285714
9 0.6414285714285715 0.21904761904761905 0.017142857142857144 0.030476190476190476
9 0.6228571428571429 0.21904761904761905 0.015714285714285715 0.03428571428571429
9 0.6142857142857143 0.21142857142857144 0.012857142857142857 0.02095238095238095
1 0.665 0.21476190476190476 0.008571428571428572 0.012380952380952381
9 0.5842857142857143 0.16428571428571428 0.011428571428571429 0.02761904761904762
9 0.595 0.16142857142857142 0.011428571428571429 0.02761904761904762
9 0.605 0.16142857142857142 0.01 0.03142857142857143
9 0.6167857142857143 0.1595238095238095 0.007857142857142858 0.025714285714285714
9 0.685 0.15904761904761905 0.014285714285714285 0.026666666666666665
9 0.7192857142857143 0.14714285714285713 0.018571428571428572 0.02
4 0.34 0.16380952380952382 0.04285714285714286 0.05142857142857143
9 0.325 0.049523809523809526 0.015714285714285715 0.022857142857142857
1 0.32392857142857145 0.047619047619047616 0.009285714285714286 0.015238095238095238
1 0.36464285714285716 0.024761904761904763 0.010714285714285714 0.015238095238095238
2 0.17892857142857144 0.10666666666666666 0.02214285714285714 0.02095238095238095
6 0.7939285714285714 0.4166666666666667 0.04357142857142857 0.035238095238095235
1 0.8071428571428572 0.4076190476190476 0.01 0.015238095238095238
9 0.8442857142857143 0.4042857142857143 0.024285714285714285 0.02
1 0.8453571428571428 0.4023809523809524 0.012142857142857143 0.01619047619047619
0 0.7746428571428572 0.19 0.015 0.021904761904761906
0 0.8025 0.11476190476190476 0.013571428571428571 0.021904761904761906
0 0.7971428571428572 0.10380952380952381 0.012857142857142857 0.026666666666666665
0 0.8064285714285714 0.07666666666666666 0.012857142857142857 0.023809523809523808
0 0.8239285714285715 0.07523809523809524 0.013571428571428571 0.024761904761904763
9 0.8489285714285715 0.056666666666666664 0.015 0.02761904761904762
1 0.8503571428571428 0.054285714285714284 0.010714285714285714 0.02095238095238095
0 0.8403571428571428 0.18714285714285714 0.012142857142857143 0.021904761904761906
3 0.8525 0.2895238095238095 0.04214285714285714 0.08
0 0.9617857142857142 0.28904761904761905 0.017857142857142856 0.02
2 0.9571428571428572 0.2714285714285714 0.022857142857142857 0.017142857142857144
1 0.9628571428571429 0.2671428571428571 0.015714285714285715 0.014285714285714285
4 0.9242857142857143 0.029047619047619048 0.054285714285714284 0.05238095238095238
3 0.9396428571428571 0.017619047619047618 0.055 0.035238095238095235
