5 0.3871428571428571 0.4776190476190476 0.032857142857142856 0.058095238095238096
3 0.7721428571428571 0.9719047619047619 0.05285714285714286 0.05238095238095238
3 0.7475 0.9338095238095238 0.05071428571428571 0.05047619047619047
0 0.43535714285714283 0.5642857142857143 0.0035714285714285713 0.01619047619047619
0 0.40214285714285714 0.41 0.002857142857142857 0.010476190476190476
3 0.43785714285714283 0.3676190476190476 0.008571428571428572 0.013333333333333332
5 0.5096428571428572 0.2119047619047619 0.007857142857142858 0.01619047619047619
0 0.52 0.2719047619047619 0.0014285714285714286 0.004761904761904762
0 0.5539285714285714 0.86 0.007857142857142858 0.030476190476190476
3 0.2 0.25523809523809526 0.012857142857142857 0.007619047619047619
3 0.19214285714285714 0.26476190476190475 0.01 0.007619047619047619
3 0.5789285714285715 0.30666666666666664 0.013571428571428571 0.007619047619047619
4 0.5796428571428571 0.2947619047619048 0.012142857142857143 0.006666666666666666
4 0.58 0.2866666666666667 0.01 0.005714285714285714
4 0.5814285714285714 0.2919047619047619 0.008571428571428572 0.004761904761904762
