3 0.5461899791231732 0.16743970315398887 0.028705636743215027 0.05844155844155844
3 0.5566283924843424 0.0904452690166976 0.022442588726513567 0.04730983302411874
3 0.5879436325678496 0.13404452690166976 0.025574112734864297 0.05287569573283859
3 0.587160751565762 0.1836734693877551 0.030271398747390394 0.0575139146567718
3 0.5772442588726513 0.2564935064935065 0.032359081419624215 0.07328385899814471
0 0.5323590814196242 0.31864564007421153 0.010438413361169102 0.05658627087198516
0 0.587160751565762 0.39285714285714285 0.011482254697286011 0.045454545454545456
0 0.5456680584551148 0.6808905380333952 0.009916492693110646 0.06493506493506494
0 0.5247912317327765 0.6832096474953618 0.015135699373695197 0.07142857142857142
0 0.5373173277661795 0.7407235621521336 0.009916492693110646 0.041743970315398886
0 0.5696764091858038 0.6855287569573284 0.013048016701461376 0.07977736549165121
0 0.5960334029227556 0.6906307977736549 0.011482254697286011 0.05287569573283859
0 0.6213465553235907 0.7091836734693878 0.009916492693110646 0.0640074211502783
0 0.5046972860125261 0.674860853432282 0.012526096033402922 0.0640074211502783
0 0.4809498956158663 0.6873840445269017 0.016179540709812108 0.0686456400742115
0 0.4832985386221294 0.8195732838589982 0.012526096033402922 0.05102040816326531
0 0.569937369519833 0.8158627087198516 0.015657620041753653 0.05658627087198516
0 0.47494780793319413 0.761595547309833 0.012526096033402922 0.0705009276437848
0 0.6150835073068893 0.650278293135436 0.010960334029227557 0.06307977736549165
0 0.6302192066805845 0.6688311688311689 0.014091858037578286 0.06679035250463822
0 0.6015135699373695 0.6544526901669759 0.014091858037578286 0.05473098330241188
0 0.587160751565762 0.6637291280148423 0.01774530271398747 0.06957328385899815
0 0.5485386221294363 0.648886827458256 0.016701461377870562 0.06215213358070501
0 0.5923799582463465 0.6001855287569573 0.011482254697286011 0.07235621521335807
0 0.5874217118997912 0.6391465677179963 0.010960334029227557 0.059369202226345084
0 0.5717640918580376 0.6363636363636364 0.015135699373695197 0.06679035250463822
0 0.5534968684759916 0.6210575139146568 0.014091858037578286 0.06586270871985157
0 0.5662839248434237 0.599721706864564 0.012526096033402922 0.0640074211502783
3 0.5728079331941545 0.46567717996289426 0.04227557411273486 0.13172541743970315
0 0.5028705636743215 0.599721706864564 0.012004175365344467 0.05473098330241188
0 0.5169624217118998 0.5969387755102041 0.010960334029227557 0.07328385899814471
0 0.528705636743215 0.6182745825602969 0.011482254697286011 0.0640074211502783
0 0.5388830897703548 0.6233766233766234 0.009916492693110646 0.055658627087198514
0 0.5360125260960333 0.5946196660482375 0.010438413361169102 0.05009276437847866
0 0.5297494780793319 0.5709647495361782 0.008350730688935281 0.04730983302411874
0 0.5336638830897703 0.5556586270871985 0.009916492693110646 0.0463821892393321
0 0.5456680584551148 0.5533395176252319 0.012004175365344467 0.05287569573283859
0 0.5360125260960333 0.5454545454545454 0.010438413361169102 0.05380333951762523
0 0.5354906054279749 0.5194805194805195 0.009394572025052192 0.0463821892393321
0 0.5438413361169102 0.5139146567717996 0.0073068893528183704 0.05194805194805195
0 0.5334029227557411 0.49257884972170685 0.010438413361169102 0.05009276437847866
0 0.5060020876826722 0.5032467532467533 0.009916492693110646 0.05287569573283859
0 0.5180062630480167 0.5009276437847866 0.008872651356993735 0.05009276437847866
0 0.517223382045929 0.511595547309833 0.009394572025052192 0.043599257884972174
6 0.5164405010438413 0.4647495361781076 0.019311064718162838 0.07792207792207792
0 0.5336638830897703 0.4359925788497217 0.009916492693110646 0.0575139146567718
0 0.5467118997912317 0.424860853432282 0.009916492693110646 0.05009276437847866
0 0.5474947807933194 0.4387755102040816 0.010438413361169102 0.0463821892393321
0 0.5464509394572025 0.4536178107606679 0.012526096033402922 0.0575139146567718
0 0.5412317327766178 0.4749536178107607 0.009394572025052192 0.04267161410018553
0 0.5443632567849687 0.4666048237476809 0.008350730688935281 0.04267161410018553
0 0.6069937369519832 0.5830241187384044 0.011482254697286011 0.075139146567718
0 0.6414405010438413 0.6307977736549165 0.012526096033402922 0.07792207792207792
0 0.6283924843423799 0.6108534322820037 0.010438413361169102 0.06771799628942486
0 0.6310020876826722 0.5918367346938775 0.009394572025052192 0.059369202226345084
0 0.6931106471816283 0.6544526901669759 0.010438413361169102 0.06957328385899815
0 0.699634655532359 0.6354359925788498 0.009916492693110646 0.07235621521335807
0 0.6850208768267223 0.6363636363636364 0.009916492693110646 0.0686456400742115
9 0.8055845511482254 0.6679035250463822 0.05167014613778705 0.04452690166975881
3 0.5910751565762004 0.08951762523191095 0.023486430062630476 0.03803339517625232
3 0.5884655532359081 0.039888682745825604 0.02139874739039666 0.04452690166975881
0 0.5989039665970772 0.43692022263450836 0.009916492693110646 0.059369202226345084
0 0.6051670146137786 0.44387755102040816 0.008872651356993735 0.05658627087198516
0 0.6143006263048016 0.43738404452690166 0.009394572025052192 0.05658627087198516
0 0.6278705636743215 0.43042671614100186 0.010438413361169102 0.05009276437847866
0 0.6137787056367432 0.475417439703154 0.010438413361169102 0.06029684601113173
0 0.6294363256784968 0.5162337662337663 0.010438413361169102 0.05844155844155844
0 0.6184759916492693 0.49165120593692024 0.009394572025052192 0.04823747680890538
0 0.4921711899791231 0.6233766233766234 0.009394572025052192 0.05194805194805195
0 0.4731210855949895 0.6646567717996289 0.012004175365344467 0.07884972170686456
0 0.48382045929018785 0.6113172541743971 0.008350730688935281 0.07235621521335807
0 0.4765135699373695 0.5737476808905381 0.012526096033402922 0.07328385899814471
3 0.5754175365344467 0.33812615955473097 0.04123173277661795 0.10111317254174397
0 0.6137787056367432 0.563543599257885 0.010438413361169102 0.06957328385899815
3 0.6056889352818371 0.9253246753246753 0.07463465553235907 0.14749536178107606
3 0.595250521920668 0.013450834879406308 0.019311064718162838 0.026901669758812616
