2 0.43714285714285717 0.960952380952381 0.04285714285714286 0.0761904761904762
2 0.4546428571428571 0.8995238095238095 0.03785714285714286 0.10761904761904761
3 0.11464285714285714 0.9276190476190476 0.2292857142857143 0.14095238095238094
3 0.08428571428571428 0.7971428571428572 0.16857142857142857 0.13523809523809524
3 0.12928571428571428 0.7076190476190476 0.19285714285714287 0.13523809523809524
3 0.1925 0.6319047619047619 0.155 0.10571428571428572
4 0.32535714285714284 0.4695238095238095 0.13357142857142856 0.11428571428571428
4 0.3467857142857143 0.4095238095238095 0.10214285714285715 0.07809523809523809
4 0.37464285714285717 0.3823809523809524 0.09071428571428572 0.07523809523809524
3 0.39 0.3466666666666667 0.11 0.07428571428571429
4 0.4014285714285714 0.3142857142857143 0.08428571428571428 0.05523809523809524
3 0.42214285714285715 0.2938095238095238 0.08285714285714285 0.05238095238095238
3 0.41678571428571426 0.24714285714285714 0.07785714285714286 0.04857142857142857
3 0.41892857142857143 0.22428571428571428 0.07214285714285715 0.037142857142857144
4 0.41714285714285715 0.2 0.06714285714285714 0.04
3 0.43642857142857144 0.19238095238095237 0.06285714285714286 0.0419047619047619
3 0.43214285714285716 0.17904761904761904 0.07 0.03619047619047619
3 0.44285714285714284 0.16238095238095238 0.05714285714285714 0.040952380952380955
3 0.44892857142857145 0.15476190476190477 0.055 0.035238095238095235
3 0.48178571428571426 0.1419047619047619 0.056428571428571425 0.03428571428571429
3 0.48464285714285715 0.12761904761904763 0.052142857142857144 0.022857142857142857
3 0.49178571428571427 0.11476190476190476 0.055 0.029523809523809525
3 0.5 0.10714285714285714 0.045714285714285714 0.02761904761904762
3 0.4875 0.09476190476190476 0.052142857142857144 0.021904761904761906
3 0.5014285714285714 0.09 0.03857142857142857 0.02761904761904762
3 0.5221428571428571 0.05714285714285714 0.017142857142857144 0.024761904761904763
3 0.5328571428571428 0.04904761904761905 0.012857142857142857 0.025714285714285714
3 0.5428571428571428 0.09904761904761905 0.04285714285714286 0.03238095238095238
3 0.5496428571428571 0.24142857142857144 0.027857142857142858 0.06571428571428571
3 0.5703571428571429 0.16714285714285715 0.030714285714285715 0.04285714285714286
3 0.61 0.16238095238095238 0.025714285714285714 0.04476190476190476
3 0.5971428571428572 0.11714285714285715 0.022857142857142857 0.03238095238095238
3 0.6114285714285714 0.09666666666666666 0.024285714285714285 0.029523809523809525
3 0.6246428571428572 0.08238095238095237 0.017857142857142856 0.02761904761904762
3 0.6296428571428572 0.06904761904761905 0.019285714285714285 0.025714285714285714
3 0.6296428571428572 0.054285714285714284 0.02214285714285714 0.017142857142857144
3 0.6314285714285715 0.0419047619047619 0.024285714285714285 0.024761904761904763
3 0.5464285714285714 0.08714285714285715 0.041428571428571426 0.025714285714285714
3 0.5496428571428571 0.0838095238095238 0.04928571428571429 0.024761904761904763
3 0.5571428571428572 0.07904761904761905 0.04 0.024761904761904763
3 0.5578571428571428 0.07 0.045714285714285714 0.02
3 0.56 0.06190476190476191 0.045714285714285714 0.022857142857142857
3 0.5628571428571428 0.06 0.04428571428571428 0.024761904761904763
3 0.5639285714285714 0.054285714285714284 0.04642857142857143 0.022857142857142857
3 0.5689285714285715 0.05380952380952381 0.04071428571428572 0.023809523809523808
3 0.5717857142857142 0.047142857142857146 0.04214285714285714 0.02
3 0.5746428571428571 0.04 0.04071428571428572 0.01904761904761905
3 0.58 0.034761904761904765 0.03571428571428571 0.02
3 0.5775 0.02238095238095238 0.030714285714285715 0.014285714285714285
3 0.5771428571428572 0.019523809523809523 0.03428571428571429 0.018095238095238095
3 0.5496428571428571 0.03190476190476191 0.012142857142857143 0.021904761904761906
3 0.5342857142857143 0.03238095238095238 0.015714285714285715 0.022857142857142857
3 0.5442857142857143 0.02142857142857143 0.025714285714285714 0.01619047619047619
3 0.5446428571428571 0.009523809523809525 0.029285714285714286 0.015238095238095238
9 0.5117857142857143 0.039523809523809524 0.013571428571428571 0.012380952380952381
0 0.6014285714285714 0.021904761904761906 0.004285714285714286 0.017142857142857144
0 0.6067857142857143 0.02238095238095238 0.005 0.02
0 0.6171428571428571 0.01904761904761905 0.005714285714285714 0.01904761904761905
4 0.6292857142857143 0.016666666666666666 0.014285714285714285 0.023809523809523808
3 0.675 0.025238095238095237 0.011428571428571429 0.025714285714285714
3 0.69 0.011904761904761904 0.017142857142857144 0.021904761904761906
4 0.6775 0.08 0.015 0.03619047619047619
0 0.5967857142857143 0.09476190476190476 0.005 0.02761904761904762
0 0.5517857142857143 0.1438095238095238 0.012142857142857143 0.03238095238095238
1 0.5828571428571429 0.12142857142857143 0.008571428571428572 0.02
2 0.5825 0.12904761904761905 0.013571428571428571 0.01619047619047619
1 0.6596428571428572 0.06428571428571428 0.007857142857142858 0.02
1 0.6696428571428571 0.14904761904761904 0.009285714285714286 0.02761904761904762
9 0.6703571428571429 0.1538095238095238 0.027857142857142858 0.021904761904761906
9 0.6596428571428572 0.07 0.007857142857142858 0.014285714285714285
9 0.7946428571428571 0.049523809523809526 0.007857142857142858 0.013333333333333332
9 0.8589285714285714 0.14952380952380953 0.016428571428571428 0.024761904761904763
9 0.8821428571428571 0.12761904761904763 0.012857142857142857 0.022857142857142857
2 0.7689285714285714 0.07428571428571429 0.0064285714285714285 0.015238095238095238
1 0.77 0.06904761904761905 0.008571428571428572 0.02
0 0.7846428571428572 0.06761904761904762 0.007857142857142858 0.022857142857142857
0 0.7771428571428571 0.03238095238095238 0.007142857142857143 0.01904761904761905
0 0.7842857142857143 0.03666666666666667 0.005714285714285714 0.02
0 0.7903571428571429 0.034761904761904765 0.007857142857142858 0.02
0 0.81 0.09714285714285714 0.007142857142857143 0.026666666666666665
0 0.8153571428571429 0.09380952380952381 0.0064285714285714285 0.02761904761904762
0 0.8242857142857143 0.09666666666666666 0.008571428571428572 0.02761904761904762
0 0.8425 0.10238095238095238 0.007857142857142858 0.025714285714285714
0 0.8428571428571429 0.08714285714285715 0.008571428571428572 0.025714285714285714
0 0.8721428571428571 0.13952380952380952 0.005714285714285714 0.025714285714285714
1 0.795 0.04428571428571428 0.002857142857142857 0.012380952380952381
0 0.8764285714285714 0.14142857142857143 0.004285714285714286 0.023809523809523808
0 0.9728571428571429 0.2195238095238095 0.008571428571428572 0.035238095238095235
0 0.9814285714285714 0.22238095238095237 0.008571428571428572 0.035238095238095235
3 0.9571428571428572 0.3223809523809524 0.07714285714285714 0.06761904761904762
3 0.9071428571428571 0.25761904761904764 0.054285714285714284 0.05047619047619047
3 0.9675 0.25 0.056428571428571425 0.06761904761904762
3 0.9396428571428571 0.21428571428571427 0.045 0.047619047619047616
8 0.8175 0.1719047619047619 0.07214285714285715 0.10952380952380952
3 0.7778571428571428 0.12238095238095238 0.03 0.02761904761904762
3 0.8078571428571428 0.11714285714285715 0.03142857142857143 0.02857142857142857
4 0.7375 0.1019047619047619 0.02214285714285714 0.03238095238095238
3 0.7267857142857143 0.07428571428571429 0.023571428571428573 0.022857142857142857
3 0.7525 0.07904761904761905 0.02214285714285714 0.024761904761904763
3 0.7978571428571428 0.07142857142857142 0.022857142857142857 0.024761904761904763
3 0.74 0.05952380952380952 0.02 0.02
3 0.71 0.05142857142857143 0.02 0.02095238095238095
3 0.7246428571428571 0.039523809523809524 0.019285714285714285 0.021904761904761906
3 0.7114285714285714 0.02238095238095238 0.015714285714285715 0.02
3 0.7642857142857142 0.03190476190476191 0.018571428571428572 0.02
3 0.71 0.007619047619047619 0.012857142857142857 0.017142857142857144
5 0.7428571428571429 0.017619047619047618 0.024285714285714285 0.037142857142857144
3 0.7317857142857143 0.009523809523809525 0.015 0.015238095238095238
3 0.6967857142857142 0.2338095238095238 0.04642857142857143 0.06761904761904762
3 0.7414285714285714 0.43142857142857144 0.054285714285714284 0.09714285714285714
3 0.8096428571428571 0.4471428571428571 0.062142857142857146 0.10571428571428572
