3 0.5375 0.7942857142857143 0.04214285714285714 0.10285714285714286
3 0.29678571428571426 0.7390476190476191 0.06785714285714285 0.09714285714285714
3 0.4092857142857143 0.5942857142857143 0.04857142857142857 0.05904761904761905
3 0.5921428571428572 0.5447619047619048 0.03428571428571429 0.05142857142857143
3 0.6317857142857143 0.44476190476190475 0.03214285714285714 0.04
3 0.6721428571428572 0.4076190476190476 0.022857142857142857 0.030476190476190476
3 0.7164285714285714 0.33666666666666667 0.017142857142857144 0.023809523809523808
3 0.6125 0.3852380952380952 0.023571428571428573 0.02761904761904762
3 0.5289285714285714 0.48428571428571426 0.025 0.035238095238095235
3 0.5353571428571429 0.43952380952380954 0.03357142857142857 0.035238095238095235
4 0.5578571428571428 0.44476190476190475 0.025714285714285714 0.0419047619047619
4 0.58 0.42428571428571427 0.024285714285714285 0.037142857142857144
3 0.6275 0.36238095238095236 0.017857142857142856 0.023809523809523808
0 0.7717857142857143 0.38142857142857145 0.0064285714285714285 0.01619047619047619
0 0.7375 0.38142857142857145 0.007857142857142858 0.018095238095238095
0 0.4764285714285714 0.3871428571428571 0.007142857142857143 0.018095238095238095
0 0.5017857142857143 0.3838095238095238 0.0064285714285714285 0.02095238095238095
9 0.9725 0.7871428571428571 0.03214285714285714 0.035238095238095235
1 0.9771428571428571 0.7747619047619048 0.012857142857142857 0.03333333333333333
1 0.315 0.6319047619047619 0.011428571428571429 0.02
1 0.29928571428571427 0.6314285714285715 0.008571428571428572 0.02095238095238095
9 0.315 0.6419047619047619 0.014285714285714285 0.02857142857142857
9 0.2978571428571429 0.6390476190476191 0.015714285714285715 0.026666666666666665
3 0.2575 0.9519047619047619 0.07071428571428572 0.08476190476190476
3 0.16714285714285715 0.9695238095238096 0.06714285714285714 0.05904761904761905
