4 0.44642857142857145 0.6833756345177664 0.017142857142857144 0.049492385786802026
8 0.455 0.3978426395939086 0.03428571428571429 0.07741116751269035
8 0.42 0.39403553299492383 0.02857142857142857 0.07741116751269035
8 0.5578571428571428 0.22715736040609136 0.03571428571428571 0.055837563451776644
8 0.6046428571428571 0.18591370558375633 0.035 0.049492385786802026
3 0.6339285714285714 0.37880710659898476 0.012142857142857143 0.03426395939086294
5 0.5721428571428572 0.17576142131979694 0.032857142857142856 0.031725888324873094
5 0.37214285714285716 0.3826142131979695 0.014285714285714285 0.04695431472081218
8 0.06964285714285715 0.3972081218274111 0.075 0.06598984771573603
8 0.2875 0.6072335025380711 0.08071428571428571 0.05710659898477157
8 0.30964285714285716 0.5418781725888324 0.020714285714285713 0.06852791878172589
8 0.31892857142857145 0.47335025380710655 0.016428571428571428 0.07106598984771573
8 0.3392857142857143 0.3965736040609137 0.012857142857142857 0.052030456852791875
8 0.3821428571428571 0.46637055837563446 0.02 0.07741116751269035
