0 0.23214285714285715 0.9600253807106598 0.007142857142857143 0.026649746192893398
3 0.24964285714285714 0.4295685279187817 0.035 0.024111675126903553
0 0.25392857142857145 0.3426395939086294 0.005 0.015228426395939085
3 0.2275 0.3375634517766497 0.015 0.027918781725888322
3 0.26142857142857145 0.3166243654822335 0.014285714285714285 0.026649746192893398
0 0.28714285714285714 0.31408629441624364 0.002857142857142857 0.016497461928934008
3 0.31214285714285717 0.29251269035532995 0.01 0.024111675126903553
0 0.3292857142857143 0.30583756345177665 0.002857142857142857 0.015228426395939085
0 0.33464285714285713 0.3045685279187817 0.005 0.02030456852791878
0 0.3392857142857143 0.3032994923857868 0.002857142857142857 0.02030456852791878
0 0.3425 0.3032994923857868 0.0035714285714285713 0.02030456852791878
3 0.38 0.17956852791878172 0.012857142857142857 0.026649746192893398
3 0.4375 0.1649746192893401 0.012142857142857143 0.025380710659898477
3 0.42392857142857143 0.2639593908629441 0.013571428571428571 0.035532994923857864
3 0.32785714285714285 0.024111675126903553 0.01 0.01015228426395939
3 0.3267857142857143 0.039974619289340096 0.013571428571428571 0.011421319796954314
3 0.3142857142857143 0.03616751269035533 0.012857142857142857 0.013959390862944161
3 0.4392857142857143 0.42576142131979694 0.018571428571428572 0.04441624365482233
3 0.5646428571428571 0.700507614213198 0.027857142857142858 0.08883248730964466
4 0.6642857142857143 0.43908629441624364 0.03857142857142857 0.055837563451776644
3 0.6767857142857143 0.3515228426395939 0.013571428571428571 0.03045685279187817
3 0.6167857142857143 0.21002538071065988 0.012142857142857143 0.029187817258883246
3 0.565 0.19860406091370555 0.012857142857142857 0.029187817258883246
0 0.5571428571428572 0.20304568527918782 0.002857142857142857 0.02030456852791878
8 0.5589285714285714 0.09708121827411166 0.04214285714285714 0.03934010152284264
