5 0.13214285714285715 0.061548223350253804 0.022857142857142857 0.029187817258883246
8 0.10214285714285715 0.08439086294416243 0.027142857142857142 0.029187817258883246
3 0.06678571428571428 0.10215736040609136 0.016428571428571428 0.019035532994923856
4 0.08714285714285715 0.23540609137055835 0.022857142857142857 0.029187817258883246
3 0.16464285714285715 0.3178934010152284 0.02214285714285714 0.029187817258883246
3 0.9371428571428572 0.005710659898477157 0.007142857142857143 0.011421319796954314
3 0.9403571428571429 0.02030456852791878 0.007857142857142858 0.012690355329949238
3 0.9828571428571429 0.03489847715736041 0.01 0.021573604060913704
9 0.9492857142857143 0.06091370558375634 0.004285714285714286 0.01015228426395939
3 0.9239285714285714 0.3496192893401015 0.012142857142857143 0.03680203045685279
3 0.9375 0.6021573604060914 0.013571428571428571 0.03426395939086294
3 0.9453571428571429 0.7626903553299492 0.016428571428571428 0.048223350253807105
3 0.8575 0.8965736040609137 0.04214285714285714 0.05456852791878172
9 0.885 0.7741116751269035 0.002857142857142857 0.015228426395939085
1 0.885 0.7728426395939085 0.005714285714285714 0.01015228426395939
0 0.7821428571428571 0.7480964467005076 0.005714285714285714 0.011421319796954314
3 0.6464285714285715 0.6782994923857868 0.03571428571428571 0.04441624365482233
3 0.40464285714285714 0.565989847715736 0.027857142857142858 0.03045685279187817
1 0.5678571428571428 0.7360406091370558 0.005714285714285714 0.01015228426395939
1 0.5642857142857143 0.7360406091370558 0.007142857142857143 0.012690355329949238
9 0.5646428571428571 0.7385786802030456 0.015 0.015228426395939085
4 0.3925 0.5031725888324873 0.025 0.03426395939086294
3 0.37892857142857145 0.46510152284263956 0.023571428571428573 0.031725888324873094
