3 0.276 0.5966666666666667 0.06 0.072
3 0.44075000000000003 0.54 0.059500000000000004 0.04
1 0.2545 0.7156666666666667 0.025 0.048666666666666664
1 0.3555 0.6596666666666666 0.023 0.03666666666666667
1 0.28750000000000003 0.6656666666666666 0.023 0.03666666666666667
1 0.02675 0.7586666666666666 0.0225 0.04
9 0.25875 0.7236666666666667 0.0445 0.035333333333333335
9 0.35875 0.6686666666666666 0.0395 0.03333333333333333
9 0.29125 0.6756666666666666 0.0395 0.03266666666666666
9 0.0315 0.7706666666666666 0.053 0.03733333333333333
5 0.02475 0.6486666666666666 0.0495 0.10266666666666667
2 0.09125 0.6866666666666666 0.0385 0.03866666666666667
3 0.0655 0.8556666666666667 0.131 0.118
3 0.7957500000000001 0.5736666666666667 0.0685 0.06333333333333332
3 0.73775 0.48066666666666663 0.0485 0.034666666666666665
1 0.90725 0.44266666666666665 0.0145 0.022666666666666665
9 0.90825 0.44566666666666666 0.0195 0.014
3 0.935 0.41466666666666663 0.046 0.028
3 0.975 0.39466666666666667 0.037 0.034666666666666665
3 0.9695 0.8416666666666667 0.06 0.12466666666666666
