4 0.0425 0.40523809523809523 0.023571428571428573 0.02
4 0.02892857142857143 0.4195238095238095 0.029285714285714286 0.021904761904761906
3 0.005 0.41523809523809524 0.011428571428571429 0.017142857142857144
3 0.017142857142857144 0.4442857142857143 0.024285714285714285 0.02
3 0.011785714285714287 0.46476190476190476 0.02214285714285714 0.022857142857142857
3 0.05892857142857143 0.43 0.025 0.018095238095238095
4 0.04964285714285714 0.4423809523809524 0.025 0.021904761904761906
3 0.05928571428571429 0.46714285714285714 0.025714285714285714 0.021904761904761906
3 0.08642857142857142 0.4423809523809524 0.022857142857142857 0.02
3 0.08 0.45476190476190476 0.024285714285714285 0.02
3 0.11464285714285714 0.45666666666666667 0.027857142857142858 0.02
4 0.10285714285714286 0.4676190476190476 0.025714285714285714 0.024761904761904763
3 0.0875 0.4838095238095238 0.027857142857142858 0.01904761904761905
3 0.11535714285714285 0.49476190476190474 0.023571428571428573 0.02
3 0.14 0.46714285714285714 0.027142857142857142 0.021904761904761906
3 0.13 0.48 0.025714285714285714 0.01904761904761905
4 0.14214285714285715 0.5042857142857143 0.03 0.035238095238095235
4 0.1825 0.45904761904761904 0.04071428571428572 0.0419047619047619
3 0.16178571428571428 0.49714285714285716 0.027857142857142858 0.026666666666666665
3 0.16714285714285715 0.4766666666666667 0.024285714285714285 0.02
3 0.19714285714285715 0.49238095238095236 0.027142857142857142 0.02095238095238095
3 0.17214285714285715 0.5223809523809524 0.027142857142857142 0.02
3 0.19892857142857143 0.5142857142857142 0.025 0.024761904761904763
3 0.2075 0.5376190476190477 0.027857142857142858 0.021904761904761906
3 0.23142857142857143 0.5319047619047619 0.03 0.025714285714285714
3 0.235 0.5523809523809524 0.03 0.022857142857142857
3 0.27035714285714285 0.5747619047619048 0.029285714285714286 0.02761904761904762
3 0.26785714285714285 0.5495238095238095 0.03142857142857143 0.026666666666666665
4 0.23142857142857143 0.5047619047619047 0.041428571428571426 0.04
3 0.2767857142857143 0.5319047619047619 0.03357142857142857 0.02761904761904762
3 0.32142857142857145 0.5495238095238095 0.03142857142857143 0.024761904761904763
3 0.3296428571428571 0.5766666666666667 0.035 0.02761904761904762
3 0.31535714285714284 0.5966666666666667 0.03214285714285714 0.02761904761904762
3 0.355 0.5419047619047619 0.025714285714285714 0.024761904761904763
3 0.34035714285714286 0.6366666666666667 0.03357142857142857 0.035238095238095235
3 0.35428571428571426 0.6176190476190476 0.03571428571428571 0.035238095238095235
3 0.37285714285714283 0.5995238095238096 0.032857142857142856 0.03333333333333333
4 0.36214285714285716 0.5676190476190476 0.03 0.02857142857142857
4 0.4025 0.59 0.035 0.037142857142857144
8 0.21 0.5614285714285714 0.13 0.08476190476190476
4 0.3196428571428571 0.4423809523809524 0.025 0.02
7 0.27964285714285714 0.43714285714285717 0.017857142857142856 0.017142857142857144
1 0.01 0.49238095238095236 0.002857142857142857 0.009523809523809525
9 0.012142857142857143 0.49714285714285716 0.01 0.017142857142857144
3 0.2767857142857143 0.3976190476190476 0.025 0.018095238095238095
1 0.3271428571428571 0.4238095238095238 0.002857142857142857 0.009523809523809525
9 0.32785714285714285 0.42666666666666664 0.01 0.007619047619047619
1 0.3325 0.6571428571428571 0.0064285714285714285 0.009523809523809525
1 0.385 0.6966666666666667 0.007142857142857143 0.014285714285714285
1 0.4492857142857143 0.7295238095238096 0.007142857142857143 0.015238095238095238
1 0.4521428571428571 0.7123809523809523 0.007142857142857143 0.015238095238095238
1 0.48035714285714287 0.6747619047619048 0.005 0.012380952380952381
1 0.4767857142857143 0.6852380952380952 0.007857142857142858 0.01619047619047619
1 0.47714285714285715 0.7142857142857143 0.007142857142857143 0.015238095238095238
1 0.48178571428571426 0.7366666666666667 0.0064285714285714285 0.012380952380952381
1 0.5017857142857143 0.7142857142857143 0.005 0.013333333333333332
1 0.49714285714285716 0.7138095238095238 0.004285714285714286 0.018095238095238095
1 0.5075 0.6666666666666666 0.007857142857142858 0.013333333333333332
1 0.5203571428571429 0.6552380952380953 0.005 0.015238095238095238
1 0.5225 0.6995238095238095 0.007857142857142858 0.014285714285714285
1 0.5175 0.7466666666666667 0.007857142857142858 0.02095238095238095
1 0.5246428571428572 0.7595238095238095 0.009285714285714286 0.018095238095238095
1 0.5321428571428571 0.7847619047619048 0.007142857142857143 0.015238095238095238
1 0.5278571428571428 0.7847619047619048 0.004285714285714286 0.015238095238095238
1 0.5317857142857143 0.8138095238095238 0.007857142857142858 0.014285714285714285
1 0.5792857142857143 0.7471428571428571 0.005714285714285714 0.014285714285714285
1 0.6064285714285714 0.8952380952380953 0.007142857142857143 0.015238095238095238
1 0.6417857142857143 0.7723809523809524 0.007857142857142858 0.015238095238095238
1 0.46964285714285714 0.7547619047619047 0.007857142857142858 0.012380952380952381
1 0.45535714285714285 0.7566666666666667 0.005 0.014285714285714285
1 0.4546428571428571 0.7723809523809524 0.005 0.013333333333333332
1 0.4496428571428571 0.7619047619047619 0.007857142857142858 0.015238095238095238
1 0.43964285714285717 0.7671428571428571 0.007857142857142858 0.014285714285714285
1 0.4342857142857143 0.7742857142857142 0.007142857142857143 0.015238095238095238
9 0.33464285714285713 0.6619047619047619 0.015 0.015238095238095238
9 0.3842857142857143 0.6976190476190476 0.017142857142857144 0.02
9 0.5221428571428571 0.659047619047619 0.012857142857142857 0.015238095238095238
9 0.5092857142857142 0.6695238095238095 0.012857142857142857 0.01904761904761905
9 0.48 0.6795238095238095 0.015714285714285715 0.014285714285714285
9 0.48 0.6919047619047619 0.017142857142857144 0.018095238095238095
9 0.47964285714285715 0.719047619047619 0.015 0.02095238095238095
9 0.5221428571428571 0.6995238095238095 0.02 0.021904761904761906
9 0.5021428571428571 0.7152380952380952 0.015714285714285715 0.01904761904761905
9 0.48214285714285715 0.7395238095238095 0.015714285714285715 0.02
9 0.5175 0.7466666666666667 0.015 0.015238095238095238
9 0.5271428571428571 0.7638095238095238 0.017142857142857144 0.01904761904761905
9 0.5325 0.7914285714285715 0.015 0.017142857142857144
9 0.5317857142857143 0.8171428571428572 0.017857142857142856 0.022857142857142857
9 0.5775 0.7514285714285714 0.016428571428571428 0.017142857142857144
9 0.6053571428571428 0.8966666666666666 0.02214285714285714 0.023809523809523808
9 0.6417857142857143 0.7752380952380953 0.017857142857142856 0.024761904761904763
9 0.44785714285714284 0.7638095238095238 0.012857142857142857 0.015238095238095238
2 0.4567857142857143 0.7747619047619048 0.012142857142857143 0.01619047619047619
2 0.46964285714285714 0.7595238095238095 0.012142857142857143 0.014285714285714285
2 0.4567857142857143 0.76 0.012142857142857143 0.017142857142857144
2 0.4421428571428571 0.7738095238095238 0.012857142857142857 0.01619047619047619
2 0.43285714285714283 0.7790476190476191 0.014285714285714285 0.015238095238095238
3 0.41 0.43714285714285717 0.027142857142857142 0.017142857142857144
3 0.6589285714285714 0.57 0.03642857142857143 0.02761904761904762
7 0.5396428571428571 0.46714285714285714 0.02214285714285714 0.010476190476190476
0 0.4928571428571429 0.42714285714285716 0.007142857142857143 0.014285714285714285
9 0.49714285714285716 0.4471428571428571 0.005714285714285714 0.012380952380952381
9 0.4878571428571429 0.44476190476190475 0.004285714285714286 0.015238095238095238
9 0.5464285714285714 0.4614285714285714 0.012857142857142857 0.008571428571428572
1 0.5475 0.45714285714285713 0.005 0.007619047619047619
3 0.5521428571428572 0.2938095238095238 0.015714285714285715 0.012380952380952381
3 0.5567857142857143 0.28904761904761905 0.019285714285714285 0.012380952380952381
3 0.5646428571428571 0.2842857142857143 0.017857142857142856 0.012380952380952381
3 0.5996428571428571 0.31142857142857144 0.02214285714285714 0.013333333333333332
3 0.6025 0.30238095238095236 0.019285714285714285 0.008571428571428572
3 0.5771428571428572 0.27666666666666667 0.017142857142857144 0.012380952380952381
4 0.5746428571428571 0.26904761904761904 0.017857142857142856 0.012380952380952381
4 0.5671428571428572 0.2776190476190476 0.017142857142857144 0.008571428571428572
4 0.5803571428571429 0.26666666666666666 0.013571428571428571 0.011428571428571429
3 0.5867857142857142 0.2638095238095238 0.013571428571428571 0.011428571428571429
3 0.5871428571428572 0.25761904761904764 0.015714285714285715 0.008571428571428572
3 0.59 0.25476190476190474 0.02 0.012380952380952381
3 0.6128571428571429 0.2947619047619048 0.022857142857142857 0.010476190476190476
3 0.6171428571428571 0.2895238095238095 0.022857142857142857 0.009523809523809525
3 0.6203571428571428 0.2842857142857143 0.020714285714285713 0.012380952380952381
4 0.6292857142857143 0.2719047619047619 0.02142857142857143 0.02
5 0.5875 0.3647619047619048 0.027857142857142858 0.04
3 0.6342857142857142 0.30428571428571427 0.02142857142857143 0.01619047619047619
3 0.6425 0.28904761904761905 0.02214285714285714 0.01619047619047619
3 0.65 0.2838095238095238 0.02 0.011428571428571429
3 0.6528571428571428 0.2795238095238095 0.02142857142857143 0.012380952380952381
3 0.6814285714285714 0.4319047619047619 0.02 0.02761904761904762
3 0.7046428571428571 0.39714285714285713 0.017857142857142856 0.022857142857142857
1 0.6071428571428571 0.4552380952380952 0.002857142857142857 0.009523809523809525
1 0.6192857142857143 0.4766666666666667 0.005714285714285714 0.012380952380952381
1 0.6246428571428572 0.4819047619047619 0.005 0.009523809523809525
1 0.6339285714285714 0.47 0.005 0.010476190476190476
1 0.6567857142857143 0.49666666666666665 0.005 0.012380952380952381
1 0.6471428571428571 0.5014285714285714 0.005714285714285714 0.010476190476190476
1 0.6846428571428571 0.5052380952380953 0.005 0.014285714285714285
1 0.6314285714285715 0.44142857142857145 0.004285714285714286 0.010476190476190476
1 0.6471428571428571 0.44952380952380955 0.002857142857142857 0.013333333333333332
1 0.6614285714285715 0.42714285714285716 0.004285714285714286 0.010476190476190476
1 0.6828571428571428 0.3942857142857143 0.002857142857142857 0.007619047619047619
9 0.6839285714285714 0.5095238095238095 0.0064285714285714285 0.017142857142857144
9 0.6567857142857143 0.5019047619047619 0.0064285714285714285 0.017142857142857144
9 0.6475 0.5052380952380953 0.005 0.01619047619047619
9 0.6346428571428572 0.47714285714285715 0.007857142857142858 0.015238095238095238
9 0.6175 0.4838095238095238 0.005 0.013333333333333332
9 0.6071428571428571 0.4595238095238095 0.01 0.010476190476190476
9 0.6321428571428571 0.4419047619047619 0.007142857142857143 0.015238095238095238
9 0.6471428571428571 0.4523809523809524 0.007142857142857143 0.015238095238095238
9 0.6617857142857143 0.42952380952380953 0.007857142857142858 0.015238095238095238
9 0.6817857142857143 0.39714285714285713 0.007857142857142858 0.009523809523809525
7 0.6446428571428572 0.4895238095238095 0.02214285714285714 0.026666666666666665
7 0.6675 0.5052380952380953 0.015 0.029523809523809525
7 0.4564285714285714 0.6942857142857143 0.017142857142857144 0.022857142857142857
1 0.82 0.4276190476190476 0.002857142857142857 0.011428571428571429
9 0.8192857142857143 0.4319047619047619 0.005714285714285714 0.014285714285714285
3 0.6996428571428571 0.23142857142857143 0.012142857142857143 0.009523809523809525
4 0.7178571428571429 0.2342857142857143 0.014285714285714285 0.015238095238095238
4 0.7003571428571429 0.22428571428571428 0.015 0.010476190476190476
3 0.6767857142857143 0.2219047619047619 0.010714285714285714 0.007619047619047619
3 0.89 0.07428571428571429 0.005714285714285714 0.007619047619047619
3 0.8942857142857142 0.08190476190476191 0.004285714285714286 0.007619047619047619
3 0.885 0.0838095238095238 0.005714285714285714 0.007619047619047619
3 0.8871428571428571 0.08761904761904762 0.004285714285714286 0.009523809523809525
3 0.8825 0.09142857142857143 0.005 0.007619047619047619
3 0.875 0.1019047619047619 0.005714285714285714 0.007619047619047619
3 0.8739285714285714 0.11142857142857143 0.0064285714285714285 0.009523809523809525
3 0.8878571428571429 0.10904761904761905 0.008571428571428572 0.006666666666666666
3 0.9117857142857143 0.07 0.0064285714285714285 0.008571428571428572
3 0.9175 0.07428571428571429 0.005 0.007619047619047619
3 0.9125 0.08142857142857143 0.005 0.008571428571428572
3 0.9125 0.09142857142857143 0.005 0.007619047619047619
4 0.9042857142857142 0.08952380952380952 0.005714285714285714 0.007619047619047619
3 0.9092857142857143 0.09952380952380953 0.007142857142857143 0.006666666666666666
4 0.9 0.10142857142857142 0.007142857142857143 0.008571428571428572
8 0.9 0.12476190476190477 0.01 0.02095238095238095
8 0.89 0.1319047619047619 0.01 0.02
3 0.8771428571428571 0.11952380952380952 0.007142857142857143 0.006666666666666666
3 0.8721428571428571 0.12761904761904763 0.007142857142857143 0.009523809523809525
3 0.8678571428571429 0.12 0.005714285714285714 0.007619047619047619
4 0.8839285714285714 0.1442857142857143 0.009285714285714286 0.01619047619047619
3 0.8821428571428571 0.15476190476190477 0.007142857142857143 0.010476190476190476
3 0.8792857142857143 0.16714285714285715 0.007142857142857143 0.010476190476190476
4 0.8571428571428571 0.17238095238095238 0.012857142857142857 0.022857142857142857
4 0.8714285714285714 0.1919047619047619 0.008571428571428572 0.012380952380952381
3 0.88 0.2019047619047619 0.008571428571428572 0.009523809523809525
3 0.8596428571428572 0.2419047619047619 0.010714285714285714 0.013333333333333332
3 0.8478571428571429 0.27476190476190476 0.011428571428571429 0.01619047619047619
4 0.8367857142857142 0.32666666666666666 0.013571428571428571 0.01904761904761905
3 0.8289285714285715 0.3942857142857143 0.013571428571428571 0.01904761904761905
3 0.7989285714285714 0.5123809523809524 0.02214285714285714 0.024761904761904763
3 0.8025 0.4576190476190476 0.015 0.021904761904761906
3 0.7825 0.48142857142857143 0.020714285714285713 0.023809523809523808
4 0.7114285714285714 0.4247619047619048 0.017142857142857144 0.030476190476190476
3 0.72 0.40523809523809523 0.012857142857142857 0.025714285714285714
3 0.7389285714285714 0.40476190476190477 0.015 0.02095238095238095
3 0.73 0.38476190476190475 0.015714285714285715 0.022857142857142857
3 0.7778571428571428 0.319047619047619 0.012857142857142857 0.022857142857142857
3 0.7592857142857142 0.41 0.017142857142857144 0.023809523809523808
3 0.7653571428571428 0.44952380952380955 0.017857142857142856 0.026666666666666665
3 0.7492857142857143 0.43714285714285717 0.015714285714285715 0.024761904761904763
3 0.7317857142857143 0.42952380952380953 0.015 0.024761904761904763
3 0.7521428571428571 0.3819047619047619 0.014285714285714285 0.022857142857142857
3 0.7825 0.3871428571428571 0.015 0.025714285714285714
4 0.7792857142857142 0.4147619047619048 0.014285714285714285 0.02761904761904762
4 0.7689285714285714 0.3838095238095238 0.017857142857142856 0.03238095238095238
4 0.775 0.35904761904761906 0.014285714285714285 0.022857142857142857
4 0.7571428571428571 0.36238095238095236 0.012857142857142857 0.023809523809523808
4 0.7392857142857143 0.36428571428571427 0.014285714285714285 0.023809523809523808
4 0.7542857142857143 0.3295238095238095 0.012857142857142857 0.024761904761904763
4 0.7671428571428571 0.3376190476190476 0.017142857142857144 0.035238095238095235
3 0.795 0.3738095238095238 0.012857142857142857 0.021904761904761906
3 0.7996428571428571 0.3538095238095238 0.015 0.02
3 0.7764285714285715 0.2876190476190476 0.012857142857142857 0.017142857142857144
9 0.8296428571428571 0.6476190476190476 0.017857142857142856 0.015238095238095238
1 0.8325 0.6423809523809524 0.005 0.010476190476190476
9 0.9814285714285714 0.6852380952380952 0.02142857142857143 0.012380952380952381
1 0.9846428571428572 0.6823809523809524 0.007857142857142858 0.01619047619047619
4 0.9414285714285714 0.6023809523809524 0.04285714285714286 0.039047619047619046
9 0.8896428571428572 0.5247619047619048 0.012142857142857143 0.011428571428571429
1 0.89 0.5214285714285715 0.005714285714285714 0.010476190476190476
0 0.8828571428571429 0.5 0.005714285714285714 0.013333333333333332
0 0.8864285714285715 0.5052380952380953 0.005714285714285714 0.010476190476190476
0 0.8896428571428572 0.51 0.005 0.010476190476190476
