3 0.5242857142857142 0.5856598984771573 0.01 0.031725888324873094
3 0.5296428571428572 0.5222081218274112 0.009285714285714286 0.026649746192893398
3 0.5321428571428571 0.46637055837563446 0.01 0.024111675126903553
3 0.5396428571428571 0.42703045685279184 0.007857142857142858 0.021573604060913704
3 0.6321428571428571 0.5114213197969543 0.01 0.027918781725888322
3 0.48142857142857143 0.3978426395939086 0.02 0.016497461928934008
3 0.5046428571428572 0.28109137055837563 0.019285714285714285 0.011421319796954314
3 0.595 0.31218274111675126 0.02 0.017766497461928932
3 0.6403571428571428 0.291243654822335 0.020714285714285713 0.016497461928934008
3 0.5625 0.3439086294416243 0.010714285714285714 0.012690355329949238
3 0.5467857142857143 0.3692893401015228 0.010714285714285714 0.017766497461928932
3 0.5396428571428571 0.39530456852791873 0.009285714285714286 0.019035532994923856
8 0.5446428571428571 0.473984771573604 0.012142857142857143 0.04187817258883248
8 0.5146428571428572 0.7354060913705583 0.017857142857142856 0.07233502538071065
8 0.5417857142857143 0.5704314720812182 0.012142857142857143 0.049492385786802026
4 0.63 0.4378172588832487 0.008571428571428572 0.027918781725888322
8 0.5517857142857143 0.4041878172588832 0.010714285714285714 0.03934010152284264
3 0.5571428571428572 0.3781725888324873 0.01 0.02030456852791878
4 0.33 0.3635786802030457 0.02 0.019035532994923856
4 0.31392857142857145 0.2703045685279188 0.019285714285714285 0.015228426395939085
8 0.5771428571428572 0.9733502538071065 0.02 0.048223350253807105
3 0.5728571428571428 0.2614213197969543 0.014285714285714285 0.012690355329949238
4 0.19464285714285715 0.2785532994923858 0.017857142857142856 0.016497461928934008
3 0.15714285714285714 0.2766497461928934 0.017142857142857144 0.015228426395939085
3 0.09642857142857143 0.2861675126903553 0.017142857142857144 0.013959390862944161
3 0.030357142857142857 0.2969543147208122 0.016428571428571428 0.015228426395939085
4 0.030357142857142857 0.2785532994923858 0.017857142857142856 0.013959390862944161
3 0.011428571428571429 0.28743654822335024 0.015714285714285715 0.011421319796954314
4 0.42392857142857143 0.10977157360406091 0.009285714285714286 0.021573604060913704
3 0.42964285714285716 0.09454314720812182 0.005 0.011421319796954314
3 0.41714285714285715 0.12690355329949238 0.007142857142857143 0.01015228426395939
3 0.4325 0.09010152284263959 0.0064285714285714285 0.012690355329949238
3 0.43642857142857144 0.08248730964467005 0.005714285714285714 0.01015228426395939
8 0.5896428571428571 0.3426395939086294 0.04214285714285714 0.032994923857868015
