5 0.45 0.7142857142857143 0.07 0.1523809523809524
3 0.6546428571428572 0.9342857142857143 0.055 0.1295238095238095
3 0.6646428571428571 0.8066666666666666 0.045 0.10857142857142857
3 0.6689285714285714 0.6938095238095238 0.039285714285714285 0.09238095238095238
3 0.6771428571428572 0.5923809523809523 0.03571428571428571 0.07238095238095238
3 0.6846428571428571 0.5271428571428571 0.03214285714285714 0.058095238095238096
3 0.5271428571428571 0.43714285714285717 0.045714285714285714 0.049523809523809526
3 0.5664285714285714 0.36952380952380953 0.03 0.047619047619047616
3 0.5846428571428571 0.31952380952380954 0.027857142857142858 0.037142857142857144
3 0.7103571428571429 0.33476190476190476 0.023571428571428573 0.037142857142857144
3 0.7117857142857142 0.2966666666666667 0.025 0.035238095238095235
3 0.7028571428571428 0.36714285714285716 0.03428571428571429 0.039047619047619046
5 0.6946428571428571 0.4523809523809524 0.03785714285714286 0.08761904761904762
3 0.6978571428571428 0.4023809523809524 0.027142857142857142 0.03333333333333333
3 0.7225 0.2695238095238095 0.02642857142857143 0.0419047619047619
4 0.7267857142857143 0.23952380952380953 0.04214285714285714 0.03333333333333333
3 0.5964285714285714 0.2919047619047619 0.02142857142857143 0.029523809523809525
3 0.6103571428571428 0.27 0.023571428571428573 0.035238095238095235
3 0.6196428571428572 0.24142857142857144 0.025 0.035238095238095235
3 0.6328571428571429 0.2219047619047619 0.02142857142857143 0.02857142857142857
3 0.6471428571428571 0.19952380952380952 0.02 0.02
3 0.6596428571428572 0.1823809523809524 0.02214285714285714 0.025714285714285714
3 0.6528571428571428 0.1719047619047619 0.027142857142857142 0.021904761904761906
3 0.6596428571428572 0.14476190476190476 0.030714285714285715 0.017142857142857144
3 0.625 0.13952380952380952 0.03 0.02
3 0.5967857142857143 0.13428571428571429 0.02642857142857143 0.017142857142857144
3 0.6789285714285714 0.1419047619047619 0.025 0.01904761904761905
3 0.69 0.13714285714285715 0.03 0.022857142857142857
3 0.7014285714285714 0.13 0.02857142857142857 0.018095238095238095
3 0.705 0.1219047619047619 0.027142857142857142 0.01904761904761905
3 0.7103571428571429 0.11 0.023571428571428573 0.01619047619047619
3 0.7178571428571429 0.10476190476190476 0.027142857142857142 0.015238095238095238
3 0.7196428571428571 0.1 0.025 0.017142857142857144
3 0.7289285714285715 0.09714285714285714 0.02642857142857143 0.015238095238095238
3 0.7328571428571429 0.08952380952380952 0.02142857142857143 0.013333333333333332
3 0.7364285714285714 0.08476190476190476 0.02142857142857143 0.015238095238095238
3 0.7414285714285714 0.07952380952380952 0.024285714285714285 0.012380952380952381
3 0.7417857142857143 0.07238095238095238 0.02214285714285714 0.009523809523809525
3 0.7489285714285714 0.07142857142857142 0.019285714285714285 0.013333333333333332
3 0.7546428571428572 0.06523809523809523 0.017857142857142856 0.012380952380952381
3 0.7571428571428571 0.06142857142857143 0.02 0.012380952380952381
0 0.7696428571428572 0.06523809523809523 0.005 0.014285714285714285
4 0.7642857142857142 0.05380952380952381 0.022857142857142857 0.01619047619047619
3 0.7696428571428572 0.049523809523809526 0.019285714285714285 0.013333333333333332
3 0.7692857142857142 0.047142857142857146 0.027142857142857142 0.012380952380952381
3 0.7767857142857143 0.0419047619047619 0.020714285714285713 0.009523809523809525
3 0.7814285714285715 0.04 0.015714285714285715 0.007619047619047619
3 0.7796428571428572 0.03666666666666667 0.017857142857142856 0.012380952380952381
3 0.7853571428571429 0.03428571428571429 0.015 0.007619047619047619
3 0.7853571428571429 0.029523809523809525 0.016428571428571428 0.015238095238095238
3 0.7921428571428571 0.02238095238095238 0.02 0.012380952380952381
3 0.8 0.02 0.017142857142857144 0.009523809523809525
3 0.8003571428571429 0.017142857142857144 0.016428571428571428 0.013333333333333332
4 0.8475 0.019523809523809523 0.02214285714285714 0.014285714285714285
3 0.8192857142857143 0.03190476190476191 0.014285714285714285 0.014285714285714285
3 0.805 0.029047619047619048 0.01 0.010476190476190476
0 0.8114285714285714 0.05714285714285714 0.002857142857142857 0.011428571428571429
0 0.785 0.06904761904761905 0.007142857142857143 0.01619047619047619
3 0.8017857142857143 0.06666666666666667 0.017857142857142856 0.015238095238095238
3 0.7367857142857143 0.22428571428571428 0.017857142857142856 0.02
3 0.7396428571428572 0.20714285714285716 0.017857142857142856 0.02761904761904762
3 0.7496428571428572 0.19 0.02214285714285714 0.02
3 0.74 0.1719047619047619 0.03428571428571429 0.021904761904761906
3 0.7771428571428571 0.15428571428571428 0.03 0.015238095238095238
3 0.7703571428571429 0.13952380952380952 0.019285714285714285 0.021904761904761906
3 0.7703571428571429 0.1295238095238095 0.019285714285714285 0.015238095238095238
3 0.7889285714285714 0.11238095238095239 0.023571428571428573 0.017142857142857144
3 0.7892857142857143 0.09952380952380953 0.024285714285714285 0.018095238095238095
3 0.7925 0.0919047619047619 0.025 0.012380952380952381
3 0.7975 0.08476190476190476 0.02214285714285714 0.017142857142857144
3 0.8042857142857143 0.07714285714285714 0.027142857142857142 0.015238095238095238
3 0.9078571428571428 0.12476190476190477 0.02857142857142857 0.015238095238095238
3 0.9125 0.11666666666666667 0.025 0.02
3 0.9078571428571428 0.13428571428571429 0.032857142857142856 0.017142857142857144
3 0.9125 0.1442857142857143 0.025 0.01619047619047619
3 0.9164285714285715 0.2742857142857143 0.05142857142857143 0.02857142857142857
3 0.9221428571428572 0.2966666666666667 0.05285714285714286 0.02761904761904762
3 0.9267857142857143 0.3219047619047619 0.056428571428571425 0.030476190476190476
