0 0.2646428571428571 0.5823809523809523 0.027857142857142858 0.07714285714285714
3 0.20392857142857143 0.9161904761904762 0.14785714285714285 0.1657142857142857
3 0.8092857142857143 0.8947619047619048 0.13714285714285715 0.20857142857142857
3 0.7621428571428571 0.6795238095238095 0.10714285714285714 0.15523809523809523
3 0.7171428571428572 0.5223809523809524 0.07 0.11333333333333333
3 0.3217857142857143 0.6566666666666666 0.10928571428571429 0.17047619047619048
3 0.37642857142857145 0.53 0.06714285714285714 0.11714285714285715
3 0.41928571428571426 0.45476190476190476 0.06714285714285714 0.08476190476190476
3 0.7167857142857142 0.4419047619047619 0.062142857142857146 0.08761904761904762
4 0.6942857142857143 0.36952380952380953 0.08428571428571428 0.08
3 0.4514285714285714 0.38 0.05714285714285714 0.06857142857142857
3 0.47964285714285715 0.3319047619047619 0.045 0.054285714285714284
3 0.5092857142857142 0.2919047619047619 0.02857142857142857 0.037142857142857144
3 0.6925 0.33380952380952383 0.03785714285714286 0.04476190476190476
3 0.6939285714285715 0.29523809523809524 0.030714285714285715 0.047619047619047616
3 0.5271428571428571 0.26476190476190475 0.037142857142857144 0.047619047619047616
3 0.5121428571428571 0.24476190476190476 0.05285714285714286 0.045714285714285714
3 0.46785714285714286 0.22714285714285715 0.054285714285714284 0.035238095238095235
3 0.5221428571428571 0.21476190476190476 0.055714285714285716 0.02761904761904762
3 0.46464285714285714 0.20714285714285716 0.047857142857142855 0.03142857142857143
3 0.5475 0.21 0.045 0.025714285714285714
3 0.5739285714285715 0.2038095238095238 0.04214285714285714 0.024761904761904763
3 0.5825 0.19666666666666666 0.04642857142857143 0.02761904761904762
3 0.5889285714285715 0.18714285714285714 0.03785714285714286 0.025714285714285714
3 0.5967857142857143 0.17761904761904762 0.035 0.023809523809523808
3 0.6021428571428571 0.17 0.03571428571428571 0.023809523809523808
3 0.6067857142857143 0.16428571428571428 0.027857142857142858 0.02
3 0.6153571428571428 0.1619047619047619 0.030714285714285715 0.02095238095238095
3 0.6175 0.15523809523809523 0.03357142857142857 0.01904761904761905
3 0.6189285714285714 0.1538095238095238 0.029285714285714286 0.023809523809523808
3 0.625 0.14904761904761904 0.03 0.02
3 0.625 0.14476190476190476 0.03 0.024761904761904763
3 0.6296428571428572 0.1419047619047619 0.029285714285714286 0.022857142857142857
3 0.6392857142857142 0.13428571428571429 0.02857142857142857 0.015238095238095238
4 0.6442857142857142 0.12476190476190477 0.037142857142857144 0.022857142857142857
3 0.6525 0.1219047619047619 0.027857142857142858 0.015238095238095238
3 0.6575 0.11952380952380952 0.02642857142857143 0.018095238095238095
3 0.6575 0.11666666666666667 0.025 0.02
3 0.6596428571428572 0.11476190476190476 0.030714285714285715 0.02
3 0.6646428571428571 0.10952380952380952 0.02214285714285714 0.015238095238095238
3 0.6678571428571428 0.10761904761904761 0.02 0.015238095238095238
3 0.6739285714285714 0.1019047619047619 0.025 0.013333333333333332
3 0.6778571428571428 0.09761904761904762 0.018571428571428572 0.014285714285714285
3 0.6821428571428572 0.09238095238095238 0.017142857142857144 0.011428571428571429
3 0.685 0.09142857142857143 0.012857142857142857 0.011428571428571429
3 0.6864285714285714 0.08952380952380952 0.014285714285714285 0.009523809523809525
3 0.6889285714285714 0.08714285714285715 0.015 0.012380952380952381
3 0.6953571428571429 0.07904761904761905 0.015 0.013333333333333332
3 0.7425 0.07142857142857142 0.009285714285714286 0.009523809523809525
3 0.7321428571428571 0.07761904761904762 0.01 0.010476190476190476
3 0.7392857142857143 0.0838095238095238 0.01 0.011428571428571429
3 0.7367857142857143 0.08666666666666667 0.007857142857142858 0.007619047619047619
3 0.7325 0.09238095238095238 0.007857142857142858 0.009523809523809525
4 0.7296428571428571 0.10238095238095238 0.017857142857142856 0.014285714285714285
3 0.7246428571428571 0.11190476190476191 0.010714285714285714 0.010476190476190476
3 0.7225 0.11714285714285715 0.012142857142857143 0.009523809523809525
3 0.7217857142857143 0.11952380952380952 0.010714285714285714 0.010476190476190476
3 0.7221428571428572 0.12476190476190477 0.012857142857142857 0.011428571428571429
3 0.7171428571428572 0.1319047619047619 0.014285714285714285 0.012380952380952381
3 0.7017857142857142 0.17904761904761904 0.020714285714285713 0.026666666666666665
3 0.7178571428571429 0.14476190476190476 0.025714285714285714 0.017142857142857144
3 0.7053571428571429 0.14904761904761904 0.023571428571428573 0.01619047619047619
3 0.7039285714285715 0.15904761904761905 0.025 0.01904761904761905
3 0.6996428571428571 0.16666666666666666 0.027857142857142858 0.01904761904761905
3 0.6942857142857143 0.19523809523809524 0.03 0.024761904761904763
3 0.6971428571428572 0.2038095238095238 0.022857142857142857 0.02857142857142857
3 0.7203571428571428 0.2219047619047619 0.05785714285714286 0.03238095238095238
3 0.7496428571428572 0.24952380952380954 0.060714285714285714 0.04
3 0.6717857142857143 0.2438095238095238 0.05785714285714286 0.03619047619047619
0 0.6721428571428572 0.2042857142857143 0.007142857142857143 0.02761904761904762
1 0.6896428571428571 0.12142857142857143 0.005 0.014285714285714285
2 0.6889285714285714 0.12428571428571429 0.0035714285714285713 0.012380952380952381
3 0.6925 0.2695238095238095 0.035 0.03238095238095238
