4 0.14714285714285713 0.24048223350253806 0.04285714285714286 0.11294416243654821
3 0.41214285714285714 0.4555837563451776 0.054285714285714284 0.09137055837563451
3 0.4125 0.581218274111675 0.065 0.09390862944162436
3 0.2825 0.3096446700507614 0.035 0.10152284263959391
3 0.19428571428571428 0.042512690355329945 0.032857142857142856 0.07741116751269035
8 0.9746428571428571 0.5456852791878172 0.04928571428571429 0.11675126903553298
0 0.36714285714285716 0.10406091370558375 0.007142857142857143 0.03045685279187817
0 0.22785714285714287 0.28045685279187815 0.01 0.032994923857868015
0 0.20892857142857144 0.357233502538071 0.009285714285714286 0.026649746192893398
0 0.20464285714285715 0.37246192893401014 0.012142857142857143 0.031725888324873094
0 0.36142857142857143 0.7347715736040609 0.008571428571428572 0.027918781725888322
0 0.1667857142857143 0.7531725888324873 0.016428571428571428 0.021573604060913704
0 0.1667857142857143 0.7715736040609137 0.012142857142857143 0.025380710659898477
0 0.4471428571428571 0.8439086294416243 0.007142857142857143 0.02284263959390863
0 0.4417857142857143 0.8217005076142131 0.007857142857142858 0.021573604060913704
0 0.4467857142857143 0.8134517766497461 0.007857142857142858 0.02030456852791878
0 0.45285714285714285 0.8058375634517766 0.008571428571428572 0.02284263959390863
0 0.4525 0.773477157360406 0.009285714285714286 0.024111675126903553
0 0.4725 0.7633248730964466 0.012142857142857143 0.026649746192893398
0 0.4789285714285714 0.7779187817258882 0.007857142857142858 0.025380710659898477
0 0.45714285714285713 0.8350253807106598 0.01 0.02284263959390863
0 0.5 0.8007614213197969 0.007142857142857143 0.02284263959390863
0 0.4928571428571429 0.8083756345177664 0.005714285714285714 0.02284263959390863
0 0.485 0.7994923857868019 0.008571428571428572 0.02030456852791878
0 0.46035714285714285 0.7982233502538071 0.009285714285714286 0.02030456852791878
0 0.4717857142857143 0.825507614213198 0.007857142857142858 0.024111675126903553
0 0.48178571428571426 0.8204314720812182 0.007857142857142858 0.024111675126903553
0 0.48928571428571427 0.6395939086294415 0.007142857142857143 0.03045685279187817
0 0.5842857142857143 0.4746192893401015 0.01 0.02284263959390863
0 0.5342857142857143 0.4232233502538071 0.007142857142857143 0.026649746192893398
0 0.5714285714285714 0.47144670050761417 0.008571428571428572 0.026649746192893398
0 0.5242857142857142 0.42703045685279184 0.008571428571428572 0.029187817258883246
0 0.5053571428571428 0.3965736040609137 0.0064285714285714285 0.026649746192893398
1 0.535 0.42576142131979694 0.002857142857142857 0.013959390862944161
1 0.5071428571428571 0.39530456852791873 0.002857142857142857 0.016497461928934008
0 0.3846428571428571 0.18337563451776648 0.007857142857142858 0.03426395939086294
0 0.37785714285714284 0.19860406091370555 0.007142857142857143 0.029187817258883246
0 0.7296428571428571 0.050761421319796954 0.005 0.03045685279187817
0 0.81 0.08058375634517766 0.007142857142857143 0.021573604060913704
0 0.8121428571428572 0.09581218274111675 0.007142857142857143 0.024111675126903553
0 0.7189285714285715 0.055837563451776644 0.0064285714285714285 0.017766497461928932
1 0.6664285714285715 0.07931472081218273 0.007142857142857143 0.016497461928934008
1 0.6839285714285714 0.08375634517766496 0.005 0.015228426395939085
0 0.675 0.43210659898477155 0.01 0.026649746192893398
0 0.7371428571428571 0.4213197969543147 0.01 0.027918781725888322
0 0.7492857142857143 0.4365482233502538 0.011428571428571429 0.025380710659898477
0 0.8464285714285714 0.40862944162436543 0.011428571428571429 0.027918781725888322
0 0.7767857142857143 0.40038071065989844 0.009285714285714286 0.021573604060913704
0 0.7489285714285714 0.424492385786802 0.009285714285714286 0.019035532994923856
0 0.8728571428571429 0.4156091370558375 0.014285714285714285 0.026649746192893398
