0 0.2342857142857143 0.575507614213198 0.008571428571428572 0.024111675126903553
8 0.2546428571428571 0.5374365482233502 0.03785714285714286 0.14340101522842638
3 0.019285714285714285 0.49809644670050757 0.025714285714285714 0.04187817258883248
3 0.07 0.4175126903553299 0.03142857142857143 0.027918781725888322
0 0.105 0.3559644670050761 0.005714285714285714 0.021573604060913704
0 0.11035714285714286 0.3546954314720812 0.005 0.026649746192893398
3 0.11428571428571428 0.407994923857868 0.04285714285714286 0.03680203045685279
0 0.1417857142857143 0.3838832487309644 0.005 0.021573604060913704
4 0.12178571428571429 0.45050761421319796 0.04071428571428572 0.048223350253807105
4 0.17214285714285715 0.416243654822335 0.04 0.04314720812182741
4 0.1667857142857143 0.3705583756345177 0.04214285714285714 0.050761421319796954
4 0.2067857142857143 0.3439086294416243 0.03642857142857143 0.048223350253807105
3 0.24892857142857142 0.3115482233502538 0.030714285714285715 0.04187817258883248
3 0.14035714285714285 0.3356598984771573 0.025 0.031725888324873094
4 0.10714285714285714 0.31408629441624364 0.04 0.04187817258883248
3 0.14214285714285715 0.24175126903553298 0.04 0.03934010152284264
3 0.1725 0.19543147208121825 0.039285714285714285 0.04060913705583756
3 0.16785714285714284 0.3229695431472081 0.024285714285714285 0.03680203045685279
3 0.185 0.3045685279187817 0.025714285714285714 0.035532994923857864
3 0.2025 0.2899746192893401 0.025 0.03426395939086294
3 0.21892857142857142 0.2760152284263959 0.027857142857142858 0.031725888324873094
3 0.24035714285714285 0.2639593908629441 0.025 0.03045685279187817
3 0.2864285714285714 0.28236040609137053 0.027142857142857142 0.031725888324873094
3 0.2925 0.2296954314720812 0.02642857142857143 0.032994923857868015
3 0.30964285714285716 0.21890862944162434 0.02214285714285714 0.029187817258883246
4 0.3242857142857143 0.2506345177664974 0.03 0.03934010152284264
4 0.35678571428571426 0.20621827411167512 0.02214285714285714 0.04187817258883248
4 0.36642857142857144 0.17703045685279187 0.012857142857142857 0.031725888324873094
3 0.31642857142857145 0.1611675126903553 0.02857142857142857 0.03807106598984771
3 0.37785714285714284 0.12690355329949238 0.014285714285714285 0.03045685279187817
4 0.3821428571428571 0.019035532994923856 0.027142857142857142 0.03045685279187817
4 0.5717857142857142 0.20050761421319796 0.013571428571428571 0.04568527918781726
3 0.5021428571428571 0.12944162436548223 0.01 0.02030456852791878
3 0.5746428571428571 0.019035532994923856 0.009285714285714286 0.025380710659898477
