3 0.6792857142857143 0.9708121827411167 0.054285714285714284 0.048223350253807105
8 0.7475 0.8667512690355329 0.027857142857142858 0.09390862944162436
3 0.5189285714285714 0.9796954314720812 0.047857142857142855 0.035532994923857864
3 0.6717857142857143 0.9257614213197969 0.045 0.03934010152284264
3 0.6675 0.8794416243654821 0.05071428571428571 0.04314720812182741
4 0.6646428571428571 0.8331218274111675 0.05071428571428571 0.04441624365482233
3 0.73 0.706218274111675 0.027142857142857142 0.08756345177664974
3 0.7103571428571429 0.49238578680203043 0.02214285714285714 0.06852791878172589
3 0.6896428571428571 0.4974619289340101 0.019285714285714285 0.07360406091370558
3 0.6664285714285715 0.4949238578680203 0.018571428571428572 0.06598984771573603
3 0.645 0.49048223350253806 0.02 0.06979695431472081
3 0.62 0.49175126903553296 0.02142857142857143 0.0748730964467005
3 0.5971428571428572 0.4911167512690355 0.02 0.06852791878172589
3 0.575 0.49238578680203043 0.018571428571428572 0.07360406091370558
3 0.5521428571428572 0.47906091370558374 0.022857142857142857 0.06979695431472081
3 0.5321428571428571 0.49302030456852786 0.017142857142857144 0.06218274111675126
5 0.43535714285714283 0.6015228426395939 0.047857142857142855 0.11675126903553298
3 0.31464285714285717 0.9086294416243654 0.030714285714285715 0.11421319796954314
3 0.2621428571428571 0.4035532994923858 0.022857142857142857 0.07360406091370558
3 0.33714285714285713 0.299492385786802 0.022857142857142857 0.07106598984771573
3 0.3217857142857143 0.14276649746192893 0.019285714285714285 0.06218274111675126
3 0.2671428571428571 0.18908629441624364 0.022857142857142857 0.07360406091370558
3 0.30178571428571427 0.019035532994923856 0.017857142857142856 0.03807106598984771
