4 0.9655 0.8266666666666667 0.068 0.10933333333333332
3 0.41675 0.9086666666666666 0.1075 0.164
3 0.63025 0.44266666666666665 0.0455 0.052
3 0.49075 0.37266666666666665 0.0445 0.05466666666666666
3 0.15325 0.9166666666666666 0.1465 0.16533333333333333
3 0.04775 0.6666666666666666 0.0955 0.07733333333333334
5 0.126 0.8166666666666667 0.161 0.18266666666666667
4 0.41550000000000004 0.4756666666666666 0.061 0.08066666666666666
8 0.5695 0.319 0.084 0.122
5 0.69525 0.2826666666666667 0.0405 0.04933333333333333
5 0.61175 0.22966666666666666 0.035500000000000004 0.03666666666666667
4 0.75525 0.16666666666666666 0.0225 0.025333333333333333
4 0.73675 0.159 0.0195 0.022
5 0.668 0.16366666666666665 0.051000000000000004 0.05533333333333333
5 0.7005 0.12566666666666665 0.034 0.043333333333333335
5 0.72375 0.09866666666666667 0.029500000000000002 0.03333333333333333
3 0.70675 0.15666666666666665 0.0205 0.021333333333333333
3 0.7265 0.13066666666666665 0.019 0.018666666666666665
5 0.741 0.08166666666666667 0.017 0.02333333333333333
5 0.74725 0.06466666666666666 0.0195 0.030666666666666665
4 0.8545 0.10366666666666666 0.026000000000000002 0.015333333333333332
4 0.8225 0.09966666666666667 0.029 0.015333333333333332
0 0.8385 0.10166666666666667 0.006 0.012666666666666666
3 0.80225 0.06866666666666667 0.0105 0.010666666666666666
3 0.7675000000000001 0.07466666666666666 0.011 0.013333333333333332
3 0.781 0.056666666666666664 0.01 0.010666666666666666
3 0.755 0.06766666666666667 0.01 0.011333333333333332
3 0.756 0.06266666666666666 0.01 0.009333333333333332
3 0.7615000000000001 0.06266666666666666 0.01 0.010666666666666666
5 0.76675 0.049666666666666665 0.0185 0.028666666666666667
3 0.774 0.050666666666666665 0.01 0.010666666666666666
8 0.7745 0.04 0.016 0.02
3 0.87475 0.041666666666666664 0.0185 0.011333333333333332
0 0.8385 0.050666666666666665 0.004 0.010666666666666666
5 0.794 0.035666666666666666 0.013000000000000001 0.019333333333333334
3 0.786 0.03266666666666666 0.007 0.008
3 0.7987500000000001 0.031 0.0095 0.01
3 0.788 0.026666666666666665 0.008 0.010666666666666666
