3 0.1417857142857143 0.12142857142857143 0.035 0.054285714285714284
3 0.23 0.12 0.045714285714285714 0.06095238095238095
3 0.11892857142857143 0.19714285714285715 0.04071428571428572 0.06095238095238095
3 0.045 0.3319047619047619 0.04 0.06380952380952382
3 0.015 0.40190476190476193 0.03 0.06285714285714286
3 0.11 0.4076190476190476 0.04428571428571428 0.06476190476190476
4 0.2864285714285714 0.07380952380952381 0.03142857142857143 0.04666666666666667
0 0.32285714285714284 0.027142857142857142 0.007142857142857143 0.018095238095238095
0 0.3292857142857143 0.034761904761904765 0.007142857142857143 0.012380952380952381
0 0.3221428571428571 0.05904761904761905 0.007142857142857143 0.01904761904761905
0 0.32392857142857145 0.047619047619047616 0.007857142857142858 0.017142857142857144
0 0.33035714285714285 0.04523809523809524 0.007857142857142858 0.018095238095238095
0 0.33035714285714285 0.06714285714285714 0.007857142857142858 0.02
0 0.33464285714285713 0.09714285714285714 0.007857142857142858 0.017142857142857144
0 0.37392857142857144 0.13714285714285715 0.0064285714285714285 0.01904761904761905
1 0.3467857142857143 0.10142857142857142 0.005 0.012380952380952381
9 0.3475 0.10428571428571429 0.010714285714285714 0.025714285714285714
3 0.40214285714285714 0.012380952380952381 0.047142857142857146 0.024761904761904763
3 0.31535714285714284 0.13714285714285715 0.030714285714285715 0.06285714285714286
3 0.36714285714285716 0.17238095238095238 0.032857142857142856 0.05523809523809524
0 0.3075 0.21428571428571427 0.007857142857142858 0.022857142857142857
0 0.29964285714285716 0.22714285714285715 0.007857142857142858 0.021904761904761906
0 0.3167857142857143 0.2842857142857143 0.009285714285714286 0.01619047619047619
0 0.1875 0.4795238095238095 0.010714285714285714 0.012380952380952381
1 0.29964285714285716 0.5547619047619048 0.007857142857142858 0.012380952380952381
1 0.3 0.5747619047619048 0.01 0.010476190476190476
1 0.28714285714285714 0.5838095238095238 0.01 0.011428571428571429
1 0.2817857142857143 0.5671428571428572 0.007857142857142858 0.010476190476190476
1 0.3514285714285714 0.6195238095238095 0.008571428571428572 0.012380952380952381
1 0.38785714285714284 0.5523809523809524 0.007142857142857143 0.015238095238095238
1 0.3821428571428571 0.56 0.01 0.011428571428571429
1 0.3792857142857143 0.5719047619047619 0.011428571428571429 0.010476190476190476
1 0.38035714285714284 0.5823809523809523 0.009285714285714286 0.012380952380952381
1 0.3896428571428571 0.5842857142857143 0.007857142857142858 0.012380952380952381
1 0.3975 0.5647619047619048 0.007857142857142858 0.009523809523809525
1 0.39714285714285713 0.5776190476190476 0.007142857142857143 0.010476190476190476
1 0.4067857142857143 0.5138095238095238 0.009285714285714286 0.010476190476190476
1 0.4446428571428571 0.5195238095238095 0.009285714285714286 0.012380952380952381
1 0.4317857142857143 0.5166666666666667 0.0064285714285714285 0.010476190476190476
1 0.42464285714285716 0.5271428571428571 0.007857142857142858 0.012380952380952381
1 0.4367857142857143 0.5738095238095238 0.005 0.008571428571428572
0 0.42714285714285716 0.5871428571428572 0.007142857142857143 0.012380952380952381
1 0.43 0.5638095238095238 0.008571428571428572 0.007619047619047619
1 0.4039285714285714 0.7023809523809523 0.009285714285714286 0.02
1 0.35714285714285715 0.7447619047619047 0.007142857142857143 0.011428571428571429
1 0.40964285714285714 0.7266666666666667 0.009285714285714286 0.013333333333333332
9 0.46035714285714285 0.7142857142857143 0.017857142857142856 0.024761904761904763
1 0.3221428571428571 0.7423809523809524 0.01 0.012380952380952381
1 0.35 0.7471428571428571 0.005714285714285714 0.012380952380952381
1 0.3467857142857143 0.7566666666666667 0.009285714285714286 0.010476190476190476
1 0.345 0.7666666666666667 0.008571428571428572 0.007619047619047619
1 0.34714285714285714 0.7747619047619048 0.007142857142857143 0.008571428571428572
1 0.3625 0.7719047619047619 0.009285714285714286 0.012380952380952381
1 0.36392857142857143 0.7595238095238095 0.009285714285714286 0.010476190476190476
1 0.37714285714285717 0.7966666666666666 0.012857142857142857 0.012380952380952381
1 0.30714285714285716 0.7671428571428571 0.012857142857142857 0.012380952380952381
1 0.31642857142857145 0.7842857142857143 0.011428571428571429 0.012380952380952381
1 0.31035714285714283 0.7542857142857143 0.010714285714285714 0.013333333333333332
1 0.3275 0.7690476190476191 0.007857142857142858 0.010476190476190476
1 0.25214285714285717 0.7866666666666666 0.01 0.017142857142857144
0 0.36214285714285716 0.84 0.007142857142857143 0.009523809523809525
0 0.29035714285714287 0.8171428571428572 0.012142857142857143 0.009523809523809525
0 0.4467857142857143 0.8171428571428572 0.009285714285714286 0.009523809523809525
1 0.2075 0.6295238095238095 0.009285714285714286 0.013333333333333332
1 0.185 0.6419047619047619 0.01 0.009523809523809525
1 0.18464285714285714 0.6571428571428571 0.012142857142857143 0.011428571428571429
1 0.2025 0.6642857142857143 0.009285714285714286 0.012380952380952381
1 0.21142857142857144 0.6595238095238095 0.008571428571428572 0.018095238095238095
0 0.22178571428571428 0.6490476190476191 0.015 0.012380952380952381
1 0.21785714285714286 0.6366666666666667 0.012857142857142857 0.012380952380952381
0 0.19285714285714287 0.7223809523809523 0.014285714285714285 0.012380952380952381
1 0.12178571428571429 0.6852380952380952 0.009285714285714286 0.010476190476190476
1 0.11678571428571428 0.679047619047619 0.007857142857142858 0.007619047619047619
1 0.1025 0.6842857142857143 0.009285714285714286 0.008571428571428572
1 0.09964285714285714 0.6942857142857143 0.007857142857142858 0.009523809523809525
1 0.10285714285714286 0.7047619047619048 0.01 0.013333333333333332
1 0.1525 0.7695238095238095 0.009285714285714286 0.013333333333333332
1 0.14 0.7852380952380953 0.011428571428571429 0.010476190476190476
0 0.18 0.7838095238095238 0.01 0.009523809523809525
0 0.21714285714285714 0.7723809523809524 0.012857142857142857 0.009523809523809525
0 0.2225 0.7414285714285714 0.012142857142857143 0.010476190476190476
0 0.18928571428571428 0.7895238095238095 0.004285714285714286 0.005714285714285714
1 0.18714285714285714 0.7671428571428571 0.007142857142857143 0.010476190476190476
0 0.3275 0.4095238095238095 0.0064285714285714285 0.015238095238095238
0 0.3289285714285714 0.3995238095238095 0.009285714285714286 0.014285714285714285
3 0.46285714285714286 0.012380952380952381 0.04428571428571428 0.026666666666666665
3 0.46214285714285713 0.039523809523809524 0.04 0.03333333333333333
3 0.4525 0.06952380952380953 0.04928571428571429 0.03428571428571429
3 0.5125 0.034761904761904765 0.045 0.035238095238095235
3 0.51 0.08666666666666667 0.047142857142857146 0.03428571428571429
4 0.5514285714285714 0.049523809523809526 0.025714285714285714 0.09714285714285714
3 0.5564285714285714 0.1523809523809524 0.04857142857142857 0.03619047619047619
4 0.48964285714285716 0.13666666666666666 0.05928571428571429 0.04666666666666667
3 0.42678571428571427 0.14952380952380953 0.052142857142857144 0.03428571428571429
3 0.42178571428571426 0.18428571428571427 0.045 0.035238095238095235
3 0.5817857142857142 0.06523809523809523 0.02214285714285714 0.06190476190476191
3 0.5817857142857142 0.2742857142857143 0.04928571428571429 0.0419047619047619
3 0.5217857142857143 0.26904761904761904 0.052142857142857144 0.037142857142857144
3 0.5571428571428572 0.4076190476190476 0.024285714285714285 0.07047619047619047
3 0.525 0.3995238095238095 0.027142857142857142 0.07523809523809524
3 0.49464285714285716 0.3923809523809524 0.025 0.06857142857142857
1 0.39964285714285713 0.3219047619047619 0.007857142857142858 0.009523809523809525
1 0.3896428571428571 0.3219047619047619 0.007857142857142858 0.007619047619047619
1 0.3892857142857143 0.3376190476190476 0.008571428571428572 0.008571428571428572
1 0.39535714285714285 0.34714285714285714 0.007857142857142858 0.010476190476190476
9 0.445 0.10761904761904761 0.007142857142857143 0.022857142857142857
9 0.43642857142857144 0.10666666666666666 0.005714285714285714 0.024761904761904763
3 0.6171428571428571 0.16476190476190475 0.05 0.03238095238095238
3 0.6346428571428572 0.2542857142857143 0.052142857142857144 0.03238095238095238
3 0.6489285714285714 0.2866666666666667 0.05071428571428571 0.03238095238095238
3 0.6292857142857143 0.31761904761904763 0.04428571428571428 0.03142857142857143
9 0.6542857142857142 0.1519047619047619 0.007142857142857143 0.025714285714285714
9 0.6675 0.1523809523809524 0.007857142857142858 0.024761904761904763
9 0.675 0.15 0.007142857142857143 0.025714285714285714
9 0.6964285714285714 0.14714285714285713 0.007142857142857143 0.025714285714285714
9 0.7042857142857143 0.14714285714285713 0.007142857142857143 0.025714285714285714
9 0.7103571428571429 0.14904761904761904 0.005 0.025714285714285714
0 0.6692857142857143 0.24666666666666667 0.007142857142857143 0.017142857142857144
0 0.6771428571428572 0.24476190476190476 0.005714285714285714 0.015238095238095238
1 0.7092857142857143 0.24523809523809523 0.007142857142857143 0.014285714285714285
1 0.7039285714285715 0.2319047619047619 0.005 0.010476190476190476
1 0.7096428571428571 0.22476190476190477 0.007857142857142858 0.009523809523809525
1 0.7246428571428571 0.23952380952380953 0.007857142857142858 0.012380952380952381
1 0.7196428571428571 0.24952380952380954 0.007857142857142858 0.013333333333333332
0 0.6571428571428571 0.36 0.01 0.013333333333333332
9 0.6571428571428571 0.3676190476190476 0.02 0.009523809523809525
9 0.6525 0.37761904761904763 0.017857142857142856 0.012380952380952381
9 0.6603571428571429 0.3871428571428571 0.020714285714285713 0.018095238095238095
9 0.6517857142857143 0.3995238095238095 0.019285714285714285 0.010476190476190476
9 0.65 0.40714285714285714 0.02 0.010476190476190476
9 0.6525 0.4147619047619048 0.020714285714285713 0.012380952380952381
9 0.6528571428571428 0.4247619047619048 0.018571428571428572 0.011428571428571429
9 0.6596428571428572 0.4342857142857143 0.020714285714285713 0.015238095238095238
9 0.6553571428571429 0.44476190476190475 0.020714285714285713 0.013333333333333332
9 0.6546428571428572 0.4542857142857143 0.02214285714285714 0.015238095238095238
9 0.6346428571428572 0.4642857142857143 0.020714285714285713 0.012380952380952381
9 0.6296428571428572 0.4438095238095238 0.02214285714285714 0.015238095238095238
9 0.6571428571428571 0.46714285714285714 0.022857142857142857 0.014285714285714285
9 0.6567857142857143 0.47904761904761906 0.02214285714285714 0.015238095238095238
9 0.6546428571428572 0.4876190476190476 0.02214285714285714 0.013333333333333332
9 0.6542857142857142 0.5014285714285714 0.02142857142857143 0.01619047619047619
1 0.5703571428571429 0.5376190476190477 0.007857142857142858 0.014285714285714285
1 0.5378571428571428 0.5671428571428572 0.007142857142857143 0.012380952380952381
9 0.5703571428571429 0.5371428571428571 0.02214285714285714 0.01904761904761905
9 0.5464285714285714 0.5523809523809524 0.008571428571428572 0.030476190476190476
9 0.5367857142857143 0.5447619047619048 0.007857142857142858 0.03238095238095238
9 0.6553571428571429 0.5838095238095238 0.020714285714285713 0.013333333333333332
9 0.6567857142857143 0.5942857142857143 0.02214285714285714 0.009523809523809525
9 0.6542857142857142 0.6623809523809524 0.022857142857142857 0.012380952380952381
0 0.6403571428571428 0.569047619047619 0.010714285714285714 0.012380952380952381
0 0.6303571428571428 0.5738095238095238 0.007857142857142858 0.012380952380952381
0 0.6317857142857143 0.6123809523809524 0.0064285714285714285 0.013333333333333332
0 0.6253571428571428 0.6123809523809524 0.0064285714285714285 0.005714285714285714
0 0.5539285714285714 0.5823809523809523 0.009285714285714286 0.01619047619047619
0 0.7096428571428571 0.6347619047619047 0.009285714285714286 0.012380952380952381
1 0.6896428571428571 0.7590476190476191 0.009285714285714286 0.013333333333333332
4 0.6271428571428571 0.7538095238095238 0.027142857142857142 0.07523809523809524
9 0.6521428571428571 0.7852380952380953 0.022857142857142857 0.018095238095238095
9 0.6496428571428572 0.8 0.02214285714285714 0.017142857142857144
9 0.6489285714285714 0.8219047619047619 0.02214285714285714 0.017142857142857144
9 0.6517857142857143 0.839047619047619 0.02214285714285714 0.015238095238095238
9 0.6517857142857143 0.8547619047619047 0.02214285714285714 0.02
9 0.6517857142857143 0.87 0.020714285714285713 0.01619047619047619
9 0.6503571428571429 0.8871428571428571 0.02214285714285714 0.012380952380952381
9 0.65 0.8995238095238095 0.022857142857142857 0.012380952380952381
9 0.6525 0.9119047619047619 0.025 0.014285714285714285
0 0.6589285714285714 0.9319047619047619 0.010714285714285714 0.012380952380952381
0 0.6442857142857142 0.929047619047619 0.007142857142857143 0.012380952380952381
0 0.6292857142857143 0.93 0.007142857142857143 0.010476190476190476
0 0.6164285714285714 0.9242857142857143 0.011428571428571429 0.012380952380952381
1 0.6346428571428572 0.9547619047619048 0.007857142857142858 0.012380952380952381
9 0.6317857142857143 0.9519047619047619 0.020714285714285713 0.01619047619047619
9 0.6514285714285715 0.9695238095238096 0.024285714285714285 0.017142857142857144
9 0.6478571428571429 0.9842857142857143 0.025714285714285714 0.012380952380952381
9 0.595 0.9847619047619047 0.01 0.02857142857142857
9 0.49464285714285716 0.9942857142857143 0.007857142857142858 0.007619047619047619
9 0.47535714285714287 0.9938095238095238 0.007857142857142858 0.010476190476190476
9 0.46214285714285713 0.9942857142857143 0.007142857142857143 0.007619047619047619
9 0.4525 0.9923809523809524 0.0064285714285714285 0.007619047619047619
9 0.4442857142857143 0.9914285714285714 0.007142857142857143 0.009523809523809525
9 0.43214285714285716 0.99 0.005714285714285714 0.010476190476190476
9 0.42428571428571427 0.9895238095238095 0.007142857142857143 0.009523809523809525
1 0.41214285714285714 0.9652380952380952 0.01 0.010476190476190476
1 0.3896428571428571 0.9666666666666667 0.010714285714285714 0.011428571428571429
9 0.41214285714285714 0.9623809523809523 0.022857142857142857 0.02
9 0.5421428571428571 0.6076190476190476 0.02 0.009523809523809525
1 0.37464285714285717 0.98 0.007857142857142858 0.011428571428571429
9 0.3389285714285714 0.9671428571428572 0.007857142857142858 0.02761904761904762
9 0.30178571428571427 0.9438095238095238 0.009285714285714286 0.03238095238095238
0 0.2714285714285714 0.9495238095238095 0.01 0.01904761904761905
0 0.08928571428571429 0.849047619047619 0.017142857142857144 0.012380952380952381
0 0.11178571428571428 0.8819047619047619 0.007857142857142858 0.005714285714285714
0 0.11714285714285715 0.8995238095238095 0.012857142857142857 0.010476190476190476
9 0.2575 0.9252380952380952 0.015 0.035238095238095235
9 0.24035714285714285 0.9338095238095238 0.012142857142857143 0.037142857142857144
9 0.2275 0.9371428571428572 0.007857142857142858 0.03428571428571429
9 0.21928571428571428 0.9319047619047619 0.011428571428571429 0.035238095238095235
9 0.21035714285714285 0.9319047619047619 0.015 0.03333333333333333
9 0.1992857142857143 0.929047619047619 0.012857142857142857 0.037142857142857144
1 0.1875 0.9247619047619048 0.015 0.013333333333333332
9 0.18464285714285714 0.9247619047619048 0.015 0.03238095238095238
9 0.1767857142857143 0.9223809523809524 0.007857142857142858 0.03333333333333333
9 0.1667857142857143 0.9347619047619048 0.010714285714285714 0.029523809523809525
9 0.15714285714285714 0.9376190476190476 0.01 0.03142857142857143
9 0.1475 0.92 0.019285714285714285 0.03238095238095238
9 0.13535714285714287 0.9252380952380952 0.010714285714285714 0.035238095238095235
9 0.1 0.8966666666666666 0.012857142857142857 0.035238095238095235
9 0.08892857142857143 0.9147619047619048 0.009285714285714286 0.02761904761904762
9 0.08214285714285714 0.8766666666666667 0.02 0.03142857142857143
9 0.06678571428571428 0.8790476190476191 0.012142857142857143 0.02857142857142857
9 0.08 0.9142857142857143 0.011428571428571429 0.03428571428571429
9 0.06678571428571428 0.9114285714285715 0.012142857142857143 0.03619047619047619
9 0.0475 0.9095238095238095 0.012142857142857143 0.03428571428571429
9 0.03964285714285714 0.91 0.009285714285714286 0.037142857142857144
9 0.027142857142857142 0.9142857142857143 0.01 0.030476190476190476
9 0.017857142857142856 0.8995238095238095 0.012857142857142857 0.035238095238095235
9 0.005 0.9023809523809524 0.008571428571428572 0.035238095238095235
9 0.215 0.959047619047619 0.005714285714285714 0.011428571428571429
