3 0.2925 0.8842857142857142 0.07214285714285715 0.18761904761904763
3 0.22464285714285714 0.6695238095238095 0.062142857142857146 0.13523809523809524
4 0.4875 0.6014285714285714 0.039285714285714285 0.1
3 0.4928571428571429 0.47714285714285715 0.04 0.09523809523809523
3 0.3125 0.3923809523809524 0.045 0.09523809523809523
3 0.275 0.3838095238095238 0.047142857142857146 0.09142857142857143
5 0.5021428571428571 0.37142857142857144 0.04 0.10095238095238095
4 0.5103571428571428 0.29 0.035 0.06571428571428571
4 0.5292857142857142 0.19714285714285715 0.032857142857142856 0.06285714285714286
3 0.35464285714285715 0.2119047619047619 0.03214285714285714 0.06190476190476191
3 0.3221428571428571 0.19666666666666666 0.04 0.07142857142857142
3 0.5439285714285714 0.09476190476190476 0.03214285714285714 0.05619047619047619
3 0.5575 0.04380952380952381 0.030714285714285715 0.05333333333333333
3 0.5242857142857142 0.0419047619047619 0.02857142857142857 0.04380952380952381
3 0.34214285714285714 0.13952380952380952 0.037142857142857144 0.06
5 0.4442857142857143 0.07238095238095238 0.047142857142857146 0.09523809523809523
1 0.47214285714285714 0.3538095238095238 0.01 0.03142857142857143
2 0.47285714285714286 0.3638095238095238 0.008571428571428572 0.03428571428571429
9 0.6021428571428571 0.18476190476190477 0.022857142857142857 0.030476190476190476
9 0.6171428571428571 0.21523809523809523 0.027142857142857142 0.026666666666666665
0 0.5896428571428571 0.08761904761904762 0.009285714285714286 0.02857142857142857
0 0.5989285714285715 0.0919047619047619 0.007857142857142858 0.02761904761904762
0 0.6117857142857143 0.08714285714285715 0.009285714285714286 0.035238095238095235
0 0.3975 0.05761904761904762 0.009285714285714286 0.029523809523809525
0 0.26035714285714284 0.2719047619047619 0.013571428571428571 0.035238095238095235
1 0.25214285714285717 0.31476190476190474 0.015714285714285715 0.023809523809523808
0 0.2571428571428571 0.4614285714285714 0.015714285714285715 0.035238095238095235
0 0.27 0.5119047619047619 0.02142857142857143 0.035238095238095235
7 0.28464285714285714 0.5071428571428571 0.03785714285714286 0.037142857142857144
7 0.27 0.45714285714285713 0.04428571428571428 0.03428571428571429
3 0.6467857142857143 0.8695238095238095 0.055 0.16
0 0.5496428571428571 0.8295238095238096 0.017857142857142856 0.022857142857142857
9 0.665 0.7819047619047619 0.04285714285714286 0.03238095238095238
9 0.6628571428571428 0.7647619047619048 0.04285714285714286 0.03238095238095238
