4 0.15392857142857141 0.8771428571428571 0.09928571428571428 0.18666666666666668
3 0.03964285714285714 0.6447619047619048 0.07928571428571428 0.09142857142857143
0 0.3442857142857143 0.9676190476190476 0.025714285714285714 0.03619047619047619
6 0.42714285714285716 0.920952380952381 0.06714285714285714 0.15619047619047619
1 0.435 0.8795238095238095 0.032857142857142856 0.04476190476190476
3 0.3246428571428571 0.7771428571428571 0.125 0.19428571428571428
3 0.345 0.6395238095238095 0.12714285714285714 0.18
4 0.2075 0.6266666666666667 0.08214285714285714 0.17142857142857143
3 0.48142857142857143 0.6071428571428571 0.06714285714285714 0.19333333333333333
3 0.37714285714285717 0.5095238095238095 0.13714285714285715 0.13523809523809524
2 0.29464285714285715 0.52 0.03214285714285714 0.05904761904761905
0 0.79 0.5338095238095238 0.03 0.05619047619047619
3 0.9425 0.9123809523809524 0.10357142857142858 0.17333333333333334
0 0.2475 0.2838095238095238 0.025 0.05142857142857143
3 0.22 0.1295238095238095 0.07 0.13333333333333333
3 0.305 0.2642857142857143 0.06285714285714286 0.1361904761904762
3 0.4042857142857143 0.30952380952380953 0.11 0.11047619047619048
3 0.5639285714285714 0.2619047619047619 0.05071428571428571 0.12380952380952381
3 0.6742857142857143 0.3423809523809524 0.11428571428571428 0.10380952380952381
3 0.5671428571428572 0.11 0.045714285714285714 0.0980952380952381
3 0.6728571428571428 0.09952380952380953 0.09 0.08666666666666667
0 0.7575 0.17666666666666667 0.023571428571428573 0.05238095238095238
3 0.8496428571428571 0.2819047619047619 0.135 0.09714285714285714
3 0.8603571428571428 0.2119047619047619 0.13214285714285715 0.09047619047619047
3 0.8571428571428571 0.1442857142857143 0.12285714285714286 0.06
4 0.8746428571428572 0.09238095238095238 0.09785714285714285 0.0838095238095238
3 0.8803571428571428 0.05904761904761905 0.10642857142857143 0.05523809523809524
4 0.895 0.024761904761904763 0.09285714285714286 0.05142857142857143
