3 0.14964285714285713 0.4595238095238095 0.03214285714285714 0.02
3 0.08214285714285714 0.7523809523809524 0.04 0.03238095238095238
3 0.1467857142857143 0.7371428571428571 0.03357142857142857 0.022857142857142857
3 0.36678571428571427 0.9295238095238095 0.04214285714285714 0.026666666666666665
3 0.34785714285714286 0.7523809523809524 0.03428571428571429 0.024761904761904763
3 0.4425 0.7219047619047619 0.015 0.04380952380952381
3 0.3439285714285714 0.7271428571428571 0.035 0.02761904761904762
3 0.3392857142857143 0.6666666666666666 0.032857142857142856 0.024761904761904763
3 0.33714285714285713 0.6371428571428571 0.037142857142857144 0.024761904761904763
3 0.3314285714285714 0.5795238095238096 0.03 0.039047619047619046
3 0.3342857142857143 0.6047619047619047 0.027142857142857142 0.03238095238095238
3 0.3392857142857143 0.5271428571428571 0.03 0.021904761904761906
3 0.33964285714285714 0.549047619047619 0.035 0.023809523809523808
3 0.3792857142857143 0.4519047619047619 0.014285714285714285 0.037142857142857144
3 0.34464285714285714 0.40714285714285714 0.015 0.037142857142857144
3 0.3221428571428571 0.5076190476190476 0.03 0.022857142857142857
4 0.3196428571428571 0.4866666666666667 0.025 0.024761904761904763
3 0.3067857142857143 0.24761904761904763 0.027857142857142858 0.01904761904761905
3 0.43714285714285717 0.27476190476190476 0.012857142857142857 0.029523809523809525
3 0.3417857142857143 0.017142857142857144 0.010714285714285714 0.024761904761904763
3 0.2864285714285714 0.029047619047619048 0.024285714285714285 0.01619047619047619
8 0.48214285714285715 0.45476190476190476 0.03428571428571429 0.1
3 0.4828571428571429 0.8542857142857143 0.02 0.05142857142857143
3 0.38 0.9576190476190476 0.03857142857142857 0.039047619047619046
3 0.38035714285714284 0.8895238095238095 0.03785714285714286 0.030476190476190476
3 0.38285714285714284 0.8219047619047619 0.03571428571428571 0.02857142857142857
3 0.36464285714285716 0.8552380952380952 0.039285714285714285 0.030476190476190476
3 0.3775 0.6623809523809524 0.035 0.02
3 0.37642857142857145 0.5823809523809523 0.014285714285714285 0.039047619047619046
3 0.3821428571428571 0.6271428571428571 0.015714285714285715 0.039047619047619046
3 0.3625 0.6142857142857143 0.016428571428571428 0.045714285714285714
3 0.3925 0.5776190476190476 0.015 0.039047619047619046
4 0.3992857142857143 0.6214285714285714 0.018571428571428572 0.05047619047619047
5 0.37214285714285716 0.37476190476190474 0.017142857142857144 0.04476190476190476
4 0.3775 0.41714285714285715 0.013571428571428571 0.03238095238095238
3 0.35642857142857143 0.38952380952380955 0.014285714285714285 0.03238095238095238
3 0.36142857142857143 0.42238095238095236 0.012857142857142857 0.02761904761904762
3 0.3692857142857143 0.33904761904761904 0.012857142857142857 0.03238095238095238
3 0.35214285714285715 0.3419047619047619 0.012857142857142857 0.03238095238095238
3 0.4925 0.3576190476190476 0.015 0.03333333333333333
3 0.3442857142857143 0.2219047619047619 0.011428571428571429 0.030476190476190476
3 0.33285714285714285 0.15476190476190477 0.011428571428571429 0.029523809523809525
3 0.3325 0.08952380952380952 0.010714285714285714 0.024761904761904763
3 0.3267857142857143 0.01 0.012142857142857143 0.02
7 0.42178571428571426 0.1523809523809524 0.009285714285714286 0.02095238095238095
0 0.4278571428571429 0.06380952380952382 0.004285714285714286 0.013333333333333332
0 0.33035714285714285 0.1295238095238095 0.005 0.013333333333333332
0 0.3246428571428571 0.039523809523809524 0.005 0.012380952380952381
0 0.49964285714285717 0.25 0.005 0.012380952380952381
0 0.49392857142857144 0.7390476190476191 0.005 0.009523809523809525
0 0.48964285714285716 0.6571428571428571 0.005 0.007619047619047619
0 0.42392857142857143 0.7071428571428572 0.005 0.010476190476190476
1 0.4042857142857143 0.5147619047619048 0.004285714285714286 0.010476190476190476
2 0.40464285714285714 0.5171428571428571 0.005 0.017142857142857144
4 0.5196428571428572 0.5171428571428571 0.015 0.03238095238095238
3 0.5146428571428572 0.4866666666666667 0.012142857142857143 0.02857142857142857
3 0.49714285714285716 0.38952380952380955 0.015714285714285715 0.03238095238095238
3 0.47214285714285714 0.23666666666666666 0.014285714285714285 0.03142857142857143
3 0.4675 0.20523809523809525 0.012142857142857143 0.02761904761904762
3 0.4625 0.17714285714285713 0.012142857142857143 0.024761904761904763
3 0.4589285714285714 0.14714285714285713 0.012142857142857143 0.02761904761904762
3 0.44892857142857145 0.09238095238095238 0.010714285714285714 0.024761904761904763
0 0.45964285714285713 0.21714285714285714 0.005 0.013333333333333332
0 0.37642857142857145 0.25761904761904764 0.004285714285714286 0.012380952380952381
0 0.365 0.25666666666666665 0.007142857142857143 0.012380952380952381
0 0.3271428571428571 0.37714285714285717 0.007142857142857143 0.013333333333333332
0 0.46464285714285714 0.2195238095238095 0.005 0.012380952380952381
4 0.9075 0.7171428571428572 0.035 0.02095238095238095
3 0.785 0.4195238095238095 0.02857142857142857 0.02
3 0.96 0.3119047619047619 0.027142857142857142 0.02761904761904762
3 0.9525 0.23714285714285716 0.027857142857142858 0.017142857142857144
3 0.9889285714285714 0.2623809523809524 0.020714285714285713 0.03142857142857143
4 0.9492857142857143 0.18523809523809523 0.012857142857142857 0.02761904761904762
4 0.9917857142857143 0.17904761904761904 0.012142857142857143 0.02857142857142857
3 0.9225 0.18142857142857144 0.012142857142857143 0.02761904761904762
3 0.9346428571428571 0.1919047619047619 0.012142857142857143 0.03333333333333333
4 0.3625 0.4514285714285714 0.012142857142857143 0.02857142857142857
0 0.3464285714285714 0.4638095238095238 0.005714285714285714 0.013333333333333332
0 0.3364285714285714 0.47 0.005714285714285714 0.012380952380952381
3 0.6275 0.819047619047619 0.035 0.026666666666666665
9 0.595 0.8895238095238095 0.01 0.024761904761904763
9 0.585 0.8790476190476191 0.008571428571428572 0.02857142857142857
9 0.31 0.43714285714285717 0.012857142857142857 0.009523809523809525
