3 0.13204592901878914 0.44063079777365494 0.006263048016701461 0.0074211502782931356
0 0.13569937369519833 0.4387755102040816 0.0020876826722338203 0.00927643784786642
3 0.2369519832985386 0.6085343228200372 0.011482254697286011 0.020408163265306124
3 0.21503131524008348 0.6178107606679035 0.014613778705636741 0.022263450834879406
3 0.15213987473903964 0.650278293135436 0.014091858037578286 0.02411873840445269
3 0.17327766179540707 0.6201298701298701 0.015657620041753653 0.021335807050092765
4 0.19545929018789143 0.601113172541744 0.02139874739039666 0.016697588126159554
3 0.1062108559498956 0.7272727272727273 0.02139874739039666 0.029684601113172542
3 0.2596555323590814 0.5607606679035251 0.012004175365344467 0.015769944341372914
3 0.12291231732776617 0.7012987012987013 0.01826722338204593 0.02411873840445269
3 0.29645093945720247 0.4777365491651206 0.0073068893528183704 0.012987012987012988
4 0.3014091858037578 0.44758812615955473 0.0057411273486430055 0.012059369202226345
3 0.33977035490605423 0.41233766233766234 0.005219206680584551 0.008348794063079777
3 0.1631002087682672 0.8339517625231911 0.023486430062630476 0.03710575139146568
3 0.04566805845511482 0.8242115027829313 0.02766179540709812 0.036178107606679034
3 0.0655010438413361 0.7922077922077922 0.023486430062630476 0.03153988868274583
0 0.03783924843423799 0.8761595547309833 0.004697286012526096 0.013914656771799629
3 0.08585594989561586 0.45315398886827457 0.013048016701461376 0.008348794063079777
0 0.0957724425887265 0.44758812615955473 0.0036534446764091852 0.008348794063079777
3 0.29331941544885176 0.6957328385899815 0.009394572025052192 0.022263450834879406
0 0.7072025052192066 0.6363636363636364 0.0041753653444676405 0.00927643784786642
0 0.12160751565762003 0.7323747680890538 0.0031315240083507304 0.012059369202226345
0 0.11925887265135698 0.7365491651205937 0.0036534446764091852 0.011131725417439703
9 0.12082463465553235 0.7425788497217068 0.008872651356993735 0.010204081632653062
0 0.04279749478079332 0.8603896103896104 0.006263048016701461 0.013914656771799629
9 0.043580375782881 0.8668831168831169 0.008872651356993735 0.0176252319109462
9 0.03783924843423799 0.8863636363636364 0.010960334029227557 0.015769944341372914
9 0.024791231732776614 0.8956400742115028 0.012004175365344467 0.013914656771799629
0 0.02453027139874739 0.8872912801484231 0.0041753653444676405 0.013914656771799629
0 0.02766179540709812 0.8858998144712431 0.0041753653444676405 0.016697588126159554
0 0.1385699373695198 0.6906307977736549 0.0036534446764091852 0.012059369202226345
9 0.13804801670146136 0.6961966604823748 0.0057411273486430055 0.008348794063079777
9 0.1393528183716075 0.7096474953617811 0.008350730688935281 0.0074211502782931356
0 0.13883089770354903 0.7040816326530612 0.0031315240083507304 0.012987012987012988
3 0.19363256784968683 0.5816326530612245 0.009394572025052192 0.016697588126159554
3 0.20694154488517744 0.5579777365491652 0.007828810020876827 0.0176252319109462
5 0.31315240083507306 0.4383116883116883 0.0073068893528183704 0.013914656771799629
3 0.36560542797494777 0.4267161410018553 0.004697286012526096 0.00927643784786642
5 0.36064718162839243 0.34183673469387754 0.0041753653444676405 0.013914656771799629
4 0.5467118997912317 0.39888682745825604 0.006784968684759916 0.0074211502782931356
5 0.5555845511482255 0.46985157699443414 0.015135699373695197 0.0176252319109462
0 0.5741127348643006 0.4684601113172542 0.0020876826722338203 0.00927643784786642
5 0.7560020876826722 0.41233766233766234 0.012004175365344467 0.010204081632653062
5 0.74660751565762 0.4100185528756957 0.014091858037578286 0.00927643784786642
5 0.7398225469728601 0.4072356215213358 0.015135699373695197 0.00927643784786642
3 0.7215553235908141 0.40584415584415584 0.007828810020876827 0.006493506493506494
3 0.7038100208768266 0.40213358070500926 0.0057411273486430055 0.006493506493506494
3 0.6985908141962421 0.3998144712430427 0.006784968684759916 0.0074211502782931356
3 0.7233820459290187 0.44063079777365494 0.010438413361169102 0.0074211502782931356
3 0.7212943632567849 0.43413729128014844 0.010438413361169102 0.0074211502782931356
3 0.7930584551148224 0.41233766233766234 0.009916492693110646 0.006493506493506494
3 0.7045929018789143 0.3942486085343228 0.009394572025052192 0.0074211502782931356
3 0.6894572025052191 0.41187384044526903 0.009394572025052192 0.0055658627087198514
3 0.36821503131524 0.4174397031539889 0.004697286012526096 0.0074211502782931356
3 0.3687369519832985 0.41233766233766234 0.0036534446764091852 0.00463821892393321
3 0.3640396659707724 0.3395176252319109 0.0026096033402922755 0.0037105751391465678
3 0.3559498956158664 0.323747680890538 0.0031315240083507304 0.0055658627087198514
0 0.038622129436325675 0.852504638218924 0.006263048016701461 0.014842300556586271
9 0.039665970772442584 0.8603896103896104 0.011482254697286011 0.012059369202226345
9 0.07489561586638831 0.8218923933209648 0.010960334029227557 0.012987012987012988
0 0.07385177453027139 0.813543599257885 0.004697286012526096 0.016697588126159554
4 0.42432150313152395 0.41512059369202226 0.009394572025052192 0.008348794063079777
5 0.2948851774530271 0.4230055658627087 0.009394572025052192 0.014842300556586271
0 0.0018267223382045926 0.924860853432282 0.0026096033402922755 0.014842300556586271
9 0.0028705636743215027 0.9359925788497218 0.006784968684759916 0.012987012987012988
