5 0.11964285714285715 0.449238578680203 0.045 0.10152284263959391
5 0.19214285714285714 0.32868020304568524 0.032857142857142856 0.06345177664974619
5 0.054642857142857146 0.32170050761421315 0.047857142857142855 0.07741116751269035
5 0.030357142857142857 0.3178934010152284 0.039285714285714285 0.06218274111675126
3 0.09464285714285714 0.42576142131979694 0.027857142857142858 0.049492385786802026
3 0.14642857142857144 0.3781725888324873 0.022857142857142857 0.04060913705583756
3 0.12964285714285714 0.3445431472081218 0.02214285714285714 0.031725888324873094
3 0.07 0.36865482233502533 0.025714285714285714 0.03426395939086294
3 0.09892857142857144 0.266497461928934 0.017857142857142856 0.02284263959390863
3 0.20714285714285716 0.26903553299492383 0.014285714285714285 0.025380710659898477
3 0.16964285714285715 0.24175126903553298 0.012142857142857143 0.021573604060913704
3 0.19392857142857142 0.22017766497461927 0.012142857142857143 0.021573604060913704
3 0.14892857142857144 0.29251269035532995 0.017857142857142856 0.03426395939086294
4 0.18428571428571427 0.2595177664974619 0.014285714285714285 0.029187817258883246
3 0.11714285714285715 0.23223350253807104 0.012857142857142857 0.02030456852791878
3 0.15142857142857144 0.20304568527918782 0.008571428571428572 0.015228426395939085
3 0.1775 0.10469543147208121 0.005 0.008883248730964466
3 0.18214285714285713 0.09010152284263959 0.005714285714285714 0.0076142131979695426
3 0.19964285714285715 0.16687817258883247 0.009285714285714286 0.013959390862944161
3 0.2 0.13895939086294415 0.007142857142857143 0.013959390862944161
3 0.20214285714285715 0.11928934010152284 0.007142857142857143 0.01015228426395939
3 0.19035714285714286 0.11294416243654821 0.0064285714285714285 0.012690355329949238
3 0.18714285714285714 0.12690355329949238 0.007142857142857143 0.012690355329949238
3 0.2117857142857143 0.11357868020304568 0.0064285714285714285 0.011421319796954314
4 0.11714285714285715 0.19416243654822332 0.01 0.02030456852791878
3 0.12928571428571428 0.21383248730964466 0.012857142857142857 0.016497461928934008
3 0.15 0.16243654822335024 0.01 0.015228426395939085
4 0.16464285714285715 0.15355329949238578 0.007857142857142858 0.012690355329949238
5 0.1325 0.15736040609137056 0.015 0.03045685279187817
5 0.1367857142857143 0.18718274111675126 0.013571428571428571 0.031725888324873094
5 0.15714285714285714 0.13071065989847716 0.01 0.025380710659898477
5 0.16285714285714287 0.1148477157360406 0.008571428571428572 0.024111675126903553
5 0.14464285714285716 0.12944162436548223 0.012142857142857143 0.02284263959390863
3 0.14464285714285716 0.14403553299492386 0.007857142857142858 0.013959390862944161
8 0.21035714285714285 0.08629441624365482 0.007857142857142858 0.02284263959390863
5 0.5392857142857143 0.6776649746192893 0.054285714285714284 0.1446700507614213
5 0.5075 0.5958121827411167 0.05071428571428571 0.10025380710659898
0 0.5778571428571428 0.7265228426395939 0.008571428571428572 0.03680203045685279
0 0.5871428571428572 0.7214467005076142 0.007142857142857143 0.03680203045685279
4 0.4825 0.5361675126903553 0.02214285714285714 0.04695431472081218
0 0.22714285714285715 0.4346446700507614 0.007142857142857143 0.021573604060913704
0 0.2375 0.37309644670050757 0.0064285714285714285 0.02284263959390863
0 0.24535714285714286 0.35215736040609136 0.005 0.016497461928934008
0 0.25285714285714284 0.35977157360406087 0.004285714285714286 0.021573604060913704
3 0.445 0.42703045685279184 0.015714285714285715 0.03426395939086294
3 0.35642857142857143 0.3362944162436548 0.011428571428571429 0.02284263959390863
3 0.43 0.3343908629441624 0.02 0.029187817258883246
3 0.37535714285714283 0.24555837563451774 0.007857142857142858 0.016497461928934008
3 0.3889285714285714 0.2563451776649746 0.016428571428571428 0.012690355329949238
3 0.43214285714285716 0.29505076142131975 0.017142857142857144 0.016497461928934008
3 0.3896428571428571 0.2639593908629441 0.007857142857142858 0.015228426395939085
3 0.38035714285714284 0.25444162436548223 0.007857142857142858 0.013959390862944161
3 0.3464285714285714 0.21383248730964466 0.008571428571428572 0.011421319796954314
3 0.34964285714285714 0.21890862944162434 0.007857142857142858 0.011421319796954314
3 0.35428571428571426 0.22081218274111675 0.01 0.015228426395939085
3 0.35892857142857143 0.22842639593908629 0.010714285714285714 0.015228426395939085
3 0.30785714285714283 0.174492385786802 0.007142857142857143 0.008883248730964466
3 0.30178571428571427 0.174492385786802 0.005 0.008883248730964466
3 0.2975 0.16370558375634517 0.0064285714285714285 0.0076142131979695426
3 0.3025 0.16560913705583755 0.0035714285714285713 0.008883248730964466
3 0.34535714285714286 0.2506345177664974 0.007857142857142858 0.016497461928934008
3 0.395 0.2728426395939086 0.01 0.015228426395939085
3 0.36892857142857144 0.2506345177664974 0.010714285714285714 0.016497461928934008
4 0.3325 0.20050761421319796 0.007857142857142858 0.015228426395939085
3 0.3267857142857143 0.19670050761421318 0.007857142857142858 0.012690355329949238
3 0.32142857142857145 0.1916243654822335 0.007142857142857143 0.01015228426395939
3 0.3221428571428571 0.18654822335025378 0.007142857142857143 0.012690355329949238
3 0.31214285714285717 0.17956852791878172 0.007142857142857143 0.011421319796954314
3 0.30428571428571427 0.18591370558375633 0.007142857142857143 0.011421319796954314
5 0.29428571428571426 0.18210659898477155 0.012857142857142857 0.026649746192893398
8 0.34964285714285714 0.29251269035532995 0.012142857142857143 0.031725888324873094
8 0.38785714285714284 0.3756345177664974 0.02142857142857143 0.050761421319796954
4 0.35 0.2411167512690355 0.011428571428571429 0.02030456852791878
5 0.255 0.13388324873096447 0.008571428571428572 0.016497461928934008
3 0.26 0.14784263959390861 0.005714285714285714 0.011421319796954314
8 0.26035714285714284 0.11738578680203045 0.009285714285714286 0.011421319796954314
8 0.24642857142857144 0.11928934010152284 0.005714285714285714 0.015228426395939085
