3 0.14714285714285713 0.04428571428571428 0.02 0.04476190476190476
3 0.16785714285714284 0.16666666666666666 0.03428571428571429 0.024761904761904763
3 0.20785714285714285 0.17714285714285713 0.032857142857142856 0.022857142857142857
3 0.18714285714285714 0.05761904761904762 0.017142857142857144 0.04476190476190476
3 0.20464285714285715 0.054285714285714284 0.017857142857142856 0.04
3 0.24428571428571427 0.056666666666666664 0.017142857142857144 0.04285714285714286
6 0.24142857142857144 0.20904761904761904 0.014285714285714285 0.03333333333333333
3 0.3339285714285714 0.0419047619047619 0.015 0.0419047619047619
3 0.3517857142857143 0.047142857142857146 0.015 0.04476190476190476
3 0.36714285714285716 0.04428571428571428 0.012857142857142857 0.04857142857142857
0 0.28464285714285714 0.05904761904761905 0.007857142857142858 0.015238095238095238
9 0.36142857142857143 0.07714285714285714 0.014285714285714285 0.011428571428571429
9 0.24214285714285713 0.23952380952380953 0.01 0.012380952380952381
9 0.24142857142857144 0.25476190476190474 0.008571428571428572 0.014285714285714285
9 0.24464285714285713 0.31142857142857144 0.015 0.01904761904761905
9 0.24214285714285713 0.3271428571428571 0.01 0.014285714285714285
9 0.24392857142857144 0.3438095238095238 0.012142857142857143 0.013333333333333332
9 0.24285714285714285 0.3952380952380952 0.011428571428571429 0.009523809523809525
9 0.24642857142857144 0.3823809523809524 0.014285714285714285 0.006666666666666666
3 0.30178571428571427 0.23476190476190475 0.027857142857142858 0.037142857142857144
5 0.37642857142857145 0.3838095238095238 0.04428571428571428 0.030476190476190476
3 0.29964285714285716 0.3019047619047619 0.03214285714285714 0.022857142857142857
3 0.295 0.32666666666666666 0.032857142857142856 0.02095238095238095
3 0.29464285714285715 0.3476190476190476 0.035 0.01904761904761905
3 0.2975 0.36952380952380953 0.030714285714285715 0.022857142857142857
3 0.29714285714285715 0.40476190476190477 0.03 0.024761904761904763
3 0.29964285714285716 0.42714285714285716 0.03214285714285714 0.021904761904761906
3 0.33464285714285713 0.23 0.015 0.040952380952380955
3 0.355 0.24428571428571427 0.027142857142857142 0.021904761904761906
3 0.35714285714285715 0.22238095238095237 0.03 0.02
4 0.395 0.25666666666666665 0.02142857142857143 0.05238095238095238
3 0.4928571428571429 0.3019047619047619 0.012857142857142857 0.0419047619047619
3 0.4592857142857143 0.20714285714285716 0.03142857142857143 0.02761904761904762
3 0.2978571428571429 0.5519047619047619 0.027142857142857142 0.02
3 0.29428571428571426 0.5871428571428572 0.032857142857142856 0.02
3 0.29428571428571426 0.6347619047619047 0.032857142857142856 0.02
3 0.29464285714285715 0.7338095238095238 0.035 0.021904761904761906
3 0.24392857142857144 0.6995238095238095 0.017857142857142856 0.04476190476190476
5 0.41964285714285715 0.5295238095238095 0.019285714285714285 0.05523809523809524
5 0.4825 0.5147619047619048 0.02214285714285714 0.09428571428571429
0 0.4228571428571429 0.5919047619047619 0.005714285714285714 0.008571428571428572
0 0.4421428571428571 0.6395238095238095 0.004285714285714286 0.010476190476190476
0 0.24142857142857144 0.8523809523809524 0.015714285714285715 0.04
5 0.415 0.9761904761904762 0.022857142857142857 0.045714285714285714
4 0.6317857142857143 0.861904761904762 0.017857142857142856 0.05523809523809524
3 0.8871428571428571 0.9066666666666666 0.032857142857142856 0.024761904761904763
3 0.8846428571428572 0.8671428571428571 0.019285714285714285 0.04476190476190476
3 0.8121428571428572 0.6323809523809524 0.017142857142857144 0.04
4 0.83 0.63 0.018571428571428572 0.05238095238095238
3 0.8771428571428571 0.6066666666666667 0.017142857142857144 0.0419047619047619
3 0.9267857142857143 0.5523809523809524 0.03214285714285714 0.017142857142857144
4 0.6717857142857143 0.5319047619047619 0.02642857142857143 0.037142857142857144
9 0.6428571428571429 0.7166666666666667 0.005714285714285714 0.021904761904761906
3 0.8775 0.2523809523809524 0.015 0.04
3 0.8446428571428571 0.18714285714285714 0.017857142857142856 0.040952380952380955
4 0.8625 0.2119047619047619 0.016428571428571428 0.035238095238095235
9 0.8667857142857143 0.1595238095238095 0.010714285714285714 0.012380952380952381
3 0.6171428571428571 0.2642857142857143 0.014285714285714285 0.04476190476190476
0 0.6746428571428571 0.1719047619047619 0.005 0.010476190476190476
0 0.6725 0.17238095238095238 0.002142857142857143 0.007619047619047619
0 0.6521428571428571 0.22428571428571428 0.005714285714285714 0.010476190476190476
9 0.5071428571428571 0.2019047619047619 0.012857142857142857 0.009523809523809525
9 0.5139285714285714 0.20714285714285716 0.012142857142857143 0.008571428571428572
9 0.495 0.11428571428571428 0.007142857142857143 0.017142857142857144
0 0.5021428571428571 0.03666666666666667 0.002857142857142857 0.012380952380952381
0 0.7028571428571428 0.20476190476190476 0.005714285714285714 0.009523809523809525
0 0.7103571428571429 0.19952380952380952 0.005 0.006666666666666666
0 0.7117857142857142 0.20666666666666667 0.005 0.007619047619047619
9 0.7221428571428572 0.20476190476190476 0.012857142857142857 0.007619047619047619
1 0.7246428571428571 0.20238095238095238 0.005 0.008571428571428572
9 0.6803571428571429 0.21714285714285714 0.012142857142857143 0.007619047619047619
9 0.6821428571428572 0.22666666666666666 0.017142857142857144 0.009523809523809525
4 0.7975 0.10428571428571429 0.03214285714285714 0.03333333333333333
0 0.03 0.06761904761904762 0.012857142857142857 0.011428571428571429
