3 0.1467857142857143 0.35215736040609136 0.02214285714285714 0.021573604060913704
3 0.032857142857142856 0.3902284263959391 0.02142857142857143 0.021573604060913704
3 0.1225 0.6967005076142131 0.02214285714285714 0.03807106598984771
3 0.017142857142857144 0.682741116751269 0.02 0.03807106598984771
3 0.13392857142857142 0.9708121827411167 0.02214285714285714 0.04568527918781726
3 0.165 0.9600253807106598 0.027142857142857142 0.049492385786802026
4 0.0525 0.6129441624365481 0.025 0.048223350253807105
0 0.3575 0.515228426395939 0.010714285714285714 0.03045685279187817
0 0.3867857142857143 0.549492385786802 0.009285714285714286 0.03045685279187817
3 0.08464285714285714 0.4612944162436548 0.017857142857142856 0.024111675126903553
0 0.3275 0.4428934010152284 0.0064285714285714285 0.02284263959390863
0 0.3717857142857143 0.5088832487309645 0.005 0.017766497461928932
0 0.3825 0.5031725888324873 0.009285714285714286 0.029187817258883246
0 0.3717857142857143 0.49238578680203043 0.009285714285714286 0.02284263959390863
0 0.385 0.4860406091370558 0.008571428571428572 0.025380710659898477
0 0.3942857142857143 0.4860406091370558 0.005714285714285714 0.027918781725888322
0 0.4117857142857143 0.5088832487309645 0.007857142857142858 0.02284263959390863
0 0.4275 0.44670050761421315 0.010714285714285714 0.025380710659898477
0 0.43964285714285717 0.416243654822335 0.007857142857142858 0.02284263959390863
0 0.4471428571428571 0.42703045685279184 0.007142857142857143 0.019035532994923856
0 0.45535714285714285 0.4175126903553299 0.010714285714285714 0.02284263959390863
0 0.42 0.48477157360406087 0.007142857142857143 0.025380710659898477
0 0.4253571428571429 0.4809644670050761 0.009285714285714286 0.025380710659898477
0 0.4175 0.47144670050761417 0.007857142857142858 0.016497461928934008
0 0.4417857142857143 0.4758883248730964 0.005 0.02030456852791878
0 0.4442857142857143 0.47144670050761417 0.007142857142857143 0.026649746192893398
0 0.3275 0.42703045685279184 0.005 0.021573604060913704
0 0.3275 0.41941624365482233 0.005 0.016497461928934008
3 0.18035714285714285 0.574238578680203 0.020714285714285713 0.029187817258883246
3 0.19035714285714286 0.5888324873096447 0.02642857142857143 0.032994923857868015
3 0.1692857142857143 0.5310913705583756 0.027142857142857142 0.024111675126903553
0 0.5467857142857143 0.6833756345177664 0.005 0.026649746192893398
0 0.5496428571428571 0.6732233502538071 0.007857142857142858 0.029187817258883246
3 0.5596428571428571 0.3229695431472081 0.015 0.016497461928934008
3 0.5396428571428571 0.34708121827411165 0.02214285714285714 0.024111675126903553
3 0.6417857142857143 0.2836294416243655 0.019285714285714285 0.024111675126903553
