3 0.5342857142857143 0.5090476190476191 0.037142857142857144 0.08285714285714285
3 0.5046428571428572 0.49523809523809526 0.03785714285714286 0.08190476190476191
3 0.39035714285714285 0.5466666666666666 0.04071428571428572 0.08761904761904762
3 0.3603571428571429 0.5266666666666666 0.03785714285714286 0.08
3 0.26535714285714285 0.4876190476190476 0.039285714285714285 0.0838095238095238
3 0.2342857142857143 0.4766666666666667 0.037142857142857144 0.07714285714285714
3 0.17642857142857143 0.4514285714285714 0.03857142857142857 0.0838095238095238
3 0.1417857142857143 0.439047619047619 0.03785714285714286 0.06857142857142857
3 0.11 0.42238095238095236 0.04 0.07904761904761905
3 0.07892857142857143 0.4123809523809524 0.04357142857142857 0.07809523809523809
3 0.2546428571428571 0.39380952380952383 0.04214285714285714 0.07333333333333333
3 0.2292857142857143 0.38142857142857145 0.03428571428571429 0.07904761904761905
3 0.19678571428571429 0.36714285714285716 0.03642857142857143 0.07523809523809524
3 0.16392857142857142 0.35428571428571426 0.039285714285714285 0.08
3 0.13464285714285715 0.3423809523809524 0.03785714285714286 0.08095238095238096
3 0.10678571428571429 0.3323809523809524 0.04071428571428572 0.08190476190476191
3 0.07535714285714286 0.3219047619047619 0.045 0.08952380952380952
3 0.047857142857142855 0.30952380952380953 0.03857142857142857 0.08761904761904762
3 0.01892857142857143 0.2923809523809524 0.03785714285714286 0.08
3 0.38035714285714284 0.4419047619047619 0.04214285714285714 0.07428571428571429
3 0.4142857142857143 0.45714285714285713 0.03857142857142857 0.07238095238095238
3 0.44892857142857145 0.4676190476190476 0.03642857142857143 0.08761904761904762
3 0.4725 0.48428571428571426 0.04071428571428572 0.09238095238095238
3 0.6839285714285714 0.3676190476190476 0.09071428571428572 0.06666666666666667
3 0.26535714285714285 0.1895238095238095 0.08785714285714286 0.06476190476190476
5 0.7928571428571428 0.25666666666666665 0.1657142857142857 0.10952380952380952
4 0.7928571428571428 0.17476190476190476 0.06285714285714286 0.040952380952380955
3 0.9592857142857143 0.17714285714285713 0.06142857142857143 0.047619047619047616
3 0.9228571428571428 0.07523809523809524 0.02857142857142857 0.07238095238095238
5 0.7646428571428572 0.0838095238095238 0.15785714285714286 0.10666666666666666
