0 0.41785714285714287 0.5042857142857143 0.014285714285714285 0.04476190476190476
0 0.4075 0.5919047619047619 0.023571428571428573 0.040952380952380955
1 0.34035714285714286 0.5566666666666666 0.03357142857142857 0.02761904761904762
1 0.3575 0.5366666666666666 0.019285714285714285 0.02761904761904762
1 0.34 0.5271428571428571 0.022857142857142857 0.025714285714285714
1 0.4853571428571429 0.6371428571428571 0.017857142857142856 0.022857142857142857
1 0.5075 0.6076190476190476 0.019285714285714285 0.03428571428571429
1 0.48964285714285716 0.6047619047619047 0.017857142857142856 0.030476190476190476
1 0.4664285714285714 0.6314285714285715 0.022857142857142857 0.030476190476190476
1 0.7896428571428571 0.5666666666666667 0.027857142857142858 0.02857142857142857
1 0.7696428571428572 0.5847619047619048 0.019285714285714285 0.03238095238095238
1 0.6903571428571429 0.7114285714285714 0.025 0.03428571428571429
1 0.7239285714285715 0.6838095238095238 0.04214285714285714 0.03428571428571429
1 0.6821428571428572 0.669047619047619 0.017142857142857144 0.035238095238095235
1 0.725 0.6619047619047619 0.024285714285714285 0.030476190476190476
1 0.6921428571428572 0.6466666666666666 0.022857142857142857 0.04
1 0.7067857142857142 0.6314285714285715 0.023571428571428573 0.04
0 0.2017857142857143 0.017142857142857144 0.020714285714285713 0.03428571428571429
