0 0.30636743215031315 0.055658627087198514 0.012526096033402922 0.03153988868274583
3 0.09159707724425886 0.8186456400742115 0.12056367432150313 0.25139146567717996
3 0.1944154488517745 0.7843228200371057 0.11951983298538621 0.24953617810760667
3 0.27453027139874736 0.6999072356215214 0.11169102296450939 0.20686456400742115
3 0.35307933194154484 0.6437847866419295 0.09655532359081419 0.19109461966604824
3 0.42771398747390393 0.5811688311688312 0.09655532359081419 0.1567717996289425
3 0.4921711899791231 0.524582560296846 0.11064718162839247 0.15862708719851576
3 0.5558455114822547 0.49860853432282004 0.10855949895615866 0.1326530612244898
3 0.6025574112734864 0.45918367346938777 0.11012526096033402 0.12244897959183673
3 0.6409185803757829 0.4137291280148423 0.10229645093945719 0.10760667903525047
3 0.6983298538622129 0.3970315398886827 0.10229645093945719 0.09833024118738405
3 0.7330375782881001 0.362708719851577 0.10281837160751564 0.09647495361781076
4 0.7596555323590813 0.32142857142857145 0.09029227557411272 0.09740259740259741
3 0.7881002087682671 0.29730983302411873 0.09812108559498955 0.0862708719851577
3 0.824634655532359 0.28432282003710574 0.08977035490605427 0.08441558441558442
3 0.8405532359081419 0.2532467532467533 0.08402922755741127 0.07421150278293136
7 0.7948851774530271 0.8910018552875696 0.10855949895615866 0.17161410018552875
