0 0.5542797494780792 0.1284786641929499 0.0073068893528183704 0.03246753246753247
2 0.5610647181628392 0.11038961038961038 0.019832985386221292 0.027829313543599257
6 0.9569415448851774 0.2634508348794063 0.04123173277661795 0.03710575139146568
4 0.9501565762004175 0.22263450834879406 0.055845511482254695 0.06307977736549165
4 0.876304801670146 0.3942486085343228 0.038622129436325675 0.12059369202226346
3 0.8319415448851774 0.37059369202226344 0.03653444676409186 0.11781076066790352
3 0.7609603340292275 0.35111317254174396 0.03444676409185803 0.11595547309833024
3 0.6411795407098121 0.35760667903525045 0.07254697286012525 0.06957328385899815
5 0.7703549060542797 0.5032467532467533 0.03549060542797494 0.13821892393320964
3 0.6080375782881001 0.8390538033395176 0.08350730688935282 0.07328385899814471
3 0.6111691022964508 0.7407235621521336 0.07724425887265135 0.075139146567718
2 0.6837160751565762 0.865491651205937 0.024008350730688934 0.027829313543599257
2 0.6028183716075156 0.9749536178107607 0.08768267223382045 0.0463821892393321
