3 0.05928571428571429 0.32741116751269034 0.03571428571428571 0.03045685279187817
3 0.10142857142857142 0.32170050761421315 0.03571428571428571 0.029187817258883246
0 0.0067857142857142855 0.47017766497461927 0.007857142857142858 0.008883248730964466
0 0.16214285714285714 0.45875634517766495 0.005714285714285714 0.006345177664974619
0 0.16892857142857143 0.46510152284263956 0.0064285714285714285 0.006345177664974619
1 0.21 0.5951776649746192 0.004285714285714286 0.02284263959390863
1 0.20535714285714285 0.5964467005076142 0.005 0.02030456852791878
3 0.3225 0.7480964467005076 0.015 0.06979695431472081
3 0.36642857142857144 0.8508883248730964 0.017142857142857144 0.07233502538071065
3 0.4325 0.9206852791878172 0.015 0.06979695431472081
3 0.5221428571428571 0.9397208121827411 0.012857142857142857 0.05964467005076142
3 0.46 0.7887055837563451 0.017142857142857144 0.06472081218274112
3 0.5021428571428571 0.7525380710659898 0.014285714285714285 0.06852791878172589
3 0.5242857142857142 0.6224619289340101 0.017142857142857144 0.06725888324873096
3 0.605 0.44035532994923854 0.027142857142857142 0.055837563451776644
3 0.5121428571428571 0.3578680203045685 0.017142857142857144 0.06852791878172589
3 0.47535714285714287 0.23223350253807104 0.017857142857142856 0.06852791878172589
3 0.49642857142857144 0.15101522842639592 0.017142857142857144 0.06852791878172589
3 0.38 0.12880710659898476 0.017142857142857144 0.06472081218274112
3 0.49464285714285716 0.45050761421319796 0.017857142857142856 0.06345177664974619
3 0.4317857142857143 0.4860406091370558 0.015 0.050761421319796954
8 0.36142857142857143 0.28743654822335024 0.03 0.16370558375634517
3 0.5553571428571429 0.01015228426395939 0.015 0.02284263959390863
3 0.5753571428571429 0.011421319796954314 0.016428571428571428 0.02284263959390863
3 0.5964285714285714 0.0069796954314720805 0.017142857142857144 0.013959390862944161
3 0.5575 0.02030456852791878 0.015 0.03807106598984771
0 0.5871428571428572 0.2772842639593908 0.004285714285714286 0.011421319796954314
0 0.57 0.4035532994923858 0.002857142857142857 0.012690355329949238
0 0.565 0.40545685279187815 0.002857142857142857 0.008883248730964466
0 0.7225 0.5456852791878172 0.005 0.01015228426395939
0 0.6575 0.6192893401015228 0.005 0.005076142131979695
0 0.6528571428571428 0.6123096446700507 0.004285714285714286 0.006345177664974619
3 0.6328571428571429 0.45748730964467 0.03 0.06472081218274112
3 0.6364285714285715 0.35215736040609136 0.02857142857142857 0.05964467005076142
3 0.6628571428571428 0.38197969543147203 0.032857142857142856 0.06091370558375634
3 0.6689285714285714 0.29251269035532995 0.03642857142857143 0.052030456852791875
3 0.725 0.24936548223350252 0.04 0.03680203045685279
3 0.6403571428571428 0.011421319796954314 0.013571428571428571 0.025380710659898477
0 0.8417857142857142 0.11357868020304568 0.0035714285714285713 0.006345177664974619
0 0.8371428571428572 0.11230964467005075 0.002857142857142857 0.006345177664974619
0 0.955 0.0076142131979695426 0.017142857142857144 0.015228426395939085
