3 0.5033924843423799 0.8576066790352505 0.032881002087682666 0.09925788497217068
4 0.4219728601252609 0.9730983302411874 0.03914405010438413 0.05009276437847866
3 0.7565240083507306 0.6484230055658627 0.03079331941544885 0.03710575139146568
3 0.8311586638830897 0.21706864564007422 0.03496868475991649 0.03339517625231911
3 0.8528183716075156 0.1989795918367347 0.03549060542797494 0.03246753246753247
3 0.2507828810020877 0.4485157699443414 0.04227557411273486 0.05287569573283859
3 0.20694154488517744 0.5658627087198516 0.025574112734864297 0.0705009276437848
3 0.24086638830897703 0.22448979591836735 0.025574112734864297 0.02411873840445269
3 0.2387787056367432 0.7147495361781077 0.04018789144050104 0.06771799628942486
3 0.20172233820459287 0.7397959183673469 0.04018789144050104 0.06215213358070501
3 0.900313152400835 0.35111317254174396 0.032359081419624215 0.026901669758812616
3 0.9305845511482254 0.30936920222634506 0.025052192066805843 0.01948051948051948
3 0.8588204592901878 0.4485157699443414 0.028705636743215027 0.030612244897959183
