3 0.48142857142857143 0.28870558375634514 0.03428571428571429 0.04695431472081218
3 0.4089285714285714 0.17195431472081216 0.039285714285714285 0.04187817258883248
3 0.1725 0.1281725888324873 0.035 0.04314720812182741
3 0.15214285714285714 0.04758883248730964 0.03571428571428571 0.04695431472081218
3 0.6375 0.5057106598984771 0.039285714285714285 0.049492385786802026
3 0.9589285714285715 0.5387055837563451 0.039285714285714285 0.049492385786802026
3 0.9521428571428572 0.8730964467005076 0.032857142857142856 0.055837563451776644
3 0.6739285714285714 0.48477157360406087 0.029285714285714286 0.04314720812182741
3 0.54 0.39403553299492383 0.03571428571428571 0.04695431472081218
3 0.42428571428571427 0.2848984771573604 0.03571428571428571 0.04187817258883248
3 0.4539285714285714 0.4428934010152284 0.030714285714285715 0.048223350253807105
3 0.46964285714285714 0.5717005076142132 0.03785714285714286 0.03934010152284264
3 0.37214285714285716 0.4911167512690355 0.037142857142857144 0.050761421319796954
3 0.7228571428571429 0.6662436548223349 0.037142857142857144 0.027918781725888322
3 0.42 0.3705583756345177 0.037142857142857144 0.04314720812182741
4 0.24928571428571428 0.13388324873096447 0.037142857142857144 0.049492385786802026
4 0.78 0.9282994923857867 0.03428571428571429 0.06218274111675126
4 0.7571428571428571 0.9416243654822334 0.03428571428571429 0.05837563451776649
8 0.265 0.2639593908629441 0.08142857142857143 0.09898477157360405
8 0.5875 0.7506345177664974 0.055 0.06472081218274112
8 0.6914285714285714 0.8502538071065989 0.06 0.09390862944162436
3 0.0064285714285714285 0.12944162436548223 0.012857142857142857 0.03807106598984771
3 0.155 0.009517766497461928 0.022857142857142857 0.019035532994923856
0 0.3296428571428571 0.6307106598984771 0.007857142857142858 0.012690355329949238
0 0.37214285714285716 0.7252538071065989 0.007142857142857143 0.011421319796954314
