3 0.08464285714285714 0.8064720812182741 0.047857142857142855 0.06725888324873096
3 0.185 0.6808375634517766 0.03428571428571429 0.04441624365482233
3 0.28214285714285714 0.7055837563451776 0.03 0.07106598984771573
3 0.30178571428571427 0.40736040609137053 0.017857142857142856 0.02030456852791878
1 0.4092857142857143 0.324238578680203 0.002857142857142857 0.013959390862944161
9 0.40964285714285714 0.32550761421319796 0.007857142857142858 0.021573604060913704
3 0.42714285714285716 0.26015228426395937 0.007142857142857143 0.012690355329949238
3 0.43214285714285716 0.20558375634517764 0.007142857142857143 0.0076142131979695426
3 0.4525 0.16370558375634517 0.005 0.005076142131979695
3 0.49392857142857144 0.1364213197969543 0.0035714285714285713 0.0038071065989847713
3 0.46035714285714285 0.21002538071065988 0.0064285714285714285 0.006345177664974619
3 0.47464285714285714 0.17956852791878172 0.005 0.006345177664974619
3 0.4689285714285714 0.17576142131979694 0.005 0.006345177664974619
3 0.46714285714285714 0.2645939086294416 0.005714285714285714 0.006345177664974619
3 0.47535714285714287 0.2633248730964467 0.0064285714285714285 0.008883248730964466
3 0.485 0.2709390862944162 0.005714285714285714 0.006345177664974619
3 0.4739285714285714 0.2760152284263959 0.005 0.006345177664974619
3 0.4742857142857143 0.29568527918781723 0.007142857142857143 0.0076142131979695426
3 0.5278571428571428 0.3109137055837563 0.01 0.012690355329949238
3 0.5021428571428571 0.34708121827411165 0.012857142857142857 0.016497461928934008
3 0.46 0.3889593908629441 0.015714285714285715 0.019035532994923856
3 0.43 0.4479695431472081 0.018571428571428572 0.03045685279187817
3 0.4639285714285714 0.3635786802030457 0.009285714285714286 0.011421319796954314
3 0.5614285714285714 0.5114213197969543 0.017142857142857144 0.02284263959390863
3 0.6125 0.5088832487309645 0.019285714285714285 0.027918781725888322
3 0.7746428571428572 0.6732233502538071 0.04214285714285714 0.05964467005076142
3 0.8353571428571429 0.682741116751269 0.045 0.025380710659898477
3 0.8092857142857143 0.6706852791878172 0.03428571428571429 0.021573604060913704
3 0.79 0.6453045685279187 0.03428571428571429 0.021573604060913704
3 0.7767857142857143 0.6294416243654822 0.03357142857142857 0.02284263959390863
3 0.7875 0.6161167512690355 0.03357142857142857 0.021573604060913704
3 0.7746428571428572 0.5958121827411167 0.03214285714285714 0.026649746192893398
4 0.7375 0.5475888324873096 0.04071428571428572 0.024111675126903553
3 0.7325 0.5279187817258882 0.04214285714285714 0.02284263959390863
3 0.7189285714285715 0.506979695431472 0.029285714285714286 0.013959390862944161
3 0.6996428571428571 0.49809644670050757 0.025 0.013959390862944161
3 0.6892857142857143 0.4873096446700507 0.027142857142857142 0.015228426395939085
3 0.725 0.40609137055837563 0.012857142857142857 0.02030456852791878
3 0.7378571428571429 0.4035532994923858 0.014285714285714285 0.015228426395939085
8 0.9189285714285714 0.4098984771573604 0.03785714285714286 0.027918781725888322
3 0.9646428571428571 0.4175126903553299 0.029285714285714286 0.02030456852791878
3 0.9771428571428571 0.6941624365482233 0.02 0.04568527918781726
4 0.97 0.6364213197969543 0.05285714285714286 0.04695431472081218
3 0.9771428571428571 0.6700507614213197 0.04428571428571428 0.03045685279187817
