3 0.175 0.09476190476190476 0.02142857142857143 0.025714285714285714
3 0.1875 0.12142857142857143 0.02214285714285714 0.025714285714285714
3 0.22535714285714287 0.16952380952380952 0.025 0.03238095238095238
3 0.20214285714285715 0.054285714285714284 0.02 0.022857142857142857
3 0.27464285714285713 0.11428571428571428 0.02214285714285714 0.024761904761904763
3 0.24892857142857142 0.2042857142857143 0.025 0.029523809523809525
3 0.2725 0.23952380952380953 0.027857142857142858 0.035238095238095235
3 0.2571428571428571 0.2652380952380952 0.027142857142857142 0.039047619047619046
3 0.20964285714285713 0.14714285714285713 0.025 0.029523809523809525
8 0.3125 0.2866666666666667 0.056428571428571425 0.0838095238095238
4 0.3267857142857143 0.41904761904761906 0.03214285714285714 0.047619047619047616
3 0.34964285714285714 0.3423809523809524 0.03214285714285714 0.040952380952380955
3 0.37464285714285717 0.37952380952380954 0.027857142857142858 0.037142857142857144
8 0.41285714285714287 0.4319047619047619 0.06142857142857143 0.09428571428571429
3 0.36678571428571427 0.48238095238095235 0.035 0.05238095238095238
3 0.35892857142857143 0.5295238095238095 0.03785714285714286 0.05523809523809524
3 0.39964285714285713 0.4795238095238095 0.035 0.05047619047619047
3 0.455 0.5038095238095238 0.03857142857142857 0.049523809523809526
3 0.4367857142857143 0.5395238095238095 0.04071428571428572 0.058095238095238096
3 0.4042857142857143 0.5452380952380952 0.03857142857142857 0.054285714285714284
3 0.5264285714285715 0.61 0.04285714285714286 0.06
3 0.39964285714285713 0.68 0.04071428571428572 0.06476190476190476
3 0.4325 0.6619047619047619 0.04214285714285714 0.06666666666666667
3 0.48642857142857143 0.6847619047619048 0.04285714285714286 0.06285714285714286
3 0.5321428571428571 0.6842857142857143 0.045714285714285714 0.06761904761904762
3 0.4739285714285714 0.7395238095238095 0.047857142857142855 0.06761904761904762
3 0.445 0.7666666666666667 0.05 0.0761904761904762
3 0.49464285714285716 0.8595238095238095 0.052142857142857144 0.08285714285714285
3 0.5239285714285714 0.8214285714285714 0.04928571428571429 0.07904761904761905
3 0.5571428571428572 0.8 0.04285714285714286 0.06857142857142857
3 0.5739285714285715 0.6842857142857143 0.047857142857142855 0.06952380952380953
4 0.5925 0.7871428571428571 0.04928571428571429 0.07714285714285714
4 0.635 0.7647619047619048 0.054285714285714284 0.07238095238095238
3 0.3964285714285714 0.5942857142857143 0.04 0.05714285714285714
3 0.4442857142857143 0.6095238095238096 0.04285714285714286 0.05714285714285714
3 0.48928571428571427 0.5471428571428572 0.037142857142857144 0.054285714285714284
4 0.4764285714285714 0.5938095238095238 0.04285714285714286 0.05619047619047619
0 0.7221428571428572 0.59 0.01 0.02
9 0.79 0.5219047619047619 0.011428571428571429 0.017142857142857144
9 0.805 0.5323809523809524 0.012857142857142857 0.024761904761904763
7 0.49464285714285716 0.9647619047619047 0.03214285714285714 0.05714285714285714
3 0.42214285714285715 0.8366666666666667 0.054285714285714284 0.08285714285714285
4 0.15428571428571428 0.29523809523809524 0.02 0.03428571428571429
0 0.052142857142857144 0.13952380952380952 0.007142857142857143 0.014285714285714285
0 0.07464285714285715 0.14714285714285713 0.007857142857142858 0.021904761904761906
