3 0.6117857142857143 0.7138095238095238 0.027857142857142858 0.06190476190476191
3 0.7189285714285715 0.9547619047619048 0.039285714285714285 0.08857142857142856
3 0.5128571428571429 0.3323809523809524 0.014285714285714285 0.02857142857142857
0 0.42964285714285716 0.849047619047619 0.005 0.01619047619047619
5 0.5917857142857142 0.4147619047619048 0.017857142857142856 0.04285714285714286
3 0.5628571428571428 0.31238095238095237 0.014285714285714285 0.01904761904761905
3 0.5614285714285714 0.28523809523809524 0.01 0.01619047619047619
3 0.5275 0.1519047619047619 0.007857142857142858 0.012380952380952381
3 0.49964285714285717 0.09476190476190476 0.007857142857142858 0.010476190476190476
0 0.43392857142857144 0.05952380952380952 0.002142857142857143 0.004761904761904762
0 0.46785714285714286 0.006666666666666666 0.0014285714285714286 0.007619047619047619
3 0.43214285714285716 0.051904761904761905 0.005714285714285714 0.004761904761904762
3 0.4325 0.047142857142857146 0.005 0.004761904761904762
0 0.6089285714285714 0.24714285714285714 0.002142857142857143 0.012380952380952381
0 0.6046428571428571 0.24666666666666667 0.002142857142857143 0.007619047619047619
0 0.5989285714285715 0.24714285714285714 0.002142857142857143 0.004761904761904762
0 0.5964285714285714 0.24666666666666667 0.0014285714285714286 0.007619047619047619
0 0.6117857142857143 0.2652380952380952 0.002142857142857143 0.008571428571428572
0 0.6146428571428572 0.26666666666666666 0.002142857142857143 0.007619047619047619
0 0.5396428571428571 0.04 0.002142857142857143 0.005714285714285714
0 0.5371428571428571 0.041428571428571426 0.002857142857142857 0.004761904761904762
3 0.5246428571428572 0.014285714285714285 0.009285714285714286 0.007619047619047619
3 0.5267857142857143 0.02238095238095238 0.009285714285714286 0.004761904761904762
3 0.5278571428571428 0.037142857142857144 0.01 0.007619047619047619
3 0.5321428571428571 0.04 0.007142857142857143 0.005714285714285714
3 0.5296428571428572 0.03380952380952381 0.007857142857142858 0.006666666666666666
3 0.5396428571428571 0.06714285714285714 0.015 0.008571428571428572
3 0.5417857142857143 0.06142857142857143 0.007857142857142858 0.006666666666666666
3 0.5492857142857143 0.0419047619047619 0.005714285714285714 0.007619047619047619
3 0.56 0.06666666666666667 0.007142857142857143 0.007619047619047619
3 0.5467857142857143 0.08190476190476191 0.009285714285714286 0.007619047619047619
3 0.5521428571428572 0.09380952380952381 0.007142857142857143 0.004761904761904762
3 0.5675 0.12714285714285714 0.013571428571428571 0.010476190476190476
0 0.5871428571428572 0.1819047619047619 0.002857142857142857 0.005714285714285714
4 0.5714285714285714 0.14 0.015714285714285715 0.009523809523809525
3 0.5689285714285715 0.14952380952380953 0.017857142857142856 0.009523809523809525
3 0.5717857142857142 0.15714285714285714 0.017857142857142856 0.009523809523809525
3 0.5771428571428572 0.16666666666666666 0.02 0.011428571428571429
4 0.6167857142857143 0.2042857142857143 0.025 0.02
0 0.6992857142857143 0.5471428571428572 0.002857142857142857 0.014285714285714285
0 0.7071428571428572 0.5552380952380952 0.004285714285714286 0.02095238095238095
3 0.7296428571428571 0.5371428571428571 0.045 0.030476190476190476
4 0.7142857142857143 0.5171428571428571 0.04285714285714286 0.024761904761904763
3 0.7025 0.5019047619047619 0.035 0.022857142857142857
3 0.6621428571428571 0.44142857142857145 0.032857142857142856 0.02
3 0.6628571428571428 0.42714285714285716 0.037142857142857144 0.018095238095238095
3 0.6617857142857143 0.4123809523809524 0.03214285714285714 0.02095238095238095
3 0.655 0.39714285714285713 0.03142857142857143 0.017142857142857144
3 0.6496428571428572 0.38904761904761903 0.029285714285714286 0.018095238095238095
0 0.6321428571428571 0.2719047619047619 0.002857142857142857 0.004761904761904762
3 0.6353571428571428 0.29428571428571426 0.016428571428571428 0.024761904761904763
3 0.7871428571428571 0.7171428571428572 0.05285714285714286 0.045714285714285714
3 0.78 0.7519047619047619 0.055714285714285716 0.058095238095238096
3 0.8096428571428571 0.8614285714285714 0.062142857142857146 0.11142857142857143
