4 0.3925 0.034761904761904765 0.02642857142857143 0.06952380952380953
3 0.2789285714285714 0.07952380952380952 0.05785714285714286 0.07523809523809524
3 0.26035714285714284 0.04238095238095238 0.060714285714285714 0.07523809523809524
0 0.31535714285714284 0.12428571428571429 0.013571428571428571 0.025714285714285714
3 0.3921428571428571 0.13714285714285715 0.03 0.07809523809523809
3 0.3925 0.3138095238095238 0.027857142857142858 0.09428571428571429
0 0.37 0.3219047619047619 0.011428571428571429 0.022857142857142857
0 0.35214285714285715 0.2938095238095238 0.01 0.014285714285714285
6 0.3539285714285714 0.30904761904761907 0.015 0.04476190476190476
3 0.27464285714285713 0.3942857142857143 0.075 0.0419047619047619
3 0.525 0.014761904761904763 0.027142857142857142 0.029523809523809525
9 0.49535714285714283 0.2338095238095238 0.010714285714285714 0.03333333333333333
3 0.5275 0.2923809523809524 0.027857142857142858 0.08761904761904762
9 0.5242857142857142 0.39476190476190476 0.017142857142857144 0.040952380952380955
1 0.5242857142857142 0.3919047619047619 0.011428571428571429 0.021904761904761906
3 0.47928571428571426 0.4776190476190476 0.032857142857142856 0.09047619047619047
3 0.5425 0.61 0.03785714285714286 0.1019047619047619
3 0.27785714285714286 0.5847619047619048 0.07571428571428572 0.047619047619047616
9 0.24035714285714285 0.5319047619047619 0.019285714285714285 0.035238095238095235
9 0.25 0.43714285714285717 0.03 0.015238095238095238
6 0.3464285714285714 0.6423809523809524 0.01 0.037142857142857144
0 0.34035714285714286 0.6419047619047619 0.009285714285714286 0.015238095238095238
0 0.335 0.6766666666666666 0.012857142857142857 0.02
3 0.2742857142857143 0.6914285714285714 0.07285714285714286 0.0380952380952381
3 0.2725 0.7466666666666667 0.07214285714285715 0.0419047619047619
3 0.3989285714285714 0.8542857142857143 0.029285714285714286 0.09714285714285714
0 0.21535714285714286 0.9595238095238096 0.015 0.018095238095238095
0 0.23035714285714284 0.9447619047619048 0.015 0.024761904761904763
0 0.23892857142857143 0.9514285714285714 0.015 0.026666666666666665
3 0.4828571428571429 0.8452380952380952 0.027142857142857142 0.0980952380952381
3 0.5414285714285715 0.8395238095238096 0.02857142857142857 0.1
3 0.5414285714285715 0.719047619047619 0.02857142857142857 0.09523809523809523
9 0.4492857142857143 0.7671428571428571 0.012857142857142857 0.03142857142857143
1 0.4471428571428571 0.7642857142857142 0.01 0.02
3 0.4025 0.9666666666666667 0.030714285714285715 0.06476190476190476
3 0.4417857142857143 0.9795238095238096 0.027857142857142858 0.039047619047619046
2 0.515 0.9866666666666667 0.01 0.024761904761904763
