3 0.02142857142857143 0.8521573604060914 0.04285714285714286 0.12055837563451775
3 0.05714285714285714 0.8248730964467005 0.04285714285714286 0.11167512690355329
3 0.0925 0.7950507614213197 0.04214285714285714 0.10025380710659898
3 0.19464285714285715 0.9835025380710659 0.047857142857142855 0.03045685279187817
4 0.30892857142857144 0.8807106598984771 0.065 0.09137055837563451
4 0.23535714285714285 0.8667512690355329 0.06928571428571428 0.08629441624365482
9 0.3339285714285714 0.7474619289340101 0.027857142857142858 0.032994923857868015
1 0.33464285714285713 0.7442893401015228 0.012142857142857143 0.024111675126903553
4 0.405 0.6941624365482233 0.06 0.07868020304568528
4 0.4575 0.7220812182741116 0.05928571428571429 0.08629441624365482
4 0.5121428571428571 0.5780456852791878 0.05285714285714286 0.07741116751269035
4 0.7353571428571428 0.4276649746192893 0.05071428571428571 0.07106598984771573
3 0.6071428571428571 0.48667512690355325 0.05 0.06979695431472081
3 0.6 0.5717005076142132 0.054285714285714284 0.07233502538071065
3 0.8664285714285714 0.5317258883248731 0.05285714285714286 0.07360406091370558
4 0.7842857142857143 0.5425126903553299 0.1 0.13578680203045684
3 0.8264285714285714 0.34010152284263956 0.04857142857142857 0.06345177664974619
3 0.735 0.35342639593908626 0.047142857142857146 0.05456852791878172
3 0.48428571428571426 0.41878172588832485 0.054285714285714284 0.08121827411167512
3 0.43214285714285716 0.4695431472081218 0.05714285714285714 0.06091370558375634
5 0.3517857142857143 0.49682741116751267 0.095 0.13071065989847716
5 0.23214285714285715 0.6668781725888324 0.11428571428571428 0.133248730964467
5 0.22785714285714287 0.5875634517766497 0.14142857142857143 0.13451776649746192
5 0.24642857142857144 0.4942893401015228 0.16285714285714287 0.15862944162436546
