3 0.03678571428571428 0.38761904761904764 0.07357142857142857 0.13142857142857142
3 0.1 0.5276190476190477 0.14285714285714285 0.16380952380952382
3 0.23535714285714285 0.6866666666666666 0.18642857142857142 0.22285714285714286
3 0.3921428571428571 0.6647619047619048 0.18285714285714286 0.18285714285714286
3 0.5321428571428571 0.6447619047619048 0.17714285714285713 0.18476190476190477
3 0.6496428571428572 0.5371428571428571 0.21071428571428572 0.1657142857142857
3 0.7121428571428572 0.4519047619047619 0.19714285714285715 0.12666666666666668
3 0.8346428571428571 0.3323809523809524 0.16071428571428573 0.12
3 0.8717857142857143 0.28476190476190477 0.145 0.09523809523809523
3 0.92 0.25476190476190474 0.14 0.11714285714285715
3 0.9489285714285715 0.22904761904761906 0.10071428571428571 0.09619047619047619
