3 0.3489285714285714 0.1611675126903553 0.020714285714285713 0.04314720812182741
3 0.39 0.13388324873096447 0.018571428571428572 0.05710659898477157
3 0.39714285714285713 0.041243654822335024 0.015714285714285715 0.052030456852791875
4 0.4125 0.4282994923857868 0.02214285714285714 0.08756345177664974
4 0.36392857142857143 0.8191624365482233 0.030714285714285715 0.11548223350253806
4 0.32142857142857145 0.174492385786802 0.02142857142857143 0.06218274111675126
4 0.35928571428571426 0.29251269035532995 0.03571428571428571 0.06979695431472081
0 0.21428571428571427 0.4048223350253807 0.007142857142857143 0.02284263959390863
0 0.21928571428571428 0.40609137055837563 0.007142857142857143 0.025380710659898477
0 0.255 0.20875634517766495 0.007142857142857143 0.021573604060913704
0 0.2571428571428571 0.12309644670050761 0.005714285714285714 0.02284263959390863
0 0.5064285714285715 0.5996192893401014 0.007142857142857143 0.029187817258883246
0 0.4975 0.6027918781725888 0.0064285714285714285 0.027918781725888322
