3 0.025357142857142856 0.1419047619047619 0.016428571428571428 0.009523809523809525
3 0.024642857142857143 0.1519047619047619 0.02214285714285714 0.012380952380952381
3 0.0225 0.19952380952380952 0.020714285714285713 0.014285714285714285
3 0.014285714285714285 0.2642857142857143 0.015714285714285715 0.023809523809523808
3 0.13285714285714287 0.44 0.02142857142857143 0.015238095238095238
4 0.20392857142857143 0.8447619047619047 0.02642857142857143 0.01904761904761905
3 0.14642857142857144 0.7938095238095239 0.03142857142857143 0.018095238095238095
3 0.14785714285714285 0.7719047619047619 0.02857142857142857 0.018095238095238095
3 0.15464285714285714 0.7519047619047619 0.030714285714285715 0.02
3 0.15892857142857142 0.7266666666666667 0.030714285714285715 0.015238095238095238
3 0.16142857142857142 0.7047619047619048 0.027142857142857142 0.015238095238095238
3 0.16464285714285715 0.43714285714285717 0.019285714285714285 0.013333333333333332
3 0.15714285714285714 0.18904761904761905 0.02 0.012380952380952381
3 0.23 0.18666666666666668 0.02 0.011428571428571429
3 0.16964285714285715 0.11428571428571428 0.017857142857142856 0.013333333333333332
3 0.29178571428571426 0.019523809523809523 0.017857142857142856 0.012380952380952381
3 0.29035714285714287 0.02761904761904762 0.016428571428571428 0.013333333333333332
3 0.3028571428571429 0.08476190476190476 0.015714285714285715 0.011428571428571429
3 0.30464285714285716 0.09428571428571429 0.017857142857142856 0.013333333333333332
3 0.30178571428571427 0.1419047619047619 0.013571428571428571 0.011428571428571429
3 0.26535714285714285 0.15714285714285714 0.013571428571428571 0.017142857142857144
4 0.315 0.47714285714285715 0.017142857142857144 0.013333333333333332
3 0.365 0.5695238095238095 0.024285714285714285 0.015238095238095238
3 0.3678571428571429 0.6266666666666667 0.011428571428571429 0.03428571428571429
3 0.3817857142857143 0.6252380952380953 0.010714285714285714 0.03333333333333333
3 0.3825 0.6547619047619048 0.025 0.01619047619047619
3 0.38 0.6723809523809524 0.02 0.015238095238095238
3 0.3792857142857143 0.6923809523809524 0.024285714285714285 0.015238095238095238
4 0.3792857142857143 0.7342857142857143 0.022857142857142857 0.015238095238095238
3 0.3775 0.7566666666666667 0.025 0.014285714285714285
3 0.31642857142857145 0.8766666666666667 0.02857142857142857 0.02
3 0.31214285714285717 0.9 0.03 0.022857142857142857
3 0.31285714285714283 0.9252380952380952 0.03142857142857143 0.02
3 0.33214285714285713 0.939047619047619 0.017142857142857144 0.045714285714285714
3 0.41678571428571426 0.6176190476190476 0.020714285714285713 0.02761904761904762
3 0.42214285714285715 0.5719047619047619 0.022857142857142857 0.012380952380952381
3 0.42428571428571427 0.5142857142857142 0.022857142857142857 0.015238095238095238
3 0.4225 0.4742857142857143 0.020714285714285713 0.015238095238095238
3 0.42428571428571427 0.4595238095238095 0.024285714285714285 0.014285714285714285
3 0.42964285714285716 0.43238095238095237 0.020714285714285713 0.015238095238095238
3 0.42214285714285715 0.4076190476190476 0.022857142857142857 0.015238095238095238
3 0.42178571428571426 0.39380952380952383 0.02214285714285714 0.014285714285714285
3 0.4203571428571429 0.37952380952380954 0.023571428571428573 0.014285714285714285
0 0.415 0.2742857142857143 0.002857142857142857 0.007619047619047619
3 0.4421428571428571 0.027142857142857142 0.017142857142857144 0.012380952380952381
3 0.4417857142857143 0.03666666666666667 0.017857142857142856 0.012380952380952381
3 0.4425 0.06523809523809523 0.017857142857142856 0.012380952380952381
3 0.4421428571428571 0.07476190476190477 0.017142857142857144 0.012380952380952381
3 0.44392857142857145 0.08714285714285715 0.017857142857142856 0.014285714285714285
3 0.5346428571428572 0.1619047619047619 0.020714285714285713 0.015238095238095238
5 0.5625 0.15904761904761905 0.025 0.015238095238095238
3 0.5875 0.19238095238095237 0.017857142857142856 0.015238095238095238
3 0.5914285714285714 0.029047619047619048 0.017142857142857144 0.01619047619047619
3 0.5946428571428571 0.054285714285714284 0.017857142857142856 0.015238095238095238
3 0.5953571428571428 0.06523809523809523 0.016428571428571428 0.018095238095238095
3 0.6 0.07428571428571429 0.017142857142857144 0.015238095238095238
3 0.6217857142857143 0.15476190476190477 0.016428571428571428 0.010476190476190476
3 0.5839285714285715 0.22904761904761906 0.020714285714285713 0.014285714285714285
3 0.5871428571428572 0.24428571428571427 0.022857142857142857 0.014285714285714285
3 0.5892857142857143 0.25666666666666665 0.02142857142857143 0.012380952380952381
3 0.5896428571428571 0.2719047619047619 0.02214285714285714 0.01619047619047619
3 0.595 0.29714285714285715 0.022857142857142857 0.013333333333333332
3 0.595 0.31 0.024285714285714285 0.014285714285714285
3 0.5971428571428572 0.3238095238095238 0.022857142857142857 0.015238095238095238
3 0.5978571428571429 0.33476190476190476 0.017142857142857144 0.012380952380952381
3 0.5992857142857143 0.3495238095238095 0.022857142857142857 0.015238095238095238
9 0.6146428571428572 0.3676190476190476 0.007857142857142858 0.005714285714285714
4 0.6021428571428571 0.37666666666666665 0.022857142857142857 0.014285714285714285
4 0.6 0.39380952380952383 0.018571428571428572 0.014285714285714285
4 0.6042857142857143 0.4095238095238095 0.02142857142857143 0.015238095238095238
3 0.6121428571428571 0.4714285714285714 0.022857142857142857 0.015238095238095238
4 0.6171428571428571 0.5347619047619048 0.022857142857142857 0.01619047619047619
3 0.6221428571428571 0.5914285714285714 0.027142857142857142 0.017142857142857144
9 0.6139285714285714 0.5595238095238095 0.009285714285714286 0.006666666666666666
9 0.6242857142857143 0.5595238095238095 0.008571428571428572 0.006666666666666666
3 0.6321428571428571 0.6571428571428571 0.027142857142857142 0.017142857142857144
3 0.6321428571428571 0.6971428571428572 0.027142857142857142 0.017142857142857144
2 0.6303571428571428 0.7142857142857143 0.007857142857142858 0.007619047619047619
3 0.6396428571428572 0.7771428571428571 0.027857142857142858 0.017142857142857144
3 0.6446428571428572 0.8223809523809524 0.029285714285714286 0.02
3 0.5578571428571428 0.8471428571428572 0.02 0.039047619047619046
3 0.6289285714285714 0.8895238095238095 0.015 0.047619047619047616
3 0.5992857142857143 0.9138095238095238 0.012857142857142857 0.03333333333333333
9 0.6528571428571428 0.8747619047619047 0.01 0.012380952380952381
4 0.7428571428571429 0.02 0.018571428571428572 0.015238095238095238
3 0.75 0.039523809523809524 0.02142857142857143 0.012380952380952381
3 0.7521428571428571 0.04904761904761905 0.02 0.012380952380952381
3 0.7721428571428571 0.14714285714285713 0.022857142857142857 0.014285714285714285
3 0.7696428571428572 0.27 0.02214285714285714 0.02
3 0.7792857142857142 0.3019047619047619 0.022857142857142857 0.015238095238095238
3 0.7842857142857143 0.3342857142857143 0.022857142857142857 0.017142857142857144
3 0.7942857142857143 0.3842857142857143 0.025714285714285714 0.02
3 0.835 0.5171428571428571 0.02857142857142857 0.017142857142857144
3 0.8271428571428572 0.5523809523809524 0.027142857142857142 0.015238095238095238
9 0.8314285714285714 0.5771428571428572 0.008571428571428572 0.007619047619047619
9 0.8428571428571429 0.5923809523809523 0.008571428571428572 0.005714285714285714
3 0.8396428571428571 0.61 0.029285714285714286 0.018095238095238095
3 0.7696428571428572 0.6695238095238095 0.015 0.03238095238095238
3 0.8496428571428571 0.66 0.027857142857142858 0.017142857142857144
3 0.8553571428571428 0.6814285714285714 0.027857142857142858 0.01619047619047619
3 0.8646428571428572 0.7271428571428571 0.03214285714285714 0.018095238095238095
3 0.8671428571428571 0.7495238095238095 0.032857142857142856 0.017142857142857144
3 0.8771428571428571 0.7714285714285715 0.03 0.01904761904761905
3 0.8778571428571429 0.79 0.032857142857142856 0.018095238095238095
3 0.87 0.8838095238095238 0.02 0.045714285714285714
3 0.9717857142857143 0.4038095238095238 0.015 0.030476190476190476
9 0.9596428571428571 0.3442857142857143 0.009285714285714286 0.004761904761904762
3 0.8971428571428571 0.21761904761904763 0.024285714285714285 0.014285714285714285
3 0.8939285714285714 0.20476190476190476 0.023571428571428573 0.01904761904761905
0 0.875 0.1919047619047619 0.002857142857142857 0.010476190476190476
0 0.8792857142857143 0.19428571428571428 0.002857142857142857 0.007619047619047619
3 0.8396428571428571 0.17714285714285713 0.025 0.015238095238095238
3 0.8103571428571429 0.17714285714285713 0.023571428571428573 0.017142857142857144
3 0.9103571428571429 0.10952380952380952 0.019285714285714285 0.017142857142857144
3 0.8728571428571429 0.10714285714285714 0.015714285714285715 0.021904761904761906
3 0.8853571428571428 0.04428571428571428 0.015 0.018095238095238095
3 0.8925 0.05476190476190476 0.015 0.01619047619047619
3 0.8764285714285714 0.01 0.017142857142857144 0.014285714285714285
