4 0.0775 0.8692893401015228 0.055 0.048223350253807105
3 0.08892857142857143 0.8401015228426395 0.05785714285714286 0.03807106598984771
5 0.09964285714285714 0.8045685279187816 0.07785714285714286 0.05837563451776649
3 0.36714285714285716 0.4479695431472081 0.012857142857142857 0.03045685279187817
4 0.3796428571428571 0.33502538071065985 0.012142857142857143 0.025380710659898477
5 0.3875 0.07550761421319796 0.007857142857142858 0.013959390862944161
3 0.3775 0.059010152284263956 0.005 0.008883248730964466
3 0.5139285714285714 0.35850253807106597 0.015 0.021573604060913704
4 0.6767857142857143 0.9073604060913705 0.02642857142857143 0.07614213197969542
4 0.6771428571428572 0.7036802030456852 0.022857142857142857 0.052030456852791875
5 0.8 0.36040609137055835 0.03142857142857143 0.03807106598984771
8 0.7742857142857142 0.30774111675126903 0.02 0.031725888324873094
3 0.6471428571428571 0.09898477157360405 0.01 0.0076142131979695426
3 0.6492857142857142 0.09137055837563451 0.008571428571428572 0.01015228426395939
3 0.69 0.08375634517766496 0.01 0.01015228426395939
3 0.8225 0.19035532994923857 0.012142857142857143 0.012690355329949238
5 0.7967857142857143 0.1846446700507614 0.029285714285714286 0.024111675126903553
3 0.8 0.15862944162436546 0.01 0.012690355329949238
5 0.7746428571428572 0.1548223350253807 0.02214285714285714 0.02030456852791878
5 0.7792857142857142 0.15291878172588833 0.022857142857142857 0.024111675126903553
5 0.7842857142857143 0.14720812182741116 0.027142857142857142 0.025380710659898477
5 0.7953571428571429 0.14530456852791876 0.02642857142857143 0.024111675126903553
5 0.8042857142857143 0.14022842639593908 0.025714285714285714 0.021573604060913704
5 0.8053571428571429 0.13769035532994922 0.02214285714285714 0.016497461928934008
5 0.8071428571428572 0.13451776649746192 0.02 0.02030456852791878
5 0.82 0.1465736040609137 0.017142857142857144 0.016497461928934008
5 0.9125 0.19987309644670048 0.030714285714285715 0.026649746192893398
5 0.9889285714285714 0.23223350253807104 0.020714285714285713 0.025380710659898477
3 0.9717857142857143 0.2296954314720812 0.019285714285714285 0.012690355329949238
3 0.8396428571428571 0.12690355329949238 0.007857142857142858 0.0076142131979695426
4 0.8467857142857143 0.12436548223350252 0.007857142857142858 0.01015228426395939
3 0.7767857142857143 0.05710659898477157 0.009285714285714286 0.0076142131979695426
3 0.7939285714285714 0.05456852791878172 0.009285714285714286 0.01015228426395939
3 0.8342857142857143 0.046319796954314714 0.008571428571428572 0.008883248730964466
3 0.845 0.031725888324873094 0.007142857142857143 0.0076142131979695426
3 0.8878571428571429 0.024111675126903553 0.007142857142857143 0.01015228426395939
3 0.905 0.024746192893401013 0.005714285714285714 0.008883248730964466
3 0.8953571428571429 0.017766497461928932 0.005 0.0076142131979695426
3 0.9042857142857142 0.006345177664974619 0.005714285714285714 0.0076142131979695426
