2 0.28214285714285714 0.14952380952380953 0.04285714285714286 0.03428571428571429
9 0.26035714285714284 0.3842857142857143 0.055 0.039047619047619046
9 0.2642857142857143 0.41714285714285715 0.05285714285714286 0.03238095238095238
3 0.34964285714285714 0.2638095238095238 0.13214285714285715 0.08190476190476191
4 0.26964285714285713 0.08238095238095237 0.115 0.08857142857142856
3 0.4692857142857143 0.2976190476190476 0.05714285714285714 0.17047619047619048
3 0.42928571428571427 0.5376190476190477 0.055714285714285716 0.18
3 0.35464285714285715 0.5352380952380953 0.06928571428571428 0.18476190476190477
4 0.4203571428571429 0.8023809523809524 0.062142857142857146 0.1838095238095238
3 0.41714285714285715 0.9871428571428571 0.06285714285714286 0.023809523809523808
0 0.6125 0.6976190476190476 0.02214285714285714 0.029523809523809525
9 0.6903571428571429 0.9571428571428572 0.02642857142857143 0.0838095238095238
9 0.7478571428571429 0.5314285714285715 0.05714285714285714 0.04
9 0.7575 0.5638095238095238 0.055 0.0380952380952381
3 0.6078571428571429 0.4876190476190476 0.06 0.17904761904761904
3 0.5321428571428571 0.38666666666666666 0.05285714285714286 0.1619047619047619
3 0.6017857142857143 0.29904761904761906 0.05357142857142857 0.14285714285714285
3 0.5371428571428571 0.2 0.05285714285714286 0.14476190476190476
3 0.5992857142857143 0.09428571428571429 0.04857142857142857 0.11238095238095239
3 0.4539285714285714 0.03761904761904762 0.05071428571428571 0.07523809523809524
9 0.7689285714285714 0.2623809523809524 0.04928571428571429 0.05238095238095238
2 0.6471428571428571 0.2042857142857143 0.04 0.04476190476190476
0 0.7878571428571428 0.6971428571428572 0.02857142857142857 0.030476190476190476
