3 0.4471428571428571 0.8857868020304568 0.032857142857142856 0.10406091370558375
3 0.3889285714285714 0.706218274111675 0.02642857142857143 0.08502538071065989
3 0.5267857142857143 0.6637055837563451 0.020714285714285713 0.08375634517766496
3 0.49392857142857144 0.5088832487309645 0.02214285714285714 0.07868020304568528
3 0.36 0.5717005076142132 0.024285714285714285 0.06472081218274112
3 0.5192857142857142 0.23223350253807104 0.02 0.053299492385786795
3 0.5139285714285714 0.07931472081218273 0.013571428571428571 0.04187817258883248
4 0.48928571428571427 0.25507614213197966 0.017142857142857144 0.06091370558375634
4 0.31 0.7214467005076142 0.02857142857142857 0.08756345177664974
3 0.21785714285714286 0.4416243654822335 0.02 0.05837563451776649
3 0.2317857142857143 0.38515228426395937 0.02214285714285714 0.052030456852791875
3 0.2367857142857143 0.3261421319796954 0.017857142857142856 0.04568527918781726
3 0.24285714285714285 0.2836294416243655 0.018571428571428572 0.03934010152284264
8 0.26785714285714285 0.22081218274111675 0.025714285714285714 0.07614213197969542
5 0.24964285714285714 0.1916243654822335 0.03214285714285714 0.09898477157360405
3 0.28285714285714286 0.12753807106598983 0.015714285714285715 0.03680203045685279
0 0.21428571428571427 0.09835025380710659 0.005714285714285714 0.016497461928934008
0 0.15 0.3610406091370558 0.01 0.024111675126903553
0 0.0975 0.5190355329949238 0.0064285714285714285 0.02030456852791878
0 0.12428571428571429 0.5139593908629442 0.008571428571428572 0.025380710659898477
0 0.2392857142857143 0.6967005076142131 0.007142857142857143 0.02030456852791878
0 0.2621428571428571 0.7125634517766497 0.007142857142857143 0.016497461928934008
0 0.011428571428571429 0.5602791878172588 0.011428571428571429 0.021573604060913704
0 0.7796428571428572 0.8927664974619288 0.007857142857142858 0.021573604060913704
0 0.6642857142857143 0.8128172588832486 0.005714285714285714 0.021573604060913704
0 0.7614285714285715 0.7703045685279187 0.008571428571428572 0.02030456852791878
0 0.6278571428571429 0.6681472081218274 0.007142857142857143 0.021573604060913704
0 0.7314285714285714 0.6338832487309645 0.007142857142857143 0.019035532994923856
0 0.7142857142857143 0.46002538071065985 0.005714285714285714 0.016497461928934008
0 0.6803571428571429 0.4892131979695431 0.009285714285714286 0.016497461928934008
1 0.6321428571428571 0.45241116751269034 0.007142857142857143 0.013959390862944161
0 0.6689285714285714 0.4029187817258883 0.0064285714285714285 0.013959390862944161
0 0.5975 0.35850253807106597 0.009285714285714286 0.019035532994923856
0 0.5728571428571428 0.4873096446700507 0.005714285714285714 0.025380710659898477
0 0.6221428571428571 0.30583756345177665 0.007142857142857143 0.017766497461928932
0 0.6939285714285715 0.31408629441624364 0.0064285714285714285 0.019035532994923856
0 0.66 0.2772842639593908 0.005714285714285714 0.016497461928934008
0 0.6721428571428572 0.22335025380710657 0.007142857142857143 0.017766497461928932
0 0.64 0.1916243654822335 0.007142857142857143 0.017766497461928932
0 0.6196428571428572 0.19289340101522842 0.005 0.012690355329949238
0 0.6067857142857143 0.21763959390862941 0.007857142857142858 0.016497461928934008
0 0.6453571428571429 0.10215736040609136 0.0064285714285714285 0.019035532994923856
0 0.6239285714285714 0.04314720812182741 0.0064285714285714285 0.015228426395939085
0 0.2646428571428571 0.17068527918781726 0.005 0.013959390862944161
0 0.24428571428571427 0.6890862944162436 0.007142857142857143 0.017766497461928932
0 0.2567857142857143 0.7246192893401014 0.007857142857142858 0.02030456852791878
0 0.2525 0.7112944162436547 0.007857142857142858 0.019035532994923856
0 0.255 0.5101522842639593 0.01 0.02030456852791878
0 0.7792857142857142 0.8794416243654821 0.007142857142857143 0.015228426395939085
0 0.7771428571428571 0.8680203045685279 0.01 0.02030456852791878
0 0.76 0.7588832487309644 0.007142857142857143 0.017766497461928932
0 0.6692857142857143 0.8140862944162436 0.005714285714285714 0.021573604060913704
0 0.7396428571428572 0.6281725888324873 0.007857142857142858 0.02284263959390863
0 0.625 0.6624365482233502 0.007142857142857143 0.017766497461928932
0 0.7092857142857143 0.45875634517766495 0.007142857142857143 0.021573604060913704
0 0.6646428571428571 0.3978426395939086 0.007857142857142858 0.013959390862944161
0 0.6871428571428572 0.31916243654822335 0.005714285714285714 0.021573604060913704
0 0.68 0.2861675126903553 0.005714285714285714 0.016497461928934008
0 0.6664285714285715 0.2728426395939086 0.004285714285714286 0.02030456852791878
0 0.6696428571428571 0.27411167512690354 0.005 0.015228426395939085
1 0.6396428571428572 0.30837563451776645 0.005 0.02030456852791878
0 0.6303571428571428 0.3096446700507614 0.005 0.017766497461928932
0 0.6103571428571428 0.25571065989847713 0.0064285714285714285 0.016497461928934008
0 0.6096428571428572 0.19035532994923857 0.005 0.012690355329949238
0 0.6142857142857143 0.19416243654822332 0.002857142857142857 0.01015228426395939
0 0.6121428571428571 0.17703045685279187 0.007142857142857143 0.013959390862944161
0 0.6142857142857143 0.16243654822335024 0.005714285714285714 0.017766497461928932
0 0.6396428571428572 0.10342639593908629 0.005 0.016497461928934008
0 0.6353571428571428 0.10596446700507614 0.005 0.016497461928934008
