3 0.4625 0.7423857868020304 0.03785714285714286 0.10406091370558375
8 0.6242857142857143 0.4758883248730964 0.047142857142857146 0.22081218274111675
8 0.69 0.2861675126903553 0.054285714285714284 0.20939086294416243
4 0.7321428571428571 0.22588832487309643 0.03 0.10152284263959391
0 0.7646428571428572 0.46637055837563446 0.009285714285714286 0.03680203045685279
0 0.7603571428571428 0.3109137055837563 0.009285714285714286 0.032994923857868015
0 0.75 0.3147208121827411 0.008571428571428572 0.03045685279187817
0 0.755 0.3045685279187817 0.011428571428571429 0.032994923857868015
3 0.4642857142857143 0.9663705583756345 0.03571428571428571 0.06472081218274112
0 0.7346428571428572 0.36675126903553296 0.012142857142857143 0.032994923857868015
0 0.7314285714285714 0.35850253807106597 0.011428571428571429 0.04187817258883248
0 0.3221428571428571 0.5101522842639593 0.012857142857142857 0.032994923857868015
0 0.0975 0.9847715736040609 0.019285714285714285 0.02030456852791878
0 0.105 0.9720812182741116 0.02 0.02284263959390863
