5 0.2417857142857143 0.015228426395939085 0.009285714285714286 0.02030456852791878
4 0.23642857142857143 0.009517766497461928 0.005714285714285714 0.013959390862944161
0 0.24785714285714286 0.021573604060913704 0.002857142857142857 0.01015228426395939
4 0.24214285714285713 0.03362944162436548 0.007142857142857143 0.013959390862944161
5 0.25392857142857145 0.041243654822335024 0.007857142857142858 0.016497461928934008
3 0.2475 0.03362944162436548 0.005 0.011421319796954314
5 0.25285714285714284 0.05710659898477157 0.012857142857142857 0.025380710659898477
5 0.24464285714285713 0.061548223350253804 0.012142857142857143 0.026649746192893398
3 0.25214285714285717 0.08375634517766496 0.007142857142857143 0.012690355329949238
3 0.2625 0.08502538071065989 0.0064285714285714285 0.01015228426395939
3 0.25892857142857145 0.07423857868020305 0.009285714285714286 0.008883248730964466
5 0.27214285714285713 0.07296954314720812 0.01 0.029187817258883246
0 0.30964285714285716 0.10723350253807105 0.002142857142857143 0.013959390862944161
0 0.31214285714285717 0.10723350253807105 0.002857142857142857 0.013959390862944161
5 0.21464285714285714 0.08185279187817258 0.010714285714285714 0.024111675126903553
5 0.20964285714285713 0.06916243654822335 0.007857142857142858 0.016497461928934008
5 0.20714285714285716 0.05710659898477157 0.01 0.02284263959390863
0 0.30428571428571427 0.12944162436548223 0.002857142857142857 0.012690355329949238
5 0.24035714285714285 0.1713197969543147 0.012142857142857143 0.025380710659898477
5 0.235 0.1516497461928934 0.014285714285714285 0.031725888324873094
4 0.2525 0.16370558375634517 0.010714285714285714 0.017766497461928932
4 0.2621428571428571 0.15228426395939085 0.01 0.02030456852791878
3 0.2675 0.16624365482233502 0.009285714285714286 0.015228426395939085
9 0.27 0.174492385786802 0.005714285714285714 0.013959390862944161
1 0.27035714285714285 0.1713197969543147 0.0035714285714285713 0.01015228426395939
3 0.27464285714285713 0.19035532994923857 0.012142857142857143 0.017766497461928932
5 0.3075 0.14784263959390861 0.009285714285714286 0.024111675126903553
5 0.31392857142857145 0.15736040609137056 0.010714285714285714 0.027918781725888322
5 0.31892857142857145 0.16751269035532992 0.010714285714285714 0.025380710659898477
5 0.32392857142857145 0.17956852791878172 0.013571428571428571 0.029187817258883246
5 0.25392857142857145 0.2081218274111675 0.015 0.03045685279187817
5 0.2592857142857143 0.22842639593908629 0.017142857142857144 0.04060913705583756
3 0.28214285714285714 0.24238578680203043 0.012857142857142857 0.02284263959390863
5 0.3425 0.21002538071065988 0.015 0.03426395939086294
5 0.3525 0.23667512690355327 0.016428571428571428 0.026649746192893398
5 0.36464285714285716 0.2569796954314721 0.020714285714285713 0.04441624365482233
8 0.25535714285714284 0.31345177664974616 0.04928571428571429 0.03045685279187817
8 0.3053571428571429 0.3838832487309644 0.039285714285714285 0.11040609137055837
0 0.4067857142857143 0.31916243654822335 0.0035714285714285713 0.021573604060913704
0 0.4125 0.32170050761421315 0.0064285714285714285 0.016497461928934008
0 0.43392857142857144 0.3889593908629441 0.0035714285714285713 0.021573604060913704
0 0.4546428571428571 0.391497461928934 0.005 0.021573604060913704
0 0.44535714285714284 0.38515228426395937 0.0035714285714285713 0.021573604060913704
0 0.44 0.38578680203045684 0.004285714285714286 0.02284263959390863
3 0.4092857142857143 0.35850253807106597 0.017142857142857144 0.026649746192893398
4 0.43285714285714283 0.42195431472081213 0.02142857142857143 0.04441624365482233
4 0.45285714285714285 0.4625634517766497 0.02142857142857143 0.03934010152284264
3 0.42964285714285716 0.5399746192893401 0.02214285714285714 0.052030456852791875
5 0.4525 0.6008883248730964 0.04071428571428572 0.10279187817258882
0 0.22785714285714287 0.9619289340101522 0.01 0.032994923857868015
3 0.5089285714285714 0.7271573604060914 0.039285714285714285 0.06345177664974619
3 0.5642857142857143 0.7931472081218274 0.03857142857142857 0.06091370558375634
0 0.71 0.7423857868020304 0.01 0.032994923857868015
0 0.6371428571428571 0.7151015228426395 0.007142857142857143 0.029187817258883246
8 0.6567857142857143 0.8375634517766497 0.155 0.12182741116751268
4 0.7346428571428572 0.8032994923857867 0.055 0.06345177664974619
8 0.835 0.8794416243654821 0.17714285714285713 0.1548223350253807
3 0.895 0.9796954314720812 0.07 0.035532994923857864
5 0.9660714285714286 0.9441624365482233 0.06642857142857143 0.10406091370558375
3 0.9846428571428572 0.7969543147208121 0.029285714285714286 0.048223350253807105
