1 0.15142857142857144 0.7819047619047619 0.04285714285714286 0.049523809523809526
4 0.405 0.7152380952380952 0.06 0.18666666666666668
3 0.05785714285714286 0.9695238095238096 0.11714285714285715 0.05904761904761905
3 0.8092857142857143 0.6642857142857143 0.09428571428571429 0.1457142857142857
3 0.7964285714285714 0.43476190476190474 0.07714285714285714 0.1
3 0.6846428571428571 0.3638095238095238 0.05928571428571429 0.08571428571428572
3 0.8125 0.29714285714285715 0.05785714285714286 0.08
5 0.7442857142857143 0.24714285714285714 0.06428571428571428 0.09238095238095238
3 0.6321428571428571 0.22952380952380952 0.04 0.05333333333333333
3 0.6571428571428571 0.2923809523809524 0.05 0.06476190476190476
0 0.6525 0.2019047619047619 0.009285714285714286 0.04
0 0.655 0.14904761904761904 0.01 0.03333333333333333
0 0.6428571428571429 0.14714285714285713 0.011428571428571429 0.035238095238095235
3 0.49392857142857144 0.19380952380952382 0.030714285714285715 0.058095238095238096
3 0.6246428571428572 0.09714285714285714 0.03214285714285714 0.04
3 0.6003571428571428 0.039523809523809524 0.023571428571428573 0.03333333333333333
3 0.6025 0.13952380952380952 0.030714285714285715 0.04285714285714286
3 0.5878571428571429 0.1 0.02857142857142857 0.04
3 0.58 0.0719047619047619 0.024285714285714285 0.035238095238095235
2 0.5875 0.009523809523809525 0.017857142857142856 0.017142857142857144
0 0.8464285714285714 0.3914285714285714 0.02 0.04380952380952381
1 0.6921428571428572 0.21904761904761905 0.01 0.030476190476190476
2 0.6917857142857143 0.2319047619047619 0.010714285714285714 0.029523809523809525
0 0.7975 0.37714285714285717 0.017857142857142856 0.049523809523809526
0 0.9775 0.6466666666666666 0.03357142857142857 0.05142857142857143
9 0.9371428571428572 0.4666666666666667 0.027142857142857142 0.05142857142857143
0 0.8667857142857143 0.30714285714285716 0.020714285714285713 0.04476190476190476
0 0.8653571428571428 0.27666666666666667 0.015 0.04476190476190476
0 0.7517857142857143 0.19142857142857142 0.012142857142857143 0.03428571428571429
9 0.7696428571428572 0.19714285714285715 0.027857142857142858 0.024761904761904763
1 0.7214285714285714 0.2776190476190476 0.015714285714285715 0.03333333333333333
1 0.555 0.054285714285714284 0.008571428571428572 0.024761904761904763
2 0.5496428571428571 0.04666666666666667 0.005 0.01904761904761905
1 0.5496428571428571 0.037142857142857144 0.009285714285714286 0.024761904761904763
0 0.9878571428571429 0.7795238095238095 0.02142857142857143 0.05047619047619047
3 0.6614285714285715 0.01380952380952381 0.025714285714285714 0.02761904761904762
3 0.4764285714285714 0.014761904761904763 0.022857142857142857 0.03142857142857143
