3 0.33964285714285714 0.8995238095238095 0.07214285714285715 0.16476190476190475
2 0.31464285714285717 0.8195238095238095 0.04214285714285714 0.040952380952380955
3 0.3171428571428571 0.7714285714285715 0.10428571428571429 0.10666666666666666
3 0.6428571428571429 0.9595238095238096 0.17285714285714285 0.07904761904761905
3 0.6025 0.8771428571428571 0.16214285714285714 0.12
0 0.45714285714285713 0.9842857142857143 0.017142857142857144 0.029523809523809525
0 0.47464285714285714 0.9795238095238096 0.020714285714285713 0.039047619047619046
3 0.5839285714285715 0.8023809523809524 0.13357142857142856 0.09238095238095238
3 0.5496428571428571 0.7323809523809524 0.11214285714285714 0.08761904761904762
3 0.31392857142857145 0.6847619047619048 0.09357142857142857 0.09523809523809523
3 0.5146428571428572 0.6447619047619048 0.10071428571428571 0.06285714285714286
3 0.47964285714285715 0.5747619047619048 0.07928571428571428 0.05047619047619047
3 0.495 0.6052380952380952 0.08571428571428572 0.058095238095238096
3 0.345 0.5695238095238095 0.04 0.06476190476190476
3 0.9460714285714286 0.8214285714285714 0.10642857142857143 0.1438095238095238
0 0.8021428571428572 0.7552380952380953 0.014285714285714285 0.047619047619047616
3 0.9289285714285714 0.6714285714285714 0.11642857142857142 0.11238095238095239
3 0.8203571428571429 0.6919047619047619 0.09214285714285714 0.1019047619047619
3 0.7371428571428571 0.6038095238095238 0.07 0.07047619047619047
3 0.6275 0.5438095238095239 0.055 0.05714285714285714
3 0.6789285714285714 0.5471428571428572 0.05357142857142857 0.054285714285714284
3 0.815 0.4723809523809524 0.047142857142857146 0.04
0 0.6203571428571428 0.5795238095238096 0.010714285714285714 0.04285714285714286
0 0.6428571428571429 0.5895238095238096 0.015714285714285715 0.047619047619047616
3 0.9553571428571429 0.5595238095238095 0.08785714285714286 0.06571428571428571
8 0.6721428571428572 0.3419047619047619 0.06285714285714286 0.047619047619047616
0 0.6553571428571429 0.49666666666666665 0.007857142857142858 0.03333333333333333
0 0.6628571428571428 0.49523809523809526 0.008571428571428572 0.026666666666666665
3 0.6014285714285714 0.4666666666666667 0.03428571428571429 0.04
3 0.5539285714285714 0.46904761904761905 0.03785714285714286 0.039047619047619046
3 0.5814285714285714 0.4338095238095238 0.032857142857142856 0.040952380952380955
3 0.5453571428571429 0.4095238095238095 0.029285714285714286 0.03238095238095238
3 0.5246428571428572 0.39 0.019285714285714285 0.025714285714285714
3 0.49964285714285717 0.37952380952380954 0.035 0.025714285714285714
4 0.47035714285714286 0.37761904761904763 0.029285714285714286 0.02761904761904762
3 0.49464285714285716 0.3595238095238095 0.017857142857142856 0.021904761904761906
9 0.31035714285714283 0.5214285714285715 0.019285714285714285 0.023809523809523808
9 0.33785714285714286 0.5171428571428571 0.03 0.030476190476190476
2 0.4664285714285714 0.5523809523809524 0.017142857142857144 0.024761904761904763
0 0.4639285714285714 0.5395238095238095 0.007857142857142858 0.035238095238095235
9 0.4853571428571429 0.5114285714285715 0.027857142857142858 0.030476190476190476
2 0.36428571428571427 0.5271428571428571 0.015714285714285715 0.02761904761904762
2 0.37 0.5171428571428571 0.022857142857142857 0.024761904761904763
9 0.3914285714285714 0.5123809523809524 0.02857142857142857 0.026666666666666665
9 0.4014285714285714 0.5042857142857143 0.02142857142857143 0.029523809523809525
2 0.505 0.48714285714285716 0.02142857142857143 0.02
9 0.5046428571428572 0.4795238095238095 0.02214285714285714 0.025714285714285714
9 0.3678571428571429 0.4819047619047619 0.022857142857142857 0.01904761904761905
9 0.3525 0.43714285714285717 0.015 0.030476190476190476
0 0.30714285714285716 0.46476190476190476 0.005714285714285714 0.030476190476190476
0 0.3167857142857143 0.439047619047619 0.005 0.02857142857142857
0 0.3375 0.4471428571428571 0.0064285714285714285 0.025714285714285714
0 0.36428571428571427 0.4471428571428571 0.007142857142857143 0.02761904761904762
0 0.36428571428571427 0.44 0.007142857142857143 0.026666666666666665
0 0.3317857142857143 0.42 0.0064285714285714285 0.026666666666666665
0 0.3053571428571429 0.4219047619047619 0.005 0.022857142857142857
0 0.3125 0.4119047619047619 0.005 0.02
0 0.32 0.4195238095238095 0.007142857142857143 0.025714285714285714
0 0.3821428571428571 0.4666666666666667 0.007142857142857143 0.03238095238095238
0 0.3842857142857143 0.4471428571428571 0.008571428571428572 0.02761904761904762
0 0.39714285714285713 0.4747619047619048 0.007142857142857143 0.023809523809523808
0 0.3939285714285714 0.4723809523809524 0.005 0.026666666666666665
0 0.40285714285714286 0.4695238095238095 0.007142857142857143 0.030476190476190476
0 0.42142857142857143 0.44666666666666666 0.008571428571428572 0.026666666666666665
0 0.42142857142857143 0.43666666666666665 0.005714285714285714 0.023809523809523808
0 0.415 0.41904761904761906 0.007142857142857143 0.024761904761904763
0 0.36464285714285716 0.4119047619047619 0.007857142857142858 0.02761904761904762
0 0.37464285714285717 0.41523809523809524 0.007857142857142858 0.022857142857142857
0 0.37785714285714284 0.40904761904761905 0.005714285714285714 0.021904761904761906
0 0.3796428571428571 0.439047619047619 0.005 0.026666666666666665
0 0.3825 0.40523809523809523 0.005 0.021904761904761906
0 0.3867857142857143 0.4076190476190476 0.005 0.024761904761904763
0 0.39 0.4095238095238095 0.005714285714285714 0.022857142857142857
0 0.3921428571428571 0.41714285714285715 0.005714285714285714 0.01904761904761905
0 0.3942857142857143 0.42714285714285716 0.007142857142857143 0.021904761904761906
0 0.3921428571428571 0.4471428571428571 0.005714285714285714 0.02
0 0.39714285714285713 0.44904761904761903 0.007142857142857143 0.021904761904761906
0 0.3942857142857143 0.43952380952380954 0.007142857142857143 0.021904761904761906
0 0.395 0.42952380952380953 0.007142857142857143 0.022857142857142857
0 0.3514285714285714 0.4342857142857143 0.01 0.024761904761904763
0 0.3517857142857143 0.4176190476190476 0.0064285714285714285 0.025714285714285714
0 0.3475 0.40476190476190477 0.005 0.022857142857142857
0 0.36428571428571427 0.39714285714285713 0.005714285714285714 0.024761904761904763
0 0.3875 0.3923809523809524 0.005 0.01904761904761905
0 0.3775 0.3952380952380952 0.005 0.015238095238095238
0 0.37285714285714283 0.39476190476190476 0.005714285714285714 0.018095238095238095
0 0.415 0.38666666666666666 0.004285714285714286 0.022857142857142857
0 0.4075 0.39476190476190476 0.005 0.02
4 0.31035714285714283 0.3842857142857143 0.025 0.021904761904761906
3 0.3442857142857143 0.36952380952380953 0.018571428571428572 0.022857142857142857
3 0.3467857142857143 0.34476190476190477 0.013571428571428571 0.024761904761904763
3 0.30642857142857144 0.2742857142857143 0.008571428571428572 0.013333333333333332
3 0.35214285714285715 0.24714285714285714 0.012857142857142857 0.010476190476190476
3 0.34214285714285714 0.21714285714285714 0.01 0.005714285714285714
3 0.37142857142857144 0.23714285714285716 0.005714285714285714 0.007619047619047619
3 0.4014285714285714 0.24476190476190476 0.007142857142857143 0.007619047619047619
4 0.35642857142857143 0.27714285714285714 0.02 0.009523809523809525
4 0.43714285714285717 0.3842857142857143 0.03 0.02
3 0.47464285714285714 0.34 0.015 0.01904761904761905
3 0.46214285714285713 0.3252380952380952 0.017142857142857144 0.018095238095238095
3 0.4521428571428571 0.31666666666666665 0.012857142857142857 0.01619047619047619
3 0.445 0.30714285714285716 0.012857142857142857 0.018095238095238095
3 0.43 0.2938095238095238 0.011428571428571429 0.014285714285714285
3 0.4375 0.3019047619047619 0.007857142857142858 0.013333333333333332
0 0.41892857142857143 0.29523809523809524 0.0035714285714285713 0.013333333333333332
0 0.41535714285714287 0.2938095238095238 0.0035714285714285713 0.014285714285714285
0 0.40714285714285714 0.28714285714285714 0.004285714285714286 0.012380952380952381
3 0.9171428571428571 0.4142857142857143 0.04428571428571428 0.02857142857142857
0 0.4517857142857143 0.3442857142857143 0.0064285714285714285 0.02
1 0.46535714285714286 0.5476190476190477 0.012142857142857143 0.0419047619047619
1 0.48678571428571427 0.5076190476190476 0.007857142857142858 0.03238095238095238
0 0.34 0.43238095238095237 0.007142857142857143 0.026666666666666665
0 0.405 0.42666666666666664 0.007142857142857143 0.024761904761904763
0 0.4089285714285714 0.44 0.009285714285714286 0.026666666666666665
