3 0.09642857142857143 0.9505076142131978 0.03 0.05837563451776649
4 0.40714285714285714 0.956218274111675 0.022857142857142857 0.05710659898477157
4 0.4442857142857143 0.956218274111675 0.02 0.052030456852791875
3 0.49392857142857144 0.9676395939086294 0.02214285714285714 0.06218274111675126
3 0.46785714285714286 0.9530456852791878 0.02142857142857143 0.06598984771573603
8 0.5292857142857142 0.9200507614213197 0.03142857142857143 0.08629441624365482
4 0.6417857142857143 0.9847715736040609 0.023571428571428573 0.027918781725888322
5 0.7278571428571429 0.78997461928934 0.027142857142857142 0.05964467005076142
3 0.7025 0.7607868020304568 0.02214285714285714 0.04441624365482233
0 0.014642857142857143 0.42068527918781723 0.005 0.013959390862944161
0 0.0075 0.4282994923857868 0.0064285714285714285 0.013959390862944161
0 0.003928571428571429 0.43210659898477155 0.0064285714285714285 0.013959390862944161
0 0.027142857142857142 0.4282994923857868 0.005714285714285714 0.013959390862944161
0 0.025357142857142856 0.43718274111675126 0.007857142857142858 0.011421319796954314
0 0.012857142857142857 0.4543147208121827 0.005714285714285714 0.017766497461928932
0 0.0675 0.5463197969543147 0.007857142857142858 0.013959390862944161
0 0.05678571428571429 0.6034263959390862 0.005 0.011421319796954314
0 0.052142857142857144 0.6059644670050761 0.004285714285714286 0.011421319796954314
0 0.06964285714285715 0.6491116751269035 0.007857142857142858 0.013959390862944161
9 0.07678571428571429 0.6294416243654822 0.012142857142857143 0.01015228426395939
0 0.18142857142857144 0.48350253807106597 0.004285714285714286 0.012690355329949238
0 0.17964285714285713 0.5387055837563451 0.005 0.013959390862944161
0 0.11428571428571428 0.6890862944162436 0.005714285714285714 0.015228426395939085
0 0.12035714285714286 0.7208121827411167 0.005 0.015228426395939085
0 0.075 0.9365482233502538 0.007142857142857143 0.015228426395939085
1 0.07464285714285715 0.9321065989847716 0.005 0.008883248730964466
3 0.12142857142857143 0.8756345177664974 0.027142857142857142 0.050761421319796954
1 0.8621428571428571 0.7531725888324873 0.007142857142857143 0.013959390862944161
1 0.8621428571428571 0.7455583756345177 0.007142857142857143 0.011421319796954314
1 0.8653571428571428 0.7347715736040609 0.0064285714285714285 0.01015228426395939
5 0.95 0.44543147208121825 0.018571428571428572 0.055837563451776644
0 0.86 0.47842639593908626 0.005714285714285714 0.012690355329949238
0 0.8546428571428571 0.473984771573604 0.005 0.013959390862944161
3 0.9371428571428572 0.3680203045685279 0.03 0.03045685279187817
8 0.92 0.18274111675126903 0.04 0.07614213197969542
8 0.8964285714285715 0.09010152284263959 0.03428571428571429 0.06598984771573603
8 0.9142857142857143 0.04758883248730964 0.02857142857142857 0.05964467005076142
4 0.8989285714285714 0.04378172588832487 0.013571428571428571 0.024111675126903553
4 0.845 0.05456852791878172 0.017142857142857144 0.025380710659898477
3 0.8528571428571429 0.08756345177664974 0.011428571428571429 0.02030456852791878
4 0.7964285714285714 0.20939086294416243 0.015714285714285715 0.03045685279187817
4 0.7571428571428571 0.18908629441624364 0.015714285714285715 0.03045685279187817
3 0.7475 0.1281725888324873 0.013571428571428571 0.02284263959390863
4 0.7575 0.028553299492385786 0.016428571428571428 0.021573604060913704
3 0.7814285714285715 0.2798223350253807 0.027142857142857142 0.024111675126903553
5 0.6203571428571428 0.1351522842639594 0.052142857142857144 0.052030456852791875
3 0.5146428571428572 0.08185279187817258 0.020714285714285713 0.021573604060913704
4 0.7189285714285715 0.3312182741116751 0.016428571428571428 0.032994923857868015
4 0.6971428571428572 0.4428934010152284 0.02 0.04314720812182741
8 0.7314285714285714 0.5057106598984771 0.05 0.10532994923857868
4 0.6653571428571429 0.598984771573604 0.02214285714285714 0.04568527918781726
4 0.5789285714285715 0.407994923857868 0.017857142857142856 0.03934010152284264
3 0.5639285714285714 0.5241116751269035 0.016428571428571428 0.03807106598984771
3 0.6042857142857143 0.24175126903553298 0.012857142857142857 0.021573604060913704
3 0.5967857142857143 0.30203045685279184 0.016428571428571428 0.027918781725888322
4 0.5825 0.22906091370558374 0.016428571428571428 0.03426395939086294
4 0.5839285714285715 0.2785532994923858 0.017857142857142856 0.029187817258883246
4 0.5542857142857143 0.23921319796954313 0.017142857142857144 0.029187817258883246
3 0.5671428571428572 0.2151015228426396 0.012857142857142857 0.024111675126903553
4 0.5475 0.20939086294416243 0.016428571428571428 0.027918781725888322
4 0.5292857142857142 0.19670050761421318 0.018571428571428572 0.03045685279187817
3 0.5314285714285715 0.2347715736040609 0.015714285714285715 0.02284263959390863
3 0.5592857142857143 0.3293147208121827 0.017142857142857144 0.026649746192893398
3 0.5396428571428571 0.37309644670050757 0.015 0.027918781725888322
3 0.52 0.30203045685279184 0.017142857142857144 0.027918781725888322
3 0.49785714285714283 0.2480964467005076 0.017142857142857144 0.024111675126903553
3 0.535 0.3280456852791878 0.017142857142857144 0.029187817258883246
4 0.5553571428571429 0.28109137055837563 0.016428571428571428 0.026649746192893398
4 0.5392857142857143 0.2652284263959391 0.018571428571428572 0.027918781725888322
4 0.48214285714285715 0.28236040609137053 0.014285714285714285 0.024111675126903553
4 0.48964285714285716 0.3229695431472081 0.015 0.03426395939086294
3 0.42964285714285716 0.3508883248730964 0.015 0.031725888324873094
4 0.39 0.5761421319796954 0.017142857142857144 0.04314720812182741
4 0.42678571428571427 0.7760152284263959 0.019285714285714285 0.04695431472081218
4 0.565 0.6719543147208121 0.017142857142857144 0.04695431472081218
9 0.5496428571428571 0.8680203045685279 0.009285714285714286 0.025380710659898477
1 0.5492857142857143 0.8667512690355329 0.007142857142857143 0.017766497461928932
3 0.5564285714285714 0.7703045685279187 0.02142857142857143 0.055837563451776644
3 0.5321428571428571 0.8401015228426395 0.022857142857142857 0.05837563451776649
4 0.15214285714285714 0.7588832487309644 0.027142857142857142 0.053299492385786795
3 0.1717857142857143 0.6928934010152283 0.020714285714285713 0.048223350253807105
3 0.18285714285714286 0.633248730964467 0.02 0.04060913705583756
3 0.19714285714285715 0.5780456852791878 0.017142857142857144 0.03680203045685279
3 0.20964285714285713 0.5139593908629442 0.015 0.035532994923857864
3 0.21714285714285714 0.46383248730964466 0.017142857142857144 0.03426395939086294
3 0.29964285714285716 0.29505076142131975 0.015 0.026649746192893398
4 0.2275 0.41878172588832485 0.015 0.035532994923857864
8 0.22964285714285715 0.34010152284263956 0.020714285714285713 0.08629441624365482
3 0.3992857142857143 0.016497461928934008 0.02 0.02030456852791878
0 0.29464285714285715 0.07994923857868019 0.002142857142857143 0.01015228426395939
0 0.305 0.050761421319796954 0.002857142857142857 0.01015228426395939
0 0.29678571428571426 0.08185279187817258 0.002142857142857143 0.008883248730964466
0 0.29892857142857143 0.08058375634517766 0.002142857142857143 0.011421319796954314
8 0.19285714285714287 0.07677664974619289 0.027142857142857142 0.05710659898477157
8 0.2725 0.12944162436548223 0.035 0.02284263959390863
8 0.22285714285714286 0.11928934010152284 0.02857142857142857 0.05837563451776649
0 0.23964285714285713 0.18527918781725886 0.002142857142857143 0.012690355329949238
8 0.21714285714285714 0.07868020304568528 0.02 0.04568527918781726
8 0.19785714285714287 0.04568527918781726 0.02142857142857143 0.055837563451776644
8 0.23035714285714284 0.02093908629441624 0.04642857142857143 0.031725888324873094
8 0.23535714285714285 0.02982233502538071 0.035 0.029187817258883246
8 0.2375 0.046319796954314714 0.029285714285714286 0.029187817258883246
8 0.23964285714285713 0.05456852791878172 0.045 0.03807106598984771
8 0.2546428571428571 0.07233502538071065 0.052142857142857144 0.035532994923857864
8 0.2667857142857143 0.08565989847715735 0.027857142857142858 0.029187817258883246
8 0.2592857142857143 0.09327411167512689 0.05 0.03426395939086294
8 0.2671428571428571 0.10342639593908629 0.047142857142857146 0.03426395939086294
8 0.27214285714285713 0.1148477157360406 0.047142857142857146 0.03426395939086294
0 0.22964285714285715 0.07804568527918782 0.002142857142857143 0.008883248730964466
