5 0.08785714285714286 0.5566666666666666 0.03 0.06
5 0.2517857142857143 0.22952380952380952 0.012142857142857143 0.03428571428571429
3 0.2725 0.14952380952380953 0.005 0.007619047619047619
3 0.29892857142857143 0.10904761904761905 0.0035714285714285713 0.004761904761904762
3 0.29714285714285715 0.1438095238095238 0.004285714285714286 0.005714285714285714
3 0.2596428571428571 0.2019047619047619 0.005 0.009523809523809525
3 0.2842857142857143 0.20142857142857143 0.004285714285714286 0.006666666666666666
3 0.2646428571428571 0.17904761904761904 0.005 0.007619047619047619
3 0.27464285714285713 0.24142857142857144 0.005 0.008571428571428572
3 0.29892857142857143 0.0719047619047619 0.005 0.004761904761904762
3 0.2953571428571429 0.05952380952380952 0.0035714285714285713 0.004761904761904762
8 0.28964285714285715 0.10428571428571429 0.005 0.012380952380952381
8 0.30214285714285716 0.11904761904761904 0.007142857142857143 0.013333333333333332
4 0.28785714285714287 0.17238095238095238 0.004285714285714286 0.005714285714285714
5 0.2825 0.21666666666666667 0.007857142857142858 0.01619047619047619
5 0.2675 0.1595238095238095 0.005 0.010476190476190476
3 0.2671428571428571 0.2671428571428571 0.007142857142857143 0.010476190476190476
0 0.28714285714285714 0.25952380952380955 0.002857142857142857 0.006666666666666666
0 0.22392857142857142 0.2523809523809524 0.002142857142857143 0.007619047619047619
0 0.29214285714285715 0.21428571428571427 0.002857142857142857 0.005714285714285714
3 0.1225 0.4747619047619048 0.012142857142857143 0.01619047619047619
0 0.2617857142857143 0.4276190476190476 0.0035714285714285713 0.009523809523809525
0 0.2546428571428571 0.5842857142857143 0.005 0.012380952380952381
5 0.7196428571428571 0.7466666666666667 0.025 0.047619047619047616
3 0.3075 0.439047619047619 0.007857142857142858 0.015238095238095238
3 0.30964285714285716 0.4247619047619048 0.007857142857142858 0.015238095238095238
3 0.30464285714285716 0.4795238095238095 0.007857142857142858 0.018095238095238095
3 0.6021428571428571 0.29714285714285715 0.012857142857142857 0.007619047619047619
3 0.6053571428571428 0.30666666666666664 0.010714285714285714 0.007619047619047619
3 0.6228571428571429 0.3171428571428571 0.011428571428571429 0.007619047619047619
3 0.6278571428571429 0.30952380952380953 0.005714285714285714 0.007619047619047619
3 0.6064285714285714 0.2742857142857143 0.007142857142857143 0.009523809523809525
3 0.6067857142857143 0.3119047619047619 0.012142857142857143 0.004761904761904762
3 0.6067857142857143 0.31666666666666665 0.012142857142857143 0.006666666666666666
5 0.8964285714285715 0.8847619047619047 0.03857142857142857 0.05523809523809524
3 0.48 0.6995238095238095 0.01 0.02761904761904762
3 0.5067857142857143 0.7219047619047619 0.015 0.024761904761904763
3 0.5271428571428571 0.6942857142857143 0.017142857142857144 0.02095238095238095
3 0.5471428571428572 0.6719047619047619 0.015714285714285715 0.021904761904761906
3 0.5642857142857143 0.6490476190476191 0.015714285714285715 0.021904761904761906
3 0.5814285714285714 0.6252380952380953 0.014285714285714285 0.02
3 0.6064285714285714 0.5947619047619047 0.012857142857142857 0.02
3 0.6267857142857143 0.5666666666666667 0.009285714285714286 0.015238095238095238
3 0.515 0.6514285714285715 0.017142857142857144 0.024761904761904763
3 0.5339285714285714 0.6295238095238095 0.015 0.02095238095238095
3 0.5528571428571428 0.6042857142857143 0.014285714285714285 0.02
3 0.6046428571428571 0.5442857142857143 0.015 0.02
4 0.027142857142857142 0.4419047619047619 0.01 0.01904761904761905
