0 0.45375 0.9886666666666666 0.021500000000000002 0.021333333333333333
1 0.5255 0.9756666666666667 0.032 0.04733333333333333
0 0.50575 0.9166666666666666 0.0415 0.03733333333333333
2 0.42 0.9646666666666667 0.034 0.06933333333333333
9 0.38425 0.9266666666666666 0.0335 0.11333333333333333
4 0.515 0.8066666666666666 0.133 0.21333333333333332
9 0.40425 0.7446666666666666 0.0385 0.08
0 0.042 0.9246666666666666 0.054 0.042666666666666665
0 0.06375 0.9016666666666666 0.0525 0.04066666666666666
0 0.22275 0.8806666666666666 0.0395 0.052
0 0.25625 0.7726666666666666 0.0385 0.056
1 0.14875 0.9126666666666666 0.0555 0.05466666666666666
0 0.14875 0.7726666666666666 0.051500000000000004 0.05333333333333333
0 0.31 0.6726666666666666 0.03 0.05333333333333333
7 0.137 0.9316666666666666 0.09 0.13533333333333333
2 0.01675 0.8006666666666666 0.0335 0.026666666666666665
4 0.90275 0.8776666666666666 0.1445 0.24333333333333332
5 0.86425 0.6956666666666667 0.1995 0.18866666666666665
1 0.9087500000000001 0.47866666666666663 0.0185 0.03733333333333333
9 0.9055 0.496 0.041 0.052
1 0.605 0.539 0.019 0.026
1 0.58825 0.5596666666666666 0.0205 0.03133333333333333
1 0.624 0.5176666666666666 0.02 0.04066666666666666
1 0.5972500000000001 0.5066666666666666 0.0195 0.032
1 0.519 0.5206666666666666 0.019 0.042666666666666665
0 0.55425 0.5066666666666666 0.0165 0.04133333333333333
0 0.3135 0.5496666666666666 0.026000000000000002 0.049999999999999996
0 0.11675 0.6846666666666666 0.0365 0.04666666666666666
0 0.1405 0.6719999999999999 0.024 0.036
1 0.09075 0.5926666666666667 0.0365 0.03733333333333333
1 0.11425 0.6356666666666666 0.0315 0.048666666666666664
0 0.21175 0.4756666666666666 0.0335 0.05266666666666667
0 0.22225 0.448 0.021500000000000002 0.06
4 0.1705 0.46366666666666667 0.11 0.12733333333333333
4 0.30975 0.46266666666666667 0.0815 0.12133333333333333
4 0.43325 0.29566666666666663 0.0965 0.05533333333333333
0 0.53 0.2776666666666667 0.018000000000000002 0.03666666666666667
2 0.52425 0.2876666666666667 0.0365 0.03266666666666666
0 0.23650000000000002 0.26066666666666666 0.018000000000000002 0.03733333333333333
0 0.212 0.26966666666666667 0.019 0.04066666666666666
1 0.209 0.26566666666666666 0.013000000000000001 0.020666666666666667
3 0.022 0.17266666666666666 0.043000000000000003 0.05333333333333333
4 0.0335 0.11966666666666666 0.067 0.062
3 0.0785 0.15666666666666665 0.05 0.06266666666666666
3 0.12625 0.15166666666666667 0.0535 0.07933333333333333
4 0.20425000000000001 0.15866666666666665 0.08750000000000001 0.064
3 0.179 0.306 0.096 0.06
3 0.15875 0.24966666666666665 0.0995 0.05933333333333333
7 0.134 0.08266666666666667 0.042 0.032
3 0.28150000000000003 0.12566666666666665 0.043000000000000003 0.06066666666666667
5 0.3355 0.11566666666666667 0.037 0.07666666666666666
3 0.38925 0.11166666666666666 0.043500000000000004 0.056666666666666664
3 0.4345 0.09366666666666666 0.038 0.06333333333333332
4 0.3615 0.03166666666666666 0.031 0.054
1 0.31625000000000003 0.043666666666666666 0.0115 0.02733333333333333
3 0.512 0.246 0.106 0.064
3 0.54025 0.212 0.0925 0.064
3 0.5725 0.16999999999999998 0.074 0.076
1 0.491 0.12566666666666665 0.014 0.03133333333333333
9 0.49125 0.13766666666666666 0.0205 0.038
0 0.58625 0.126 0.0125 0.04
0 0.5955 0.13366666666666666 0.01 0.02733333333333333
0 0.63375 0.07066666666666667 0.0055 0.036
1 0.621 0.051666666666666666 0.006 0.019333333333333334
1 0.627 0.05466666666666666 0.006 0.017333333333333333
0 0.6785 0.06266666666666666 0.009000000000000001 0.034666666666666665
4 0.6052500000000001 0.10466666666666666 0.0545 0.06533333333333333
4 0.6577500000000001 0.058666666666666666 0.0415 0.06133333333333333
4 0.70325 0.028999999999999998 0.0485 0.054
3 0.61575 0.008666666666666666 0.0445 0.017333333333333333
3 0.50575 0.07666666666666666 0.059500000000000004 0.050666666666666665
3 0.55525 0.03966666666666666 0.0525 0.054
7 0.61775 0.06566666666666666 0.035500000000000004 0.03133333333333333
0 0.49275 0.034666666666666665 0.0045000000000000005 0.028
0 0.487 0.03766666666666667 0.006 0.03666666666666667
0 0.4875 0.024666666666666667 0.005 0.03333333333333333
3 0.4615 0.034666666666666665 0.051000000000000004 0.04666666666666666
4 0.50025 0.012 0.0405 0.024
3 0.46025 0.007666666666666666 0.0395 0.015333333333333332
