4 0.5568893528183716 0.9485157699443414 0.031315240083507306 0.09925788497217068
4 0.5675887265135698 0.7792207792207793 0.03079331941544885 0.11131725417439703
3 0.5036534446764092 0.6080705009276438 0.022964509394572022 0.05658627087198516
3 0.5738517745302714 0.41233766233766234 0.022442588726513567 0.07699443413729128
3 0.5281837160751566 0.3747680890538033 0.022964509394572022 0.0686456400742115
3 0.5420146137787056 0.24072356215213359 0.020354906054279746 0.05287569573283859
3 0.4316283924843423 0.3780148423005566 0.027139874739039664 0.07699443413729128
4 0.40814196242171186 0.3682745825602968 0.022964509394572022 0.06679035250463822
7 0.3439457202505219 0.34369202226345086 0.01774530271398747 0.05287569573283859
3 0.31915448851774525 0.3525046382189239 0.02974947807933194 0.07606679035250465
3 0.29201461377870563 0.34415584415584416 0.03079331941544885 0.06307977736549165
3 0.261482254697286 0.3320964749536178 0.033402922755741124 0.07606679035250465
3 0.23486430062630478 0.32838589981447125 0.033402922755741124 0.0705009276437848
3 0.17562630480167013 0.3112244897959184 0.03079331941544885 0.06771799628942486
3 0.10751565762004174 0.2912801484230056 0.03549060542797494 0.0686456400742115
7 0.9172755741127347 0.4749536178107607 0.032881002087682666 0.06679035250463822
4 0.8118475991649269 0.46567717996289426 0.028705636743215027 0.059369202226345084
4 0.7792275574112734 0.4642857142857143 0.027139874739039664 0.06771799628942486
3 0.9757306889352817 0.4049165120593692 0.04749478079331941 0.05102040816326531
3 0.9822546972860124 0.4457328385899815 0.03444676409185803 0.049165120593692026
3 0.9916492693110647 0.6808905380333952 0.014613778705636741 0.08719851576994435
