3 0.6721428571428572 0.83248730964467 0.05714285714285714 0.16751269035532992
3 0.8021428571428572 0.28743654822335024 0.03 0.049492385786802026
3 0.7517857142857143 0.26903553299492383 0.03214285714285714 0.050761421319796954
3 0.56 0.5901015228426395 0.032857142857142856 0.09137055837563451
3 0.41464285714285715 0.36738578680203043 0.02214285714285714 0.04187817258883248
3 0.51 0.17258883248730963 0.012857142857142857 0.03807106598984771
3 0.5003571428571428 0.053299492385786795 0.009285714285714286 0.02284263959390863
3 0.51 0.03109137055837563 0.008571428571428572 0.026649746192893398
3 0.46464285714285714 0.025380710659898477 0.009285714285714286 0.017766497461928932
3 0.47464285714285714 0.07677664974619289 0.012142857142857143 0.016497461928934008
3 0.44392857142857145 0.05964467005076142 0.009285714285714286 0.015228426395939085
3 0.43964285714285717 0.09961928934010152 0.012142857142857143 0.024111675126903553
0 0.7039285714285715 0.20368020304568527 0.005 0.021573604060913704
8 0.6742857142857143 0.16941624365482233 0.07142857142857142 0.07233502538071065
3 0.715 0.17703045685279187 0.03 0.026649746192893398
5 0.6467857142857143 0.08502538071065989 0.03785714285714286 0.055837563451776644
