3 0.22714285714285715 0.07714285714285714 0.04285714285714286 0.05523809523809524
3 0.25142857142857145 0.017619047619047618 0.027142857142857142 0.035238095238095235
3 0.0625 0.10428571428571429 0.075 0.04285714285714286
3 0.07464285714285715 0.06 0.06928571428571428 0.0419047619047619
3 0.09642857142857143 0.0419047619047619 0.07 0.04
3 0.09464285714285714 0.021904761904761906 0.055 0.03238095238095238
3 0.11785714285714285 0.3442857142857143 0.07285714285714286 0.08285714285714285
3 0.0475 0.20476190476190476 0.065 0.07238095238095238
0 0.48892857142857143 0.5271428571428571 0.013571428571428571 0.054285714285714284
0 0.48964285714285716 0.16714285714285715 0.012142857142857143 0.035238095238095235
0 0.48428571428571426 0.10428571428571429 0.008571428571428572 0.035238095238095235
0 0.48892857142857143 0.06190476190476191 0.009285714285714286 0.03238095238095238
4 0.6671428571428571 0.1619047619047619 0.027142857142857142 0.05904761904761905
