5 0.5264285714285715 0.7049492385786802 0.03 0.12563451776649745
3 0.5292857142857142 0.6205583756345178 0.018571428571428572 0.05837563451776649
4 0.5278571428571428 0.5647208121827411 0.018571428571428572 0.06091370558375634
3 0.5275 0.5203045685279187 0.017857142857142856 0.04568527918781726
3 0.5296428571428572 0.4689086294416243 0.017857142857142856 0.05710659898477157
3 0.46285714285714286 0.3362944162436548 0.015714285714285715 0.04060913705583756
3 0.4675 0.1979695431472081 0.023571428571428573 0.02030456852791878
3 0.5442857142857143 0.16624365482233502 0.018571428571428572 0.02284263959390863
3 0.5303571428571429 0.15228426395939085 0.009285714285714286 0.02030456852791878
3 0.6017857142857143 0.18337563451776648 0.03214285714285714 0.024111675126903553
3 0.6303571428571428 0.18718274111675126 0.025 0.021573604060913704
3 0.6592857142857143 0.19035532994923857 0.025714285714285714 0.02284263959390863
3 0.6853571428571429 0.19416243654822332 0.023571428571428573 0.02030456852791878
3 0.755 0.2049492385786802 0.02 0.021573604060913704
5 0.7253571428571428 0.19035532994923857 0.03357142857142857 0.035532994923857864
5 0.7796428571428572 0.20368020304568527 0.027857142857142858 0.029187817258883246
3 0.8075 0.20748730964467005 0.015 0.016497461928934008
4 0.8478571428571429 0.20368020304568527 0.018571428571428572 0.024111675126903553
3 0.8567857142857143 0.2963197969543147 0.017857142857142856 0.049492385786802026
3 0.8003571428571429 0.18718274111675126 0.016428571428571428 0.024111675126903553
8 0.7864285714285715 0.1618020304568528 0.02142857142857143 0.031725888324873094
3 0.5317857142857143 0.133248730964467 0.013571428571428571 0.027918781725888322
3 0.5296428571428572 0.11357868020304568 0.009285714285714286 0.021573604060913704
3 0.5278571428571428 0.09390862944162436 0.008571428571428572 0.02284263959390863
4 0.5292857142857142 0.08058375634517766 0.008571428571428572 0.021573604060913704
