0 0.47050000000000003 0.36066666666666664 0.009000000000000001 0.04133333333333333
0 0.43625 0.367 0.0135 0.038
0 0.431 0.39866666666666667 0.01 0.044
0 0.42075 0.42366666666666664 0.0095 0.03133333333333333
0 0.41300000000000003 0.41966666666666663 0.012 0.049999999999999996
1 0.41325 0.5276666666666666 0.0165 0.049999999999999996
1 0.40025 0.5906666666666667 0.021500000000000002 0.04933333333333333
1 0.4965 0.6646666666666666 0.022 0.05466666666666666
1 0.463 0.4716666666666667 0.014 0.02733333333333333
1 0.47300000000000003 0.48366666666666663 0.015 0.028666666666666667
2 0.47775 0.503 0.0115 0.049999999999999996
9 0.4655 0.5506666666666666 0.019 0.052
9 0.533 0.7186666666666667 0.032 0.072
9 0.51325 0.7866666666666666 0.059500000000000004 0.03866666666666667
9 0.4285 0.8856666666666666 0.07200000000000001 0.046
9 0.276 0.8616666666666667 0.07100000000000001 0.03933333333333333
9 0.39875 0.6096666666666667 0.0145 0.05533333333333333
9 0.41475 0.5356666666666666 0.025500000000000002 0.04733333333333333
9 0.3995 0.35 0.022 0.02
1 0.39675 0.344 0.0125 0.036
1 0.43275 0.8546666666666667 0.0235 0.06133333333333333
1 0.26725 0.8426666666666667 0.0365 0.06666666666666667
1 0.2445 0.7876666666666666 0.032 0.056666666666666664
1 0.1315 0.8616666666666667 0.031 0.08466666666666667
9 0.14525 0.8666666666666666 0.0795 0.05466666666666666
2 0.24925 0.8086666666666666 0.0615 0.03866666666666667
2 0.50025 0.6836666666666666 0.0455 0.043333333333333335
2 0.605 0.657 0.055 0.033999999999999996
0 0.607 0.6526666666666666 0.022 0.06533333333333333
0 0.64075 0.7496666666666666 0.0225 0.078
0 0.71575 0.7806666666666666 0.025500000000000002 0.06933333333333333
0 0.53825 0.843 0.0165 0.057999999999999996
0 0.56175 0.857 0.0285 0.06999999999999999
0 0.34325 0.9676666666666667 0.0265 0.06333333333333332
0 0.3745 0.9536666666666667 0.034 0.08333333333333333
0 0.37575000000000003 0.9046666666666666 0.0315 0.072
0 0.88425 0.8646666666666666 0.0345 0.07333333333333333
0 0.97 0.8556666666666667 0.031 0.07133333333333333
0 0.965 0.7356666666666667 0.037 0.07533333333333334
0 0.87075 0.9843333333333333 0.0345 0.03
0 0.8725 0.9636666666666667 0.028 0.07133333333333333
1 0.90375 0.8566666666666667 0.0205 0.034666666666666665
9 0.842 0.5846666666666667 0.023 0.06133333333333333
9 0.783 0.6086666666666667 0.018000000000000002 0.05333333333333333
0 0.82725 0.6146666666666667 0.0245 0.06266666666666666
0 0.63775 0.5566666666666666 0.0225 0.064
0 0.658 0.5656666666666667 0.017 0.054
0 0.664 0.5656666666666667 0.016 0.05933333333333333
3 0.92525 0.6816666666666666 0.1485 0.11666666666666667
0 0.3655 0.5816666666666667 0.016 0.05533333333333333
3 0.26575 0.7206666666666667 0.17350000000000002 0.09333333333333332
0 0.226 0.9309999999999999 0.038 0.086
0 0.07 0.9576666666666667 0.059000000000000004 0.07933333333333333
0 0.1335 0.33466666666666667 0.015 0.030666666666666665
0 0.3045 0.317 0.013000000000000001 0.033999999999999996
0 0.2705 0.29266666666666663 0.01 0.032
0 0.20175 0.30166666666666664 0.0095 0.024666666666666667
0 0.0995 0.32466666666666666 0.014 0.032
0 0.249 0.25866666666666666 0.01 0.026666666666666665
0 0.2515 0.23966666666666667 0.009000000000000001 0.024666666666666667
0 0.259 0.23966666666666667 0.011 0.026
0 0.149 0.30766666666666664 0.014 0.03133333333333333
0 0.135 0.31166666666666665 0.012 0.03266666666666666
0 0.186 0.30466666666666664 0.013000000000000001 0.029333333333333333
1 0.18125 0.314 0.006500000000000001 0.016
1 0.09275 0.35266666666666663 0.0175 0.025333333333333333
1 0.031 0.39966666666666667 0.017 0.028666666666666667
1 0.012750000000000001 0.4106666666666667 0.0165 0.022666666666666665
0 0.06725 0.32866666666666666 0.0125 0.030666666666666665
1 0.311 0.29466666666666663 0.01 0.018666666666666665
1 0.34925 0.29266666666666663 0.0085 0.017333333333333333
1 0.22975 0.38066666666666665 0.0135 0.021333333333333333
0 0.23975000000000002 0.13799999999999998 0.0055 0.012
3 0.24725 0.14766666666666667 0.025500000000000002 0.015333333333333332
3 0.07050000000000001 0.14966666666666667 0.02 0.016666666666666666
3 0.0955 0.14866666666666667 0.021 0.010666666666666666
3 0.37775000000000003 0.20566666666666666 0.0325 0.020666666666666667
3 0.35525 0.21366666666666667 0.0365 0.020666666666666667
3 0.32625 0.21866666666666665 0.021500000000000002 0.022666666666666665
3 0.34500000000000003 0.18966666666666665 0.034 0.019333333333333334
3 0.277 0.18366666666666667 0.028 0.016666666666666666
3 0.2305 0.18466666666666667 0.032 0.016
3 0.14325000000000002 0.188 0.029500000000000002 0.016
3 0.252 0.21066666666666667 0.04 0.017333333333333333
3 0.19575 0.20866666666666667 0.0325 0.017333333333333333
3 0.1685 0.21566666666666667 0.038 0.020666666666666667
3 0.2145 0.20966666666666667 0.037 0.019333333333333334
3 0.2115 0.24866666666666665 0.04 0.025333333333333333
3 0.19325 0.25466666666666665 0.0395 0.026666666666666665
3 0.17500000000000002 0.26266666666666666 0.039 0.025333333333333333
3 0.1705 0.26966666666666667 0.04 0.028666666666666667
4 0.23325 0.294 0.035500000000000004 0.036
4 0.11925000000000001 0.30266666666666664 0.0605 0.032
4 0.22575 0.22966666666666666 0.0365 0.03133333333333333
5 0.2155 0.23566666666666666 0.046 0.028666666666666667
3 0.34950000000000003 0.24966666666666665 0.043000000000000003 0.02333333333333333
3 0.2925 0.24666666666666665 0.025 0.032
3 0.27 0.26966666666666667 0.023 0.03133333333333333
4 0.17525000000000002 0.3396666666666667 0.0485 0.043333333333333335
4 0.2245 0.33666666666666667 0.06 0.03733333333333333
4 0.23700000000000002 0.35266666666666663 0.059000000000000004 0.04533333333333333
4 0.3655 0.32966666666666666 0.06 0.035333333333333335
4 0.369 0.3516666666666666 0.055 0.035333333333333335
4 0.357 0.37066666666666664 0.065 0.03733333333333333
4 0.195 0.42266666666666663 0.085 0.04933333333333333
6 0.3015 0.35666666666666663 0.026000000000000002 0.032
9 0.23975000000000002 0.39199999999999996 0.0305 0.024
0 0.42175 0.36866666666666664 0.0125 0.04
4 0.4275 0.3416666666666667 0.024 0.051333333333333335
