4 0.4475 0.08666666666666667 0.03214285714285714 0.06476190476190476
0 0.02 0.37476190476190474 0.025714285714285714 0.05619047619047619
0 0.21964285714285714 0.43761904761904763 0.02214285714285714 0.05047619047619047
0 0.15178571428571427 0.4442857142857143 0.016428571428571428 0.039047619047619046
0 0.16 0.4442857142857143 0.02 0.05619047619047619
3 0.18464285714285714 0.5238095238095238 0.085 0.12
3 0.26 0.5519047619047619 0.08857142857142856 0.13047619047619047
3 0.30964285714285716 0.39476190476190476 0.06785714285714285 0.10952380952380952
3 0.33714285714285713 0.2947619047619048 0.05285714285714286 0.08285714285714285
4 0.35892857142857143 0.22476190476190477 0.039285714285714285 0.06285714285714286
4 0.37535714285714283 0.16476190476190475 0.03785714285714286 0.06285714285714286
3 0.3875 0.11952380952380952 0.03785714285714286 0.05238095238095238
3 0.40285714285714286 0.05476190476190476 0.032857142857142856 0.04476190476190476
3 0.41035714285714286 0.03238095238095238 0.035 0.03238095238095238
3 0.02214285714285714 0.49 0.045714285714285714 0.09238095238095238
3 0.05892857142857143 0.43714285714285717 0.09642857142857143 0.09904761904761905
3 0.10964285714285714 0.3738095238095238 0.115 0.07333333333333333
3 0.115 0.31952380952380954 0.11285714285714285 0.07523809523809524
3 0.14035714285714285 0.28 0.10071428571428571 0.06285714285714286
3 0.16464285714285715 0.2523809523809524 0.09928571428571428 0.05714285714285714
3 0.17785714285714285 0.22952380952380952 0.09428571428571429 0.05714285714285714
3 0.5171428571428571 0.41 0.047142857142857146 0.1
3 0.5175 0.28714285714285714 0.035 0.06761904761904762
4 0.5771428571428572 0.3742857142857143 0.047142857142857146 0.09523809523809523
3 0.5946428571428571 0.4847619047619048 0.060714285714285714 0.1219047619047619
3 0.6671428571428571 0.3676190476190476 0.08571428571428572 0.05523809523809524
3 0.58 0.61 0.06714285714285714 0.14761904761904762
0 0.7253571428571428 0.5 0.017857142857142856 0.05523809523809524
1 0.5971428571428572 0.7376190476190476 0.022857142857142857 0.058095238095238096
0 0.6892857142857143 0.7752380952380953 0.022857142857142857 0.05523809523809524
7 0.6417857142857143 0.7276190476190476 0.065 0.19428571428571428
1 0.7546428571428572 0.6219047619047618 0.025 0.04
0 0.7625 0.719047619047619 0.02214285714285714 0.05523809523809524
0 0.8067857142857143 0.7747619047619048 0.023571428571428573 0.05238095238095238
0 0.7678571428571429 0.7595238095238095 0.03 0.06952380952380953
3 0.6946428571428571 0.5714285714285714 0.08071428571428571 0.12761904761904763
0 0.75 0.6576190476190477 0.032857142857142856 0.054285714285714284
6 0.7242857142857143 0.7295238095238096 0.045714285714285714 0.10666666666666666
0 0.8696428571428572 0.77 0.03785714285714286 0.07142857142857142
0 0.8789285714285714 0.5866666666666667 0.023571428571428573 0.047619047619047616
0 0.8596428571428572 0.61 0.025 0.06
7 0.6917857142857143 0.8966666666666666 0.10642857142857143 0.11142857142857143
1 0.5342857142857143 0.7423809523809524 0.027142857142857142 0.05238095238095238
9 0.5325 0.7647619047619048 0.029285714285714286 0.07047619047619047
0 0.7989285714285714 0.24476190476190476 0.012142857142857143 0.04
