4 0.2596428571428571 0.4708121827411167 0.03214285714285714 0.035532994923857864
4 0.2767857142857143 0.506979695431472 0.027857142857142858 0.049492385786802026
3 0.49714285714285716 0.3889593908629441 0.012857142857142857 0.04695431472081218
3 0.385 0.9606598984771573 0.02 0.07614213197969542
3 0.47714285714285715 0.9111675126903552 0.017142857142857144 0.07614213197969542
3 0.4539285714285714 0.6072335025380711 0.013571428571428571 0.05456852791878172
3 0.4 0.7639593908629441 0.015714285714285715 0.06091370558375634
3 0.5042857142857143 0.7081218274111675 0.017142857142857144 0.07106598984771573
3 0.5096428571428572 0.6097715736040609 0.015 0.06218274111675126
3 0.6396428571428572 0.7994923857868019 0.017857142857142856 0.07360406091370558
4 0.6071428571428571 0.5640862944162436 0.015714285714285715 0.052030456852791875
3 0.6 0.3432741116751269 0.012857142857142857 0.04187817258883248
3 0.4542857142857143 0.35977157360406087 0.01 0.03680203045685279
8 0.4546428571428571 0.2049492385786802 0.015 0.05964467005076142
3 0.5167857142857143 0.3413705583756345 0.012142857142857143 0.048223350253807105
3 0.5071428571428571 0.1947969543147208 0.01 0.03426395939086294
3 0.5939285714285715 0.2442893401015228 0.012142857142857143 0.03934010152284264
4 0.5914285714285714 0.06218274111675126 0.011428571428571429 0.032994923857868015
3 0.5139285714285714 0.04378172588832487 0.010714285714285714 0.029187817258883246
3 0.48392857142857143 0.012055837563451776 0.009285714285714286 0.024111675126903553
4 0.3792857142857143 0.21002538071065988 0.012857142857142857 0.029187817258883246
4 0.33785714285714286 0.1548223350253807 0.024285714285714285 0.015228426395939085
4 0.3314285714285714 0.14403553299492386 0.017142857142857144 0.016497461928934008
4 0.3221428571428571 0.1351522842639594 0.022857142857142857 0.011421319796954314
4 0.3125 0.12436548223350252 0.025 0.02030456852791878
3 0.145 0.972715736040609 0.041428571428571426 0.052030456852791875
8 0.0175 0.8534263959390862 0.03642857142857143 0.07741116751269035
