0 0.3 0.8642131979695431 0.01 0.025380710659898477
0 0.35464285714285715 0.8058375634517766 0.009285714285714286 0.025380710659898477
0 0.34714285714285714 0.7874365482233502 0.01 0.031725888324873094
0 0.365 0.5209390862944162 0.01 0.03680203045685279
1 0.355 0.5203045685279187 0.01 0.02030456852791878
0 0.3917857142857143 0.4181472081218274 0.007857142857142858 0.024111675126903553
0 0.24678571428571427 0.2347715736040609 0.010714285714285714 0.035532994923857864
1 0.35035714285714287 0.32677664974619286 0.012142857142857143 0.024111675126903553
1 0.3439285714285714 0.3413705583756345 0.015 0.02284263959390863
0 0.3817857142857143 0.23286802030456852 0.0064285714285714285 0.03426395939086294
0 0.3925 0.22652284263959388 0.009285714285714286 0.03426395939086294
0 0.5053571428571428 0.14530456852791876 0.0064285714285714285 0.03426395939086294
1 0.5221428571428571 0.1611675126903553 0.012857142857142857 0.02030456852791878
0 0.42214285714285715 0.1618020304568528 0.007142857142857143 0.03680203045685279
1 0.41535714285714287 0.16560913705583755 0.005 0.026649746192893398
1 0.4089285714285714 0.15862944162436546 0.005 0.017766497461928932
1 0.4139285714285714 0.15736040609137056 0.007857142857142858 0.01015228426395939
0 0.45535714285714285 0.1465736040609137 0.0064285714285714285 0.026649746192893398
0 0.49714285714285716 0.1465736040609137 0.005714285714285714 0.024111675126903553
0 0.5339285714285714 0.048223350253807105 0.0064285714285714285 0.032994923857868015
0 0.48428571428571426 0.11357868020304568 0.007142857142857143 0.024111675126903553
0 0.4875 0.11611675126903552 0.005 0.024111675126903553
0 0.48964285714285716 0.07550761421319796 0.005 0.021573604060913704
0 0.4928571428571429 0.050761421319796954 0.007142857142857143 0.03045685279187817
0 0.5092857142857142 0.05837563451776649 0.007142857142857143 0.027918781725888322
0 0.5042857142857143 0.049492385786802026 0.007142857142857143 0.032994923857868015
0 0.5389285714285714 0.027918781725888322 0.0064285714285714285 0.027918781725888322
9 0.016428571428571428 0.3813451776649746 0.025714285714285714 0.07233502538071065
4 0.0275 0.174492385786802 0.056428571428571425 0.11548223350253806
1 0.016428571428571428 0.37309644670050757 0.02 0.04060913705583756
