0 0.37785714285714284 0.8747619047619047 0.018571428571428572 0.02761904761904762
0 0.34464285714285714 0.969047619047619 0.025 0.018095238095238095
0 0.34714285714285714 0.9542857142857143 0.022857142857142857 0.015238095238095238
0 0.3717857142857143 0.981904761904762 0.017857142857142856 0.026666666666666665
0 0.32535714285714284 0.8095238095238095 0.02214285714285714 0.03428571428571429
0 0.31464285714285717 0.8366666666666667 0.025 0.037142857142857144
0 0.29392857142857143 0.8623809523809524 0.025 0.035238095238095235
0 0.27535714285714286 0.8795238095238095 0.023571428571428573 0.035238095238095235
0 0.27964285714285714 0.861904761904762 0.02214285714285714 0.03238095238095238
0 0.2596428571428571 0.7114285714285714 0.017857142857142856 0.02857142857142857
0 0.2775 0.6952380952380952 0.016428571428571428 0.030476190476190476
0 0.29464285714285715 0.6766666666666666 0.015 0.02761904761904762
0 0.25535714285714284 0.6066666666666667 0.016428571428571428 0.03238095238095238
0 0.24964285714285714 0.5838095238095238 0.015 0.03238095238095238
0 0.2767857142857143 0.5719047619047619 0.016428571428571428 0.029523809523809525
0 0.27464285714285713 0.5595238095238095 0.015 0.029523809523809525
0 0.28035714285714286 0.55 0.016428571428571428 0.02761904761904762
0 0.30142857142857143 0.55 0.014285714285714285 0.03142857142857143
0 0.3067857142857143 0.5419047619047619 0.015 0.03238095238095238
0 0.2925 0.5219047619047619 0.016428571428571428 0.030476190476190476
0 0.2892857142857143 0.5119047619047619 0.01 0.02761904761904762
0 0.2621428571428571 0.48904761904761906 0.017142857142857144 0.02761904761904762
0 0.2571428571428571 0.4795238095238095 0.012857142857142857 0.029523809523809525
0 0.3003571428571429 0.4942857142857143 0.017857142857142856 0.030476190476190476
0 0.29214285714285715 0.47904761904761906 0.012857142857142857 0.02857142857142857
0 0.3196428571428571 0.4747619047619048 0.015 0.029523809523809525
0 0.3171428571428571 0.439047619047619 0.017142857142857144 0.02857142857142857
0 0.3125 0.42714285714285716 0.013571428571428571 0.029523809523809525
0 0.28714285714285714 0.42142857142857143 0.017142857142857144 0.029523809523809525
0 0.28535714285714286 0.4138095238095238 0.016428571428571428 0.02761904761904762
0 0.4446428571428571 0.47714285714285715 0.009285714285714286 0.030476190476190476
0 0.4539285714285714 0.5019047619047619 0.012142857142857143 0.02857142857142857
9 0.48428571428571426 0.48142857142857143 0.02857142857142857 0.025714285714285714
1 0.485 0.47714285714285715 0.012857142857142857 0.02095238095238095
1 0.48 0.47714285714285715 0.012857142857142857 0.024761904761904763
0 0.505 0.4419047619047619 0.008571428571428572 0.030476190476190476
0 0.5178571428571429 0.4642857142857143 0.011428571428571429 0.03142857142857143
0 0.5178571428571429 0.4523809523809524 0.008571428571428572 0.02857142857142857
0 0.5214285714285715 0.44 0.01 0.030476190476190476
0 0.6175 0.44952380952380955 0.007857142857142858 0.030476190476190476
0 0.6267857142857143 0.43666666666666665 0.007857142857142858 0.02761904761904762
0 0.5742857142857143 0.44142857142857145 0.011428571428571429 0.02761904761904762
0 0.5675 0.4319047619047619 0.015 0.029523809523809525
0 0.565 0.42428571428571427 0.011428571428571429 0.02761904761904762
0 0.5917857142857142 0.4114285714285714 0.012142857142857143 0.026666666666666665
0 0.5896428571428571 0.40190476190476193 0.012142857142857143 0.026666666666666665
0 0.6246428571428572 0.379047619047619 0.015 0.02857142857142857
0 0.7553571428571428 0.44142857142857145 0.015 0.02761904761904762
0 0.7478571428571429 0.43476190476190474 0.014285714285714285 0.02761904761904762
0 0.7621428571428571 0.42714285714285716 0.012857142857142857 0.02761904761904762
0 0.7746428571428572 0.40904761904761905 0.017857142857142856 0.029523809523809525
0 0.7803571428571429 0.39476190476190476 0.020714285714285713 0.029523809523809525
0 0.09 0.8195238095238095 0.027142857142857142 0.02761904761904762
0 0.06142857142857143 0.7747619047619048 0.032857142857142856 0.025714285714285714
0 0.01 0.7347619047619047 0.02142857142857143 0.025714285714285714
0 0.010357142857142856 0.7142857142857143 0.02214285714285714 0.03238095238095238
0 0.02 0.6447619047619048 0.032857142857142856 0.03238095238095238
0 0.015 0.6338095238095238 0.027142857142857142 0.03142857142857143
0 0.0225 0.6242857142857143 0.027857142857142858 0.03142857142857143
0 0.15 0.611904761904762 0.025714285714285714 0.029523809523809525
0 0.14714285714285713 0.5966666666666667 0.027142857142857142 0.02761904761904762
0 0.016785714285714286 0.5247619047619048 0.02642857142857143 0.03238095238095238
0 0.0475 0.5571428571428572 0.027857142857142858 0.030476190476190476
0 0.04428571428571428 0.5466666666666666 0.02142857142857143 0.024761904761904763
0 0.0475 0.5395238095238095 0.02214285714285714 0.025714285714285714
0 0.27 0.23714285714285716 0.01 0.022857142857142857
3 0.4421428571428571 0.07666666666666666 0.027142857142857142 0.02761904761904762
5 0.4142857142857143 0.06952380952380953 0.045714285714285714 0.045714285714285714
