0 0.6064285714285714 0.9576190476190476 0.04 0.08285714285714285
0 0.5042857142857143 0.8476190476190476 0.03428571428571429 0.08952380952380952
0 0.235 0.5852380952380952 0.02 0.04857142857142857
0 0.2742857142857143 0.5595238095238095 0.022857142857142857 0.06761904761904762
0 0.33785714285714286 0.38666666666666666 0.018571428571428572 0.047619047619047616
0 0.6071428571428571 0.2695238095238095 0.01 0.026666666666666665
0 0.6317857142857143 0.2671428571428571 0.012142857142857143 0.029523809523809525
0 0.6492857142857142 0.26904761904761904 0.008571428571428572 0.02761904761904762
0 0.66 0.2814285714285714 0.007142857142857143 0.03142857142857143
0 0.6678571428571428 0.27 0.011428571428571429 0.03333333333333333
0 0.655 0.26476190476190475 0.008571428571428572 0.030476190476190476
0 0.6889285714285714 0.25 0.012142857142857143 0.025714285714285714
0 0.7378571428571429 0.24428571428571427 0.008571428571428572 0.023809523809523808
0 0.7321428571428571 0.2338095238095238 0.01 0.021904761904761906
3 0.13285714285714287 0.5947619047619047 0.10142857142857142 0.11714285714285715
3 0.19214285714285714 0.5071428571428571 0.07 0.08476190476190476
3 0.355 0.7447619047619047 0.19857142857142857 0.12761904761904763
3 0.37 0.6076190476190476 0.15571428571428572 0.09142857142857143
3 0.3921428571428571 0.46714285714285714 0.12 0.06
3 0.4625 0.40476190476190477 0.05357142857142857 0.08190476190476191
3 0.39964285714285713 0.38952380952380955 0.085 0.047619047619047616
3 0.5471428571428572 0.4666666666666667 0.07285714285714286 0.09333333333333334
3 0.6539285714285714 0.8247619047619048 0.115 0.24
3 0.6775 0.5166666666666667 0.125 0.07904761904761905
4 0.6246428571428572 0.6319047619047619 0.07785714285714286 0.15523809523809523
4 0.41214285714285714 0.35428571428571426 0.07571428571428572 0.04
4 0.42928571428571427 0.33666666666666667 0.06285714285714286 0.035238095238095235
4 0.43214285714285716 0.3038095238095238 0.055714285714285716 0.030476190476190476
3 0.4342857142857143 0.31761904761904763 0.05285714285714286 0.021904761904761906
3 0.42964285714285716 0.2947619047619048 0.06928571428571428 0.029523809523809525
3 0.4425 0.25666666666666665 0.055 0.02761904761904762
3 0.4467857142857143 0.23904761904761904 0.04357142857142857 0.01904761904761905
3 0.4492857142857143 0.23 0.04285714285714286 0.023809523809523808
4 0.4525 0.2119047619047619 0.045 0.021904761904761906
3 0.45785714285714285 0.19666666666666666 0.03 0.018095238095238095
3 0.4575 0.18428571428571427 0.03357142857142857 0.02
3 0.42964285714285716 0.18428571428571427 0.020714285714285713 0.02
3 0.48142857142857143 0.17952380952380953 0.02 0.02
4 0.5778571428571428 0.19142857142857142 0.032857142857142856 0.015238095238095238
3 0.535 0.20142857142857143 0.03571428571428571 0.01619047619047619
3 0.5325 0.1919047619047619 0.03214285714285714 0.02
3 0.53 0.1819047619047619 0.03142857142857143 0.017142857142857144
3 0.5221428571428571 0.18 0.03571428571428571 0.017142857142857144
3 0.5096428571428572 0.16 0.015 0.01904761904761905
3 0.5021428571428571 0.14714285714285713 0.01 0.012380952380952381
3 0.49892857142857144 0.13904761904761906 0.013571428571428571 0.013333333333333332
