3 0.44785714285714284 0.7942857142857143 0.07714285714285714 0.07238095238095238
0 0.2975 0.8566666666666667 0.016428571428571428 0.025714285714285714
0 0.3125 0.8295238095238096 0.017857142857142856 0.02095238095238095
9 0.34785714285714286 0.8266666666666667 0.017142857142857144 0.06285714285714286
1 0.34785714285714286 0.8166666666666667 0.017142857142857144 0.02761904761904762
9 0.30892857142857144 0.7623809523809524 0.020714285714285713 0.04285714285714286
0 0.2517857142857143 0.7019047619047619 0.013571428571428571 0.024761904761904763
9 0.26964285714285713 0.7066666666666667 0.012142857142857143 0.04
1 0.2671428571428571 0.6995238095238095 0.012857142857142857 0.025714285714285714
5 0.355 0.5571428571428572 0.03571428571428571 0.08761904761904762
4 0.3967857142857143 0.5623809523809524 0.04214285714285714 0.08285714285714285
0 0.2596428571428571 0.5442857142857143 0.015 0.02761904761904762
0 0.27214285714285713 0.46714285714285714 0.012857142857142857 0.025714285714285714
6 0.3525 0.4595238095238095 0.02214285714285714 0.05238095238095238
9 0.31464285714285717 0.4542857142857143 0.012142857142857143 0.04
1 0.3142857142857143 0.45 0.012857142857142857 0.025714285714285714
9 0.24714285714285714 0.4095238095238095 0.03 0.026666666666666665
0 0.22142857142857142 0.40476190476190477 0.01 0.024761904761904763
1 0.25892857142857145 0.3242857142857143 0.010714285714285714 0.014285714285714285
1 0.27 0.3171428571428571 0.01 0.017142857142857144
1 0.235 0.3119047619047619 0.01 0.01619047619047619
1 0.2714285714285714 0.2895238095238095 0.014285714285714285 0.013333333333333332
0 0.30142857142857143 0.23952380952380953 0.01 0.02761904761904762
0 0.2978571428571429 0.20476190476190476 0.011428571428571429 0.02857142857142857
0 0.29892857142857143 0.14952380952380953 0.010714285714285714 0.026666666666666665
0 0.30142857142857143 0.13714285714285715 0.011428571428571429 0.026666666666666665
0 0.29678571428571426 0.12476190476190477 0.009285714285714286 0.024761904761904763
0 0.305 0.10476190476190476 0.008571428571428572 0.02857142857142857
0 0.285 0.07714285714285714 0.008571428571428572 0.024761904761904763
0 0.31214285714285717 0.06714285714285714 0.01 0.029523809523809525
0 0.3242857142857143 0.06666666666666667 0.007142857142857143 0.026666666666666665
3 0.37892857142857145 0.04476190476190476 0.02642857142857143 0.049523809523809526
3 0.3742857142857143 0.10476190476190476 0.027142857142857142 0.05142857142857143
4 0.375 0.15428571428571428 0.027142857142857142 0.06285714285714286
4 0.37464285714285717 0.22666666666666666 0.027857142857142858 0.08
6 0.36142857142857143 0.32142857142857145 0.014285714285714285 0.037142857142857144
9 0.35464285714285715 0.3523809523809524 0.012142857142857143 0.030476190476190476
9 0.36 0.41714285714285715 0.01 0.03238095238095238
4 0.38 0.3942857142857143 0.03428571428571429 0.08
3 0.3892857142857143 0.4695238095238095 0.03857142857142857 0.07809523809523809
9 0.37285714285714283 0.28476190476190477 0.027142857142857142 0.01904761904761905
4 0.4067857142857143 0.7019047619047619 0.03642857142857143 0.08952380952380952
2 0.6278571428571429 0.8919047619047619 0.03571428571428571 0.02761904761904762
1 0.6275 0.8866666666666667 0.016428571428571428 0.026666666666666665
0 0.5825 0.8223809523809524 0.015 0.02761904761904762
0 0.5925 0.8423809523809523 0.012142857142857143 0.02
0 0.7775 0.9652380952380952 0.02214285714285714 0.025714285714285714
3 0.6071428571428571 0.6490476190476191 0.05285714285714286 0.11333333333333333
3 0.72 0.6423809523809524 0.055714285714285716 0.1019047619047619
3 0.7939285714285714 0.6319047619047619 0.08785714285714286 0.06190476190476191
0 0.8578571428571429 0.7066666666666667 0.018571428571428572 0.026666666666666665
0 0.8671428571428571 0.6766666666666666 0.017142857142857144 0.02761904761904762
0 0.93 0.6523809523809524 0.02 0.024761904761904763
3 0.9842857142857143 0.72 0.03 0.10095238095238095
5 0.8578571428571429 0.5495238095238095 0.07 0.13333333333333333
3 0.9103571428571429 0.4795238095238095 0.06357142857142857 0.09047619047619047
3 0.7675 0.3323809523809524 0.04357142857142857 0.06476190476190476
3 0.845 0.32476190476190475 0.05 0.07047619047619047
3 0.8021428571428572 0.21 0.047142857142857146 0.06
3 0.725 0.11952380952380952 0.037142857142857144 0.06
4 0.81 0.1742857142857143 0.05714285714285714 0.05523809523809524
3 0.8067857142857143 0.13904761904761906 0.055 0.047619047619047616
4 0.8321428571428572 0.12142857142857143 0.06285714285714286 0.05047619047619047
3 0.825 0.08238095238095237 0.06285714285714286 0.040952380952380955
9 0.6346428571428572 0.3742857142857143 0.015 0.04
9 0.5946428571428571 0.13666666666666666 0.012142857142857143 0.03333333333333333
9 0.5675 0.13428571428571429 0.012142857142857143 0.03238095238095238
3 0.46535714285714286 0.12904761904761905 0.029285714285714286 0.07142857142857142
0 0.49464285714285716 0.1595238095238095 0.007857142857142858 0.03333333333333333
0 0.49642857142857144 0.047142857142857146 0.01 0.035238095238095235
0 0.47964285714285715 0.07952380952380952 0.009285714285714286 0.035238095238095235
3 0.665 0.07142857142857142 0.06142857142857143 0.05142857142857143
0 0.12428571428571429 0.9347619047619048 0.018571428571428572 0.02761904761904762
0 0.3575 0.9823809523809524 0.02214285714285714 0.023809523809523808
0 0.6014285714285714 0.9847619047619047 0.017142857142857144 0.026666666666666665
