0 0.46785714285714286 0.6519047619047619 0.005714285714285714 0.021904761904761906
0 0.47 0.6295238095238095 0.005714285714285714 0.02095238095238095
3 0.46035714285714285 0.5 0.025 0.06285714285714286
3 0.37714285714285717 0.46190476190476193 0.022857142857142857 0.06476190476190476
0 0.47214285714285714 0.40904761904761905 0.002857142857142857 0.021904761904761906
3 0.3775 0.3395238095238095 0.019285714285714285 0.05047619047619047
3 0.4521428571428571 0.3295238095238095 0.022857142857142857 0.047619047619047616
3 0.45 0.2714285714285714 0.024285714285714285 0.049523809523809526
3 0.3717857142857143 0.2742857142857143 0.020714285714285713 0.047619047619047616
3 0.44642857142857145 0.21523809523809523 0.02142857142857143 0.047619047619047616
3 0.37285714285714283 0.22 0.02 0.04380952380952381
3 0.37392857142857144 0.16666666666666666 0.019285714285714285 0.04
3 0.4446428571428571 0.14952380952380953 0.017857142857142856 0.04
3 0.44 0.11142857142857143 0.02 0.0380952380952381
4 0.375 0.12666666666666668 0.017142857142857144 0.03238095238095238
3 0.37535714285714283 0.09 0.017857142857142856 0.03142857142857143
3 0.3942857142857143 0.05952380952380952 0.018571428571428572 0.037142857142857144
3 0.37464285714285717 0.023809523809523808 0.02214285714285714 0.0419047619047619
