3 0.17214285714285715 0.2019047619047619 0.027142857142857142 0.017142857142857144
0 0.3417857142857143 0.2019047619047619 0.0064285714285714285 0.015238095238095238
3 0.9228571428571428 0.10523809523809524 0.025714285714285714 0.018095238095238095
3 0.7275 0.3119047619047619 0.035 0.021904761904761906
3 0.4714285714285714 0.37523809523809526 0.04428571428571428 0.024761904761904763
3 0.3375 0.44666666666666666 0.04642857142857143 0.024761904761904763
3 0.24142857142857144 0.5214285714285715 0.022857142857142857 0.04476190476190476
3 0.36678571428571427 0.5542857142857143 0.047857142857142855 0.03238095238095238
4 0.021785714285714287 0.3342857142857143 0.02214285714285714 0.024761904761904763
3 0.19214285714285714 0.579047619047619 0.027142857142857142 0.0380952380952381
4 0.1767857142857143 0.6747619047619048 0.039285714285714285 0.05238095238095238
4 0.22785714285714287 0.6152380952380953 0.032857142857142856 0.05904761904761905
4 0.41714285714285715 0.6723809523809524 0.06714285714285714 0.05142857142857143
0 0.4039285714285714 0.5223809523809524 0.0064285714285714285 0.02
3 0.2621428571428571 0.6142857142857143 0.02 0.047619047619047616
0 0.275 0.6147619047619047 0.007142857142857143 0.014285714285714285
3 0.37 0.5847619047619048 0.04285714285714286 0.02857142857142857
3 0.4225 0.5647619047619048 0.04357142857142857 0.030476190476190476
3 0.4275 0.6142857142857143 0.04928571428571429 0.03238095238095238
3 0.5 0.5747619047619048 0.03 0.06
3 0.4617857142857143 0.4847619047619048 0.03785714285714286 0.022857142857142857
3 0.23714285714285716 0.6966666666666667 0.027142857142857142 0.06190476190476191
3 0.26285714285714284 0.7595238095238095 0.06142857142857143 0.04285714285714286
3 0.30392857142857144 0.5723809523809524 0.04928571428571429 0.03428571428571429
1 0.2975 0.5171428571428571 0.005 0.009523809523809525
3 0.365 0.6190476190476191 0.054285714285714284 0.03238095238095238
3 0.4903571428571429 0.6671428571428571 0.052142857142857144 0.035238095238095235
3 0.4742857142857143 0.7019047619047619 0.054285714285714284 0.03619047619047619
0 0.46 0.6819047619047619 0.007142857142857143 0.01904761904761905
3 0.4878571428571429 0.7295238095238096 0.06285714285714286 0.045714285714285714
3 0.6614285714285715 0.6447619047619048 0.05142857142857143 0.03238095238095238
3 0.47928571428571426 0.8142857142857143 0.06142857142857143 0.045714285714285714
3 0.6017857142857143 0.7523809523809524 0.060714285714285714 0.045714285714285714
3 0.6275 0.7847619047619048 0.05785714285714286 0.04380952380952381
3 0.615 0.8342857142857143 0.05142857142857143 0.047619047619047616
3 0.6096428571428572 0.929047619047619 0.062142857142857146 0.08095238095238096
3 0.47464285714285714 0.9742857142857143 0.027857142857142858 0.049523809523809526
3 0.5171428571428571 0.969047619047619 0.032857142857142856 0.06
3 0.5575 0.9671428571428572 0.035 0.06380952380952382
4 0.4903571428571429 0.48142857142857143 0.017857142857142856 0.037142857142857144
4 0.465 0.5666666666666667 0.04 0.08761904761904762
1 0.2275 0.83 0.007857142857142858 0.02
1 0.34 0.9423809523809524 0.007142857142857143 0.012380952380952381
1 0.3271428571428571 0.9471428571428572 0.01 0.014285714285714285
1 0.3221428571428571 0.9714285714285714 0.01 0.015238095238095238
1 0.33714285714285713 0.98 0.01 0.015238095238095238
0 0.30964285714285716 0.7795238095238095 0.007857142857142858 0.02
0 0.3342857142857143 0.8095238095238095 0.01 0.017142857142857144
0 0.33035714285714285 0.8947619047619048 0.007857142857142858 0.01619047619047619
0 0.3196428571428571 0.9066666666666666 0.007857142857142858 0.015238095238095238
0 0.3796428571428571 0.9071428571428571 0.010714285714285714 0.02
0 0.4471428571428571 0.9166666666666666 0.01 0.014285714285714285
9 0.3625 0.6595238095238095 0.0064285714285714285 0.021904761904761906
9 0.3525 0.6642857142857143 0.0064285714285714285 0.025714285714285714
9 0.5925 0.6342857142857142 0.009285714285714286 0.024761904761904763
9 0.6064285714285714 0.6319047619047619 0.01 0.021904761904761906
9 0.6128571428571429 0.6276190476190476 0.01 0.024761904761904763
9 0.64 0.6152380952380953 0.007142857142857143 0.022857142857142857
9 0.6321428571428571 0.6176190476190476 0.01 0.02761904761904762
1 0.6725 0.6942857142857143 0.007857142857142858 0.011428571428571429
1 0.6689285714285714 0.7047619047619048 0.007857142857142858 0.015238095238095238
1 0.6778571428571428 0.7171428571428572 0.005714285714285714 0.017142857142857144
1 0.6917857142857143 0.7042857142857143 0.007857142857142858 0.012380952380952381
0 0.7064285714285714 0.8047619047619048 0.005714285714285714 0.015238095238095238
0 0.7267857142857143 0.8247619047619048 0.0064285714285714285 0.017142857142857144
0 0.7417857142857143 0.87 0.007857142857142858 0.02
0 0.7267857142857143 0.8795238095238095 0.0064285714285714285 0.021904761904761906
0 0.7171428571428572 0.8590476190476191 0.007142857142857143 0.02095238095238095
0 0.7075 0.85 0.007857142857142858 0.02
0 0.6289285714285714 0.8719047619047618 0.012142857142857143 0.02
0 0.6139285714285714 0.8771428571428571 0.009285714285714286 0.02095238095238095
9 0.6646428571428571 0.8790476190476191 0.025 0.022857142857142857
9 0.6767857142857143 0.9071428571428571 0.02642857142857143 0.02
9 0.6617857142857143 0.8976190476190476 0.025 0.01619047619047619
9 0.6703571428571429 0.9271428571428572 0.023571428571428573 0.012380952380952381
9 0.6714285714285714 0.94 0.02142857142857143 0.015238095238095238
9 0.6767857142857143 0.9519047619047619 0.023571428571428573 0.02
9 0.6814285714285714 0.9647619047619047 0.022857142857142857 0.015238095238095238
9 0.6928571428571428 0.9747619047619047 0.024285714285714285 0.02
9 0.6925 0.99 0.027857142857142858 0.018095238095238095
