3 0.4942857142857143 0.7975888324873096 0.032857142857142856 0.08248730964467005
5 0.6525 0.6015228426395939 0.07214285714285715 0.16751269035532992
4 0.4421428571428571 0.6186548223350253 0.024285714285714285 0.06725888324873096
4 0.4664285714285714 0.4682741116751269 0.024285714285714285 0.06852791878172589
3 0.5214285714285715 0.3965736040609137 0.02142857142857143 0.031725888324873094
3 0.4278571428571429 0.4479695431472081 0.017142857142857144 0.02284263959390863
3 0.4492857142857143 0.3496192893401015 0.012857142857142857 0.019035532994923856
3 0.4764285714285714 0.29441624365482233 0.017142857142857144 0.02284263959390863
3 0.3192857142857143 0.3115482233502538 0.01 0.016497461928934008
3 0.3625 0.26903553299492383 0.012142857142857143 0.01015228426395939
3 0.33214285714285713 0.2049492385786802 0.01 0.008883248730964466
3 0.3296428571428571 0.24682741116751267 0.012142857142857143 0.013959390862944161
3 0.29964285714285716 0.20431472081218272 0.010714285714285714 0.01015228426395939
4 0.2375 0.18274111675126903 0.007857142857142858 0.01015228426395939
3 0.19964285714285715 0.17703045685279187 0.007857142857142858 0.008883248730964466
3 0.1925 0.1548223350253807 0.005 0.0076142131979695426
3 0.21464285714285714 0.15355329949238578 0.005 0.0076142131979695426
3 0.21464285714285714 0.14720812182741116 0.005 0.005076142131979695
3 0.205 0.14403553299492386 0.005714285714285714 0.006345177664974619
3 0.22428571428571428 0.14530456852791876 0.005714285714285714 0.006345177664974619
4 0.21464285714285714 0.13895939086294415 0.005 0.008883248730964466
4 0.22892857142857143 0.13451776649746192 0.005 0.005076142131979695
3 0.2225 0.133248730964467 0.005 0.005076142131979695
3 0.23464285714285715 0.12563451776649745 0.005 0.005076142131979695
3 0.24785714285714286 0.1548223350253807 0.007142857142857143 0.0076142131979695426
3 0.2475 0.133248730964467 0.005 0.0076142131979695426
3 0.2542857142857143 0.1351522842639594 0.005714285714285714 0.008883248730964466
3 0.24785714285714286 0.3794416243654822 0.014285714285714285 0.02030456852791878
8 0.13714285714285715 0.6002538071065989 0.05714285714285714 0.06091370558375634
3 0.8303571428571429 0.4098984771573604 0.023571428571428573 0.012690355329949238
0 0.8046428571428571 0.266497461928934 0.002142857142857143 0.01015228426395939
0 0.7996428571428571 0.2652284263959391 0.002142857142857143 0.01015228426395939
8 0.7171428571428572 0.15989847715736039 0.027142857142857142 0.015228426395939085
8 0.6871428571428572 0.15736040609137056 0.027142857142857142 0.017766497461928932
8 0.6521428571428571 0.1548223350253807 0.005714285714285714 0.017766497461928932
8 0.6464285714285715 0.1548223350253807 0.005714285714285714 0.015228426395939085
8 0.6396428571428572 0.1548223350253807 0.005 0.015228426395939085
8 0.6342857142857142 0.15355329949238578 0.005714285714285714 0.015228426395939085
