8 0.7217857142857143 0.7271428571428571 0.10357142857142858 0.2923809523809524
5 0.8367857142857142 0.7919047619047619 0.16785714285714284 0.34
5 0.6664285714285715 0.48904761904761906 0.03 0.07142857142857142
5 0.71 0.4742857142857143 0.054285714285714284 0.12
7 0.5425 0.5623809523809524 0.03214285714285714 0.05238095238095238
5 0.6196428571428572 0.25952380952380955 0.012142857142857143 0.02761904761904762
4 0.6321428571428571 0.29904761904761906 0.012857142857142857 0.02857142857142857
5 0.6503571428571429 0.30952380952380953 0.016428571428571428 0.03238095238095238
3 0.7578571428571429 0.2938095238095238 0.008571428571428572 0.012380952380952381
9 0.22035714285714286 0.6114285714285714 0.02642857142857143 0.030476190476190476
9 0.2275 0.5995238095238096 0.025 0.029523809523809525
9 0.24928571428571428 0.5819047619047619 0.02857142857142857 0.022857142857142857
9 0.2542857142857143 0.5747619047619048 0.024285714285714285 0.02
9 0.26035714285714284 0.5666666666666667 0.025 0.02095238095238095
9 0.2671428571428571 0.6447619047619048 0.03 0.026666666666666665
9 0.2789285714285714 0.6352380952380953 0.027857142857142858 0.024761904761904763
9 0.31892857142857145 0.6414285714285715 0.027857142857142858 0.023809523809523808
9 0.3317857142857143 0.6176190476190476 0.030714285714285715 0.02761904761904762
9 0.3375 0.6142857142857143 0.025 0.022857142857142857
9 0.29714285714285715 0.5895238095238096 0.03 0.01904761904761905
9 0.32285714285714284 0.5947619047619047 0.02857142857142857 0.02761904761904762
9 0.305 0.5738095238095238 0.027142857142857142 0.014285714285714285
9 0.3325 0.5871428571428572 0.023571428571428573 0.02
0 0.6121428571428571 0.2995238095238095 0.002857142857142857 0.012380952380952381
0 0.6125 0.3295238095238095 0.0035714285714285713 0.013333333333333332
0 0.6171428571428571 0.3295238095238095 0.002857142857142857 0.015238095238095238
1 0.6267857142857143 0.3314285714285714 0.005 0.011428571428571429
1 0.6375 0.32476190476190475 0.005 0.013333333333333332
9 0.6367857142857143 0.3295238095238095 0.005 0.009523809523809525
9 0.6264285714285714 0.33476190476190476 0.004285714285714286 0.010476190476190476
5 0.6096428571428572 0.20523809523809525 0.007857142857142858 0.02
5 0.6125 0.20142857142857143 0.007857142857142858 0.021904761904761906
5 0.7242857142857143 0.2195238095238095 0.007142857142857143 0.014285714285714285
8 0.7217857142857143 0.2119047619047619 0.04357142857142857 0.01619047619047619
