5 0.31525000000000003 0.15866666666666665 0.0115 0.025333333333333333
3 0.31775000000000003 0.17566666666666667 0.0105 0.014
5 0.36775 0.16966666666666666 0.0115 0.019333333333333334
5 0.368 0.22999999999999998 0.019 0.028
5 0.31675000000000003 0.23266666666666666 0.0235 0.056
5 0.3145 0.19266666666666665 0.018000000000000002 0.03866666666666667
5 0.328 0.39166666666666666 0.043000000000000003 0.14466666666666667
3 0.31925000000000003 0.306 0.0185 0.024
7 0.35475 0.2806666666666667 0.0135 0.022666666666666665
3 0.37975000000000003 0.27266666666666667 0.0165 0.02
4 0.40775 0.325 0.0235 0.033999999999999996
3 0.431 0.39366666666666666 0.028 0.035333333333333335
3 0.37275 0.41466666666666663 0.029500000000000002 0.04133333333333333
0 0.40075 0.20266666666666666 0.0035 0.012
0 0.40325 0.204 0.0045000000000000005 0.012
1 0.2885 0.4686666666666667 0.01 0.021333333333333333
2 0.28925 0.48466666666666663 0.0095 0.026666666666666665
3 0.39 0.5856666666666667 0.037 0.07133333333333333
3 0.31325000000000003 0.7066666666666667 0.051500000000000004 0.104
5 0.5225 0.701 0.12 0.218
5 0.55875 0.5856666666666667 0.1275 0.23399999999999999
3 0.89675 0.8606666666666667 0.1315 0.092
3 0.8395 0.7886666666666666 0.124 0.08266666666666667
3 0.95625 0.753 0.08650000000000001 0.082
3 0.9862500000000001 0.8276666666666667 0.0265 0.062
0 0.9515 0.49566666666666664 0.018000000000000002 0.03666666666666667
9 0.8905000000000001 0.4126666666666666 0.013000000000000001 0.018666666666666665
9 0.90025 0.4096666666666667 0.0145 0.018
9 0.87425 0.39866666666666667 0.0135 0.02
9 0.8615 0.39766666666666667 0.01 0.019333333333333334
9 0.85375 0.39466666666666667 0.0115 0.018666666666666665
9 0.8290000000000001 0.38066666666666665 0.015 0.02
9 0.8405 0.37566666666666665 0.013000000000000001 0.018
3 0.79525 0.42566666666666664 0.0405 0.02333333333333333
3 0.77125 0.4136666666666666 0.0485 0.024666666666666667
0 0.788 0.35266666666666663 0.006 0.021333333333333333
3 0.7315 0.30966666666666665 0.03 0.020666666666666667
3 0.7085 0.2846666666666667 0.033 0.021333333333333333
9 0.733 0.28933333333333333 0.012 0.012
9 0.6725 0.27166666666666667 0.011 0.014
4 0.652 0.268 0.019 0.024
3 0.6305000000000001 0.31066666666666665 0.036000000000000004 0.018666666666666665
4 0.625 0.30166666666666664 0.037 0.020666666666666667
3 0.61425 0.29666666666666663 0.0305 0.018666666666666665
3 0.60575 0.29166666666666663 0.0275 0.018
4 0.58525 0.27299999999999996 0.029500000000000002 0.018
3 0.57625 0.26766666666666666 0.0275 0.015333333333333332
3 0.56975 0.264 0.0285 0.016
3 0.56675 0.25866666666666666 0.0285 0.018666666666666665
3 0.58075 0.23466666666666666 0.0175 0.017333333333333333
4 0.55325 0.21366666666666667 0.0175 0.016666666666666666
3 0.51575 0.22166666666666665 0.0265 0.015333333333333332
4 0.5555 0.19666666666666666 0.018000000000000002 0.013333333333333332
4 0.535 0.19366666666666665 0.014 0.011333333333333332
3 0.536 0.19166666666666665 0.022 0.01
6 0.49025 0.16966666666666666 0.0075 0.008666666666666666
3 0.47050000000000003 0.15966666666666665 0.014 0.008666666666666666
3 0.46900000000000003 0.15766666666666665 0.015 0.008666666666666666
3 0.4565 0.15066666666666667 0.008 0.008
0 0.448 0.14666666666666667 0.002 0.006666666666666666
