4 0.0975 0.69 0.055 0.04
3 0.02925 0.866 0.0585 0.064
3 0.7967500000000001 0.5746666666666667 0.0635 0.036
3 0.9732500000000001 0.6186666666666667 0.0525 0.03866666666666667
3 0.8565 0.5006666666666667 0.046 0.07333333333333333
3 0.7857500000000001 0.49366666666666664 0.0585 0.035333333333333335
3 0.785 0.45766666666666667 0.051000000000000004 0.035333333333333335
4 0.65325 0.4766666666666666 0.035500000000000004 0.08266666666666667
3 0.64975 0.40166666666666667 0.0555 0.03933333333333333
3 0.76075 0.37366666666666665 0.0585 0.03266666666666666
3 0.75275 0.33799999999999997 0.0425 0.036
3 0.73875 0.25866666666666666 0.0455 0.032
3 0.62725 0.26566666666666666 0.0395 0.03133333333333333
4 0.63925 0.3406666666666667 0.0425 0.034666666666666665
4 0.42175 0.078 0.0135 0.036
3 0.59225 0.06166666666666666 0.0365 0.022
3 0.70175 0.14766666666666667 0.0405 0.02333333333333333
3 0.71225 0.17066666666666666 0.0345 0.022666666666666665
3 0.71475 0.20466666666666666 0.0455 0.029333333333333333
0 0.6445 0.29366666666666663 0.003 0.018
0 0.6565 0.28733333333333333 0.006 0.02
0 0.706 0.3396666666666667 0.005 0.020666666666666667
