3 0.11 0.9238095238095239 0.08714285714285715 0.14476190476190476
3 0.2571428571428571 0.6614285714285715 0.06714285714285714 0.1380952380952381
3 0.3414285714285714 0.3523809523809524 0.054285714285714284 0.10476190476190476
3 0.17642857142857143 0.5171428571428571 0.06571428571428571 0.1180952380952381
4 0.21214285714285713 0.6019047619047619 0.07714285714285714 0.13523809523809524
4 0.7167857142857142 0.7723809523809524 0.08357142857142857 0.06095238095238095
4 0.7346428571428572 0.8638095238095238 0.085 0.05904761904761905
4 0.8325 0.3438095238095238 0.03642857142857143 0.08761904761904762
4 0.8496428571428571 0.5523809523809524 0.035 0.09523809523809523
4 0.9 0.5638095238095238 0.047142857142857146 0.10476190476190476
4 0.16 0.16476190476190475 0.06285714285714286 0.11428571428571428
4 0.48678571428571427 0.36238095238095236 0.05357142857142857 0.07523809523809524
3 0.3417857142857143 0.18666666666666668 0.052142857142857144 0.09523809523809523
3 0.3992857142857143 0.1895238095238095 0.04285714285714286 0.09523809523809523
3 0.1675 0.9714285714285714 0.05785714285714286 0.05523809523809524
3 0.8721428571428571 0.8047619047619048 0.11 0.08
3 0.8642857142857143 0.9066666666666666 0.11571428571428571 0.08
3 0.6667857142857143 0.49666666666666665 0.03642857142857143 0.1
3 0.6214285714285714 0.48428571428571426 0.03428571428571429 0.1
3 0.5725 0.3919047619047619 0.08785714285714286 0.06190476190476191
3 0.7153571428571428 0.51 0.045 0.11714285714285715
3 0.7596428571428572 0.5242857142857142 0.04071428571428572 0.10761904761904761
3 0.8046428571428571 0.5347619047619048 0.04071428571428572 0.11142857142857143
3 0.7928571428571428 0.3323809523809524 0.04 0.10476190476190476
3 0.95 0.3595238095238095 0.041428571428571426 0.1019047619047619
3 0.9117857142857143 0.36 0.035 0.09714285714285714
3 0.7142857142857143 0.30666666666666664 0.041428571428571426 0.08571428571428572
3 0.755 0.3171428571428571 0.037142857142857144 0.10285714285714286
3 0.6667857142857143 0.2042857142857143 0.04214285714285714 0.08857142857142856
3 0.5996428571428571 0.2123809523809524 0.075 0.05523809523809524
3 0.8678571428571429 0.35 0.03857142857142857 0.0980952380952381
3 0.945 0.5723809523809524 0.04285714285714286 0.11238095238095239
3 0.9814285714285714 0.5571428571428572 0.03571428571428571 0.12571428571428572
8 0.9867857142857143 0.34714285714285714 0.025 0.1380952380952381
4 0.8667857142857143 0.27714285714285714 0.09357142857142857 0.06285714285714286
3 0.5792857142857143 0.3442857142857143 0.08285714285714285 0.05619047619047619
3 0.5871428571428572 0.2923809523809524 0.08285714285714285 0.06476190476190476
3 0.6046428571428571 0.16952380952380952 0.07785714285714286 0.05523809523809524
3 0.615 0.13476190476190475 0.07285714285714286 0.05238095238095238
3 0.6178571428571429 0.09523809523809523 0.07428571428571429 0.05523809523809524
3 0.6221428571428571 0.062380952380952384 0.07 0.05619047619047619
3 0.6271428571428571 0.029523809523809525 0.06285714285714286 0.04
3 0.4421428571428571 0.017619047619047618 0.03571428571428571 0.035238095238095235
3 0.3517857142857143 0.017142857142857144 0.03214285714285714 0.03428571428571429
0 0.11892857142857143 0.15476190476190477 0.019285714285714285 0.03333333333333333
9 0.03642857142857143 0.25 0.015714285714285715 0.039047619047619046
9 0.0125 0.2823809523809524 0.025 0.039047619047619046
5 0.0275 0.40904761904761905 0.056428571428571425 0.17238095238095238
1 0.15214285714285714 0.6490476190476191 0.027142857142857142 0.02761904761904762
1 0.4575 0.6452380952380953 0.015 0.029523809523809525
1 0.4525 0.6076190476190476 0.015 0.022857142857142857
1 0.43214285714285716 0.35 0.01 0.02
9 0.4542857142857143 0.611904761904762 0.03142857142857143 0.02
9 0.45714285714285713 0.6466666666666666 0.03 0.022857142857142857
9 0.15428571428571428 0.6519047619047619 0.017142857142857144 0.04476190476190476
6 0.46464285714285714 0.2652380952380952 0.02214285714285714 0.054285714285714284
6 0.4275 0.3819047619047619 0.03214285714285714 0.05523809523809524
0 0.5525 0.4342857142857143 0.015 0.024761904761904763
0 0.5146428571428572 0.4195238095238095 0.010714285714285714 0.029523809523809525
0 0.5246428571428572 0.3942857142857143 0.007857142857142858 0.03428571428571429
0 0.49785714285714283 0.46523809523809523 0.012857142857142857 0.023809523809523808
0 0.49714285714285716 0.4419047619047619 0.012857142857142857 0.030476190476190476
0 0.4521428571428571 0.41714285714285715 0.01 0.024761904761904763
0 0.43142857142857144 0.4895238095238095 0.015714285714285715 0.015238095238095238
0 0.49214285714285716 0.5823809523809523 0.01 0.025714285714285714
0 0.54 0.5842857142857143 0.007142857142857143 0.02
0 0.4875 0.5547619047619048 0.007857142857142858 0.029523809523809525
0 0.48642857142857143 0.5271428571428571 0.011428571428571429 0.021904761904761906
0 0.5675 0.5347619047619048 0.012142857142857143 0.02761904761904762
1 0.5571428571428572 0.5671428571428572 0.01 0.02761904761904762
1 0.48178571428571426 0.43666666666666665 0.015 0.02761904761904762
0 0.4992857142857143 0.6571428571428571 0.02 0.024761904761904763
6 0.5846428571428571 0.5571428571428572 0.055 0.04
0 0.6328571428571429 0.35714285714285715 0.015714285714285715 0.030476190476190476
0 0.65 0.3595238095238095 0.012857142857142857 0.02761904761904762
0 0.64 0.30714285714285716 0.012857142857142857 0.02761904761904762
0 0.8389285714285715 0.40714285714285714 0.017857142857142856 0.029523809523809525
0 0.6871428571428572 0.05952380952380952 0.01 0.02761904761904762
2 0.7221428571428572 0.1719047619047619 0.022857142857142857 0.018095238095238095
2 0.72 0.039523809523809524 0.02 0.029523809523809525
2 0.7171428571428572 0.027142857142857142 0.02 0.025714285714285714
2 0.7996428571428571 0.23476190476190475 0.025 0.02
