4 0.6667857142857143 0.8947619047619048 0.16071428571428573 0.12476190476190477
4 0.665 0.7719047619047619 0.15571428571428572 0.10761904761904761
3 0.6546428571428572 0.6476190476190476 0.14785714285714285 0.08761904761904762
3 0.5417857142857143 0.5614285714285714 0.07071428571428572 0.11904761904761904
3 0.605 0.45904761904761904 0.13714285714285715 0.07238095238095238
3 0.4521428571428571 0.44952380952380955 0.05714285714285714 0.10666666666666666
4 0.4325 0.2976190476190476 0.03357142857142857 0.07523809523809524
0 0.49214285714285716 0.6066666666666667 0.027142857142857142 0.06285714285714286
0 0.47785714285714287 0.39380952380952383 0.018571428571428572 0.04285714285714286
0 0.485 0.49476190476190474 0.022857142857142857 0.05619047619047619
0 0.30642857142857144 0.2619047619047619 0.02142857142857143 0.047619047619047616
0 0.49392857142857144 0.19666666666666666 0.013571428571428571 0.04285714285714286
0 0.465 0.05904761904761905 0.011428571428571429 0.024761904761904763
0 0.7446428571428572 0.6742857142857143 0.02214285714285714 0.06095238095238095
0 0.7867857142857143 0.6914285714285714 0.027857142857142858 0.06857142857142857
3 0.35428571428571426 0.35714285714285715 0.09857142857142857 0.0419047619047619
0 0.48464285714285715 0.2195238095238095 0.012142857142857143 0.037142857142857144
3 0.445 0.24952380952380954 0.03571428571428571 0.05333333333333333
3 0.42392857142857143 0.1823809523809524 0.07214285714285715 0.04285714285714286
3 0.42178571428571426 0.14714285714285713 0.07357142857142857 0.040952380952380955
3 0.5625 0.18428571428571427 0.075 0.04476190476190476
0 0.6021428571428571 0.14238095238095239 0.007142857142857143 0.039047619047619046
0 0.5803571428571429 0.07666666666666666 0.007857142857142858 0.02761904761904762
3 0.5546428571428571 0.13952380952380952 0.065 0.03333333333333333
3 0.5521428571428572 0.12380952380952381 0.06 0.02857142857142857
3 0.4275 0.09952380952380953 0.062142857142857146 0.037142857142857144
3 0.4278571428571429 0.08238095238095237 0.06142857142857143 0.035238095238095235
3 0.43142857142857144 0.0719047619047619 0.05714285714285714 0.03142857142857143
3 0.42964285714285716 0.06190476190476191 0.052142857142857144 0.024761904761904763
3 0.43142857142857144 0.0419047619047619 0.05 0.026666666666666665
3 0.42964285714285716 0.03380952380952381 0.05071428571428571 0.025714285714285714
3 0.5225 0.02761904761904762 0.055 0.02857142857142857
3 0.5217857142857143 0.011904761904761904 0.05071428571428571 0.021904761904761906
3 0.5414285714285715 0.062380952380952384 0.05142857142857143 0.03142857142857143
3 0.545 0.08523809523809524 0.06 0.03142857142857143
3 0.3578571428571429 0.11952380952380952 0.03 0.04285714285714286
3 0.5664285714285714 0.27 0.08571428571428572 0.054285714285714284
3 0.585 0.3647619047619048 0.1 0.05904761904761905
3 0.5775 0.3295238095238095 0.09071428571428572 0.05523809523809524
0 0.5039285714285714 0.4519047619047619 0.010714285714285714 0.029523809523809525
0 0.5142857142857142 0.45476190476190476 0.012857142857142857 0.05047619047619047
1 0.4317857142857143 0.6171428571428571 0.017857142857142856 0.030476190476190476
3 0.7775 0.4419047619047619 0.06642857142857143 0.10285714285714286
3 0.7396428571428572 0.3476190476190476 0.05071428571428571 0.07809523809523809
3 0.6171428571428571 0.05523809523809524 0.024285714285714285 0.0419047619047619
0 0.5971428571428572 0.06476190476190476 0.01 0.024761904761904763
0 0.5653571428571429 0.02238095238095238 0.0064285714285714285 0.01619047619047619
0 0.5717857142857142 0.017142857142857144 0.005 0.01904761904761905
3 0.6303571428571428 0.08952380952380952 0.03357142857142857 0.045714285714285714
