3 0.03496868475991649 0.7588126159554731 0.06784968684759916 0.12244897959183673
5 0.6414405010438413 0.6781076066790352 0.11064718162839247 0.07421150278293136
5 0.61821503131524 0.638682745825603 0.06941544885177452 0.049165120593692026
5 0.6176931106471816 0.614100185528757 0.06837160751565761 0.04823747680890538
5 0.6145615866388309 0.589517625231911 0.0662839248434238 0.05102040816326531
5 0.6910229645093945 0.6252319109461967 0.039665970772442584 0.08348794063079777
5 0.7536534446764092 0.6294063079777366 0.04175365344467641 0.07884972170686456
5 0.6247390396659707 0.550556586270872 0.08977035490605427 0.07884972170686456
5 0.6351774530271398 0.4842300556586271 0.10125260960334029 0.07977736549165121
5 0.670929018789144 0.39935064935064934 0.06315240083507306 0.07328385899814471
5 0.7348643006263047 0.42161410018552875 0.04175365344467641 0.09183673469387756
5 0.6771920668058454 0.33441558441558444 0.10177453027139874 0.06215213358070501
3 0.7531315240083507 0.27133580705009275 0.033402922755741124 0.02319109461966605
5 0.7424321503131524 0.24072356215213359 0.050626304801670144 0.030612244897959183
3 0.532098121085595 0.2782931354359926 0.023486430062630476 0.022263450834879406
3 0.45929018789144044 0.45686456400742115 0.04279749478079332 0.03432282003710575
3 0.5015657620041754 0.5347866419294991 0.019832985386221292 0.049165120593692026
5 0.45172233820459284 0.41512059369202226 0.020354906054279746 0.043599257884972174
9 0.43110647181628386 0.5844155844155844 0.010438413361169102 0.03896103896103896
0 0.7818371607515657 0.9772727272727273 0.012526096033402922 0.041743970315398886
2 0.7184237995824634 0.890074211502783 0.02661795407098121 0.03246753246753247
9 0.7027661795407097 0.4489795918367347 0.016179540709812108 0.022263450834879406
0 0.8230688935281837 0.20222634508348794 0.0031315240083507304 0.014842300556586271
5 0.5490605427974947 0.1730055658627087 0.020876826722338204 0.0176252319109462
4 0.5242693110647181 0.17764378478664195 0.007828810020876827 0.015769944341372914
4 0.438152400835073 0.24907235621521337 0.023486430062630476 0.021335807050092765
