3 0.3896428571428571 0.43952380952380954 0.105 0.12476190476190477
3 0.2317857142857143 0.40190476190476193 0.11214285714285714 0.08761904761904762
3 0.41785714285714287 0.33476190476190476 0.07428571428571429 0.06
3 0.5378571428571428 0.3566666666666667 0.054285714285714284 0.06
3 0.5467857142857143 0.2652380952380952 0.05785714285714286 0.05619047619047619
3 0.6592857142857143 0.20714285714285716 0.04285714285714286 0.04285714285714286
3 0.6296428571428572 0.45666666666666667 0.11785714285714285 0.09238095238095238
3 0.49642857142857144 0.2619047619047619 0.06428571428571428 0.049523809523809526
3 0.10892857142857143 0.8866666666666667 0.185 0.21714285714285714
3 0.9896428571428572 0.07238095238095238 0.015 0.02095238095238095
3 0.02 0.5066666666666667 0.04 0.0761904761904762
