3 0.0175 0.7971428571428572 0.035 0.09904761904761905
3 0.055357142857142855 0.7942857142857143 0.04214285714285714 0.10285714285714286
3 0.09464285714285714 0.7919047619047619 0.03785714285714286 0.1
3 0.12642857142857142 0.8019047619047619 0.02857142857142857 0.09333333333333334
4 0.15785714285714286 0.7995238095238095 0.03571428571428571 0.08666666666666667
3 0.1975 0.789047619047619 0.035 0.1
3 0.23 0.7876190476190477 0.03428571428571429 0.10095238095238095
3 0.3467857142857143 0.7590476190476191 0.03785714285714286 0.09523809523809523
4 0.030357142857142857 0.64 0.062142857142857146 0.047619047619047616
3 0.0775 0.5866666666666667 0.07214285714285715 0.047619047619047616
3 0.4225 0.5576190476190476 0.07071428571428572 0.04857142857142857
3 0.5039285714285714 0.5476190476190477 0.07214285714285715 0.047619047619047616
3 0.6421428571428571 0.741904761904762 0.04 0.09333333333333334
3 0.72 0.7238095238095238 0.03571428571428571 0.09904761904761905
3 0.7592857142857142 0.7219047619047619 0.03428571428571429 0.08761904761904762
3 0.7946428571428571 0.7271428571428571 0.035 0.09428571428571429
3 0.8346428571428571 0.7219047619047619 0.04214285714285714 0.09142857142857143
3 0.8742857142857143 0.7147619047619047 0.03857142857142857 0.0980952380952381
3 0.91 0.709047619047619 0.03428571428571429 0.09619047619047619
3 0.9446428571428571 0.7052380952380952 0.04214285714285714 0.1
5 0.5967857142857143 0.5371428571428571 0.09785714285714285 0.06476190476190476
4 0.6621428571428571 0.58 0.07 0.04
3 0.7139285714285715 0.5366666666666666 0.06642857142857143 0.04285714285714286
4 0.81 0.5695238095238095 0.06428571428571428 0.047619047619047616
3 0.8067857142857143 0.5271428571428571 0.07214285714285715 0.04285714285714286
3 0.8767857142857143 0.49952380952380954 0.04214285714285714 0.09047619047619047
9 0.9521428571428572 0.4471428571428571 0.017142857142857144 0.04476190476190476
3 0.7421428571428571 0.05238095238095238 0.05714285714285714 0.0380952380952381
4 0.8121428571428572 0.047619047619047616 0.05714285714285714 0.0419047619047619
3 0.8839285714285714 0.05476190476190476 0.056428571428571425 0.037142857142857144
