5 0.35964285714285715 0.6219047619047618 0.03214285714285714 0.0761904761904762
3 0.6578571428571428 0.6266666666666667 0.025714285714285714 0.0419047619047619
3 0.7496428571428572 0.42 0.02214285714285714 0.02857142857142857
3 0.6867857142857143 0.5623809523809524 0.03214285714285714 0.04476190476190476
0 0.6346428571428572 0.57 0.005 0.02
0 0.625 0.5671428571428572 0.005714285714285714 0.02
0 0.6775 0.5119047619047619 0.0064285714285714285 0.02
0 0.6921428571428572 0.49952380952380954 0.007142857142857143 0.021904761904761906
0 0.6896428571428571 0.48714285714285716 0.007857142857142858 0.021904761904761906
0 0.7246428571428571 0.4342857142857143 0.005 0.017142857142857144
0 0.7175 0.4319047619047619 0.0064285714285714285 0.02
0 0.705 0.43714285714285717 0.005714285714285714 0.017142857142857144
0 0.7375 0.38476190476190475 0.005 0.015238095238095238
0 0.7292857142857143 0.38761904761904764 0.007142857142857143 0.017142857142857144
0 0.7025 0.4342857142857143 0.005 0.017142857142857144
0 0.7096428571428571 0.4342857142857143 0.005 0.02095238095238095
0 0.6642857142857143 0.4014285714285714 0.007142857142857143 0.02
3 0.5096428571428572 0.3219047619047619 0.027857142857142858 0.022857142857142857
3 0.4903571428571429 0.24761904761904763 0.020714285714285713 0.015238095238095238
6 0.5621428571428572 0.34904761904761905 0.015714285714285715 0.01619047619047619
6 0.4175 0.2719047619047619 0.009285714285714286 0.012380952380952381
2 0.2367857142857143 0.27714285714285714 0.0064285714285714285 0.007619047619047619
2 0.4546428571428571 0.2723809523809524 0.007857142857142858 0.007619047619047619
0 0.3792857142857143 0.24952380952380954 0.002857142857142857 0.013333333333333332
0 0.35035714285714287 0.24952380952380954 0.005 0.015238095238095238
0 0.40214285714285714 0.2823809523809524 0.002857142857142857 0.01619047619047619
3 0.2571428571428571 0.2695238095238095 0.02 0.01904761904761905
3 0.20035714285714284 0.23476190476190475 0.017857142857142856 0.012380952380952381
5 0.275 0.36238095238095236 0.027142857142857142 0.04476190476190476
0 0.1675 0.20476190476190476 0.007857142857142858 0.017142857142857144
0 0.21035714285714285 0.17 0.0035714285714285713 0.012380952380952381
0 0.215 0.17 0.002857142857142857 0.010476190476190476
0 0.11642857142857142 0.11714285714285715 0.002857142857142857 0.007619047619047619
0 0.14392857142857143 0.12714285714285714 0.005 0.012380952380952381
0 0.15 0.12523809523809523 0.005714285714285714 0.014285714285714285
3 0.019285714285714285 0.07904761904761905 0.017142857142857144 0.009523809523809525
3 0.019285714285714285 0.07428571428571429 0.017142857142857144 0.007619047619047619
3 0.03964285714285714 0.08952380952380952 0.017857142857142856 0.009523809523809525
3 0.05178571428571429 0.09666666666666666 0.017857142857142856 0.008571428571428572
0 0.075 0.09476190476190476 0.002857142857142857 0.008571428571428572
3 0.105 0.13523809523809524 0.018571428571428572 0.011428571428571429
3 0.11535714285714285 0.13952380952380952 0.017857142857142856 0.010476190476190476
0 0.28035714285714286 0.2119047619047619 0.0035714285714285713 0.012380952380952381
0 0.28285714285714286 0.2119047619047619 0.002857142857142857 0.012380952380952381
0 0.25642857142857145 0.19952380952380952 0.004285714285714286 0.014285714285714285
2 0.2367857142857143 0.27476190476190476 0.0064285714285714285 0.012380952380952381
3 0.385 0.5371428571428571 0.02857142857142857 0.04
0 0.6196428571428572 0.5171428571428571 0.007857142857142858 0.01904761904761905
9 0.5742857142857143 0.6219047619047618 0.014285714285714285 0.022857142857142857
9 0.5892857142857143 0.6023809523809524 0.007142857142857143 0.023809523809523808
1 0.5892857142857143 0.5966666666666667 0.007142857142857143 0.012380952380952381
1 0.6475 0.5076190476190476 0.005 0.013333333333333332
0 0.455 0.2671428571428571 0.004285714285714286 0.012380952380952381
0 0.5271428571428571 0.26666666666666666 0.002857142857142857 0.013333333333333332
0 0.5542857142857143 0.8895238095238095 0.011428571428571429 0.026666666666666665
