3 0.4692857142857143 0.5466666666666666 0.004285714285714286 0.0038095238095238095
3 0.46714285714285714 0.5423809523809524 0.007142857142857143 0.004761904761904762
3 0.46714285714285714 0.54 0.007142857142857143 0.0038095238095238095
3 0.47464285714285714 0.5442857142857143 0.002142857142857143 0.002857142857142857
3 0.47464285714285714 0.5395238095238095 0.002142857142857143 0.002857142857142857
3 0.4725 0.5342857142857143 0.002142857142857143 0.0019047619047619048
3 0.47964285714285715 0.5414285714285715 0.002142857142857143 0.002857142857142857
3 0.48214285714285715 0.5395238095238095 0.002857142857142857 0.004761904761904762
3 0.47964285714285715 0.5371428571428571 0.002142857142857143 0.0019047619047619048
4 0.4878571428571429 0.55 0.004285714285714286 0.006666666666666666
3 0.48714285714285716 0.5423809523809524 0.002857142857142857 0.002857142857142857
3 0.49214285714285716 0.5571428571428572 0.002857142857142857 0.005714285714285714
8 0.49642857142857144 0.5347619047619048 0.002857142857142857 0.004761904761904762
0 0.3975 0.8195238095238095 0.005 0.02761904761904762
0 0.4067857142857143 0.8147619047619048 0.012142857142857143 0.040952380952380955
0 0.10428571428571429 0.6871428571428572 0.004285714285714286 0.02
0 0.11142857142857143 0.6876190476190476 0.005714285714285714 0.01904761904761905
0 0.285 0.6147619047619047 0.005714285714285714 0.012380952380952381
1 0.40464285714285714 0.6438095238095238 0.005 0.011428571428571429
0 0.3892857142857143 0.5847619047619048 0.002857142857142857 0.009523809523809525
0 0.39464285714285713 0.5814285714285714 0.002142857142857143 0.008571428571428572
0 0.4521428571428571 0.5952380952380952 0.002857142857142857 0.009523809523809525
1 0.5214285714285715 0.5947619047619047 0.002857142857142857 0.004761904761904762
7 0.5214285714285715 0.5995238095238096 0.005714285714285714 0.006666666666666666
3 0.5067857142857143 0.5571428571428572 0.009285714285714286 0.007619047619047619
3 0.5117857142857143 0.56 0.0064285714285714285 0.007619047619047619
3 0.5128571428571429 0.5666666666666667 0.012857142857142857 0.007619047619047619
3 0.5153571428571428 0.5714285714285714 0.013571428571428571 0.007619047619047619
3 0.5275 0.5771428571428572 0.015 0.007619047619047619
3 0.5314285714285715 0.589047619047619 0.015714285714285715 0.010476190476190476
3 0.5342857142857143 0.5966666666666667 0.01 0.012380952380952381
3 0.5628571428571428 0.5752380952380952 0.011428571428571429 0.005714285714285714
3 0.5639285714285714 0.6247619047619047 0.012142857142857143 0.015238095238095238
3 0.46535714285714286 0.5623809523809524 0.005 0.004761904761904762
3 0.46464285714285714 0.5595238095238095 0.005 0.006666666666666666
3 0.4642857142857143 0.5571428571428572 0.002857142857142857 0.007619047619047619
3 0.47285714285714286 0.5623809523809524 0.004285714285714286 0.006666666666666666
3 0.48714285714285716 0.5666666666666667 0.004285714285714286 0.005714285714285714
3 0.49178571428571427 0.5676190476190476 0.005 0.005714285714285714
3 0.4942857142857143 0.5638095238095238 0.004285714285714286 0.0038095238095238095
3 0.49714285714285716 0.5652380952380952 0.005714285714285714 0.006666666666666666
3 0.4925 0.5723809523809524 0.005 0.007619047619047619
3 0.4975 0.5771428571428572 0.0064285714285714285 0.007619047619047619
3 0.4775 0.5719047619047619 0.0064285714285714285 0.008571428571428572
5 0.46464285714285714 0.5842857142857143 0.007857142857142858 0.010476190476190476
3 0.47285714285714286 0.59 0.007142857142857143 0.008571428571428572
3 0.4764285714285714 0.5847619047619048 0.007142857142857143 0.009523809523809525
3 0.4589285714285714 0.61 0.009285714285714286 0.012380952380952381
3 0.47035714285714286 0.6071428571428571 0.007857142857142858 0.010476190476190476
3 0.47214285714285714 0.6123809523809524 0.01 0.011428571428571429
3 0.46785714285714286 0.6219047619047618 0.008571428571428572 0.011428571428571429
3 0.45535714285714285 0.6242857142857143 0.010714285714285714 0.012380952380952381
3 0.47285714285714286 0.6276190476190476 0.011428571428571429 0.015238095238095238
3 0.45714285714285713 0.63 0.012857142857142857 0.01619047619047619
3 0.4675 0.6390476190476191 0.010714285714285714 0.015238095238095238
3 0.47214285714285714 0.6495238095238095 0.012857142857142857 0.017142857142857144
3 0.4692857142857143 0.6619047619047619 0.014285714285714285 0.01904761904761905
3 0.4725 0.6766666666666666 0.016428571428571428 0.02
3 0.4739285714285714 0.6895238095238095 0.017857142857142856 0.026666666666666665
3 0.48464285714285715 0.6095238095238096 0.009285714285714286 0.009523809523809525
3 0.48678571428571427 0.6171428571428571 0.007857142857142858 0.009523809523809525
3 0.48928571428571427 0.6271428571428571 0.008571428571428572 0.012380952380952381
3 0.4925 0.6347619047619047 0.010714285714285714 0.01619047619047619
5 0.49 0.6395238095238095 0.014285714285714285 0.029523809523809525
3 0.4878571428571429 0.6547619047619048 0.012857142857142857 0.018095238095238095
3 0.495 0.6647619047619048 0.014285714285714285 0.024761904761904763
3 0.49714285714285716 0.6795238095238095 0.014285714285714285 0.02
3 0.5021428571428571 0.6971428571428572 0.02 0.030476190476190476
3 0.5196428571428572 0.6371428571428571 0.015 0.013333333333333332
3 0.5214285714285715 0.6523809523809524 0.015714285714285715 0.01904761904761905
3 0.5014285714285714 0.6071428571428571 0.007142857142857143 0.012380952380952381
3 0.5121428571428571 0.6047619047619047 0.007142857142857143 0.007619047619047619
3 0.5425 0.6723809523809524 0.017857142857142856 0.02095238095238095
3 0.5489285714285714 0.7347619047619047 0.02642857142857143 0.02761904761904762
3 0.5046428571428572 0.7266666666666667 0.02214285714285714 0.03238095238095238
3 0.47464285714285714 0.72 0.019285714285714285 0.026666666666666665
3 0.4725 0.7476190476190476 0.025 0.04380952380952381
3 0.5103571428571428 0.7595238095238095 0.023571428571428573 0.037142857142857144
3 0.4714285714285714 0.7847619047619048 0.027142857142857142 0.05333333333333333
3 0.5128571428571429 0.7995238095238095 0.025714285714285714 0.04476190476190476
3 0.31642857142857145 0.6271428571428571 0.027142857142857142 0.012380952380952381
0 0.29214285714285715 0.6071428571428571 0.002857142857142857 0.010476190476190476
5 0.34464285714285714 0.6147619047619047 0.03785714285714286 0.02
3 0.3525 0.6271428571428571 0.025 0.012380952380952381
3 0.4064285714285714 0.6252380952380953 0.025714285714285714 0.014285714285714285
3 0.3921428571428571 0.6147619047619047 0.022857142857142857 0.010476190476190476
3 0.4 0.611904761904762 0.02 0.010476190476190476
3 0.4042857142857143 0.6090476190476191 0.015714285714285715 0.008571428571428572
3 0.42428571428571427 0.6114285714285714 0.02142857142857143 0.011428571428571429
3 0.435 0.6052380952380952 0.017142857142857144 0.008571428571428572
3 0.4092857142857143 0.6066666666666667 0.017142857142857144 0.007619047619047619
3 0.40535714285714286 0.6042857142857143 0.016428571428571428 0.008571428571428572
3 0.415 0.6019047619047619 0.017142857142857144 0.007619047619047619
3 0.415 0.599047619047619 0.017142857142857144 0.007619047619047619
3 0.415 0.5938095238095238 0.017142857142857144 0.008571428571428572
3 0.41714285714285715 0.59 0.017142857142857144 0.008571428571428572
3 0.41928571428571426 0.589047619047619 0.017142857142857144 0.008571428571428572
3 0.42214285714285715 0.5866666666666667 0.017142857142857144 0.007619047619047619
3 0.425 0.5847619047619048 0.017142857142857144 0.007619047619047619
3 0.4253571428571429 0.58 0.016428571428571428 0.007619047619047619
3 0.4253571428571429 0.5814285714285714 0.016428571428571428 0.008571428571428572
3 0.425 0.5771428571428572 0.017142857142857144 0.007619047619047619
3 0.42928571428571427 0.5747619047619048 0.017142857142857144 0.008571428571428572
3 0.43 0.5723809523809524 0.017142857142857144 0.007619047619047619
3 0.4342857142857143 0.5671428571428572 0.017142857142857144 0.008571428571428572
3 0.43142857142857144 0.569047619047619 0.017142857142857144 0.008571428571428572
3 0.44892857142857145 0.5666666666666667 0.016428571428571428 0.007619047619047619
3 0.44785714285714284 0.57 0.017142857142857144 0.008571428571428572
3 0.4475 0.5742857142857143 0.016428571428571428 0.007619047619047619
3 0.44892857142857145 0.5771428571428572 0.016428571428571428 0.007619047619047619
3 0.44535714285714284 0.58 0.016428571428571428 0.007619047619047619
3 0.445 0.5842857142857143 0.017142857142857144 0.008571428571428572
3 0.4442857142857143 0.5871428571428572 0.017142857142857144 0.008571428571428572
3 0.4421428571428571 0.5919047619047619 0.017142857142857144 0.008571428571428572
3 0.4375 0.5947619047619047 0.016428571428571428 0.008571428571428572
3 0.4375 0.5995238095238096 0.017857142857142856 0.012380952380952381
3 0.3875 0.6023809523809524 0.009285714285714286 0.008571428571428572
3 0.3796428571428571 0.5971428571428572 0.010714285714285714 0.009523809523809525
3 0.37464285714285717 0.5866666666666667 0.015 0.007619047619047619
3 0.37892857142857145 0.5847619047619048 0.015 0.007619047619047619
4 0.3796428571428571 0.5795238095238096 0.017857142857142856 0.010476190476190476
3 0.38642857142857145 0.5771428571428572 0.012857142857142857 0.011428571428571429
3 0.3896428571428571 0.5747619047619048 0.012142857142857143 0.008571428571428572
3 0.3921428571428571 0.5742857142857143 0.012857142857142857 0.007619047619047619
3 0.39464285714285713 0.5714285714285714 0.012142857142857143 0.007619047619047619
3 0.3975 0.5676190476190476 0.012142857142857143 0.007619047619047619
3 0.39964285714285713 0.5647619047619048 0.015 0.007619047619047619
3 0.40964285714285714 0.5723809523809524 0.007857142857142858 0.007619047619047619
3 0.40285714285714286 0.5819047619047619 0.008571428571428572 0.009523809523809525
3 0.3975 0.5895238095238096 0.007857142857142858 0.007619047619047619
0 0.17535714285714285 0.7447619047619047 0.007857142857142858 0.03238095238095238
0 0.16464285714285715 0.7471428571428571 0.009285714285714286 0.029523809523809525
0 0.15 0.7471428571428571 0.008571428571428572 0.02761904761904762
5 0.20964285714285713 0.6195238095238095 0.04214285714285714 0.025714285714285714
3 0.1367857142857143 0.6238095238095238 0.03357142857142857 0.013333333333333332
3 0.1392857142857143 0.6319047619047619 0.032857142857142856 0.012380952380952381
3 0.1325 0.6347619047619047 0.035 0.012380952380952381
3 0.115 0.6395238095238095 0.032857142857142856 0.012380952380952381
3 0.09642857142857143 0.6423809523809524 0.03428571428571429 0.012380952380952381
3 0.08392857142857142 0.6495238095238095 0.03357142857142857 0.013333333333333332
3 0.06714285714285714 0.6566666666666666 0.032857142857142856 0.014285714285714285
3 0.045 0.6623809523809524 0.032857142857142856 0.014285714285714285
3 0.0225 0.6695238095238095 0.03642857142857143 0.01904761904761905
3 0.015357142857142857 0.7147619047619047 0.03214285714285714 0.02761904761904762
3 0.11035714285714286 0.6976190476190476 0.039285714285714285 0.023809523809523808
3 0.14535714285714285 0.6952380952380952 0.039285714285714285 0.024761904761904763
3 0.17214285714285715 0.6952380952380952 0.032857142857142856 0.024761904761904763
3 0.10464285714285715 0.7395238095238095 0.04928571428571429 0.035238095238095235
3 0.14035714285714285 0.741904761904762 0.04642857142857143 0.03238095238095238
3 0.19714285714285715 0.6995238095238095 0.032857142857142856 0.025714285714285714
3 0.22285714285714286 0.6995238095238095 0.032857142857142856 0.025714285714285714
3 0.2571428571428571 0.6995238095238095 0.032857142857142856 0.02761904761904762
3 0.28785714285714287 0.6971428571428572 0.03 0.026666666666666665
3 0.1792857142857143 0.7390476190476191 0.047142857142857146 0.02857142857142857
3 0.1975 0.7471428571428571 0.04071428571428572 0.03142857142857143
3 0.23 0.7447619047619047 0.04 0.030476190476190476
3 0.265 0.7719047619047619 0.07 0.035238095238095235
3 0.285 0.7519047619047619 0.06 0.03142857142857143
3 0.31535714285714284 0.6966666666666667 0.023571428571428573 0.02
3 0.315 0.7195238095238096 0.05142857142857143 0.025714285714285714
3 0.33964285714285714 0.7066666666666667 0.047857142857142855 0.024761904761904763
