3 0.6837160751565762 0.9670686456400742 0.057411273486430055 0.06215213358070501
9 0.7116388308977035 0.7365491651205937 0.012004175365344467 0.022263450834879406
1 0.712160751565762 0.7300556586270872 0.0057411273486430055 0.020408163265306124
0 0.6490083507306889 0.762987012987013 0.006784968684759916 0.030612244897959183
0 0.6576200417536534 0.7792207792207793 0.009394572025052192 0.029684601113172542
4 0.6343945720250521 0.6052875695732839 0.032881002087682666 0.03803339517625232
0 0.731732776617954 0.5301484230055659 0.005219206680584551 0.02319109461966605
5 0.6902400835073068 0.4744897959183674 0.062108559498956155 0.12708719851576994
3 0.6604906054279749 0.362708719851577 0.023486430062630476 0.0352504638218924
3 0.6417014613778705 0.2810760667903525 0.02453027139874739 0.029684601113172542
3 0.7038100208768266 0.24582560296846012 0.023486430062630476 0.027829313543599257
0 0.7935803757828809 0.30287569573283857 0.004697286012526096 0.0176252319109462
0 0.7873173277661795 0.29962894248608535 0.006784968684759916 0.020408163265306124
0 0.8353340292275573 0.21985157699443414 0.004697286012526096 0.014842300556586271
0 0.8384655532359081 0.20871985157699444 0.004697286012526096 0.012987012987012988
3 0.7372129436325677 0.18320964749536178 0.023486430062630476 0.021335807050092765
3 0.8045407098121085 0.174860853432282 0.025574112734864297 0.02319109461966605
3 0.8113256784968684 0.1679035250463822 0.023486430062630476 0.020408163265306124
4 0.7338204592901878 0.12894248608534323 0.01774530271398747 0.020408163265306124
3 0.9363256784968684 0.09322820037105752 0.016701461377870562 0.01948051948051948
3 0.9548538622129435 0.08858998144712431 0.020354906054279746 0.0176252319109462
3 0.9754697286012525 0.08116883116883117 0.020876826722338204 0.01948051948051948
3 0.974947807933194 0.05333951762523191 0.019832985386221292 0.01948051948051948
3 0.9911273486430061 0.04823747680890538 0.015657620041753653 0.01855287569573284
0 0.5681106471816283 0.21150278293135436 0.0026096033402922755 0.012987012987012988
0 0.5694154488517744 0.2147495361781076 0.0020876826722338203 0.012059369202226345
3 0.5294885177453027 0.1989795918367347 0.017223382045929016 0.02319109461966605
3 0.49791231732776614 0.1456400742115028 0.014613778705636741 0.020408163265306124
3 0.34342379958246344 0.30194805194805197 0.030271398747390394 0.026901669758812616
3 0.34159707724425886 0.2727272727272727 0.02974947807933194 0.027829313543599257
9 0.337160751565762 0.4294990723562152 0.013569937369519832 0.011131725417439703
0 0.3376826722338204 0.4230055658627087 0.0041753653444676405 0.014842300556586271
3 0.2599164926931106 0.5046382189239332 0.01774530271398747 0.04267161410018553
3 0.4240605427974947 0.6442486085343229 0.04018789144050104 0.043599257884972174
9 0.35673277661795405 0.7722634508348795 0.023486430062630476 0.0287569573283859
