5 0.03142857142857143 0.8635786802030456 0.06285714285714286 0.19923857868020303
5 0.4278571428571429 0.8769035532994923 0.08857142857142856 0.24365482233502536
3 0.5646428571428571 0.48350253807106597 0.03214285714285714 0.08121827411167512
3 0.5239285714285714 0.34644670050761417 0.025 0.055837563451776644
3 0.5621428571428572 0.3109137055837563 0.022857142857142857 0.055837563451776644
3 0.48642857142857143 0.22525380710659898 0.02 0.04441624365482233
3 0.5278571428571428 0.19098984771573602 0.02 0.03934010152284264
3 0.6425 0.12944162436548223 0.02214285714285714 0.05837563451776649
3 0.6492857142857142 0.014593908629441623 0.017142857142857144 0.029187817258883246
4 0.26785714285714285 0.16941624365482233 0.03 0.029187817258883246
5 0.23464285714285715 0.15736040609137056 0.045 0.04060913705583756
4 0.27714285714285714 0.16624365482233502 0.022857142857142857 0.027918781725888322
3 0.7867857142857143 0.9631979695431472 0.05071428571428571 0.07106598984771573
0 0.8653571428571428 0.5025380710659898 0.009285714285714286 0.035532994923857864
0 0.8846428571428572 0.5704314720812182 0.010714285714285714 0.021573604060913704
1 0.8928571428571429 0.6034263959390862 0.011428571428571429 0.021573604060913704
0 0.815 0.31408629441624364 0.007142857142857143 0.013959390862944161
1 0.8296428571428571 0.37309644670050757 0.005 0.02284263959390863
1 0.8221428571428572 0.3756345177664974 0.005714285714285714 0.012690355329949238
1 0.8153571428571429 0.37182741116751267 0.005 0.01015228426395939
1 0.8371428571428572 0.43401015228426393 0.005714285714285714 0.012690355329949238
1 0.8428571428571429 0.43845177664974616 0.005714285714285714 0.021573604060913704
1 0.8446428571428571 0.45177664974619286 0.007857142857142858 0.02030456852791878
1 0.7678571428571429 0.19670050761421318 0.002857142857142857 0.01015228426395939
1 0.7725 0.22715736040609136 0.005 0.02284263959390863
1 0.7442857142857143 0.08248730964467005 0.004285714285714286 0.01015228426395939
1 0.7342857142857143 0.08312182741116751 0.007142857142857143 0.008883248730964466
1 0.74 0.07994923857868019 0.002857142857142857 0.01015228426395939
0 0.7596428571428572 0.11357868020304568 0.005 0.021573604060913704
0 0.7442857142857143 0.1364213197969543 0.005714285714285714 0.021573604060913704
