0 0.02892857142857143 0.6923809523809524 0.025 0.03619047619047619
0 0.03892857142857143 0.6566666666666666 0.023571428571428573 0.035238095238095235
0 0.13964285714285715 0.6123809523809524 0.02214285714285714 0.03238095238095238
0 0.2425 0.5566666666666666 0.012142857142857143 0.02761904761904762
0 0.24035714285714285 0.5495238095238095 0.010714285714285714 0.030476190476190476
0 0.1125 0.5666666666666667 0.017857142857142856 0.03619047619047619
0 0.10464285714285715 0.5876190476190476 0.015 0.026666666666666665
0 0.08392857142857142 0.5871428571428572 0.020714285714285713 0.035238095238095235
0 0.0225 0.6566666666666666 0.020714285714285713 0.03333333333333333
0 0.02 0.6795238095238095 0.02 0.040952380952380955
0 0.0125 0.6747619047619048 0.015 0.037142857142857144
5 0.2639285714285714 0.4942857142857143 0.18785714285714286 0.1295238095238095
0 0.3296428571428571 0.4990476190476191 0.010714285714285714 0.03238095238095238
0 0.35214285714285715 0.4919047619047619 0.012857142857142857 0.02761904761904762
0 0.34785714285714286 0.48523809523809525 0.011428571428571429 0.029523809523809525
0 0.36964285714285716 0.48523809523809525 0.015 0.02761904761904762
0 0.37 0.47523809523809524 0.012857142857142857 0.03238095238095238
0 0.0525 0.39476190476190476 0.010714285714285714 0.021904761904761906
0 0.05892857142857143 0.39380952380952383 0.010714285714285714 0.023809523809523808
0 0.0725 0.4014285714285714 0.012142857142857143 0.023809523809523808
0 0.08428571428571428 0.39904761904761904 0.012857142857142857 0.024761904761904763
0 0.08678571428571429 0.39666666666666667 0.012142857142857143 0.023809523809523808
0 0.12214285714285714 0.38952380952380955 0.01 0.022857142857142857
0 0.13464285714285715 0.38476190476190475 0.010714285714285714 0.022857142857142857
0 0.13785714285714284 0.44666666666666666 0.011428571428571429 0.024761904761904763
0 0.145 0.4438095238095238 0.01 0.026666666666666665
0 0.14964285714285713 0.4138095238095238 0.010714285714285714 0.023809523809523808
0 0.16714285714285715 0.43952380952380954 0.01 0.021904761904761906
0 0.175 0.4342857142857143 0.012857142857142857 0.022857142857142857
0 0.18714285714285714 0.43666666666666665 0.01 0.025714285714285714
0 0.19392857142857142 0.42523809523809525 0.012142857142857143 0.02761904761904762
0 0.2042857142857143 0.43238095238095237 0.012857142857142857 0.024761904761904763
0 0.20714285714285716 0.42952380952380953 0.01 0.026666666666666665
0 0.22035714285714286 0.44476190476190475 0.017857142857142856 0.024761904761904763
0 0.2317857142857143 0.43952380952380954 0.012142857142857143 0.025714285714285714
0 0.24 0.4338095238095238 0.01 0.025714285714285714
0 0.24928571428571428 0.45476190476190476 0.008571428571428572 0.029523809523809525
0 0.2546428571428571 0.4452380952380952 0.009285714285714286 0.021904761904761906
0 0.26 0.4442857142857143 0.008571428571428572 0.02761904761904762
0 0.24714285714285714 0.42666666666666664 0.01 0.024761904761904763
0 0.02142857142857143 0.17476190476190476 0.005714285714285714 0.012380952380952381
0 0.36214285714285716 0.4419047619047619 0.007142857142857143 0.024761904761904763
0 0.365 0.43761904761904763 0.01 0.023809523809523808
0 0.3939285714285714 0.47714285714285715 0.007857142857142858 0.024761904761904763
0 0.38785714285714284 0.4638095238095238 0.007142857142857143 0.02095238095238095
0 0.39285714285714285 0.45666666666666667 0.007142857142857143 0.02761904761904762
0 0.3975 0.4742857142857143 0.007857142857142858 0.024761904761904763
0 0.40785714285714286 0.48142857142857143 0.008571428571428572 0.021904761904761906
0 0.42392857142857143 0.4919047619047619 0.007857142857142858 0.029523809523809525
0 0.4317857142857143 0.49 0.007857142857142858 0.03142857142857143
0 0.43714285714285717 0.48523809523809525 0.007142857142857143 0.02761904761904762
0 0.44535714285714284 0.48238095238095235 0.007857142857142858 0.03142857142857143
0 0.43785714285714283 0.5042857142857143 0.011428571428571429 0.029523809523809525
0 0.45 0.5095238095238095 0.01 0.03238095238095238
0 0.4589285714285714 0.5066666666666667 0.009285714285714286 0.02857142857142857
0 0.48 0.5342857142857143 0.01 0.03619047619047619
0 0.5075 0.5366666666666666 0.013571428571428571 0.03333333333333333
0 0.5439285714285714 0.5766666666666667 0.013571428571428571 0.037142857142857144
0 0.5539285714285714 0.5642857142857143 0.012142857142857143 0.035238095238095235
0 0.4714285714285714 0.5138095238095238 0.01 0.035238095238095235
0 0.46964285714285714 0.5019047619047619 0.007857142857142858 0.030476190476190476
0 0.47928571428571426 0.5095238095238095 0.01 0.030476190476190476
0 0.49142857142857144 0.5119047619047619 0.008571428571428572 0.02761904761904762
0 0.48964285714285716 0.5290476190476191 0.010714285714285714 0.035238095238095235
0 0.49892857142857144 0.5071428571428571 0.010714285714285714 0.035238095238095235
0 0.4878571428571429 0.4990476190476191 0.01 0.03238095238095238
0 0.4496428571428571 0.4895238095238095 0.007857142857142858 0.024761904761904763
0 0.5146428571428572 0.5295238095238095 0.007857142857142858 0.03238095238095238
0 0.5375 0.5571428571428572 0.009285714285714286 0.03238095238095238
0 0.5367857142857143 0.5471428571428572 0.007857142857142858 0.029523809523809525
0 0.5417857142857143 0.5395238095238095 0.007857142857142858 0.03333333333333333
0 0.545 0.5342857142857143 0.007142857142857143 0.02857142857142857
0 0.5771428571428572 0.5766666666666667 0.012857142857142857 0.037142857142857144
0 0.5853571428571429 0.57 0.007857142857142858 0.037142857142857144
0 0.5817857142857142 0.559047619047619 0.007857142857142858 0.02857142857142857
0 0.5878571428571429 0.5576190476190476 0.008571428571428572 0.03142857142857143
0 0.6117857142857143 0.5776190476190476 0.007857142857142858 0.037142857142857144
0 0.62 0.5747619047619048 0.008571428571428572 0.03333333333333333
0 0.6221428571428571 0.57 0.007142857142857143 0.03333333333333333
0 0.6 0.6219047619047618 0.01 0.03619047619047619
0 0.61 0.6214285714285714 0.01 0.035238095238095235
0 0.6189285714285714 0.6442857142857142 0.013571428571428571 0.04285714285714286
0 0.6364285714285715 0.6195238095238095 0.012857142857142857 0.037142857142857144
0 0.5917857142857142 0.6895238095238095 0.013571428571428571 0.03428571428571429
0 0.6039285714285715 0.679047619047619 0.012142857142857143 0.0380952380952381
0 0.6464285714285715 0.6166666666666667 0.01 0.037142857142857144
0 0.6692857142857143 0.6295238095238095 0.015714285714285715 0.0380952380952381
0 0.6753571428571429 0.6223809523809524 0.013571428571428571 0.035238095238095235
0 0.67 0.6042857142857143 0.01 0.03333333333333333
0 0.6796428571428571 0.5995238095238096 0.012142857142857143 0.03333333333333333
0 0.63 0.7071428571428572 0.017142857142857144 0.04476190476190476
0 0.6392857142857142 0.6866666666666666 0.02142857142857143 0.03238095238095238
0 0.6467857142857143 0.68 0.009285714285714286 0.02857142857142857
0 0.6496428571428572 0.7338095238095238 0.015 0.04285714285714286
0 0.6567857142857143 0.7271428571428571 0.015 0.04285714285714286
0 0.6642857142857143 0.7176190476190476 0.015714285714285715 0.04285714285714286
0 0.7142857142857143 0.7071428571428572 0.014285714285714285 0.039047619047619046
0 0.7178571428571429 0.7047619047619048 0.012857142857142857 0.03238095238095238
0 0.7203571428571428 0.6895238095238095 0.015 0.04
0 0.565 0.36428571428571427 0.007142857142857143 0.023809523809523808
0 0.6703571428571429 0.33380952380952383 0.007857142857142858 0.021904761904761906
0 0.6867857142857143 0.32904761904761903 0.005 0.02
0 0.71 0.42 0.008571428571428572 0.024761904761904763
0 0.74 0.5366666666666666 0.012857142857142857 0.029523809523809525
0 0.7903571428571429 0.809047619047619 0.017857142857142856 0.04857142857142857
0 0.8 0.7619047619047619 0.025714285714285714 0.0380952380952381
0 0.8253571428571429 0.8147619047619048 0.023571428571428573 0.037142857142857144
0 0.8375 0.7847619047619048 0.016428571428571428 0.03428571428571429
0 0.7978571428571428 0.8919047619047619 0.02 0.04476190476190476
0 0.8071428571428572 0.8842857142857142 0.017142857142857144 0.040952380952380955
0 0.8814285714285715 0.8242857142857143 0.027142857142857142 0.04476190476190476
0 0.8896428571428572 0.9814285714285714 0.03214285714285714 0.035238095238095235
0 0.8896428571428572 0.9495238095238095 0.027857142857142858 0.04
0 0.91 0.92 0.03 0.04
0 0.95 0.9571428571428572 0.037142857142857144 0.05714285714285714
0 0.9728571428571429 0.94 0.017142857142857144 0.05142857142857143
1 0.93 0.6795238095238095 0.024285714285714285 0.029523809523809525
9 0.9321428571428572 0.6847619047619048 0.027142857142857142 0.0419047619047619
