4 0.03 0.34835025380710655 0.045714285714285714 0.03934010152284264
4 0.02 0.39911167512690354 0.04 0.03934010152284264
3 0.027142857142857142 0.45812182741116747 0.04428571428571428 0.035532994923857864
3 0.17214285714285715 0.43845177664974616 0.04 0.03426395939086294
3 0.09214285714285714 0.315989847715736 0.037142857142857144 0.03807106598984771
3 0.14892857142857144 0.30583756345177665 0.03785714285714286 0.050761421319796954
8 0.2067857142857143 0.2703045685279188 0.060714285714285714 0.050761421319796954
3 0.26035714285714284 0.47335025380710655 0.04071428571428572 0.053299492385786795
3 0.31642857142857145 0.6186548223350253 0.04857142857142857 0.031725888324873094
3 0.3342857142857143 0.7576142131979695 0.047142857142857146 0.048223350253807105
3 0.2839285714285714 0.9124365482233502 0.039285714285714285 0.07868020304568528
3 0.22392857142857142 0.9701776649746192 0.039285714285714285 0.05710659898477157
9 0.3092857142857143 0.9720812182741116 0.012857142857142857 0.03045685279187817
3 0.44285714285714284 0.9651015228426395 0.024285714285714285 0.06725888324873096
3 0.495 0.8705583756345177 0.024285714285714285 0.10152284263959391
3 0.5317857142857143 0.9010152284263959 0.025 0.09898477157360405
3 0.5692857142857143 0.9168781725888324 0.027142857142857142 0.10786802030456852
3 0.40214285714285714 0.7442893401015228 0.032857142857142856 0.09010152284263959
3 0.4992857142857143 0.598984771573604 0.022857142857142857 0.08375634517766496
3 0.5164285714285715 0.4809644670050761 0.025714285714285714 0.09137055837563451
3 0.455 0.6630710659898477 0.04428571428571428 0.03934010152284264
3 0.44642857142857145 0.5875634517766497 0.04857142857142857 0.04060913705583756
8 0.47 0.524746192893401 0.10714285714285714 0.07741116751269035
3 0.5842857142857143 0.6503807106598984 0.022857142857142857 0.08756345177664974
3 0.5842857142857143 0.44670050761421315 0.025714285714285714 0.08883248730964466
5 0.4521428571428571 0.21256345177664973 0.032857142857142856 0.11802030456852791
3 0.47464285714285714 0.1364213197969543 0.019285714285714285 0.06218274111675126
4 0.5571428571428572 0.041243654822335024 0.02 0.06979695431472081
4 0.5792857142857143 0.02284263959390863 0.018571428571428572 0.04568527918781726
3 0.59 0.11357868020304568 0.02 0.06472081218274112
3 0.5667857142857143 0.141497461928934 0.02214285714285714 0.06979695431472081
3 0.5964285714285714 0.1979695431472081 0.018571428571428572 0.06345177664974619
4 0.595 0.28109137055837563 0.017142857142857144 0.05964467005076142
3 0.6225 0.22715736040609136 0.015 0.06598984771573603
8 0.7767857142857143 0.2709390862944162 0.052142857142857144 0.14593908629441624
8 0.8117857142857143 0.45304568527918776 0.05785714285714286 0.15736040609137056
8 0.9567857142857142 0.7043147208121827 0.085 0.16751269035532992
3 0.3914285714285714 0.2861675126903553 0.041428571428571426 0.04187817258883248
