9 0.5563674321503131 0.025974025974025976 0.021920668058455113 0.04081632653061225
9 0.5735908141962421 0.012059369202226345 0.027139874739039664 0.02411873840445269
9 0.5691544885177452 0.1567717996289425 0.025574112734864297 0.029684601113172542
7 0.5743736951983298 0.20686456400742115 0.04331941544885177 0.07606679035250465
9 0.5728079331941545 0.2625231910946197 0.020354906054279746 0.0352504638218924
9 0.5759394572025052 0.27736549165120594 0.025574112734864297 0.03339517625231911
9 0.5793319415448851 0.31586270871985156 0.029227557411273482 0.026901669758812616
6 0.6082985386221293 0.2588126159554731 0.04227557411273486 0.0927643784786642
6 0.6169102296450939 0.3390538033395176 0.028183716075156573 0.10111317254174397
9 0.5973382045929018 0.4109461966604824 0.025574112734864297 0.0352504638218924
6 0.7066805845511481 0.4461966604823748 0.057411273486430055 0.05194805194805195
0 0.6667536534446763 0.21706864564007422 0.014091858037578286 0.03339517625231911
0 0.6761482254697285 0.20037105751391465 0.013048016701461376 0.03710575139146568
6 0.6933716075156575 0.2012987012987013 0.02139874739039666 0.08348794063079777
6 0.7197286012526095 0.1924860853432282 0.019832985386221292 0.06957328385899815
1 0.6933716075156575 0.112708719851577 0.013048016701461376 0.0176252319109462
1 0.693893528183716 0.10296846011131726 0.008872651356993735 0.020408163265306124
7 0.693893528183716 0.12337662337662338 0.02453027139874739 0.0705009276437848
7 0.6944154488517744 0.5579777365491652 0.03705636743215031 0.09369202226345083
9 0.7322546972860124 0.5357142857142857 0.014613778705636741 0.05287569573283859
9 0.6163883089770354 0.7115027829313544 0.021920668058455113 0.061224489795918366
9 0.6017745302713987 0.62847866419295 0.021920668058455113 0.05287569573283859
9 0.6610125260960333 0.6743970315398887 0.014091858037578286 0.05380333951762523
9 0.647964509394572 0.5320037105751392 0.012004175365344467 0.04730983302411874
1 0.6477035490605427 0.5292207792207793 0.013569937369519832 0.021335807050092765
1 0.6599686847599164 0.6730055658627088 0.014091858037578286 0.02319109461966605
1 0.6351774530271398 0.9679962894248608 0.015657620041753653 0.026901669758812616
9 0.6338726513569937 0.9698515769944341 0.014091858037578286 0.05844155844155844
3 0.8825678496868475 0.5292207792207793 0.052192066805845504 0.13636363636363635
7 0.8449895615866387 0.1567717996289425 0.037578288100208766 0.08348794063079777
