0 0.5146428571428572 0.8023809523809524 0.012142857142857143 0.02
0 0.5314285714285715 0.7895238095238095 0.015714285714285715 0.03238095238095238
0 0.5321428571428571 0.7647619047619048 0.012857142857142857 0.030476190476190476
0 0.5453571428571429 0.7523809523809524 0.013571428571428571 0.024761904761904763
0 0.5617857142857143 0.6523809523809524 0.010714285714285714 0.024761904761904763
0 0.5675 0.6466666666666666 0.013571428571428571 0.030476190476190476
0 0.5517857142857143 0.5866666666666667 0.013571428571428571 0.03238095238095238
0 0.4421428571428571 0.5976190476190476 0.01 0.029523809523809525
0 0.45535714285714285 0.5876190476190476 0.012142857142857143 0.02857142857142857
0 0.4714285714285714 0.5795238095238096 0.012857142857142857 0.02761904761904762
0 0.5028571428571429 0.5290476190476191 0.012857142857142857 0.025714285714285714
0 0.5146428571428572 0.5219047619047619 0.010714285714285714 0.030476190476190476
0 0.49214285714285716 0.40476190476190477 0.012857142857142857 0.03428571428571429
0 0.6439285714285714 0.4195238095238095 0.012142857142857143 0.03333333333333333
0 0.6603571428571429 0.4166666666666667 0.010714285714285714 0.03142857142857143
0 0.24714285714285714 0.76 0.022857142857142857 0.01904761904761905
0 0.2475 0.7490476190476191 0.020714285714285713 0.02
0 0.08214285714285714 0.7676190476190476 0.025714285714285714 0.024761904761904763
0 0.17142857142857143 0.73 0.027142857142857142 0.029523809523809525
0 0.15142857142857144 0.7214285714285714 0.022857142857142857 0.025714285714285714
0 0.16642857142857143 0.71 0.02857142857142857 0.023809523809523808
0 0.16785714285714284 0.6919047619047619 0.024285714285714285 0.02761904761904762
0 0.2375 0.6723809523809524 0.017857142857142856 0.024761904761904763
0 0.2692857142857143 0.5495238095238095 0.015714285714285715 0.03428571428571429
0 0.2542857142857143 0.5466666666666666 0.015714285714285715 0.030476190476190476
0 0.27464285714285713 0.46476190476190476 0.012142857142857143 0.03238095238095238
0 0.2875 0.45714285714285713 0.012142857142857143 0.03428571428571429
0 0.30214285714285716 0.45 0.012857142857142857 0.03333333333333333
0 0.21464285714285714 0.3952380952380952 0.015 0.03238095238095238
0 0.2075 0.3942857142857143 0.017857142857142856 0.03238095238095238
0 0.25214285714285717 0.4023809523809524 0.014285714285714285 0.02761904761904762
0 0.2717857142857143 0.4276190476190476 0.016428571428571428 0.03428571428571429
0 0.28035714285714286 0.42666666666666664 0.013571428571428571 0.03238095238095238
0 0.30142857142857143 0.42952380952380953 0.014285714285714285 0.03238095238095238
0 0.3375 0.4219047619047619 0.010714285714285714 0.030476190476190476
0 0.34464285714285714 0.42 0.012142857142857143 0.03238095238095238
0 0.28535714285714286 0.3742857142857143 0.013571428571428571 0.03238095238095238
0 0.30964285714285716 0.37714285714285717 0.012142857142857143 0.030476190476190476
0 0.3167857142857143 0.37714285714285717 0.009285714285714286 0.030476190476190476
0 0.34964285714285714 0.36714285714285716 0.012142857142857143 0.03333333333333333
0 0.4042857142857143 0.3514285714285714 0.012857142857142857 0.026666666666666665
0 0.4142857142857143 0.3442857142857143 0.017142857142857144 0.029523809523809525
0 0.3075 0.34904761904761905 0.010714285714285714 0.02761904761904762
0 0.3171428571428571 0.35 0.012857142857142857 0.03333333333333333
0 0.325 0.3495238095238095 0.011428571428571429 0.03428571428571429
0 0.3339285714285714 0.35523809523809524 0.009285714285714286 0.03428571428571429
0 0.35 0.3138095238095238 0.012857142857142857 0.03333333333333333
0 0.35964285714285715 0.30428571428571427 0.012142857142857143 0.035238095238095235
0 0.35714285714285715 0.2966666666666667 0.01 0.03333333333333333
0 0.3275 0.23476190476190475 0.009285714285714286 0.02761904761904762
0 0.34285714285714286 0.24428571428571427 0.011428571428571429 0.035238095238095235
0 0.3603571428571429 0.24952380952380954 0.010714285714285714 0.030476190476190476
0 0.37392857142857144 0.24714285714285714 0.009285714285714286 0.03142857142857143
0 0.3514285714285714 0.23904761904761904 0.011428571428571429 0.03238095238095238
0 0.36178571428571427 0.23666666666666666 0.012142857142857143 0.03142857142857143
0 0.35428571428571426 0.22666666666666666 0.01 0.03238095238095238
0 0.38 0.23238095238095238 0.01 0.03238095238095238
0 0.39 0.2219047619047619 0.01 0.02857142857142857
9 0.44642857142857145 0.2423809523809524 0.015714285714285715 0.02761904761904762
1 0.44535714285714284 0.23666666666666666 0.010714285714285714 0.025714285714285714
1 0.44285714285714284 0.2342857142857143 0.01 0.022857142857142857
1 0.4417857142857143 0.2319047619047619 0.010714285714285714 0.02761904761904762
9 0.011785714285714287 0.2138095238095238 0.023571428571428573 0.029523809523809525
1 0.009285714285714286 0.2138095238095238 0.018571428571428572 0.02
3 0.015 0.18714285714285714 0.03142857142857143 0.037142857142857144
0 0.03535714285714286 0.16380952380952382 0.020714285714285713 0.02857142857142857
0 0.09214285714285714 0.06476190476190476 0.017142857142857144 0.03238095238095238
0 0.10178571428571428 0.06190476190476191 0.016428571428571428 0.03238095238095238
0 0.12035714285714286 0.10428571428571429 0.015 0.029523809523809525
0 0.1325 0.1019047619047619 0.012142857142857143 0.03238095238095238
0 0.15785714285714286 0.09476190476190476 0.014285714285714285 0.029523809523809525
0 0.17464285714285716 0.10238095238095238 0.012142857142857143 0.029523809523809525
0 0.18 0.12476190476190477 0.015714285714285715 0.03238095238095238
0 0.07214285714285715 0.016666666666666666 0.017142857142857144 0.03142857142857143
0 0.05785714285714286 0.017619047619047618 0.014285714285714285 0.03142857142857143
0 0.048928571428571425 0.017142857142857144 0.015 0.030476190476190476
9 0.23964285714285713 0.14238095238095239 0.02214285714285714 0.02
1 0.2375 0.13714285714285715 0.013571428571428571 0.024761904761904763
1 0.23214285714285715 0.1376190476190476 0.012857142857142857 0.023809523809523808
0 0.27285714285714285 0.16 0.012857142857142857 0.03428571428571429
0 0.2864285714285714 0.15476190476190477 0.011428571428571429 0.03142857142857143
0 0.2642857142857143 0.15476190476190477 0.012857142857142857 0.03333333333333333
0 0.2621428571428571 0.13666666666666666 0.01 0.02761904761904762
0 0.2671428571428571 0.13476190476190475 0.012857142857142857 0.029523809523809525
0 0.28535714285714286 0.13904761904761906 0.010714285714285714 0.030476190476190476
0 0.29 0.1376190476190476 0.011428571428571429 0.03142857142857143
0 0.32535714285714284 0.2 0.012142857142857143 0.03238095238095238
0 0.3314285714285714 0.19476190476190477 0.012857142857142857 0.03142857142857143
0 0.33714285714285713 0.19428571428571428 0.01 0.03238095238095238
0 0.3117857142857143 0.18476190476190477 0.012142857142857143 0.03428571428571429
0 0.3171428571428571 0.17904761904761904 0.01 0.030476190476190476
0 0.3489285714285714 0.18476190476190477 0.009285714285714286 0.024761904761904763
0 0.355 0.18428571428571427 0.01 0.029523809523809525
0 0.33714285714285713 0.18 0.01 0.030476190476190476
0 0.34035714285714286 0.17714285714285713 0.010714285714285714 0.03238095238095238
0 0.33714285714285713 0.15904761904761905 0.01 0.02857142857142857
0 0.34214285714285714 0.15666666666666668 0.01 0.02761904761904762
0 0.76 0.014285714285714285 0.01 0.026666666666666665
0 0.7539285714285714 0.012380952380952381 0.009285714285714286 0.024761904761904763
