3 0.1367857142857143 0.9319047619047619 0.06642857142857143 0.04476190476190476
3 0.135 0.8895238095238095 0.06 0.04
3 0.12714285714285714 0.7871428571428571 0.07285714285714286 0.04285714285714286
3 0.22714285714285715 0.8814285714285715 0.03 0.08285714285714285
3 0.27964285714285714 0.92 0.062142857142857146 0.0419047619047619
3 0.2789285714285714 0.8195238095238095 0.062142857142857146 0.039047619047619046
3 0.28214285714285714 0.7795238095238095 0.05714285714285714 0.039047619047619046
3 0.28 0.7342857142857143 0.06428571428571428 0.0380952380952381
3 0.39964285714285713 0.959047619047619 0.030714285714285715 0.08
3 0.4 0.8547619047619047 0.03 0.08476190476190476
3 0.40535714285714286 0.7671428571428571 0.029285714285714286 0.07523809523809524
6 0.40464285714285714 0.7042857142857143 0.03214285714285714 0.02761904761904762
3 0.4139285714285714 0.6295238095238095 0.030714285714285715 0.08
3 0.40714285714285714 0.5595238095238095 0.05714285714285714 0.035238095238095235
3 0.4067857142857143 0.4895238095238095 0.05785714285714286 0.03238095238095238
3 0.4092857142857143 0.4452380952380952 0.05285714285714286 0.037142857142857144
3 0.41214285714285714 0.4095238095238095 0.05714285714285714 0.03428571428571429
3 0.41535714285714287 0.36952380952380953 0.05785714285714286 0.0380952380952381
3 0.41464285714285715 0.3323809523809524 0.05928571428571429 0.0380952380952381
3 0.41464285714285715 0.2919047619047619 0.05071428571428571 0.03333333333333333
3 0.42142857142857143 0.19523809523809524 0.055714285714285716 0.047619047619047616
4 0.36714285714285716 0.17761904761904762 0.025714285714285714 0.06190476190476191
3 0.4253571428571429 0.024761904761904763 0.05785714285714286 0.04
9 0.3442857142857143 0.15714285714285714 0.02 0.015238095238095238
0 0.35464285714285715 0.2119047619047619 0.007857142857142858 0.018095238095238095
0 0.34 0.3019047619047619 0.008571428571428572 0.015238095238095238
3 0.5467857142857143 0.9638095238095238 0.029285714285714286 0.07047619047619047
3 0.6121428571428571 0.7976190476190477 0.027142857142857142 0.08666666666666667
9 0.5671428571428572 0.49952380952380954 0.01 0.02761904761904762
1 0.5671428571428572 0.49714285714285716 0.01 0.015238095238095238
9 0.5575 0.08238095238095237 0.009285714285714286 0.02761904761904762
1 0.5589285714285714 0.07714285714285714 0.007857142857142858 0.015238095238095238
6 0.74 0.8795238095238095 0.015714285714285715 0.04666666666666667
4 0.8021428571428572 0.7923809523809524 0.027142857142857142 0.06476190476190476
0 0.7667857142857143 0.71 0.0064285714285714285 0.02
3 0.7421428571428571 0.6223809523809524 0.027142857142857142 0.06761904761904762
0 0.7603571428571428 0.4247619047619048 0.010714285714285714 0.017142857142857144
3 0.7453571428571428 0.4723809523809524 0.02642857142857143 0.07238095238095238
3 0.8775 0.5038095238095238 0.05357142857142857 0.03428571428571429
2 0.7496428571428572 0.27714285714285714 0.015 0.01904761904761905
0 0.78 0.05476190476190476 0.008571428571428572 0.021904761904761906
9 0.7675 0.04523809523809524 0.017857142857142856 0.01619047619047619
3 0.7503571428571428 0.051904761904761905 0.03214285714285714 0.037142857142857144
