3 0.3817857142857143 0.9416243654822334 0.016428571428571428 0.055837563451776644
3 0.3389285714285714 0.7335025380710659 0.015 0.03807106598984771
3 0.3917857142857143 0.4942893401015228 0.010714285714285714 0.026649746192893398
3 0.37035714285714283 0.46002538071065985 0.009285714285714286 0.024111675126903553
3 0.38785714285714284 0.43718274111675126 0.01 0.021573604060913704
3 0.3796428571428571 0.38071065989847713 0.007857142857142858 0.017766497461928932
3 0.32142857142857145 0.42703045685279184 0.01 0.016497461928934008
3 0.3375 0.3978426395939086 0.009285714285714286 0.021573604060913704
3 0.34964285714285714 0.34010152284263956 0.007857142857142858 0.015228426395939085
3 0.33964285714285714 0.3312182741116751 0.007857142857142858 0.015228426395939085
3 0.3489285714285714 0.29378172588832485 0.007857142857142858 0.013959390862944161
5 0.3967857142857143 0.3128172588832487 0.009285714285714286 0.031725888324873094
3 0.4017857142857143 0.291243654822335 0.007857142857142858 0.013959390862944161
3 0.36142857142857143 0.27411167512690354 0.007142857142857143 0.012690355329949238
3 0.35428571428571426 0.2639593908629441 0.007142857142857143 0.012690355329949238
5 0.39464285714285713 0.2519035532994924 0.007857142857142858 0.024111675126903553
5 0.4064285714285714 0.21002538071065988 0.007142857142857143 0.021573604060913704
3 0.3678571428571429 0.22525380710659898 0.005714285714285714 0.011421319796954314
3 0.36178571428571427 0.20875634517766495 0.005 0.011421319796954314
3 0.36964285714285716 0.20304568527918782 0.005 0.01015228426395939
3 0.39785714285714285 0.18527918781725886 0.005714285714285714 0.012690355329949238
3 0.40464285714285714 0.18591370558375633 0.005 0.011421319796954314
3 0.39964285714285713 0.15228426395939085 0.005 0.01015228426395939
