8 0.06714285714285714 0.06476190476190476 0.04 0.1295238095238095
0 0.07142857142857142 0.5842857142857143 0.015714285714285715 0.010476190476190476
3 0.0075 0.9742857142857143 0.015 0.049523809523809526
4 0.4675 0.9661904761904762 0.025 0.06571428571428571
3 0.4228571428571429 0.97 0.055714285714285716 0.035238095238095235
9 0.5421428571428571 0.97 0.022857142857142857 0.023809523809523808
3 0.4442857142857143 0.9095238095238095 0.054285714285714284 0.0380952380952381
1 0.5421428571428571 0.9742857142857143 0.01 0.015238095238095238
9 0.5514285714285714 0.9295238095238095 0.012857142857142857 0.024761904761904763
9 0.5503571428571429 0.8642857142857143 0.010714285714285714 0.02761904761904762
9 0.5667857142857143 0.8595238095238095 0.016428571428571428 0.02
9 0.5578571428571428 0.8442857142857143 0.018571428571428572 0.010476190476190476
9 0.5603571428571429 0.8295238095238096 0.02214285714285714 0.013333333333333332
9 0.5625 0.7847619047619048 0.017857142857142856 0.015238095238095238
9 0.5517857142857143 0.7447619047619047 0.017857142857142856 0.017142857142857144
0 0.5121428571428571 0.8719047619047618 0.007142857142857143 0.01619047619047619
0 0.5203571428571429 0.8414285714285714 0.0064285714285714285 0.014285714285714285
0 0.5278571428571428 0.839047619047619 0.008571428571428572 0.011428571428571429
3 0.4275 0.8671428571428571 0.047857142857142855 0.02761904761904762
3 0.4317857142857143 0.829047619047619 0.047857142857142855 0.03333333333333333
3 0.42714285714285716 0.7752380952380953 0.05285714285714286 0.030476190476190476
4 0.4521428571428571 0.7376190476190476 0.04285714285714286 0.03333333333333333
3 0.4446428571428571 0.7019047619047619 0.055 0.03428571428571429
4 0.4446428571428571 0.6252380952380953 0.047857142857142855 0.035238095238095235
9 0.4421428571428571 0.659047619047619 0.017142857142857144 0.017142857142857144
0 0.49892857142857144 0.6671428571428571 0.007857142857142858 0.012380952380952381
0 0.5078571428571429 0.6571428571428571 0.008571428571428572 0.009523809523809525
0 0.5164285714285715 0.6652380952380952 0.005714285714285714 0.010476190476190476
0 0.48892857142857143 0.5795238095238096 0.0064285714285714285 0.012380952380952381
0 0.49464285714285716 0.5866666666666667 0.007857142857142858 0.007619047619047619
0 0.4542857142857143 0.5719047619047619 0.007142857142857143 0.010476190476190476
3 0.43535714285714283 0.4519047619047619 0.052142857142857144 0.029523809523809525
4 0.5621428571428572 0.36428571428571427 0.047142857142857146 0.06761904761904762
4 0.5675 0.4138095238095238 0.04214285714285714 0.054285714285714284
9 0.5775 0.31238095238095237 0.009285714285714286 0.024761904761904763
9 0.5096428571428572 0.35 0.005 0.012380952380952381
9 0.47535714285714287 0.31476190476190474 0.007857142857142858 0.012380952380952381
5 0.4275 0.3523809523809524 0.07214285714285715 0.04
5 0.43 0.30714285714285716 0.07 0.040952380952380955
5 0.43 0.2319047619047619 0.06285714285714286 0.035238095238095235
7 0.44142857142857145 0.2695238095238095 0.037142857142857144 0.022857142857142857
0 0.43392857142857144 0.2719047619047619 0.005 0.010476190476190476
1 0.46714285714285714 0.2195238095238095 0.007142857142857143 0.010476190476190476
7 0.46 0.1619047619047619 0.03 0.03238095238095238
1 0.4689285714285714 0.16428571428571428 0.0064285714285714285 0.012380952380952381
0 0.47464285714285714 0.18904761904761905 0.010714285714285714 0.012380952380952381
0 0.4175 0.13380952380952382 0.0064285714285714285 0.012380952380952381
0 0.47214285714285714 0.13476190476190475 0.007142857142857143 0.012380952380952381
9 0.5714285714285714 0.1738095238095238 0.018571428571428572 0.014285714285714285
0 0.46 0.0419047619047619 0.01 0.017142857142857144
0 0.4228571428571429 0.08428571428571428 0.005714285714285714 0.014285714285714285
0 0.42392857142857143 0.07238095238095238 0.007857142857142858 0.015238095238095238
7 0.41464285714285715 0.08476190476190476 0.017857142857142856 0.03238095238095238
1 0.48428571428571426 0.03238095238095238 0.007142857142857143 0.013333333333333332
0 0.4114285714285714 0.04523809523809524 0.008571428571428572 0.01619047619047619
0 0.4175 0.035238095238095235 0.007857142857142858 0.017142857142857144
