8 0.465 0.3692893401015228 0.047142857142857146 0.10913705583756345
8 0.3767857142857143 0.14530456852791876 0.03785714285714286 0.09263959390862943
3 0.6167857142857143 0.7519035532994923 0.030714285714285715 0.09010152284263959
0 0.2925 0.8813451776649746 0.005 0.024111675126903553
0 0.23 0.9543147208121827 0.002857142857142857 0.015228426395939085
9 0.2475 0.9308375634517766 0.02642857142857143 0.024111675126903553
9 0.36142857142857143 0.8661167512690354 0.025714285714285714 0.021573604060913704
0 0.4325 0.7220812182741116 0.005 0.017766497461928932
0 0.3975 0.7994923857868019 0.009285714285714286 0.015228426395939085
0 0.5692857142857143 0.5399746192893401 0.004285714285714286 0.024111675126903553
0 0.5564285714285714 0.5126903553299492 0.007142857142857143 0.03045685279187817
0 0.6128571428571429 0.4689086294416243 0.004285714285714286 0.024111675126903553
0 0.6071428571428571 0.4676395939086294 0.004285714285714286 0.021573604060913704
0 0.5771428571428572 0.3756345177664974 0.002857142857142857 0.02030456852791878
0 0.5342857142857143 0.3769035532994924 0.004285714285714286 0.02030456852791878
0 0.5446428571428571 0.3743654822335025 0.002142857142857143 0.012690355329949238
0 0.5521428571428572 0.3769035532994924 0.002857142857142857 0.02030456852791878
0 0.5592857142857143 0.38642131979695427 0.004285714285714286 0.019035532994923856
0 0.5746428571428571 0.4175126903553299 0.005 0.02030456852791878
0 0.42714285714285716 0.30203045685279184 0.002857142857142857 0.02284263959390863
0 0.6096428571428572 0.4543147208121827 0.005 0.017766497461928932
0 0.5846428571428571 0.43210659898477155 0.005 0.026649746192893398
0 0.5775 0.4149746192893401 0.0035714285714285713 0.02284263959390863
0 0.5692857142857143 0.39911167512690354 0.004285714285714286 0.021573604060913704
0 0.5675 0.40862944162436543 0.005 0.02030456852791878
0 0.5471428571428572 0.3680203045685279 0.002857142857142857 0.02030456852791878
0 0.5289285714285714 0.33375634517766495 0.0035714285714285713 0.02284263959390863
0 0.5228571428571429 0.3508883248730964 0.002857142857142857 0.019035532994923856
0 0.5278571428571428 0.35977157360406087 0.004285714285714286 0.016497461928934008
0 0.5325 0.3648477157360406 0.0035714285714285713 0.016497461928934008
0 0.5214285714285715 0.3312182741116751 0.002857142857142857 0.015228426395939085
0 0.4967857142857143 0.31535532994923854 0.0035714285714285713 0.016497461928934008
0 0.43142857142857144 0.3032994923857868 0.004285714285714286 0.02030456852791878
0 0.505 0.3096446700507614 0.002857142857142857 0.02030456852791878
0 0.5092857142857142 0.31916243654822335 0.002857142857142857 0.016497461928934008
0 0.5121428571428571 0.31916243654822335 0.004285714285714286 0.019035532994923856
0 0.5171428571428571 0.3229695431472081 0.002857142857142857 0.019035532994923856
0 0.5203571428571429 0.33502538071065985 0.0035714285714285713 0.012690355329949238
0 0.5139285714285714 0.33502538071065985 0.0035714285714285713 0.017766497461928932
0 0.5028571428571429 0.3128172588832487 0.002857142857142857 0.019035532994923856
0 0.5175 0.33883248730964466 0.005 0.02030456852791878
1 0.6021428571428571 0.43908629441624364 0.007142857142857143 0.02030456852791878
1 0.6003571428571428 0.43527918781725883 0.0035714285714285713 0.01015228426395939
0 0.48214285714285715 0.25444162436548223 0.002857142857142857 0.013959390862944161
0 0.47714285714285715 0.2569796954314721 0.002857142857142857 0.019035532994923856
1 0.41964285714285715 0.02982233502538071 0.002142857142857143 0.006345177664974619
1 0.4114285714285714 0.03489847715736041 0.002857142857142857 0.006345177664974619
1 0.40714285714285714 0.03616751269035533 0.002857142857142857 0.006345177664974619
1 0.40464285714285714 0.03743654822335025 0.002142857142857143 0.006345177664974619
1 0.39964285714285713 0.038705583756345176 0.002142857142857143 0.006345177664974619
1 0.39714285714285713 0.039974619289340096 0.002857142857142857 0.006345177664974619
1 0.3796428571428571 0.046319796954314714 0.002142857142857143 0.006345177664974619
1 0.37535714285714283 0.048223350253807105 0.002142857142857143 0.0076142131979695426
0 0.42178571428571426 0.016497461928934008 0.002142857142857143 0.012690355329949238
0 0.42964285714285716 0.029187817258883246 0.002142857142857143 0.01015228426395939
0 0.43464285714285716 0.029187817258883246 0.002142857142857143 0.01015228426395939
0 0.4342857142857143 0.019035532994923856 0.0014285714285714286 0.01015228426395939
0 0.4317857142857143 0.02030456852791878 0.002142857142857143 0.0076142131979695426
0 0.44142857142857145 0.03743654822335025 0.002857142857142857 0.011421319796954314
0 0.445 0.041243654822335024 0.0014285714285714286 0.011421319796954314
0 0.45 0.04505076142131979 0.002857142857142857 0.011421319796954314
0 0.4521428571428571 0.026649746192893398 0.002857142857142857 0.012690355329949238
0 0.4546428571428571 0.02347715736040609 0.002142857142857143 0.011421319796954314
0 0.43464285714285716 0.005710659898477157 0.002142857142857143 0.008883248730964466
0 0.4575 0.0076142131979695426 0.002142857142857143 0.01015228426395939
0 0.45964285714285713 0.006345177664974619 0.002142857142857143 0.01015228426395939
0 0.45964285714285713 0.02030456852791878 0.002142857142857143 0.01015228426395939
0 0.4717857142857143 0.013959390862944161 0.002142857142857143 0.01015228426395939
0 0.4878571428571429 0.016497461928934008 0.002857142857142857 0.01015228426395939
0 0.44535714285714284 0.008248730964467004 0.0035714285714285713 0.008883248730964466
0 0.49964285714285717 0.03616751269035533 0.002142857142857143 0.011421319796954314
0 0.49178571428571427 0.016497461928934008 0.002142857142857143 0.01015228426395939
0 0.49392857142857144 0.019035532994923856 0.002142857142857143 0.01015228426395939
0 0.49714285714285716 0.019035532994923856 0.002857142857142857 0.01015228426395939
0 0.49964285714285717 0.024746192893401013 0.002142857142857143 0.008883248730964466
0 0.5146428571428572 0.03616751269035533 0.002142857142857143 0.008883248730964466
0 0.5171428571428571 0.03616751269035533 0.002857142857142857 0.008883248730964466
0 0.5178571428571429 0.048223350253807105 0.002857142857142857 0.012690355329949238
0 0.5021428571428571 0.050761421319796954 0.002857142857142857 0.015228426395939085
0 0.5046428571428572 0.052030456852791875 0.002142857142857143 0.012690355329949238
0 0.5042857142857143 0.03743654822335025 0.002857142857142857 0.011421319796954314
0 0.505 0.027918781725888322 0.0014285714285714286 0.0076142131979695426
0 0.5071428571428571 0.026649746192893398 0.002857142857142857 0.01015228426395939
0 0.5117857142857143 0.03362944162436548 0.002142857142857143 0.008883248730964466
0 0.5096428571428572 0.03743654822335025 0.002142857142857143 0.008883248730964466
0 0.5089285714285714 0.02982233502538071 0.002142857142857143 0.011421319796954314
0 0.5021428571428571 0.022208121827411165 0.002857142857142857 0.008883248730964466
0 0.4725 0.005076142131979695 0.002142857142857143 0.01015228426395939
0 0.47964285714285715 0.013959390862944161 0.002142857142857143 0.0076142131979695426
1 0.5028571428571429 0.07423857868020305 0.0014285714285714286 0.006345177664974619
1 0.5053571428571428 0.07296954314720812 0.002142857142857143 0.006345177664974619
1 0.5096428571428572 0.07043147208121826 0.002142857142857143 0.006345177664974619
1 0.5121428571428571 0.06916243654822335 0.002857142857142857 0.006345177664974619
1 0.5196428571428572 0.0666243654822335 0.002142857142857143 0.008883248730964466
1 0.5221428571428571 0.07043147208121826 0.002857142857142857 0.006345177664974619
1 0.525 0.07296954314720812 0.002857142857142857 0.006345177664974619
1 0.5296428571428572 0.0748730964467005 0.002142857142857143 0.0076142131979695426
1 0.5317857142857143 0.07614213197969542 0.002142857142857143 0.0076142131979695426
1 0.5353571428571429 0.08312182741116751 0.002142857142857143 0.008883248730964466
0 0.4164285714285714 0.07677664974619289 0.002857142857142857 0.011421319796954314
0 0.4139285714285714 0.07741116751269035 0.002142857142857143 0.0076142131979695426
0 0.4 0.08629441624365482 0.002857142857142857 0.012690355329949238
0 0.3964285714285714 0.08756345177664974 0.002857142857142857 0.012690355329949238
0 0.3892857142857143 0.10088832487309644 0.002857142857142857 0.013959390862944161
0 0.3846428571428571 0.11928934010152284 0.002142857142857143 0.01015228426395939
0 0.39 0.1281725888324873 0.002857142857142857 0.01015228426395939
0 0.405 0.15862944162436546 0.004285714285714286 0.012690355329949238
0 0.41214285714285714 0.15989847715736039 0.002857142857142857 0.01015228426395939
0 0.40285714285714286 0.08629441624365482 0.002857142857142857 0.012690355329949238
0 0.40964285714285714 0.08502538071065989 0.002142857142857143 0.012690355329949238
0 0.4075 0.08185279187817258 0.002142857142857143 0.011421319796954314
0 0.4717857142857143 0.2728426395939086 0.005 0.017766497461928932
0 0.35035714285714287 0.06281725888324872 0.0035714285714285713 0.011421319796954314
0 0.5253571428571429 0.046319796954314714 0.002142857142857143 0.011421319796954314
0 0.5317857142857143 0.061548223350253804 0.002142857142857143 0.008883248730964466
0 0.5342857142857143 0.06218274111675126 0.002857142857142857 0.012690355329949238
0 0.5371428571428571 0.06218274111675126 0.002857142857142857 0.015228426395939085
0 0.5621428571428572 0.05456852791878172 0.002857142857142857 0.012690355329949238
0 0.5503571428571429 0.07804568527918782 0.002142857142857143 0.008883248730964466
0 0.5525 0.07043147208121826 0.002142857142857143 0.008883248730964466
0 0.5546428571428571 0.07423857868020305 0.002142857142857143 0.011421319796954314
0 0.5575 0.06916243654822335 0.002142857142857143 0.011421319796954314
0 0.5603571428571429 0.06789340101522842 0.002142857142857143 0.011421319796954314
0 0.5628571428571428 0.06789340101522842 0.002857142857142857 0.008883248730964466
0 0.6646428571428571 0.516497461928934 0.005 0.025380710659898477
0 0.6796428571428571 0.5862944162436547 0.005 0.02284263959390863
0 0.7064285714285714 0.6008883248730964 0.005714285714285714 0.024111675126903553
0 0.7064285714285714 0.6085025380710659 0.005714285714285714 0.011421319796954314
0 0.8675 0.7385786802030456 0.0064285714285714285 0.025380710659898477
1 0.8817857142857143 0.6376903553299492 0.0064285714285714285 0.011421319796954314
1 0.8446428571428571 0.6821065989847716 0.005 0.016497461928934008
1 0.8375 0.6884517766497461 0.005 0.011421319796954314
1 0.9071428571428571 0.7373096446700507 0.005714285714285714 0.015228426395939085
1 0.8964285714285715 0.7373096446700507 0.005714285714285714 0.01015228426395939
1 0.9014285714285715 0.7455583756345177 0.005714285714285714 0.011421319796954314
1 0.8946428571428572 0.7493654822335025 0.005 0.011421319796954314
1 0.95 0.6954314720812182 0.007142857142857143 0.012690355329949238
1 0.9725 0.7309644670050761 0.005 0.012690355329949238
1 0.9646428571428571 0.7417512690355329 0.005 0.011421319796954314
1 0.9889285714285714 0.6782994923857868 0.005 0.008883248730964466
