3 0.6839285714285714 0.4423809523809524 0.03357142857142857 0.08476190476190476
3 0.6375 0.4471428571428571 0.035 0.08285714285714285
3 0.3846428571428571 0.88 0.105 0.08190476190476191
5 0.20214285714285715 0.7995238095238095 0.14 0.10761904761904761
3 0.05 0.9633333333333334 0.1 0.07142857142857142
3 0.45 0.981904761904762 0.10428571428571429 0.03428571428571429
3 0.7096428571428571 0.9752380952380952 0.10214285714285715 0.047619047619047616
0 0.31464285714285717 0.5266666666666666 0.012142857142857143 0.024761904761904763
0 0.4275 0.5695238095238095 0.007857142857142858 0.02095238095238095
0 0.5239285714285714 0.44476190476190475 0.007857142857142858 0.026666666666666665
3 0.6114285714285714 0.05 0.04428571428571428 0.035238095238095235
0 0.7175 0.599047619047619 0.015 0.024761904761904763
0 0.8814285714285715 0.016666666666666666 0.008571428571428572 0.021904761904761906
0 0.885 0.15 0.01 0.023809523809523808
0 0.8946428571428572 0.1519047619047619 0.007857142857142858 0.02
0 0.9025 0.1595238095238095 0.005 0.014285714285714285
0 0.9089285714285714 0.14714285714285713 0.005 0.012380952380952381
0 0.9146428571428571 0.21 0.007857142857142858 0.02
0 0.9196428571428571 0.17238095238095238 0.007857142857142858 0.013333333333333332
0 0.8796428571428572 0.12476190476190477 0.007857142857142858 0.024761904761904763
0 0.8821428571428571 0.08428571428571428 0.007142857142857143 0.02
0 0.8742857142857143 0.08428571428571428 0.005714285714285714 0.02
