3 0.36678571428571427 0.6971428571428572 0.12357142857142857 0.22285714285714286
3 0.18928571428571428 0.4623809523809524 0.14857142857142858 0.1457142857142857
3 0.3028571428571429 0.36904761904761907 0.09857142857142857 0.1
3 0.41785714285714287 0.23952380952380953 0.06 0.06952380952380953
3 0.5196428571428572 0.2652380952380952 0.065 0.08095238095238096
3 0.8439285714285715 0.6366666666666667 0.225 0.1361904761904762
3 0.7917857142857143 0.4676190476190476 0.1707142857142857 0.11238095238095239
3 0.7846428571428572 0.3919047619047619 0.155 0.1
3 0.7964285714285714 0.3295238095238095 0.13428571428571429 0.08190476190476191
3 0.8021428571428572 0.26761904761904765 0.12285714285714286 0.07809523809523809
4 0.7771428571428571 0.2823809523809524 0.1 0.07904761904761905
3 0.7025 0.2438095238095238 0.052142857142857144 0.06095238095238095
4 0.7317857142857143 0.1895238095238095 0.052142857142857144 0.06285714285714286
3 0.5153571428571428 0.15476190476190477 0.052142857142857144 0.06761904761904762
4 0.5571428571428572 0.1219047619047619 0.05 0.05523809523809524
3 0.6617857142857143 0.13666666666666666 0.04642857142857143 0.05619047619047619
3 0.6675 0.0919047619047619 0.04642857142857143 0.039047619047619046
0 0.3767857142857143 0.15714285714285714 0.012142857142857143 0.03428571428571429
3 0.5153571428571428 0.10523809523809524 0.05071428571428571 0.035238095238095235
3 0.5346428571428572 0.07142857142857142 0.047857142857142855 0.0380952380952381
3 0.5078571428571429 0.06476190476190476 0.04285714285714286 0.03238095238095238
3 0.4828571428571429 0.06 0.045714285714285714 0.03428571428571429
3 0.7278571428571429 0.12714285714285714 0.045714285714285714 0.040952380952380955
3 0.7167857142857142 0.11 0.047857142857142855 0.039047619047619046
3 0.765 0.10142857142857142 0.04 0.035238095238095235
3 0.7946428571428571 0.0919047619047619 0.03785714285714286 0.029523809523809525
0 0.7621428571428571 0.07476190476190477 0.012857142857142857 0.039047619047619046
3 0.7203571428571428 0.0719047619047619 0.04357142857142857 0.037142857142857144
3 0.7596428571428572 0.062380952380952384 0.03785714285714286 0.03333333333333333
3 0.795 0.054285714285714284 0.03 0.03238095238095238
3 0.8196428571428571 0.0419047619047619 0.03214285714285714 0.03238095238095238
3 0.8489285714285715 0.056666666666666664 0.03357142857142857 0.03142857142857143
3 0.8467857142857143 0.03238095238095238 0.029285714285714286 0.026666666666666665
3 0.9639285714285715 0.011904761904761904 0.017857142857142856 0.023809523809523808
3 0.9828571428571429 0.009047619047619047 0.017142857142857144 0.01619047619047619
