7 0.5489285714285714 0.8671428571428571 0.023571428571428573 0.07523809523809524
1 0.5464285714285714 0.8747619047619047 0.014285714285714285 0.02
4 0.615 0.6095238095238096 0.032857142857142856 0.11428571428571428
4 0.6021428571428571 0.40714285714285714 0.017142857142857144 0.04476190476190476
4 0.5871428571428572 0.24476190476190476 0.017142857142857144 0.04380952380952381
4 0.5821428571428572 0.1619047619047619 0.012857142857142857 0.05523809523809524
9 0.5746428571428571 0.20714285714285716 0.005 0.018095238095238095
1 0.5746428571428571 0.20952380952380953 0.005 0.005714285714285714
0 0.4592857142857143 0.24952380952380954 0.002857142857142857 0.013333333333333332
4 0.5289285714285714 0.22952380952380952 0.010714285714285714 0.022857142857142857
0 0.6139285714285714 0.15904761904761905 0.002142857142857143 0.007619047619047619
0 0.5692857142857143 0.13238095238095238 0.002857142857142857 0.009523809523809525
3 0.5867857142857142 0.12714285714285714 0.009285714285714286 0.010476190476190476
3 0.6 0.11428571428571428 0.01 0.007619047619047619
0 0.6246428571428572 0.12428571428571429 0.002142857142857143 0.004761904761904762
4 0.5146428571428572 0.17 0.019285714285714285 0.012380952380952381
3 0.4675 0.19238095238095237 0.015 0.015238095238095238
2 0.5092857142857142 0.15761904761904763 0.007142857142857143 0.006666666666666666
1 0.5078571428571429 0.15476190476190477 0.004285714285714286 0.004761904761904762
9 0.5342857142857143 0.1523809523809524 0.011428571428571429 0.009523809523809525
1 0.5314285714285715 0.15428571428571428 0.002857142857142857 0.007619047619047619
0 0.5246428571428572 0.1019047619047619 0.002142857142857143 0.007619047619047619
9 0.5225 0.09904761904761905 0.005 0.005714285714285714
1 0.5217857142857143 0.09714285714285714 0.002142857142857143 0.005714285714285714
3 0.505 0.1019047619047619 0.014285714285714285 0.009523809523809525
3 0.4575 0.11428571428571428 0.015 0.007619047619047619
3 0.4592857142857143 0.10761904761904761 0.014285714285714285 0.007619047619047619
3 0.46 0.10476190476190476 0.012857142857142857 0.007619047619047619
3 0.4539285714285714 0.1019047619047619 0.010714285714285714 0.005714285714285714
3 0.4667857142857143 0.09714285714285714 0.012142857142857143 0.009523809523809525
3 0.4303571428571429 0.10904761904761905 0.012142857142857143 0.006666666666666666
3 0.42964285714285716 0.11238095238095239 0.015 0.007619047619047619
3 0.4275 0.12142857142857143 0.013571428571428571 0.012380952380952381
3 0.4542857142857143 0.12761904761904763 0.017142857142857144 0.007619047619047619
3 0.42714285714285716 0.07238095238095238 0.002857142857142857 0.007619047619047619
3 0.4714285714285714 0.08 0.004285714285714286 0.007619047619047619
3 0.4667857142857143 0.0719047619047619 0.0064285714285714285 0.008571428571428572
3 0.45714285714285713 0.0719047619047619 0.004285714285714286 0.004761904761904762
3 0.49785714285714283 0.011904761904761904 0.004285714285714286 0.004761904761904762
3 0.5028571428571429 0.011428571428571429 0.004285714285714286 0.005714285714285714
4 0.5128571428571429 0.017142857142857144 0.005714285714285714 0.005714285714285714
5 0.5289285714285714 0.03428571428571429 0.010714285714285714 0.017142857142857144
5 0.5146428571428572 0.03666666666666667 0.007857142857142858 0.012380952380952381
3 0.9 0.2523809523809524 0.03142857142857143 0.013333333333333332
3 0.895 0.24523809523809523 0.027142857142857142 0.012380952380952381
3 0.8853571428571428 0.2342857142857143 0.025 0.015238095238095238
3 0.8346428571428571 0.14238095238095239 0.015 0.012380952380952381
3 0.8489285714285715 0.14952380952380953 0.009285714285714286 0.013333333333333332
3 0.9428571428571428 0.16666666666666666 0.024285714285714285 0.011428571428571429
3 0.9146428571428571 0.20476190476190476 0.015 0.01904761904761905
3 0.72 0.13 0.008571428571428572 0.008571428571428572
3 0.6867857142857143 0.08523809523809524 0.0064285714285714285 0.008571428571428572
3 0.7075 0.11 0.007857142857142858 0.008571428571428572
3 0.6492857142857142 0.047619047619047616 0.007142857142857143 0.005714285714285714
3 0.8696428571428572 0.2123809523809524 0.025 0.013333333333333332
3 0.8753571428571428 0.22380952380952382 0.02642857142857143 0.011428571428571429
3 0.8796428571428572 0.22714285714285715 0.027857142857142858 0.012380952380952381
4 0.9696428571428571 0.21 0.025 0.02
9 0.9278571428571428 0.2042857142857143 0.011428571428571429 0.006666666666666666
9 0.9339285714285714 0.20952380952380953 0.009285714285714286 0.009523809523809525
8 0.7403571428571428 0.1319047619047619 0.013571428571428571 0.029523809523809525
8 0.68 0.05714285714285714 0.011428571428571429 0.015238095238095238
8 0.6589285714285714 0.04 0.010714285714285714 0.015238095238095238
4 0.6696428571428571 0.062380952380952384 0.017857142857142856 0.023809523809523808
4 0.6971428571428572 0.09523809523809523 0.012857142857142857 0.013333333333333332
4 0.7028571428571428 0.08476190476190476 0.008571428571428572 0.007619047619047619
4 0.7821428571428571 0.11714285714285715 0.017142857142857144 0.009523809523809525
3 0.72 0.10428571428571429 0.01 0.006666666666666666
7 0.9225 0.14666666666666667 0.015 0.013333333333333332
9 0.9667857142857142 0.15714285714285714 0.010714285714285714 0.007619047619047619
9 0.9828571428571429 0.1619047619047619 0.005714285714285714 0.007619047619047619
1 0.985 0.1595238095238095 0.002857142857142857 0.006666666666666666
1 0.9678571428571429 0.15476190476190477 0.002857142857142857 0.008571428571428572
0 0.86 0.13428571428571429 0.004285714285714286 0.007619047619047619
1 0.7542857142857143 0.1619047619047619 0.002857142857142857 0.007619047619047619
1 0.7475 0.16714285714285715 0.0035714285714285713 0.008571428571428572
1 0.7621428571428571 0.15666666666666668 0.002857142857142857 0.006666666666666666
1 0.7275 0.11666666666666667 0.002142857142857143 0.004761904761904762
1 0.7142857142857143 0.14714285714285713 0.002857142857142857 0.004761904761904762
9 0.7467857142857143 0.16952380952380952 0.007857142857142858 0.007619047619047619
9 0.7539285714285714 0.16428571428571428 0.009285714285714286 0.004761904761904762
9 0.7596428571428572 0.1595238095238095 0.009285714285714286 0.004761904761904762
9 0.7271428571428571 0.11952380952380952 0.004285714285714286 0.004761904761904762
9 0.7146428571428571 0.14952380952380953 0.005 0.005714285714285714
0 0.8189285714285715 0.12666666666666668 0.0035714285714285713 0.007619047619047619
0 0.8621428571428571 0.11904761904761904 0.002857142857142857 0.007619047619047619
0 0.8421428571428572 0.09 0.002857142857142857 0.006666666666666666
4 0.6525 0.05714285714285714 0.005 0.005714285714285714
4 0.7303571428571428 0.09952380952380953 0.015 0.012380952380952381
4 0.7517857142857143 0.11142857142857143 0.02214285714285714 0.015238095238095238
4 0.7492857142857143 0.06142857142857143 0.011428571428571429 0.008571428571428572
4 0.7542857142857143 0.07428571428571429 0.012857142857142857 0.007619047619047619
3 0.7521428571428571 0.06761904761904762 0.01 0.009523809523809525
3 0.7496428571428572 0.08 0.007857142857142858 0.007619047619047619
3 0.7442857142857143 0.08142857142857143 0.004285714285714286 0.008571428571428572
3 0.7375 0.07714285714285714 0.0035714285714285713 0.009523809523809525
3 0.8046428571428571 0.07714285714285714 0.007857142857142858 0.007619047619047619
3 0.7971428571428572 0.07714285714285714 0.007142857142857143 0.007619047619047619
3 0.8125 0.07714285714285714 0.005 0.007619047619047619
3 0.8442857142857143 0.11666666666666667 0.014285714285714285 0.006666666666666666
3 0.8414285714285714 0.11428571428571428 0.01 0.007619047619047619
3 0.8353571428571429 0.11190476190476191 0.013571428571428571 0.010476190476190476
3 0.83 0.10666666666666666 0.011428571428571429 0.007619047619047619
4 0.8275 0.10238095238095238 0.015 0.010476190476190476
3 0.8217857142857142 0.1 0.009285714285714286 0.007619047619047619
3 0.8171428571428572 0.09714285714285714 0.01 0.007619047619047619
3 0.8146428571428571 0.09380952380952381 0.007857142857142858 0.006666666666666666
3 0.8096428571428571 0.08714285714285715 0.012142857142857143 0.006666666666666666
3 0.7921428571428571 0.08666666666666667 0.012857142857142857 0.007619047619047619
3 0.7946428571428571 0.09 0.012142857142857143 0.008571428571428572
3 0.7996428571428571 0.09428571428571429 0.012142857142857143 0.007619047619047619
3 0.805 0.09714285714285714 0.017142857142857144 0.007619047619047619
3 0.8139285714285714 0.10666666666666666 0.017857142857142856 0.007619047619047619
3 0.81 0.10428571428571429 0.015714285714285715 0.010476190476190476
3 0.7725 0.09238095238095238 0.010714285714285714 0.007619047619047619
3 0.7625 0.09238095238095238 0.010714285714285714 0.007619047619047619
3 0.7596428571428572 0.08952380952380952 0.007857142857142858 0.007619047619047619
3 0.7678571428571429 0.08952380952380952 0.011428571428571429 0.007619047619047619
3 0.7889285714285714 0.08190476190476191 0.0064285714285714285 0.007619047619047619
3 0.795 0.08190476190476191 0.005714285714285714 0.007619047619047619
3 0.7814285714285715 0.08142857142857143 0.01 0.010476190476190476
3 0.7739285714285714 0.08190476190476191 0.009285714285714286 0.009523809523809525
3 0.7471428571428571 0.05142857142857143 0.007142857142857143 0.005714285714285714
3 0.75 0.054285714285714284 0.007142857142857143 0.005714285714285714
3 0.8553571428571428 0.09380952380952381 0.012142857142857143 0.008571428571428572
3 0.8575 0.08761904761904762 0.015 0.005714285714285714
3 0.8467857142857143 0.08476190476190476 0.012142857142857143 0.007619047619047619
0 0.9503571428571429 0.2219047619047619 0.0064285714285714285 0.015238095238095238
4 0.6739285714285714 0.039523809523809524 0.017857142857142856 0.010476190476190476
4 0.6842857142857143 0.03380952380952381 0.01 0.014285714285714285
4 0.6903571428571429 0.03190476190476191 0.007857142857142858 0.018095238095238095
3 0.6746428571428571 0.027142857142857142 0.005 0.004761904761904762
3 0.6075 0.007142857142857143 0.005 0.004761904761904762
