4 0.7 0.9014285714285715 0.09142857142857143 0.11523809523809524
3 0.6396428571428572 0.6566666666666666 0.08214285714285714 0.07714285714285714
3 0.7421428571428571 0.7038095238095238 0.09714285714285714 0.0838095238095238
3 0.8717857142857143 0.829047619047619 0.075 0.17238095238095238
3 0.8114285714285714 0.6495238095238095 0.06142857142857143 0.09333333333333334
3 0.8425 0.5695238095238095 0.05785714285714286 0.07428571428571429
3 0.8796428571428572 0.49 0.04928571428571429 0.06
3 0.905 0.43142857142857144 0.04285714285714286 0.05523809523809524
3 0.9221428571428572 0.3842857142857143 0.047142857142857146 0.05238095238095238
3 0.8839285714285714 0.33 0.047857142857142855 0.05047619047619047
3 0.9521428571428572 0.28904761904761905 0.06285714285714286 0.040952380952380955
3 0.36214285714285716 0.6771428571428572 0.08285714285714285 0.08
3 0.39535714285714285 0.6419047619047619 0.08642857142857142 0.07047619047619047
3 0.4925 0.5 0.07357142857142857 0.06285714285714286
3 0.5196428571428572 0.4714285714285714 0.075 0.05523809523809524
3 0.5514285714285714 0.4247619047619048 0.07428571428571429 0.07238095238095238
3 0.6171428571428571 0.34476190476190477 0.06428571428571428 0.05523809523809524
3 0.6267857142857143 0.26476190476190475 0.03785714285714286 0.047619047619047616
