3 0.3992857142857143 0.6342857142857142 0.04285714285714286 0.06285714285714286
3 0.36714285714285716 0.62 0.045714285714285714 0.06095238095238095
3 0.405 0.5547619047619048 0.037142857142857144 0.05047619047619047
3 0.43285714285714283 0.5642857142857143 0.03857142857142857 0.05047619047619047
3 0.4589285714285714 0.5119047619047619 0.030714285714285715 0.040952380952380955
3 0.435 0.4976190476190476 0.032857142857142856 0.039047619047619046
3 0.47964285714285715 0.4747619047619048 0.027857142857142858 0.035238095238095235
3 0.5014285714285714 0.42952380952380953 0.025714285714285714 0.03428571428571429
4 0.4775 0.42904761904761907 0.025 0.040952380952380955
3 0.5178571428571429 0.3923809523809524 0.02 0.03238095238095238
3 0.4928571428571429 0.39666666666666667 0.022857142857142857 0.025714285714285714
3 0.5075 0.37 0.02214285714285714 0.025714285714285714
3 0.5214285714285715 0.3523809523809524 0.018571428571428572 0.024761904761904763
3 0.5996428571428571 0.39904761904761904 0.015 0.024761904761904763
1 0.5071428571428571 0.30666666666666664 0.002857142857142857 0.007619047619047619
1 0.5467857142857143 0.25666666666666665 0.0035714285714285713 0.006666666666666666
9 0.5071428571428571 0.3119047619047619 0.002857142857142857 0.008571428571428572
9 0.5467857142857143 0.25952380952380955 0.0035714285714285713 0.006666666666666666
3 0.6164285714285714 0.1519047619047619 0.008571428571428572 0.004761904761904762
3 0.6671428571428571 0.19666666666666666 0.007142857142857143 0.012380952380952381
3 0.6675 0.14761904761904762 0.0064285714285714285 0.007619047619047619
3 0.6403571428571428 0.1519047619047619 0.009285714285714286 0.006666666666666666
0 0.6028571428571429 0.16476190476190475 0.002857142857142857 0.007619047619047619
0 0.5596428571428571 0.21476190476190476 0.002142857142857143 0.010476190476190476
1 0.5521428571428572 0.23952380952380953 0.002857142857142857 0.006666666666666666
1 0.5553571428571429 0.24476190476190476 0.0035714285714285713 0.007619047619047619
1 0.5603571428571429 0.24952380952380954 0.0035714285714285713 0.007619047619047619
9 0.5517857142857143 0.2419047619047619 0.0035714285714285713 0.005714285714285714
9 0.56 0.2523809523809524 0.002857142857142857 0.007619047619047619
9 0.555 0.24761904761904763 0.002857142857142857 0.005714285714285714
