3 0.4253571428571429 0.861904761904762 0.1392857142857143 0.1180952380952381
3 0.4492857142857143 0.7642857142857142 0.12714285714285714 0.10761904761904761
3 0.5025 0.6019047619047619 0.105 0.08
3 0.5071428571428571 0.5242857142857142 0.11714285714285715 0.09238095238095238
3 0.5396428571428571 0.36952380952380953 0.10214285714285715 0.08571428571428572
4 0.5489285714285714 0.30952380952380953 0.07928571428571428 0.06285714285714286
3 0.5671428571428572 0.2719047619047619 0.08428571428571428 0.06952380952380953
0 0.20535714285714285 0.7595238095238095 0.029285714285714286 0.035238095238095235
0 0.22892857142857143 0.7395238095238095 0.03214285714285714 0.039047619047619046
3 0.8142857142857143 0.5019047619047619 0.06 0.16
3 0.7489285714285714 0.43142857142857144 0.047857142857142855 0.14476190476190476
3 0.9778571428571429 0.319047619047619 0.04285714285714286 0.1295238095238095
3 0.9764285714285714 0.13666666666666666 0.045714285714285714 0.07904761904761905
3 0.8989285714285714 0.04380952380952381 0.05928571428571429 0.08761904761904762
