3 0.062142857142857146 0.008248730964467004 0.017142857142857144 0.016497461928934008
4 0.03428571428571429 0.14530456852791876 0.022857142857142857 0.05710659898477157
3 0.0075 0.15038071065989847 0.015 0.05456852791878172
4 0.21214285714285713 0.10025380710659898 0.012857142857142857 0.03807106598984771
4 0.2275 0.09961928934010152 0.012142857142857143 0.04187817258883248
4 0.31392857142857145 0.09961928934010152 0.015 0.04441624365482233
4 0.3296428571428571 0.09581218274111675 0.015 0.03934010152284264
4 0.3467857142857143 0.09454314720812182 0.015 0.03934010152284264
3 0.3675 0.09010152284263959 0.013571428571428571 0.04060913705583756
3 0.27964285714285714 0.10342639593908629 0.012142857142857143 0.04187817258883248
3 0.24285714285714285 0.09327411167512689 0.012857142857142857 0.026649746192893398
2 0.22464285714285714 0.14403553299492386 0.005 0.011421319796954314
4 0.41928571428571426 0.08883248730964466 0.012857142857142857 0.03807106598984771
4 0.4039285714285714 0.2595177664974619 0.03214285714285714 0.031725888324873094
3 0.3392857142857143 0.5209390862944162 0.04285714285714286 0.029187817258883246
3 0.8675 0.01967005076142132 0.016428571428571428 0.03934010152284264
0 0.8025 0.17956852791878172 0.005 0.016497461928934008
3 0.9596428571428571 0.40736040609137053 0.04214285714285714 0.032994923857868015
3 0.5675 0.29378172588832485 0.03642857142857143 0.03426395939086294
3 0.6278571428571429 0.2975888324873096 0.03571428571428571 0.026649746192893398
4 0.6914285714285714 0.29251269035532995 0.037142857142857144 0.031725888324873094
4 0.6821428571428572 0.32677664974619286 0.04 0.029187817258883246
4 0.6167857142857143 0.32741116751269034 0.04071428571428572 0.03045685279187817
0 0.6646428571428571 0.8153553299492385 0.005 0.011421319796954314
0 0.21035714285714285 0.8388324873096447 0.009285714285714286 0.01015228426395939
0 0.4514285714285714 0.7779187817258882 0.005714285714285714 0.0076142131979695426
9 0.685 0.7151015228426395 0.007142857142857143 0.021573604060913704
8 0.9496428571428571 0.4441624365482233 0.065 0.04060913705583756
8 0.9575 0.4885786802030456 0.08071428571428571 0.055837563451776644
