1 0.35678571428571426 0.7219047619047619 0.023571428571428573 0.05714285714285714
0 0.34964285714285714 0.6519047619047619 0.027857142857142858 0.09238095238095238
0 0.3825 0.6742857142857143 0.035 0.09523809523809523
4 0.5239285714285714 0.8919047619047619 0.14357142857142857 0.21428571428571427
3 0.48392857142857143 0.5566666666666666 0.08928571428571429 0.15523809523809523
3 0.7114285714285714 0.42952380952380953 0.07714285714285714 0.09714285714285714
0 0.5046428571428572 0.3819047619047619 0.02214285714285714 0.06666666666666667
3 0.6596428571428572 0.30238095238095236 0.05071428571428571 0.07523809523809524
5 0.4525 0.34904761904761905 0.06785714285714285 0.1019047619047619
3 0.48214285714285715 0.3038095238095238 0.04 0.06476190476190476
3 0.495 0.23 0.037142857142857144 0.06
4 0.5392857142857143 0.13 0.02142857142857143 0.040952380952380955
3 0.6121428571428571 0.09476190476190476 0.015714285714285715 0.02
