4 0.966858037578288 0.7926716141001855 0.02974947807933194 0.09369202226345083
3 0.9637265135699373 0.687847866419295 0.03079331941544885 0.08070500927643785
3 0.9650313152400835 0.5946196660482375 0.030271398747390394 0.0686456400742115
3 0.9613778705636742 0.5310760667903525 0.026096033402922752 0.06957328385899815
0 0.6069937369519832 0.5598330241187384 0.008350730688935281 0.026901669758812616
0 0.5600208768267223 0.5658627087198516 0.0073068893528183704 0.025974025974025976
3 0.5015657620041754 0.62569573283859 0.04801670146137787 0.05287569573283859
3 0.528705636743215 0.5352504638218925 0.04697286012526095 0.059369202226345084
3 0.5490605427974947 0.4744897959183674 0.020876826722338204 0.05844155844155844
0 0.522964509394572 0.17717996289424862 0.005219206680584551 0.020408163265306124
3 0.5882045929018789 0.10018552875695733 0.029227557411273482 0.025974025974025976
3 0.5868997912317327 0.08534322820037106 0.03079331941544885 0.02411873840445269
0 0.16831941544885176 0.25510204081632654 0.004697286012526096 0.020408163265306124
3 0.19102296450939454 0.12476808905380334 0.029227557411273482 0.03432282003710575
3 0.21372651356993735 0.05612244897959184 0.02661795407098121 0.03432282003710575
3 0.19363256784968683 0.03710575139146568 0.025052192066805843 0.03153988868274583
3 0.17588726513569936 0.034786641929499075 0.025052192066805843 0.0287569573283859
3 0.16257828810020875 0.03153988868274583 0.02453027139874739 0.03153988868274583
3 0.13778705636743213 0.0950834879406308 0.029227557411273482 0.030612244897959183
