0 0.19892857142857143 0.9195238095238095 0.019285714285714285 0.04476190476190476
0 0.21714285714285714 0.9166666666666666 0.017142857142857144 0.04285714285714286
0 0.0625 0.9 0.025 0.026666666666666665
0 0.065 0.89 0.03 0.023809523809523808
0 0.10035714285714285 0.8438095238095238 0.017857142857142856 0.026666666666666665
0 0.095 0.7914285714285715 0.02857142857142857 0.04380952380952381
0 0.0875 0.7619047619047619 0.025 0.03428571428571429
3 0.08142857142857143 0.6542857142857142 0.09714285714285714 0.05714285714285714
3 0.10964285714285714 0.611904761904762 0.06785714285714285 0.05047619047619047
3 0.14464285714285716 0.5595238095238095 0.075 0.04285714285714286
3 0.17285714285714285 0.5242857142857142 0.06 0.04285714285714286
3 0.19214285714285714 0.48904761904761906 0.05285714285714286 0.039047619047619046
3 0.20785714285714285 0.4623809523809524 0.05285714285714286 0.035238095238095235
0 0.455 0.6195238095238095 0.01 0.021904761904761906
0 0.6403571428571428 0.6266666666666667 0.012142857142857143 0.03238095238095238
9 0.2375 0.48428571428571426 0.016428571428571428 0.02761904761904762
1 0.23642857142857143 0.48 0.012857142857142857 0.015238095238095238
1 0.2375 0.4776190476190476 0.012142857142857143 0.01619047619047619
1 0.2392857142857143 0.4747619047619048 0.012857142857142857 0.02
0 0.2596428571428571 0.43714285714285717 0.010714285714285714 0.030476190476190476
3 0.2292857142857143 0.43666666666666665 0.054285714285714284 0.035238095238095235
3 0.24035714285714285 0.4142857142857143 0.05928571428571429 0.030476190476190476
4 0.25214285714285717 0.38761904761904764 0.05285714285714286 0.03619047619047619
0 0.28285714285714286 0.3819047619047619 0.01 0.026666666666666665
0 0.2717857142857143 0.37714285714285717 0.007857142857142858 0.022857142857142857
0 0.2575 0.36714285714285716 0.009285714285714286 0.018095238095238095
0 0.34035714285714286 0.3466666666666667 0.009285714285714286 0.022857142857142857
0 0.3317857142857143 0.3395238095238095 0.007857142857142858 0.025714285714285714
0 0.3296428571428571 0.3342857142857143 0.007857142857142858 0.022857142857142857
0 0.35964285714285715 0.36 0.007857142857142858 0.024761904761904763
0 0.365 0.36142857142857143 0.007142857142857143 0.025714285714285714
0 0.36964285714285716 0.3619047619047619 0.007857142857142858 0.024761904761904763
0 0.3892857142857143 0.3942857142857143 0.008571428571428572 0.026666666666666665
0 0.395 0.3995238095238095 0.007142857142857143 0.029523809523809525
0 0.4017857142857143 0.4076190476190476 0.009285714285714286 0.02857142857142857
0 0.35714285714285715 0.33380952380952383 0.007142857142857143 0.02
0 0.36464285714285716 0.33476190476190476 0.009285714285714286 0.021904761904761906
3 0.31392857142857145 0.29428571428571426 0.04642857142857143 0.024761904761904763
0 0.45785714285714285 0.2938095238095238 0.005714285714285714 0.021904761904761906
0 0.4625 0.2923809523809524 0.0064285714285714285 0.02095238095238095
0 0.5021428571428571 0.23523809523809525 0.004285714285714286 0.017142857142857144
0 0.5046428571428572 0.23476190476190475 0.005 0.018095238095238095
0 0.5075 0.23666666666666666 0.005 0.02
0 0.5246428571428572 0.23666666666666666 0.005 0.02
0 0.5296428571428572 0.23523809523809525 0.005 0.01904761904761905
0 0.5342857142857143 0.2423809523809524 0.005714285714285714 0.02
0 0.5421428571428571 0.2423809523809524 0.005714285714285714 0.02
0 0.5253571428571429 0.22714285714285715 0.0035714285714285713 0.018095238095238095
0 0.5296428571428572 0.22714285714285715 0.005 0.02
0 0.5628571428571428 0.21428571428571427 0.005714285714285714 0.017142857142857144
0 0.5678571428571428 0.21428571428571427 0.005714285714285714 0.01904761904761905
0 0.5646428571428571 0.20238095238095238 0.005 0.014285714285714285
0 0.5696428571428571 0.2038095238095238 0.005 0.017142857142857144
0 0.5867857142857142 0.1742857142857143 0.005 0.015238095238095238
0 0.5921428571428572 0.1738095238095238 0.004285714285714286 0.014285714285714285
0 0.5946428571428571 0.1738095238095238 0.005 0.014285714285714285
0 0.6042857142857143 0.17476190476190476 0.002857142857142857 0.01619047619047619
0 0.6178571428571429 0.1523809523809524 0.004285714285714286 0.013333333333333332
0 0.6239285714285714 0.15476190476190477 0.0035714285714285713 0.012380952380952381
0 0.6264285714285714 0.15428571428571428 0.004285714285714286 0.011428571428571429
0 0.5867857142857142 0.13714285714285715 0.0035714285714285713 0.013333333333333332
4 0.7871428571428571 0.11714285714285715 0.017142857142857144 0.017142857142857144
0 0.7414285714285714 0.05952380952380952 0.004285714285714286 0.010476190476190476
0 0.7896428571428571 0.13714285714285715 0.005 0.013333333333333332
0 0.795 0.14 0.005714285714285714 0.013333333333333332
0 0.8367857142857142 0.1442857142857143 0.005 0.012380952380952381
0 0.84 0.14714285714285713 0.004285714285714286 0.014285714285714285
0 0.8239285714285715 0.09 0.005 0.008571428571428572
0 0.8496428571428571 0.07714285714285714 0.005 0.011428571428571429
0 0.8678571428571429 0.08238095238095237 0.004285714285714286 0.010476190476190476
0 0.87 0.08190476190476191 0.004285714285714286 0.009523809523809525
0 0.8767857142857143 0.0919047619047619 0.0035714285714285713 0.010476190476190476
0 0.8789285714285714 0.07952380952380952 0.005 0.010476190476190476
0 0.8942857142857142 0.07428571428571429 0.002857142857142857 0.007619047619047619
0 0.8821428571428571 0.10428571428571429 0.007142857142857143 0.012380952380952381
0 0.8846428571428572 0.11428571428571428 0.002142857142857143 0.009523809523809525
0 0.8875 0.11476190476190476 0.005 0.010476190476190476
0 0.89 0.11476190476190476 0.002857142857142857 0.012380952380952381
4 0.84 0.049523809523809526 0.014285714285714285 0.013333333333333332
3 0.8521428571428571 0.05238095238095238 0.01 0.009523809523809525
3 0.9664285714285714 0.6023809523809524 0.025714285714285714 0.02761904761904762
