3 0.1575 0.4195238095238095 0.105 0.06952380952380953
2 0.15 0.37714285714285717 0.024285714285714285 0.024761904761904763
8 0.06535714285714286 0.7795238095238095 0.13214285714285715 0.31523809523809526
3 0.36428571428571427 0.32 0.05142857142857143 0.06285714285714286
3 0.40035714285714286 0.2742857142857143 0.039285714285714285 0.05142857142857143
3 0.42392857142857143 0.23476190476190475 0.03357142857142857 0.04666666666666667
3 0.44785714285714284 0.2042857142857143 0.02857142857142857 0.04476190476190476
3 0.4689285714285714 0.17666666666666667 0.027857142857142858 0.035238095238095235
3 0.48464285714285715 0.1538095238095238 0.025 0.03142857142857143
3 0.4975 0.13142857142857142 0.02214285714285714 0.030476190476190476
3 0.5117857142857143 0.11476190476190476 0.017857142857142856 0.021904761904761906
3 0.5142857142857142 0.1019047619047619 0.018571428571428572 0.015238095238095238
3 0.5246428571428572 0.08952380952380952 0.015 0.01904761904761905
3 0.5364285714285715 0.08190476190476191 0.017142857142857144 0.015238095238095238
3 0.5421428571428571 0.06952380952380953 0.017142857142857144 0.017142857142857144
3 0.55 0.06 0.017142857142857144 0.01904761904761905
5 0.56 0.04523809523809524 0.015714285714285715 0.02761904761904762
3 0.46464285714285714 0.22714285714285715 0.035 0.039047619047619046
3 0.5346428571428572 0.10523809523809524 0.025 0.025714285714285714
3 0.5671428571428572 0.07761904761904762 0.015714285714285715 0.02
2 0.5146428571428572 0.14476190476190476 0.007857142857142858 0.015238095238095238
1 0.5171428571428571 0.13523809523809524 0.007142857142857143 0.015238095238095238
3 0.5639285714285714 0.11714285714285715 0.02214285714285714 0.030476190476190476
3 0.5825 0.2619047619047619 0.03357142857142857 0.047619047619047616
3 0.6075 0.19952380952380952 0.023571428571428573 0.037142857142857144
3 0.6103571428571428 0.15714285714285714 0.020714285714285713 0.03238095238095238
3 0.6446428571428572 0.1719047619047619 0.02214285714285714 0.02761904761904762
3 0.6192857142857143 0.09428571428571429 0.011428571428571429 0.02095238095238095
3 0.6189285714285714 0.02 0.009285714285714286 0.011428571428571429
3 0.6425 0.021904761904761906 0.007857142857142858 0.017142857142857144
3 0.6367857142857143 0.03380952380952381 0.012142857142857143 0.014285714285714285
5 0.65 0.12476190476190477 0.022857142857142857 0.049523809523809526
2 0.6496428571428572 0.08428571428571428 0.007857142857142858 0.021904761904761906
1 0.65 0.07761904761904762 0.005714285714285714 0.012380952380952381
2 0.6321428571428571 0.11 0.01 0.02
1 0.6325 0.10142857142857142 0.005 0.010476190476190476
1 0.6325 0.10904761904761905 0.005 0.012380952380952381
1 0.6371428571428571 0.27904761904761904 0.012857142857142857 0.022857142857142857
9 0.6364285714285715 0.28714285714285714 0.011428571428571429 0.035238095238095235
3 0.6796428571428571 0.19666666666666666 0.025 0.040952380952380955
3 0.7067857142857142 0.07428571428571429 0.03214285714285714 0.017142857142857144
3 0.6771428571428572 0.08238095238095237 0.017142857142857144 0.02
3 0.6739285714285714 0.11904761904761904 0.016428571428571428 0.024761904761904763
3 0.6942857142857143 0.1319047619047619 0.02 0.029523809523809525
3 0.6703571428571429 0.1595238095238095 0.020714285714285713 0.02761904761904762
3 0.7092857142857143 0.16523809523809524 0.024285714285714285 0.029523809523809525
3 0.67 0.10380952380952381 0.015714285714285715 0.017142857142857144
3 0.6946428571428571 0.11 0.017857142857142856 0.02
3 0.6946428571428571 0.09428571428571429 0.015 0.015238095238095238
0 0.7217857142857143 0.11476190476190476 0.0064285714285714285 0.025714285714285714
0 0.7296428571428571 0.06714285714285714 0.005 0.02
0 0.7217857142857143 0.06714285714285714 0.009285714285714286 0.02
0 0.7321428571428571 0.11714285714285715 0.007142857142857143 0.015238095238095238
2 0.7392857142857143 0.08476190476190476 0.017142857142857144 0.015238095238095238
0 0.7475 0.08476190476190476 0.0035714285714285713 0.015238095238095238
3 0.7546428571428572 0.18428571428571427 0.052142857142857144 0.035238095238095235
3 0.7521428571428571 0.16 0.05 0.024761904761904763
3 0.7496428571428572 0.14666666666666667 0.047857142857142855 0.017142857142857144
3 0.7464285714285714 0.13428571428571429 0.04285714285714286 0.017142857142857144
3 0.7467857142857143 0.22666666666666666 0.03214285714285714 0.04
0 0.7653571428571428 0.20714285714285716 0.007857142857142858 0.02761904761904762
9 0.7992857142857143 0.23952380952380953 0.01 0.02761904761904762
0 0.7917857142857143 0.23714285714285716 0.0064285714285714285 0.02095238095238095
3 0.6767857142857143 0.2571428571428571 0.029285714285714286 0.047619047619047616
3 0.6814285714285714 0.3076190476190476 0.03142857142857143 0.05142857142857143
3 0.6846428571428571 0.36238095238095236 0.03785714285714286 0.06380952380952382
3 0.7296428571428571 0.32476190476190475 0.03785714285714286 0.05714285714285714
3 0.7396428571428572 0.40904761904761905 0.045 0.07523809523809524
3 0.72 0.27476190476190476 0.037142857142857144 0.054285714285714284
2 0.7589285714285714 0.2619047619047619 0.017857142857142856 0.022857142857142857
3 0.7503571428571428 0.5 0.05071428571428571 0.09142857142857143
3 0.7739285714285714 0.6414285714285715 0.06928571428571428 0.1380952380952381
4 0.8828571428571429 0.7095238095238096 0.08857142857142856 0.14476190476190476
3 0.81 0.8419047619047619 0.09714285714285714 0.21333333333333332
3 0.6871428571428572 0.9138095238095238 0.11 0.16857142857142857
0 0.8225 0.36666666666666664 0.009285714285714286 0.04
0 0.8096428571428571 0.36952380952380953 0.012142857142857143 0.04
3 0.5317857142857143 0.9114285714285715 0.08928571428571429 0.17523809523809525
