8 0.925 0.5501269035532994 0.07142857142857142 0.07741116751269035
0 0.9403571428571429 0.6364213197969543 0.007857142857142858 0.029187817258883246
0 0.9067857142857143 0.6878172588832486 0.009285714285714286 0.032994923857868015
0 0.915 0.8007614213197969 0.011428571428571429 0.03807106598984771
0 0.8678571428571429 0.9321065989847716 0.01 0.031725888324873094
0 0.8667857142857143 0.9689086294416243 0.009285714285714286 0.031725888324873094
5 0.8646428571428572 0.35342639593908626 0.05785714285714286 0.04695431472081218
4 0.7567857142857143 0.3515228426395939 0.047857142857142855 0.035532994923857864
4 0.7625 0.3699238578680203 0.045 0.03680203045685279
3 0.7742857142857142 0.391497461928934 0.03857142857142857 0.024111675126903553
3 0.7775 0.4098984771573604 0.035 0.027918781725888322
3 0.6342857142857142 0.3527918781725888 0.032857142857142856 0.03045685279187817
3 0.6121428571428571 0.5488578680203046 0.04428571428571428 0.03934010152284264
8 0.47535714285714287 0.016497461928934008 0.06785714285714285 0.035532994923857864
8 0.3939285714285714 0.013959390862944161 0.07071428571428572 0.03045685279187817
3 0.4325 0.16624365482233502 0.015 0.032994923857868015
0 0.4375 0.2430203045685279 0.005 0.021573604060913704
0 0.5128571428571429 0.350253807106599 0.005714285714285714 0.025380710659898477
0 0.5192857142857142 0.357233502538071 0.007142857142857143 0.029187817258883246
3 0.42392857142857143 0.2309644670050761 0.016428571428571428 0.03807106598984771
4 0.4203571428571429 0.2715736040609137 0.016428571428571428 0.053299492385786795
8 0.47464285714285714 0.2798223350253807 0.020714285714285713 0.0748730964467005
3 0.4514285714285714 0.6288071065989848 0.024285714285714285 0.07741116751269035
3 0.48642857142857143 0.6700507614213197 0.024285714285714285 0.08375634517766496
3 0.48928571428571427 0.7557106598984771 0.027142857142857142 0.09263959390862943
4 0.4925 0.8470812182741116 0.027857142857142858 0.11802030456852791
8 0.37035714285714283 0.8756345177664974 0.05928571428571429 0.24619289340101522
8 0.3914285714285714 0.6611675126903552 0.04857142857142857 0.21573604060913704
8 0.37035714285714283 0.3692893401015228 0.10357142857142858 0.12182741116751268
4 0.2825 0.4098984771573604 0.047857142857142855 0.04314720812182741
4 0.21392857142857144 0.39911167512690354 0.045 0.03426395939086294
5 0.19428571428571428 0.42703045685279184 0.09857142857142857 0.06725888324873096
8 0.05964285714285714 0.38578680203045684 0.11214285714285714 0.05837563451776649
8 0.0575 0.424492385786802 0.115 0.06979695431472081
3 0.15535714285714286 0.5425126903553299 0.056428571428571425 0.03680203045685279
4 0.135 0.6116751269035533 0.06 0.04568527918781726
3 0.11714285714285715 0.682741116751269 0.06285714285714286 0.04568527918781726
4 0.16285714285714287 0.7163705583756345 0.07142857142857142 0.05964467005076142
3 0.28964285714285715 0.7208121827411167 0.052142857142857144 0.04568527918781726
4 0.27714285714285714 0.7614213197969543 0.06714285714285714 0.05837563451776649
3 0.2567857142857143 0.8991116751269035 0.04357142857142857 0.04695431472081218
4 0.2546428571428571 0.958756345177665 0.075 0.06979695431472081
4 0.03678571428571428 0.9638324873096445 0.07357142857142857 0.05710659898477157
4 0.08 0.8045685279187816 0.07142857142857142 0.04568527918781726
3 0.1492857142857143 0.8096446700507614 0.06428571428571428 0.050761421319796954
3 0.085 0.7620558375634517 0.06714285714285714 0.04695431472081218
