2 0.5121428571428571 0.679047619047619 0.012857142857142857 0.07238095238095238
1 0.5121428571428571 0.6666666666666666 0.02 0.04
0 0.5596428571428571 0.6766666666666666 0.017857142857142856 0.05238095238095238
0 0.5578571428571428 0.7442857142857143 0.018571428571428572 0.037142857142857144
0 0.545 0.6971428571428572 0.017142857142857144 0.05142857142857143
1 0.5517857142857143 0.3523809523809524 0.012142857142857143 0.02857142857142857
9 0.5521428571428572 0.36238095238095236 0.005714285714285714 0.040952380952380955
9 0.5625 0.051904761904761905 0.005 0.012380952380952381
9 0.5642857142857143 0.012380952380952381 0.002857142857142857 0.007619047619047619
0 0.57 0.20238095238095238 0.005714285714285714 0.01619047619047619
0 0.5664285714285714 0.2 0.007142857142857143 0.024761904761904763
1 0.5642857142857143 0.007619047619047619 0.002857142857142857 0.007619047619047619
1 0.5621428571428572 0.04666666666666667 0.002857142857142857 0.009523809523809525
3 0.5596428571428571 0.02142857142857143 0.009285714285714286 0.014285714285714285
3 0.5414285714285715 0.024761904761904763 0.01 0.015238095238095238
3 0.15785714285714286 0.23761904761904762 0.04428571428571428 0.04857142857142857
3 0.24464285714285713 0.14666666666666667 0.035 0.02857142857142857
5 0.3125 0.06714285714285714 0.055 0.06761904761904762
5 0.3867857142857143 0.017142857142857144 0.02642857142857143 0.03428571428571429
4 0.09 0.24476190476190476 0.06285714285714286 0.06666666666666667
2 0.19035714285714286 0.0919047619047619 0.016428571428571428 0.012380952380952381
1 0.18964285714285714 0.08714285714285715 0.007857142857142858 0.014285714285714285
