3 0.48964285714285716 0.4955583756345177 0.012142857142857143 0.026649746192893398
3 0.495 0.7544416243654821 0.012857142857142857 0.049492385786802026
3 0.5196428571428572 0.7944162436548222 0.017857142857142856 0.048223350253807105
3 0.515 0.6928934010152283 0.015714285714285715 0.04060913705583756
3 0.49214285714285716 0.5818527918781725 0.012857142857142857 0.03680203045685279
3 0.51 0.5831218274111675 0.012857142857142857 0.03680203045685279
3 0.49 0.32677664974619286 0.01 0.016497461928934008
3 0.49964285714285717 0.3178934010152284 0.007857142857142858 0.021573604060913704
3 0.4975 0.29251269035532995 0.007857142857142858 0.016497461928934008
3 0.49464285714285716 0.23730964467005075 0.007857142857142858 0.02030456852791878
3 0.49178571428571427 0.14403553299492386 0.0064285714285714285 0.008883248730964466
3 0.4825 0.13007614213197968 0.005 0.008883248730964466
3 0.48428571428571426 0.14276649746192893 0.004285714285714286 0.008883248730964466
3 0.5092857142857142 0.5177664974619289 0.011428571428571429 0.035532994923857864
3 0.49892857142857144 0.9714467005076142 0.017857142857142856 0.05456852791878172
3 0.5342857142857143 0.9860406091370557 0.018571428571428572 0.025380710659898477
3 0.5146428571428572 0.39530456852791873 0.009285714285714286 0.024111675126903553
3 0.5021428571428571 0.3426395939086294 0.007142857142857143 0.017766497461928932
3 0.48714285714285716 0.27411167512690354 0.007142857142857143 0.015228426395939085
3 0.4592857142857143 0.19670050761421318 0.007142857142857143 0.012690355329949238
3 0.4692857142857143 0.1878172588832487 0.007142857142857143 0.012690355329949238
3 0.4614285714285714 0.13895939086294415 0.005714285714285714 0.011421319796954314
8 0.46714285714285714 0.07550761421319796 0.007142857142857143 0.024111675126903553
4 0.455 0.10977157360406091 0.002857142857142857 0.013959390862944161
4 0.47035714285714286 0.141497461928934 0.005 0.011421319796954314
4 0.48964285714285716 0.3610406091370558 0.007857142857142858 0.024111675126903553
4 0.49142857142857144 0.4422588832487309 0.01 0.031725888324873094
4 0.5046428571428572 0.41243654822335024 0.010714285714285714 0.03045685279187817
8 0.5071428571428571 0.45177664974619286 0.017142857142857144 0.07106598984771573
8 0.5875 0.49302030456852786 0.020714285714285713 0.08248730964467005
4 0.4942857142857143 0.20431472081218272 0.007142857142857143 0.017766497461928932
4 0.4875 0.299492385786802 0.007857142857142858 0.02030456852791878
5 0.5275 0.4885786802030456 0.015 0.055837563451776644
5 0.5046428571428572 0.3699238578680203 0.012142857142857143 0.04187817258883248
4 0.5375 0.141497461928934 0.007857142857142858 0.013959390862944161
3 0.8525 0.3902284263959391 0.007857142857142858 0.016497461928934008
3 0.8246428571428571 0.34835025380710655 0.015 0.021573604060913704
