3 0.09892857142857144 0.18666666666666668 0.04642857142857143 0.04
9 0.13964285714285715 0.15476190476190477 0.012142857142857143 0.021904761904761906
2 0.10928571428571429 0.26761904761904765 0.02 0.022857142857142857
9 0.16214285714285714 0.3171428571428571 0.02 0.024761904761904763
9 0.2592857142857143 0.38 0.017142857142857144 0.02095238095238095
9 0.21214285714285713 0.3547619047619048 0.02 0.014285714285714285
9 0.225 0.3438095238095238 0.02 0.017142857142857144
9 0.22142857142857142 0.32 0.02 0.01904761904761905
0 0.1375 0.2695238095238095 0.010714285714285714 0.017142857142857144
0 0.16714285714285715 0.29523809523809524 0.012857142857142857 0.02095238095238095
0 0.20142857142857143 0.32142857142857145 0.012857142857142857 0.01619047619047619
9 0.3846428571428571 0.5071428571428571 0.017857142857142856 0.02761904761904762
9 0.5228571428571429 0.3519047619047619 0.014285714285714285 0.02761904761904762
9 0.3314285714285714 0.4714285714285714 0.024285714285714285 0.02857142857142857
9 0.27 0.42952380952380953 0.02 0.024761904761904763
2 0.29928571428571427 0.42714285714285716 0.022857142857142857 0.02
9 0.27964285714285714 0.5119047619047619 0.012142857142857143 0.035238095238095235
0 0.2125 0.37714285714285717 0.010714285714285714 0.015238095238095238
3 0.1975 0.38476190476190475 0.04214285714285714 0.045714285714285714
1 0.16 0.3142857142857143 0.01 0.015238095238095238
1 0.21964285714285714 0.31952380952380954 0.007857142857142858 0.012380952380952381
1 0.20964285714285713 0.35428571428571426 0.007857142857142858 0.017142857142857144
1 0.22428571428571428 0.3438095238095238 0.01 0.015238095238095238
1 0.29964285714285716 0.4195238095238095 0.012142857142857143 0.018095238095238095
1 0.36714285714285716 0.44142857142857145 0.012857142857142857 0.018095238095238095
1 0.3842857142857143 0.5019047619047619 0.012857142857142857 0.017142857142857144
1 0.525 0.3466666666666667 0.01 0.017142857142857144
1 0.26785714285714285 0.5119047619047619 0.01 0.012380952380952381
1 0.43214285714285716 0.5819047619047619 0.007142857142857143 0.015238095238095238
1 0.5439285714285714 0.6966666666666667 0.007857142857142858 0.012380952380952381
1 0.5367857142857143 0.6919047619047619 0.007857142857142858 0.018095238095238095
1 0.6328571428571429 0.8914285714285715 0.012857142857142857 0.02095238095238095
1 0.6039285714285715 0.8395238095238096 0.016428571428571428 0.021904761904761906
3 0.2925 0.9519047619047619 0.05071428571428571 0.07142857142857142
3 0.3275 0.9638095238095238 0.062142857142857146 0.06857142857142857
3 0.4667857142857143 0.6819047619047619 0.06642857142857143 0.08761904761904762
0 0.26535714285714285 0.35428571428571426 0.010714285714285714 0.015238095238095238
0 0.33714285714285713 0.43476190476190474 0.007142857142857143 0.010476190476190476
0 0.25214285714285717 0.5547619047619048 0.01 0.010476190476190476
3 0.3525 0.5371428571428571 0.047857142857142855 0.05904761904761905
3 0.6321428571428571 0.15476190476190477 0.04285714285714286 0.05238095238095238
0 0.5596428571428571 0.3319047619047619 0.005 0.014285714285714285
9 0.61 0.23761904761904762 0.02 0.03333333333333333
1 0.6096428571428572 0.23523809523809525 0.007857142857142858 0.011428571428571429
0 0.40714285714285714 0.6814285714285714 0.01 0.01619047619047619
0 0.47214285714285714 0.6247619047619047 0.007142857142857143 0.017142857142857144
0 0.4539285714285714 0.5876190476190476 0.010714285714285714 0.01904761904761905
0 0.5175 0.6195238095238095 0.005 0.014285714285714285
9 0.5403571428571429 0.6971428571428572 0.02214285714285714 0.030476190476190476
9 0.43142857142857144 0.5842857142857143 0.017142857142857144 0.02761904761904762
0 0.3817857142857143 0.6147619047619047 0.009285714285714286 0.02
0 0.3914285714285714 0.65 0.012857142857142857 0.018095238095238095
7 0.3375 0.599047619047619 0.045 0.024761904761904763
0 0.6067857142857143 0.799047619047619 0.010714285714285714 0.017142857142857144
0 0.6042857142857143 0.8119047619047619 0.011428571428571429 0.012380952380952381
0 0.6803571428571429 0.9066666666666666 0.013571428571428571 0.017142857142857144
0 0.75 0.8514285714285714 0.01 0.011428571428571429
7 0.725 0.9176190476190477 0.04 0.06761904761904762
9 0.6325 0.8919047619047619 0.025 0.035238095238095235
9 0.605 0.839047619047619 0.03 0.0380952380952381
9 0.7467857142857143 0.9895238095238095 0.023571428571428573 0.015238095238095238
