3 0.4639285714285714 0.8769035532994923 0.04642857142857143 0.11167512690355329
3 0.36964285714285716 0.8077411167512689 0.035 0.07994923857868019
3 0.5417857142857143 0.9441624365482233 0.05785714285714286 0.10659898477157359
3 0.5039285714285714 0.6878172588832486 0.025 0.048223350253807105
3 0.4317857142857143 0.6224619289340101 0.03214285714285714 0.06725888324873096
3 0.37392857142857144 0.5678934010152283 0.02642857142857143 0.06218274111675126
3 0.2542857142857143 0.40862944162436543 0.022857142857142857 0.04568527918781726
3 0.33535714285714285 0.3426395939086294 0.02214285714285714 0.03807106598984771
3 0.31642857142857145 0.28870558375634514 0.02 0.04441624365482233
3 0.29714285714285715 0.29568527918781723 0.017142857142857144 0.04314720812182741
3 0.2767857142857143 0.24238578680203043 0.016428571428571428 0.025380710659898477
3 0.2175 0.21763959390862941 0.015 0.026649746192893398
5 0.20035714285714284 0.141497461928934 0.017857142857142856 0.03934010152284264
3 0.25285714285714284 0.14530456852791876 0.012857142857142857 0.029187817258883246
3 0.23464285714285715 0.07994923857868019 0.010714285714285714 0.02284263959390863
3 0.20714285714285716 0.09390862944162436 0.012857142857142857 0.02284263959390863
3 0.19035714285714286 0.05964467005076142 0.010714285714285714 0.017766497461928932
8 0.5214285714285715 0.5095177664974619 0.037142857142857144 0.11294416243654821
8 0.48892857142857143 0.48477157360406087 0.03642857142857143 0.09137055837563451
8 0.4125 0.4708121827411167 0.03785714285714286 0.11675126903553298
8 0.48928571428571427 0.41243654822335024 0.03857142857142857 0.09137055837563451
8 0.4614285714285714 0.416243654822335 0.03571428571428571 0.08629441624365482
8 0.40714285714285714 0.38642131979695427 0.04285714285714286 0.08756345177664974
8 0.4367857142857143 0.3496192893401015 0.035 0.07994923857868019
8 0.4614285714285714 0.3496192893401015 0.04 0.0748730964467005
8 0.4117857142857143 0.30076142131979694 0.03642857142857143 0.07614213197969542
8 0.4 0.32043147208121825 0.03 0.05964467005076142
8 0.3625 0.2715736040609137 0.02214285714285714 0.04060913705583756
8 0.37 0.2480964467005076 0.018571428571428572 0.04695431472081218
4 0.38392857142857145 0.28553299492385786 0.013571428571428571 0.035532994923857864
5 0.405 0.1751269035532995 0.037142857142857144 0.032994923857868015
3 0.1717857142857143 0.08121827411167512 0.015 0.015228426395939085
3 0.2125 0.3705583756345177 0.013571428571428571 0.027918781725888322
3 0.21714285714285714 0.39911167512690354 0.015714285714285715 0.029187817258883246
3 0.22142857142857142 0.42703045685279184 0.014285714285714285 0.029187817258883246
3 0.22678571428571428 0.45685279187817257 0.013571428571428571 0.025380710659898477
0 0.225 0.682741116751269 0.008571428571428572 0.027918781725888322
0 0.21678571428571428 0.7373096446700507 0.007857142857142858 0.025380710659898477
0 0.21214285714285713 0.7271573604060914 0.007142857142857143 0.02030456852791878
0 0.24035714285714285 0.7950507614213197 0.007857142857142858 0.021573604060913704
0 0.23464285714285715 0.7988578680203045 0.007857142857142858 0.026649746192893398
4 0.27285714285714285 0.9777918781725887 0.054285714285714284 0.04187817258883248
3 0.5175 0.7506345177664974 0.025 0.05964467005076142
0 0.4592857142857143 0.3128172588832487 0.007142857142857143 0.013959390862944161
8 0.39285714285714285 0.2531725888324873 0.02857142857142857 0.06218274111675126
0 0.3796428571428571 0.18527918781725886 0.005 0.015228426395939085
0 0.35464285714285715 0.19035532994923857 0.007857142857142858 0.015228426395939085
0 0.36 0.24048223350253806 0.005714285714285714 0.016497461928934008
0 0.3796428571428571 0.23604060913705582 0.005 0.015228426395939085
0 0.3475 0.2614213197969543 0.0064285714285714285 0.015228426395939085
0 0.3417857142857143 0.24936548223350252 0.0064285714285714285 0.024111675126903553
0 0.3514285714285714 0.2519035532994924 0.008571428571428572 0.019035532994923856
