0 0.9564285714285714 0.7719047619047619 0.005714285714285714 0.018095238095238095
0 0.9539285714285715 0.7547619047619047 0.0064285714285714285 0.01619047619047619
0 0.8014285714285714 0.7266666666666667 0.004285714285714286 0.013333333333333332
3 0.8389285714285715 0.7538095238095238 0.02642857142857143 0.01619047619047619
5 0.7792857142857142 0.7 0.027142857142857142 0.02857142857142857
3 0.7992857142857143 0.7095238095238096 0.015714285714285715 0.015238095238095238
3 0.8125 0.7114285714285714 0.012142857142857143 0.017142857142857144
3 0.8292857142857143 0.7123809523809523 0.012857142857142857 0.01904761904761905
3 0.8428571428571429 0.7166666666666667 0.012857142857142857 0.01619047619047619
8 0.8367857142857142 0.6547619047619048 0.03214285714285714 0.018095238095238095
8 0.9264285714285714 0.6619047619047619 0.014285714285714285 0.024761904761904763
8 0.9471428571428572 0.6652380952380952 0.015714285714285715 0.023809523809523808
8 0.9671428571428572 0.6671428571428571 0.015714285714285715 0.025714285714285714
8 0.9878571428571429 0.6695238095238095 0.018571428571428572 0.026666666666666665
8 0.95 0.6566666666666666 0.03428571428571429 0.018095238095238095
