2 0.0645 0.6806666666666666 0.028 0.050666666666666665
2 0.0565 0.7206666666666667 0.047 0.04933333333333333
2 0.044 0.7016666666666667 0.044 0.048666666666666664
8 0.24575 0.7266666666666667 0.3095 0.3373333333333333
8 0.34175 0.6476666666666666 0.2945 0.27399999999999997
3 0.45575 0.6286666666666666 0.1065 0.09333333333333332
3 0.6072500000000001 0.646 0.0985 0.08399999999999999
3 0.491 0.5816666666666667 0.092 0.07266666666666667
3 0.559 0.4666666666666667 0.051000000000000004 0.06799999999999999
3 0.75825 0.7056666666666667 0.1455 0.102
3 0.82375 0.5356666666666666 0.0535 0.07533333333333334
3 0.76275 0.5116666666666666 0.0475 0.07933333333333333
3 0.706 0.48666666666666664 0.053 0.07066666666666667
3 0.723 0.41866666666666663 0.056 0.052
3 0.6745 0.4076666666666667 0.042 0.04466666666666667
2 0.735 0.38966666666666666 0.018000000000000002 0.02733333333333333
3 0.55725 0.38166666666666665 0.0425 0.046
3 0.51025 0.363 0.025500000000000002 0.038
3 0.504 0.445 0.036000000000000004 0.049999999999999996
3 0.45675 0.43266666666666664 0.051500000000000004 0.056
3 0.47250000000000003 0.3486666666666667 0.022 0.034666666666666665
3 0.43475 0.33866666666666667 0.0235 0.036
3 0.41975 0.41466666666666663 0.043500000000000004 0.048
3 0.39175 0.33366666666666667 0.0325 0.035333333333333335
3 0.3775 0.4046666666666667 0.045 0.04933333333333333
3 0.40225 0.5226666666666666 0.0975 0.06266666666666666
3 0.31475000000000003 0.48766666666666664 0.0925 0.05933333333333333
3 0.24225 0.45466666666666666 0.07150000000000001 0.056
3 0.1625 0.422 0.064 0.048
3 0.11375 0.39666666666666667 0.0635 0.044
3 0.0675 0.36766666666666664 0.054 0.04066666666666666
3 0.06 0.30166666666666664 0.058 0.028666666666666667
3 0.15675 0.32566666666666666 0.0535 0.03666666666666667
3 0.13875 0.31166666666666665 0.0465 0.04066666666666666
3 0.11575 0.30166666666666664 0.0465 0.02733333333333333
0 0.1045 0.27366666666666667 0.011 0.02733333333333333
3 0.1145 0.27066666666666667 0.048 0.030666666666666665
3 0.1585 0.2806666666666667 0.049 0.032
3 0.12475 0.24966666666666665 0.0545 0.024666666666666667
3 0.10350000000000001 0.24766666666666665 0.05 0.02333333333333333
3 0.051000000000000004 0.27566666666666667 0.047 0.02733333333333333
3 0.047 0.254 0.044 0.024
3 0.03725 0.23966666666666667 0.0375 0.02333333333333333
0 0.034 0.22666666666666666 0.008 0.018666666666666665
5 0.091 0.22266666666666665 0.042 0.032
3 0.2115 0.27066666666666667 0.055 0.024
3 0.20425000000000001 0.29566666666666663 0.0505 0.033999999999999996
3 0.332 0.39466666666666667 0.036000000000000004 0.04533333333333333
1 0.31375000000000003 0.38566666666666666 0.0075 0.016666666666666666
3 0.30575 0.37366666666666665 0.0535 0.04466666666666667
1 0.2915 0.36666666666666664 0.011 0.021333333333333333
1 0.27925 0.39466666666666667 0.0115 0.022666666666666665
3 0.24125 0.38466666666666666 0.0615 0.04666666666666666
0 0.24875 0.35866666666666663 0.0085 0.029333333333333333
4 0.27125 0.35666666666666663 0.0455 0.050666666666666665
3 0.31775000000000003 0.33366666666666667 0.07050000000000001 0.054
3 0.95675 0.37566666666666665 0.0415 0.04733333333333333
3 0.24075 0.3496666666666667 0.0485 0.041999999999999996
3 0.25925 0.31266666666666665 0.0625 0.036
1 0.2705 0.29766666666666663 0.011 0.019333333333333334
