3 0.02 0.024111675126903553 0.012857142857142857 0.02030456852791878
3 0.035 0.050761421319796954 0.014285714285714285 0.02284263959390863
3 0.06 0.06408629441624365 0.012857142857142857 0.021573604060913704
3 0.054642857142857146 0.09898477157360405 0.015 0.02284263959390863
3 0.075 0.15609137055837563 0.018571428571428572 0.025380710659898477
3 0.09714285714285714 0.13451776649746192 0.017142857142857144 0.02284263959390863
3 0.14964285714285713 0.14784263959390861 0.015 0.024111675126903553
3 0.11535714285714285 0.042512690355329945 0.019285714285714285 0.019035532994923856
3 0.21892857142857142 0.2430203045685279 0.020714285714285713 0.026649746192893398
3 0.14214285714285715 0.2277918781725888 0.02 0.029187817258883246
3 0.17464285714285716 0.2347715736040609 0.020714285714285713 0.03045685279187817
3 0.06464285714285714 0.2639593908629441 0.017857142857142856 0.025380710659898477
3 0.08964285714285715 0.2969543147208122 0.017857142857142856 0.025380710659898477
3 0.155 0.35850253807106597 0.02 0.029187817258883246
5 0.015 0.05456852791878172 0.025714285714285714 0.04568527918781726
8 0.0975 0.009517766497461928 0.03214285714285714 0.019035532994923856
4 0.09714285714285714 0.0666243654822335 0.012857142857142857 0.013959390862944161
0 0.2342857142857143 0.07931472081218273 0.002857142857142857 0.011421319796954314
4 0.19214285714285714 0.19670050761421318 0.02 0.03045685279187817
4 0.29714285714285715 0.3248730964467005 0.022857142857142857 0.032994923857868015
4 0.32142857142857145 0.4898477157360406 0.025714285714285714 0.03807106598984771
0 0.23714285714285716 0.08375634517766496 0.002857142857142857 0.01015228426395939
3 0.2075 0.2848984771573604 0.017857142857142856 0.029187817258883246
8 0.08714285714285715 0.3413705583756345 0.05 0.08883248730964466
7 0.12 0.34581218274111675 0.012857142857142857 0.021573604060913704
3 0.3067857142857143 0.39911167512690354 0.02214285714285714 0.026649746192893398
3 0.36178571428571427 0.45241116751269034 0.020714285714285713 0.026649746192893398
3 0.3692857142857143 0.9606598984771573 0.017142857142857144 0.06598984771573603
3 0.5678571428571428 0.8477157360406091 0.015714285714285715 0.06091370558375634
3 0.4546428571428571 0.8032994923857867 0.027857142857142858 0.03807106598984771
3 0.38392857142857145 0.6370558375634517 0.023571428571428573 0.04314720812182741
3 0.5278571428571428 0.6275380710659898 0.022857142857142857 0.04187817258883248
3 0.3939285714285714 0.5951776649746192 0.025 0.04060913705583756
3 0.44642857142857145 0.5209390862944162 0.027142857142857142 0.031725888324873094
3 0.42 0.9689086294416243 0.02 0.05964467005076142
3 0.555 0.3052030456852792 0.015714285714285715 0.03426395939086294
0 0.4767857142857143 0.07931472081218273 0.002142857142857143 0.006345177664974619
0 0.48035714285714287 0.07868020304568528 0.002142857142857143 0.01015228426395939
0 0.46964285714285714 0.07550761421319796 0.002142857142857143 0.008883248730964466
0 0.4742857142857143 0.09708121827411166 0.0014285714285714286 0.006345177664974619
0 0.47964285714285715 0.09581218274111675 0.002142857142857143 0.008883248730964466
3 0.7253571428571428 0.20241116751269034 0.012142857142857143 0.026649746192893398
3 0.6996428571428571 0.299492385786802 0.015 0.04568527918781726
3 0.725 0.28045685279187815 0.014285714285714285 0.035532994923857864
3 0.7496428571428572 0.23730964467005075 0.012142857142857143 0.035532994923857864
3 0.7092857142857143 0.22398477157360405 0.012857142857142857 0.031725888324873094
4 0.7171428571428572 0.15418781725888323 0.012857142857142857 0.03426395939086294
4 0.7042857142857143 0.14784263959390861 0.012857142857142857 0.03426395939086294
4 0.7339285714285714 0.13769035532994922 0.009285714285714286 0.026649746192893398
4 0.7467857142857143 0.14403553299492386 0.012142857142857143 0.026649746192893398
4 0.7596428571428572 0.149746192893401 0.010714285714285714 0.025380710659898477
4 0.695 0.21256345177664973 0.011428571428571429 0.03426395939086294
4 0.7942857142857143 0.24555837563451774 0.03142857142857143 0.026649746192893398
4 0.8271428571428572 0.19035532994923857 0.022857142857142857 0.02284263959390863
4 0.8242857142857143 0.14403553299492386 0.027142857142857142 0.024111675126903553
4 0.8221428571428572 0.3280456852791878 0.03 0.024111675126903553
4 0.8271428571428572 0.174492385786802 0.027142857142857142 0.016497461928934008
4 0.8117857142857143 0.1611675126903553 0.027857142857142858 0.02284263959390863
3 0.7125 0.19670050761421318 0.012142857142857143 0.027918781725888322
3 0.7525 0.2112944162436548 0.012142857142857143 0.024111675126903553
3 0.8003571428571429 0.22588832487309643 0.025 0.02030456852791878
3 0.6846428571428571 0.2645939086294416 0.012142857142857143 0.03426395939086294
3 0.7114285714285714 0.2772842639593908 0.011428571428571429 0.03426395939086294
3 0.7146428571428571 0.31345177664974616 0.012142857142857143 0.03045685279187817
3 0.7221428571428572 0.3699238578680203 0.014285714285714285 0.03426395939086294
3 0.8246428571428571 0.2595177664974619 0.030714285714285715 0.024111675126903553
3 0.6925 0.7411167512690354 0.019285714285714285 0.04568527918781726
3 0.6721428571428572 0.8121827411167513 0.02 0.055837563451776644
3 0.6571428571428571 0.7506345177664974 0.017142857142857144 0.03934010152284264
8 0.7189285714285715 0.8128172588832486 0.06785714285714285 0.15862944162436546
3 0.7946428571428571 0.9568527918781725 0.027857142857142858 0.06598984771573603
3 0.8314285714285714 0.9416243654822334 0.027142857142857142 0.06345177664974619
3 0.9164285714285715 0.8864213197969543 0.024285714285714285 0.05456852791878172
3 0.9292857142857143 0.732233502538071 0.02 0.048223350253807105
3 0.8114285714285714 0.7493654822335025 0.02142857142857143 0.04441624365482233
3 0.8028571428571428 0.6878172588832486 0.02142857142857143 0.04314720812182741
3 0.7989285714285714 0.6256345177664974 0.02214285714285714 0.03807106598984771
4 0.8875 0.648477157360406 0.020714285714285713 0.04314720812182741
8 0.9217857142857143 0.6015228426395939 0.03357142857142857 0.06852791878172589
9 0.8342857142857143 0.8362944162436547 0.008571428571428572 0.025380710659898477
1 0.8364285714285714 0.831218274111675 0.004285714285714286 0.01015228426395939
3 0.8567857142857143 0.9416243654822334 0.027857142857142858 0.032994923857868015
3 0.8842857142857142 0.449238578680203 0.017142857142857144 0.03045685279187817
3 0.8914285714285715 0.3299492385786802 0.014285714285714285 0.025380710659898477
3 0.9342857142857143 0.2430203045685279 0.012857142857142857 0.021573604060913704
3 0.9875 0.30710659898477155 0.012142857142857143 0.027918781725888322
3 0.9778571428571429 0.3838832487309644 0.012857142857142857 0.029187817258883246
3 0.9646428571428571 0.4593908629441624 0.015 0.032994923857868015
9 0.8596428571428572 0.516497461928934 0.007857142857142858 0.015228426395939085
1 0.8614285714285714 0.5133248730964467 0.004285714285714286 0.006345177664974619
4 0.97 0.31218274111675126 0.014285714285714285 0.035532994923857864
4 0.9425 0.10850253807106598 0.007857142857142858 0.016497461928934008
3 0.9796428571428571 0.20748730964467005 0.009285714285714286 0.024111675126903553
3 0.8896428571428572 0.1611675126903553 0.009285714285714286 0.015228426395939085
3 0.9778571428571429 0.11928934010152284 0.01 0.02030456852791878
3 0.9721428571428572 0.07170050761421319 0.007142857142857143 0.019035532994923856
3 0.9492857142857143 0.053299492385786795 0.007142857142857143 0.015228426395939085
0 0.9003571428571429 0.0038071065989847713 0.002142857142857143 0.0076142131979695426
0 0.9121428571428571 0.008248730964467004 0.002857142857142857 0.008883248730964466
1 0.9564285714285714 0.21002538071065988 0.002857142857142857 0.006345177664974619
9 0.955 0.2112944162436548 0.002857142857142857 0.013959390862944161
3 0.9925 0.5380710659898477 0.013571428571428571 0.03807106598984771
