3 0.35214285714285715 0.7576190476190476 0.06714285714285714 0.08857142857142856
3 0.34964285714285714 0.6695238095238095 0.047857142857142855 0.06666666666666667
3 0.3892857142857143 0.5823809523809523 0.02857142857142857 0.040952380952380955
3 0.4625 0.5147619047619048 0.02642857142857143 0.03333333333333333
3 0.41214285714285714 0.49666666666666665 0.02 0.02761904761904762
3 0.37535714285714283 0.49666666666666665 0.019285714285714285 0.029523809523809525
3 0.4092857142857143 0.42523809523809525 0.017142857142857144 0.023809523809523808
3 0.3821428571428571 0.4119047619047619 0.014285714285714285 0.021904761904761906
3 0.405 0.38904761904761903 0.012857142857142857 0.014285714285714285
3 0.3875 0.35904761904761906 0.012142857142857143 0.011428571428571429
3 0.40714285714285714 0.35428571428571426 0.01 0.015238095238095238
3 0.6175 0.6542857142857142 0.07928571428571428 0.04
3 0.5314285714285715 0.5547619047619048 0.03142857142857143 0.04476190476190476
4 0.6953571428571429 0.62 0.047857142857142855 0.045714285714285714
3 0.8203571428571429 0.6419047619047619 0.07071428571428572 0.0419047619047619
3 0.6575 0.6038095238095238 0.065 0.03428571428571429
3 0.6464285714285715 0.5866666666666667 0.06571428571428571 0.03428571428571429
3 0.6046428571428571 0.5142857142857142 0.045 0.024761904761904763
3 0.5953571428571428 0.49952380952380954 0.04214285714285714 0.02761904761904762
3 0.5721428571428572 0.46523809523809523 0.04 0.023809523809523808
3 0.5071428571428571 0.51 0.027142857142857142 0.03142857142857143
3 0.38785714285714284 0.9276190476190476 0.10857142857142857 0.12380952380952381
3 0.13642857142857143 0.6619047619047619 0.07428571428571429 0.06285714285714286
3 0.9639285714285715 0.7971428571428572 0.07071428571428572 0.05523809523809524
5 0.8025 0.6895238095238095 0.10642857142857143 0.05523809523809524
0 0.7314285714285714 0.6823809523809524 0.008571428571428572 0.039047619047619046
0 0.7403571428571428 0.6752380952380952 0.0064285714285714285 0.03238095238095238
1 0.7592857142857142 0.6747619047619048 0.017142857142857144 0.023809523809523808
0 0.7671428571428571 0.6771428571428572 0.012857142857142857 0.04
1 0.5946428571428571 0.7295238095238096 0.015 0.030476190476190476
1 0.45714285714285713 0.6066666666666667 0.015714285714285715 0.02857142857142857
0 0.08178571428571428 0.61 0.015 0.039047619047619046
2 0.5953571428571428 0.7442857142857143 0.017857142857142856 0.03333333333333333
2 0.08214285714285714 0.6223809523809524 0.017142857142857144 0.02761904761904762
9 0.4567857142857143 0.6123809523809524 0.017857142857142856 0.030476190476190476
0 0.34535714285714286 0.6076190476190476 0.015 0.03619047619047619
3 0.3225 0.36523809523809525 0.012142857142857143 0.014285714285714285
3 0.3892857142857143 0.3442857142857143 0.008571428571428572 0.012380952380952381
3 0.3914285714285714 0.3271428571428571 0.008571428571428572 0.010476190476190476
3 0.40535714285714286 0.3295238095238095 0.007857142857142858 0.009523809523809525
3 0.37035714285714283 0.31476190476190474 0.007857142857142858 0.010476190476190476
3 0.35892857142857143 0.3142857142857143 0.0064285714285714285 0.007619047619047619
3 0.39285714285714285 0.3019047619047619 0.005714285714285714 0.007619047619047619
3 0.395 0.2914285714285714 0.007142857142857143 0.005714285714285714
3 0.3628571428571429 0.3038095238095238 0.005714285714285714 0.007619047619047619
3 0.42214285714285715 0.3342857142857143 0.007142857142857143 0.007619047619047619
3 0.42642857142857143 0.34714285714285714 0.008571428571428572 0.010476190476190476
3 0.43392857142857144 0.35904761904761906 0.009285714285714286 0.011428571428571429
3 0.5696428571428571 0.45476190476190476 0.035 0.02
3 0.0275 0.5771428571428572 0.056428571428571425 0.0380952380952381
3 0.03678571428571428 0.5547619047619048 0.07071428571428572 0.035238095238095235
3 0.06464285714285714 0.5423809523809524 0.065 0.02761904761904762
3 0.07464285714285715 0.5271428571428571 0.055 0.025714285714285714
3 0.08285714285714285 0.5166666666666667 0.06 0.02761904761904762
3 0.10214285714285715 0.5047619047619047 0.05714285714285714 0.026666666666666665
3 0.1075 0.4942857142857143 0.052142857142857144 0.022857142857142857
3 0.015 0.539047619047619 0.03142857142857143 0.0419047619047619
5 0.14714285714285713 0.5638095238095238 0.055714285714285716 0.06476190476190476
0 0.155 0.5919047619047619 0.012857142857142857 0.02761904761904762
0 0.11 0.6247619047619047 0.01 0.03238095238095238
0 0.14535714285714285 0.5895238095238096 0.012142857142857143 0.03238095238095238
1 0.10535714285714286 0.6371428571428571 0.013571428571428571 0.03428571428571429
9 0.10964285714285714 0.6423809523809524 0.035 0.02
3 0.8971428571428571 0.6276190476190476 0.06285714285714286 0.04380952380952381
