0 0.33785714285714286 0.7519047619047619 0.01 0.035238095238095235
0 0.3442857142857143 0.7595238095238095 0.01 0.03333333333333333
0 0.35464285714285715 0.7647619047619048 0.015 0.03428571428571429
0 0.45035714285714284 0.6952380952380952 0.009285714285714286 0.030476190476190476
0 0.4446428571428571 0.6919047619047619 0.009285714285714286 0.02761904761904762
0 0.5603571428571429 0.4976190476190476 0.009285714285714286 0.02761904761904762
0 0.5496428571428571 0.4895238095238095 0.007857142857142858 0.024761904761904763
0 0.5578571428571428 0.4742857142857143 0.008571428571428572 0.02857142857142857
0 0.5646428571428571 0.4723809523809524 0.007857142857142858 0.02857142857142857
0 0.5364285714285715 0.45666666666666667 0.007142857142857143 0.02761904761904762
0 0.5314285714285715 0.4542857142857143 0.005714285714285714 0.024761904761904763
0 0.6039285714285715 0.41523809523809524 0.007857142857142858 0.024761904761904763
0 0.5875 0.4123809523809524 0.007857142857142858 0.024761904761904763
0 0.5964285714285714 0.38476190476190475 0.005714285714285714 0.02095238095238095
0 0.605 0.38952380952380955 0.007142857142857143 0.022857142857142857
0 0.6117857142857143 0.37714285714285717 0.0064285714285714285 0.02095238095238095
0 0.6067857142857143 0.36 0.0064285714285714285 0.02095238095238095
0 0.6117857142857143 0.36142857142857143 0.005 0.021904761904761906
0 0.6164285714285714 0.36952380952380953 0.005714285714285714 0.024761904761904763
0 0.6378571428571429 0.3119047619047619 0.005714285714285714 0.02
0 0.6246428571428572 0.3119047619047619 0.005 0.02
0 0.6203571428571428 0.31 0.005 0.02
0 0.6192857142857143 0.3047619047619048 0.007142857142857143 0.022857142857142857
0 0.6428571428571429 0.25666666666666665 0.004285714285714286 0.018095238095238095
0 0.6496428571428572 0.25523809523809526 0.005 0.01904761904761905
0 0.655 0.26 0.005714285714285714 0.015238095238095238
0 0.6575 0.2519047619047619 0.005 0.018095238095238095
0 0.6639285714285714 0.2419047619047619 0.0035714285714285713 0.015238095238095238
0 0.6614285714285715 0.23952380952380953 0.004285714285714286 0.014285714285714285
0 0.6425 0.22952380952380952 0.005 0.015238095238095238
0 0.6364285714285715 0.22952380952380952 0.005714285714285714 0.015238095238095238
1 0.6196428571428572 0.22904761904761906 0.005 0.008571428571428572
0 0.5671428571428572 0.23476190476190475 0.005714285714285714 0.012380952380952381
0 0.5939285714285715 0.21714285714285714 0.005 0.015238095238095238
0 0.6046428571428571 0.20952380952380953 0.005 0.015238095238095238
0 0.6089285714285714 0.20952380952380953 0.005 0.015238095238095238
0 0.6146428571428572 0.20761904761904762 0.005 0.015238095238095238
0 0.6328571428571429 0.18476190476190477 0.004285714285714286 0.015238095238095238
0 0.6946428571428571 0.0838095238095238 0.002142857142857143 0.011428571428571429
0 0.7053571428571429 0.08238095238095237 0.0035714285714285713 0.010476190476190476
0 0.7171428571428572 0.08714285714285715 0.004285714285714286 0.010476190476190476
0 0.9014285714285715 0.2419047619047619 0.007142857142857143 0.01904761904761905
0 0.9117857142857143 0.2419047619047619 0.007857142857142858 0.015238095238095238
0 0.9196428571428571 0.2342857142857143 0.005 0.015238095238095238
0 0.9142857142857143 0.2319047619047619 0.007142857142857143 0.014285714285714285
0 0.9271428571428572 0.2319047619047619 0.007142857142857143 0.012380952380952381
0 0.9275 0.23904761904761904 0.005 0.013333333333333332
0 0.9321428571428572 0.23714285714285716 0.005714285714285714 0.015238095238095238
0 0.9367857142857143 0.2419047619047619 0.0064285714285714285 0.015238095238095238
0 0.9896428571428572 0.2042857142857143 0.007857142857142858 0.012380952380952381
0 0.9921428571428571 0.16476190476190475 0.007142857142857143 0.013333333333333332
0 0.9964285714285714 0.16476190476190475 0.005714285714285714 0.013333333333333332
5 0.8871428571428571 0.07904761904761905 0.017142857142857144 0.015238095238095238
3 0.9 0.08238095238095237 0.011428571428571429 0.010476190476190476
0 0.7996428571428571 0.1019047619047619 0.005 0.009523809523809525
0 0.9021428571428571 0.11666666666666667 0.005714285714285714 0.010476190476190476
0 0.905 0.13952380952380952 0.005714285714285714 0.012380952380952381
0 0.9014285714285715 0.13714285714285715 0.005714285714285714 0.015238095238095238
0 0.8971428571428571 0.13666666666666666 0.005714285714285714 0.012380952380952381
0 0.9275 0.14 0.005 0.011428571428571429
0 0.9275 0.13666666666666666 0.005 0.012380952380952381
0 0.9578571428571429 0.13380952380952382 0.005714285714285714 0.012380952380952381
0 0.9553571428571429 0.13428571428571429 0.005 0.011428571428571429
0 0.9871428571428571 0.14238095238095239 0.005714285714285714 0.012380952380952381
0 0.9825 0.14238095238095239 0.0064285714285714285 0.012380952380952381
1 0.175 0.6066666666666667 0.017142857142857144 0.015238095238095238
1 0.17535714285714285 0.599047619047619 0.013571428571428571 0.017142857142857144
9 0.1767857142857143 0.61 0.016428571428571428 0.035238095238095235
