3 0.6117857142857143 0.7747619047619048 0.075 0.11714285714285715
3 0.5971428571428572 0.6395238095238095 0.045714285714285714 0.06190476190476191
3 0.31142857142857144 0.6442857142857142 0.10857142857142857 0.07714285714285714
3 0.335 0.5914285714285714 0.11 0.049523809523809526
3 0.24464285714285713 0.6114285714285714 0.095 0.05333333333333333
3 0.2792857142857143 0.49238095238095236 0.05 0.024761904761904763
3 0.4114285714285714 0.49 0.055714285714285716 0.025714285714285714
3 0.5025 0.4747619047619048 0.025 0.021904761904761906
3 0.5914285714285714 0.5452380952380952 0.03428571428571429 0.039047619047619046
3 0.5171428571428571 0.46476190476190476 0.022857142857142857 0.022857142857142857
3 0.5346428571428572 0.45476190476190476 0.025 0.02761904761904762
3 0.5571428571428572 0.44904761904761903 0.024285714285714285 0.02
3 0.6014285714285714 0.4695238095238095 0.03 0.024761904761904763
3 0.715 0.43761904761904763 0.03571428571428571 0.01619047619047619
3 0.7439285714285714 0.4138095238095238 0.019285714285714285 0.012380952380952381
3 0.7071428571428572 0.4076190476190476 0.012857142857142857 0.011428571428571429
0 0.6646428571428571 0.4119047619047619 0.005 0.014285714285714285
