4 0.29714285714285715 0.5399746192893401 0.03 0.08502538071065989
8 0.0425 0.10723350253807105 0.085 0.1916243654822335
8 0.11464285714285714 0.03616751269035533 0.07214285714285715 0.07233502538071065
3 0.014285714285714285 0.5920050761421319 0.02857142857142857 0.07741116751269035
3 0.3242857142857143 0.690989847715736 0.025714285714285714 0.07994923857868019
3 0.365 0.38832487309644664 0.025714285714285714 0.07868020304568528
3 0.37714285714285717 0.641497461928934 0.027142857142857142 0.08756345177664974
3 0.47214285714285714 0.6560913705583756 0.022857142857142857 0.08629441624365482
3 0.62 0.7601522842639593 0.02 0.08629441624365482
8 0.6967857142857142 0.9835025380710659 0.17357142857142857 0.03045685279187817
0 0.7146428571428571 0.25571065989847713 0.007857142857142858 0.019035532994923856
4 0.43392857142857144 0.1782994923857868 0.02214285714285714 0.06979695431472081
4 0.5346428571428572 0.024111675126903553 0.019285714285714285 0.048223350253807105
0 0.8971428571428571 0.30710659898477155 0.007142857142857143 0.02284263959390863
