3 0.14214285714285715 0.7895238095238095 0.2557142857142857 0.3047619047619048
4 0.29214285714285715 0.5 0.12714285714285714 0.16
3 0.36178571428571427 0.39476190476190476 0.09785714285714285 0.11523809523809524
3 0.41464285714285715 0.3219047619047619 0.07071428571428572 0.08
3 0.8578571428571429 0.5552380952380952 0.16142857142857142 0.14285714285714285
3 0.805 0.4576190476190476 0.13 0.12476190476190477
3 0.7642857142857142 0.37714285714285717 0.10571428571428572 0.07809523809523809
3 0.7346428571428572 0.33 0.11785714285714285 0.07904761904761905
3 0.7053571428571429 0.30904761904761907 0.11214285714285714 0.05619047619047619
3 0.6925 0.2776190476190476 0.10785714285714286 0.06
3 0.6878571428571428 0.25952380952380955 0.10285714285714286 0.06190476190476191
3 0.4278571428571429 0.2719047619047619 0.06714285714285714 0.054285714285714284
3 0.44535714285714284 0.24 0.047857142857142855 0.0419047619047619
3 0.4642857142857143 0.21666666666666667 0.041428571428571426 0.04476190476190476
4 0.45964285714285713 0.19952380952380952 0.06785714285714285 0.04476190476190476
3 0.37035714285714283 0.1819047619047619 0.06357142857142857 0.03619047619047619
3 0.4542857142857143 0.17904761904761904 0.06285714285714286 0.026666666666666665
3 0.48714285714285716 0.1719047619047619 0.024285714285714285 0.03333333333333333
3 0.49392857142857144 0.1519047619047619 0.020714285714285713 0.023809523809523808
3 0.49964285714285717 0.14238095238095239 0.02214285714285714 0.02
3 0.46964285714285714 0.13714285714285715 0.02214285714285714 0.024761904761904763
3 0.5071428571428571 0.13 0.032857142857142856 0.023809523809523808
3 0.5217857142857143 0.11904761904761904 0.020714285714285713 0.024761904761904763
4 0.6071428571428571 0.13238095238095238 0.047142857142857146 0.030476190476190476
3 0.6171428571428571 0.15 0.047142857142857146 0.025714285714285714
3 0.6239285714285714 0.16380952380952382 0.04928571428571429 0.030476190476190476
3 0.6321428571428571 0.17476190476190476 0.05285714285714286 0.029523809523809525
3 0.655 0.18428571428571427 0.06 0.03333333333333333
3 0.6575 0.1976190476190476 0.062142857142857146 0.03333333333333333
3 0.6346428571428572 0.20714285714285716 0.062142857142857146 0.035238095238095235
3 0.6528571428571428 0.21714285714285714 0.06285714285714286 0.03238095238095238
3 0.6696428571428571 0.23 0.06928571428571428 0.039047619047619046
3 0.7792857142857142 0.1895238095238095 0.07714285714285714 0.04
