3 0.075 0.06725888324873096 0.06285714285714286 0.03045685279187817
3 0.5617857142857143 0.02030456852791878 0.06785714285714285 0.032994923857868015
3 0.57 0.17005076142131978 0.03 0.04060913705583756
3 0.49535714285714283 0.23350253807106597 0.03642857142857143 0.04314720812182741
3 0.2067857142857143 0.2531725888324873 0.03785714285714286 0.04441624365482233
4 0.34035714285714286 0.3680203045685279 0.056428571428571425 0.050761421319796954
5 0.2292857142857143 0.41878172588832485 0.06714285714285714 0.09644670050761421
8 0.04214285714285714 0.6573604060913705 0.08428571428571428 0.22081218274111675
8 0.4875 0.30583756345177665 0.07642857142857143 0.055837563451776644
8 0.5871428571428572 0.3096446700507614 0.11428571428571428 0.07360406091370558
3 0.5914285714285714 0.2576142131979695 0.045714285714285714 0.03807106598984771
3 0.6475 0.2703045685279188 0.04357142857142857 0.035532994923857864
4 0.7089285714285715 0.26776649746192893 0.04642857142857143 0.03807106598984771
0 0.7617857142857143 0.23921319796954313 0.0064285714285714285 0.029187817258883246
8 0.7189285714285715 0.31916243654822335 0.11642857142857142 0.0748730964467005
8 0.8421428571428572 0.33375634517766495 0.12714285714285714 0.08121827411167512
0 0.7942857142857143 0.2963197969543147 0.007142857142857143 0.024111675126903553
0 0.8028571428571428 0.29441624365482233 0.007142857142857143 0.02030456852791878
4 0.6621428571428571 0.18210659898477155 0.02 0.05710659898477157
4 0.6871428571428572 0.17956852791878172 0.02 0.05964467005076142
4 0.7639285714285714 0.18591370558375633 0.023571428571428573 0.06218274111675126
4 0.7921428571428571 0.19035532994923857 0.022857142857142857 0.06598984771573603
4 0.8128571428571428 0.1916243654822335 0.024285714285714285 0.06598984771573603
4 0.8375 0.1897208121827411 0.025 0.06472081218274112
3 0.8928571428571429 0.2017766497461929 0.022857142857142857 0.055837563451776644
3 0.8089285714285714 0.2519035532994924 0.04642857142857143 0.04187817258883248
3 0.8367857142857142 0.2779187817258883 0.04642857142857143 0.04060913705583756
3 0.8971428571428571 0.28743654822335024 0.054285714285714284 0.04187817258883248
0 0.8889285714285714 0.1649746192893401 0.0064285714285714285 0.027918781725888322
0 0.895 0.15736040609137056 0.005714285714285714 0.032994923857868015
0 0.91 0.15609137055837563 0.01 0.027918781725888322
0 0.9371428571428572 0.1878172588832487 0.007142857142857143 0.02284263959390863
0 0.9367857142857143 0.2017766497461929 0.007857142857142858 0.025380710659898477
0 0.9392857142857143 0.20685279187817257 0.011428571428571429 0.027918781725888322
0 0.9321428571428572 0.20558375634517764 0.007142857142857143 0.027918781725888322
4 0.9267857142857143 0.2633248730964467 0.052142857142857144 0.04441624365482233
8 0.9546428571428571 0.3439086294416243 0.08928571428571429 0.07868020304568528
0 0.9164285714285715 0.3166243654822335 0.01 0.026649746192893398
0 0.9196428571428571 0.3109137055837563 0.007857142857142858 0.027918781725888322
0 0.9096428571428572 0.30583756345177665 0.007857142857142858 0.025380710659898477
3 0.7946428571428571 0.5044416243654822 0.04214285714285714 0.06472081218274112
4 0.8064285714285714 0.5609137055837563 0.041428571428571426 0.06852791878172589
3 0.7546428571428572 0.5634517766497461 0.05071428571428571 0.04314720812182741
3 0.7578571428571429 0.6027918781725888 0.05714285714285714 0.04314720812182741
3 0.7617857142857143 0.6503807106598984 0.052142857142857144 0.04187817258883248
4 0.82 0.6656091370558375 0.04428571428571428 0.07233502538071065
3 0.7717857142857143 0.6890862944162436 0.05785714285714286 0.050761421319796954
3 0.7792857142857142 0.7385786802030456 0.06571428571428571 0.048223350253807105
3 0.7825 0.7912436548223349 0.05785714285714286 0.05456852791878172
3 0.7914285714285715 0.8521573604060914 0.07142857142857142 0.05964467005076142
3 0.7942857142857143 0.9581218274111675 0.03571428571428571 0.08121827411167512
3 0.7589285714285714 0.9536802030456852 0.039285714285714285 0.08756345177664974
3 0.7221428571428572 0.9543147208121827 0.032857142857142856 0.08883248730964466
3 0.6296428571428572 0.39213197969543145 0.052142857142857144 0.035532994923857864
3 0.7425 0.5215736040609137 0.047857142857142855 0.055837563451776644
3 0.6171428571428571 0.506979695431472 0.022857142857142857 0.06472081218274112
3 0.5821428571428572 0.4955583756345177 0.03 0.08248730964467005
3 0.65 0.6516497461928934 0.024285714285714285 0.09010152284263959
4 0.62 0.7309644670050761 0.024285714285714285 0.10913705583756345
3 0.5 0.4625634517766497 0.04 0.03426395939086294
5 0.425 0.4758883248730964 0.05714285714285714 0.048223350253807105
5 0.41928571428571426 0.5101522842639593 0.06857142857142857 0.05837563451776649
5 0.41535714285714287 0.5609137055837563 0.08928571428571429 0.07106598984771573
5 0.4164285714285714 0.6085025380710659 0.08285714285714285 0.0748730964467005
5 0.39464285714285713 0.706218274111675 0.09928571428571428 0.07994923857868019
5 0.38285714285714284 0.7614213197969543 0.09857142857142857 0.08375634517766496
5 0.3678571428571429 0.8794416243654821 0.11 0.09390862944162436
5 0.3603571428571429 0.947969543147208 0.09642857142857143 0.09390862944162436
4 0.46035714285714285 0.9098984771573604 0.06928571428571428 0.06852791878172589
4 0.4567857142857143 0.9663705583756345 0.062142857142857146 0.06472081218274112
5 0.15785714285714286 0.9073604060913705 0.10857142857142857 0.09644670050761421
5 0.16964285714285715 0.8350253807106598 0.11785714285714285 0.09644670050761421
5 0.20392857142857143 0.6732233502538071 0.08214285714285714 0.07994923857868019
5 0.21464285714285714 0.6192893401015228 0.07785714285714286 0.07614213197969542
5 0.22535714285714287 0.5774111675126903 0.07642857142857143 0.07360406091370558
5 0.24678571428571427 0.5342639593908629 0.075 0.07360406091370558
