3 0.5892484342379958 0.5867346938775511 0.045929018789144044 0.039888682745825604
3 0.8324634655532358 0.62708719851577 0.04906054279749478 0.04081632653061225
3 0.9222338204592901 0.6372912801484231 0.051148225469728595 0.04081632653061225
3 0.6453549060542797 0.3845083487940631 0.016179540709812108 0.03432282003710575
3 0.6268267223382046 0.37059369202226344 0.014613778705636741 0.036178107606679034
3 0.6187369519832985 0.34461966604823746 0.013048016701461376 0.030612244897959183
4 0.6380480167014613 0.3395176252319109 0.015135699373695197 0.03896103896103896
3 0.6132567849686847 0.27133580705009275 0.009394572025052192 0.0287569573283859
3 0.6072546972860124 0.2300556586270872 0.008872651356993735 0.01855287569573284
3 0.6281315240083507 0.19341372912801486 0.010960334029227557 0.01948051948051948
3 0.383089770354906 0.2537105751391466 0.026096033402922752 0.0176252319109462
3 0.3870041753653444 0.2430426716141002 0.023486430062630476 0.01855287569573284
3 0.6080375782881001 0.15166975881261596 0.008350730688935281 0.0176252319109462
3 0.5947286012526095 0.11966604823747681 0.006784968684759916 0.014842300556586271
3 0.6051670146137786 0.112708719851577 0.007828810020876827 0.013914656771799629
3 0.6082985386221293 0.09972170686456401 0.007828810020876827 0.013914656771799629
3 0.6007306889352818 0.06818181818181818 0.0073068893528183704 0.012059369202226345
3 0.5840292275574113 0.0686456400742115 0.006263048016701461 0.012987012987012988
3 0.5882045929018789 0.05612244897959184 0.005219206680584551 0.010204081632653062
3 0.5978601252609603 0.05658627087198516 0.004697286012526096 0.011131725417439703
3 0.5879436325678496 0.04267161410018553 0.006784968684759916 0.011131725417439703
3 0.5866388308977035 0.026437847866419294 0.006263048016701461 0.008348794063079777
3 0.5798538622129435 0.01948051948051948 0.0031315240083507304 0.00927643784786642
1 0.7841858037578288 0.549165120593692 0.007828810020876827 0.020408163265306124
1 0.8363778705636742 0.5287569573283859 0.0036534446764091852 0.020408163265306124
1 0.9308455114822546 0.5324675324675324 0.0057411273486430055 0.020408163265306124
1 0.543580375782881 0.4044526901669759 0.004697286012526096 0.011131725417439703
9 0.7831419624217119 0.5575139146567718 0.015135699373695197 0.01855287569573284
9 0.8332463465553235 0.5347866419294991 0.015135699373695197 0.013914656771799629
9 0.9298016701461377 0.5422077922077922 0.014091858037578286 0.012059369202226345
9 0.5427974947807933 0.41233766233766234 0.0073068893528183704 0.012059369202226345
9 0.5529749478079331 0.28988868274582563 0.0036534446764091852 0.013914656771799629
9 0.5534968684759916 0.2532467532467533 0.0036534446764091852 0.00927643784786642
1 0.5527139874739039 0.28432282003710574 0.0031315240083507304 0.010204081632653062
1 0.5534968684759916 0.24582560296846012 0.0036534446764091852 0.011131725417439703
0 0.5446242171189979 0.14703153988868276 0.0036534446764091852 0.013914656771799629
1 0.5555845511482255 0.06076066790352505 0.0026096033402922755 0.006493506493506494
9 0.5555845511482255 0.06447124304267161 0.0036534446764091852 0.00463821892393321
0 0.5566283924843424 0.011595547309833025 0.0026096033402922755 0.008348794063079777
1 0.4261482254697286 0.4666048237476809 0.0057411273486430055 0.020408163265306124
9 0.4248434237995824 0.47217068645640076 0.015657620041753653 0.00927643784786642
5 0.6346555323590813 0.3014842300556586 0.015657620041753653 0.03710575139146568
