4 0.580829756795422 0.6760496183206106 0.1402002861230329 0.14026717557251908
4 0.6398426323319027 0.7643129770992366 0.15092989985693847 0.183206106870229
3 0.7246065808297568 0.8306297709923663 0.13447782546494993 0.18606870229007633
3 0.7006437768240343 0.6044847328244275 0.11659513590844063 0.15362595419847327
3 0.2421316165951359 0.2876908396946565 0.07081545064377683 0.10019083969465649
3 0.12195994277539342 0.13072519083969464 0.060801144492131615 0.08206106870229007
5 0.15128755364806867 0.7166030534351144 0.23247496423462088 0.2633587786259542
0 0.3394134477825465 0.7833969465648855 0.023605150214592273 0.04389312977099236
0 0.3494277539341917 0.6684160305343512 0.02646638054363376 0.03721374045801527
1 0.3959227467811159 0.6708015267175572 0.019313304721030045 0.04198473282442748
1 0.09442060085836909 0.16412213740458015 0.01430615164520744 0.03244274809160305
1 0.2582260371959943 0.41889312977099236 0.02145922746781116 0.04198473282442748
1 0.19706723891273248 0.42604961832061067 0.027896995708154508 0.04293893129770992
0 0.33583690987124465 0.4847328244274809 0.020743919885550785 0.047709923664122134
0 0.47746781115879827 0.5 0.016452074391988557 0.03435114503816794
0 0.6777539341917024 0.3110687022900763 0.013590844062947067 0.047709923664122134
1 0.6666666666666666 0.5009541984732824 0.020028612303290415 0.03244274809160305
1 0.682761087267525 0.48616412213740456 0.013590844062947067 0.023854961832061067
1 0.6938483547925608 0.4751908396946565 0.01859799713876967 0.02480916030534351
0 0.7718168812589413 0.46230916030534347 0.02575107296137339 0.05057251908396947
0 0.2757510729613734 0.566793893129771 0.027896995708154508 0.03816793893129771
9 0.21173104434907009 0.42795801526717553 0.03862660944206009 0.04866412213740458
2 0.2657367668097282 0.43702290076335876 0.020743919885550785 0.051526717557251904
2 0.10050071530758226 0.17795801526717556 0.020743919885550785 0.04293893129770992
2 0.4005722460658083 0.6755725190839694 0.02575107296137339 0.05725190839694656
2 0.8372675250357654 0.6951335877862596 0.035050071530758224 0.05629770992366412
2 0.5296852646638054 0.11593511450381679 0.020743919885550785 0.023854961832061067
9 0.5146638054363376 0.10400763358778625 0.027896995708154508 0.02862595419847328
9 0.34012875536480686 0.24284351145038166 0.020743919885550785 0.04866412213740458
3 0.2396280400572246 0.9126908396946565 0.15593705293276108 0.1631679389312977
0 0.5218168812589413 0.6970419847328244 0.009298998569384835 0.03530534351145038
0 0.663447782546495 0.825381679389313 0.02503576537911302 0.04961832061068702
0 0.25357653791130186 0.6479007633587786 0.020743919885550785 0.04389312977099236
3 0.07510729613733906 0.22089694656488548 0.04864091559370529 0.09064885496183206
4 0.11158798283261803 0.3234732824427481 0.06723891273247497 0.10687022900763359
4 0.19921316165951358 0.2075381679389313 0.060801144492131615 0.08301526717557252
4 0.16988555078683834 0.44751908396946566 0.07081545064377683 0.11832061068702289
4 0.07975679542203147 0.048187022900763356 0.06366237482117311 0.09064885496183206
3 0.02753934191702432 0.032919847328244274 0.035050071530758224 0.05248091603053435
3 0.0407725321888412 0.14456106870229007 0.035765379113018594 0.06011450381679389
0 0.219241773962804 0.07347328244274809 0.012160228898426323 0.02480916030534351
1 0.20278969957081544 0.08110687022900763 0.009298998569384835 0.019083969465648856
3 0.16952789699570817 0.0491412213740458 0.08869814020028613 0.07538167938931298
3 0.14377682403433475 0.03196564885496183 0.07868383404864092 0.06393129770992366
0 0.8841201716738197 0.05677480916030534 0.022889842632331903 0.03530534351145038
2 0.8204577968526466 0.16269083969465647 0.02575107296137339 0.029580152671755722
0 0.6813304721030042 0.1116412213740458 0.009298998569384835 0.02862595419847328
0 0.8816165951359084 0.5329198473282443 0.027896995708154508 0.03721374045801527
3 0.796137339055794 0.9083969465648855 0.12589413447782546 0.17366412213740456
3 0.8884120171673819 0.9561068702290076 0.10014306151645208 0.08587786259541984
0 0.9030758226037195 0.5090648854961832 0.013590844062947067 0.023854961832061067
0 0.8930615164520744 0.4980916030534351 0.013590844062947067 0.022900763358778626
0 0.23390557939914164 0.5944656488549618 0.027181688125894134 0.04961832061068702
0 0.2632331902718169 0.5868320610687022 0.027181688125894134 0.03435114503816794
0 0.24892703862660945 0.5658396946564885 0.02145922746781116 0.03244274809160305
0 0.24177396280400573 0.5458015267175572 0.017167381974248927 0.026717557251908396
1 0.2145922746781116 0.5620229007633587 0.030042918454935622 0.02862595419847328
