5 0.10928571428571429 0.2798223350253807 0.11714285714285715 0.29568527918781723
3 0.0175 0.2563451776649746 0.03642857142857143 0.12944162436548223
3 0.12285714285714286 0.07677664974619289 0.05 0.09517766497461928
0 0.365 0.7741116751269035 0.012857142857142857 0.035532994923857864
0 0.5946428571428571 0.8718274111675126 0.012142857142857143 0.04314720812182741
0 0.5875 0.6294416243654822 0.007857142857142858 0.032994923857868015
0 0.41964285714285715 0.6630710659898477 0.012142857142857143 0.03680203045685279
0 0.42392857142857143 0.6548223350253807 0.012142857142857143 0.04060913705583756
0 0.515 0.32741116751269034 0.01 0.03807106598984771
1 0.49535714285714283 0.2703045685279188 0.013571428571428571 0.032994923857868015
0 0.20535714285714285 0.4143401015228426 0.019285714285714285 0.03426395939086294
0 0.25535714285714284 0.35342639593908626 0.009285714285714286 0.031725888324873094
1 0.4367857142857143 0.22208121827411165 0.012142857142857143 0.017766497461928932
1 0.4253571428571429 0.2411167512690355 0.009285714285714286 0.017766497461928932
0 0.2867857142857143 0.13959390862944163 0.007857142857142858 0.032994923857868015
0 0.2739285714285714 0.04885786802030456 0.012142857142857143 0.031725888324873094
1 0.48892857142857143 0.05837563451776649 0.012142857142857143 0.02030456852791878
1 0.49142857142857144 0.17005076142131978 0.012857142857142857 0.035532994923857864
0 0.48142857142857143 0.015228426395939085 0.008571428571428572 0.025380710659898477
1 0.445 0.03743654822335025 0.01 0.016497461928934008
0 0.42464285714285716 0.008248730964467004 0.002142857142857143 0.016497461928934008
1 0.48964285714285716 0.052030456852791875 0.009285714285714286 0.02284263959390863
0 0.31214285714285717 0.2246192893401015 0.01 0.02284263959390863
0 0.5328571428571428 0.9873096446700507 0.015714285714285715 0.02284263959390863
0 0.5475 0.9885786802030456 0.016428571428571428 0.02030456852791878
1 0.42464285714285716 0.22335025380710657 0.012142857142857143 0.015228426395939085
