0 0.046785714285714285 0.5995238095238096 0.030714285714285715 0.08095238095238096
0 0.225 0.5371428571428571 0.022857142857142857 0.07238095238095238
0 0.48964285714285716 0.5595238095238095 0.017857142857142856 0.06761904761904762
0 0.465 0.5876190476190476 0.022857142857142857 0.08571428571428572
0 0.42464285714285716 0.5871428571428572 0.029285714285714286 0.07333333333333333
0 0.30464285714285716 0.5219047619047619 0.019285714285714285 0.06476190476190476
0 0.28535714285714286 0.5166666666666667 0.020714285714285713 0.06380952380952382
0 0.27 0.5423809523809524 0.02 0.06571428571428571
0 0.27 0.5295238095238095 0.02 0.06666666666666667
0 0.2525 0.5047619047619047 0.02642857142857143 0.06476190476190476
0 0.2225 0.4976190476190476 0.015 0.04666666666666667
0 0.22964285714285715 0.49714285714285716 0.017857142857142856 0.06095238095238095
0 0.295 0.3742857142857143 0.008571428571428572 0.03238095238095238
0 0.3 0.37952380952380954 0.01 0.037142857142857144
1 0.15214285714285714 0.49714285714285716 0.03428571428571429 0.04
1 0.33464285714285713 0.3647619047619048 0.017857142857142856 0.024761904761904763
9 0.33785714285714286 0.37476190476190474 0.018571428571428572 0.02761904761904762
1 0.3975 0.6219047619047618 0.03214285714285714 0.05523809523809524
1 0.40535714285714286 0.6447619047619048 0.04214285714285714 0.04
2 0.44892857142857145 0.6619047619047619 0.065 0.05523809523809524
2 0.5617857142857143 0.6566666666666666 0.06642857142857143 0.06380952380952382
9 0.6242857142857143 0.6719047619047619 0.07 0.05238095238095238
2 0.6267857142857143 0.46 0.017857142857142856 0.047619047619047616
0 0.6846428571428571 0.5814285714285714 0.020714285714285713 0.07523809523809524
0 0.6828571428571428 0.569047619047619 0.017142857142857144 0.08095238095238096
3 0.47464285714285714 0.24714285714285714 0.03785714285714286 0.012380952380952381
3 0.5217857142857143 0.24476190476190476 0.03214285714285714 0.017142857142857144
3 0.5721428571428572 0.24523809523809523 0.03 0.018095238095238095
3 0.5796428571428571 0.24428571428571427 0.030714285714285715 0.014285714285714285
3 0.46214285714285713 0.23952380952380953 0.017142857142857144 0.012380952380952381
3 0.4667857142857143 0.23666666666666666 0.012142857142857143 0.012380952380952381
3 0.4789285714285714 0.2423809523809524 0.015 0.012380952380952381
4 0.48214285714285715 0.23666666666666666 0.02 0.01619047619047619
3 0.49214285714285716 0.23952380952380953 0.01 0.010476190476190476
3 0.5021428571428571 0.23761904761904762 0.01 0.014285714285714285
3 0.5142857142857142 0.23904761904761904 0.017142857142857144 0.017142857142857144
3 0.5314285714285715 0.23952380952380953 0.011428571428571429 0.014285714285714285
3 0.5396428571428571 0.2419047619047619 0.017857142857142856 0.01904761904761905
3 0.5546428571428571 0.2419047619047619 0.012142857142857143 0.017142857142857144
3 0.5696428571428571 0.23952380952380953 0.015 0.018095238095238095
3 0.4589285714285714 0.22476190476190477 0.015 0.015238095238095238
3 0.47285714285714286 0.22476190476190477 0.014285714285714285 0.013333333333333332
3 0.48714285714285716 0.22666666666666666 0.014285714285714285 0.007619047619047619
3 0.48892857142857143 0.22 0.019285714285714285 0.013333333333333332
3 0.5021428571428571 0.22714285714285715 0.014285714285714285 0.014285714285714285
3 0.5017857142857143 0.22238095238095237 0.017857142857142856 0.012380952380952381
3 0.5175 0.22714285714285715 0.019285714285714285 0.014285714285714285
3 0.5342857142857143 0.22666666666666666 0.017142857142857144 0.015238095238095238
3 0.5625 0.22714285714285715 0.016428571428571428 0.018095238095238095
3 0.5771428571428572 0.22714285714285715 0.015714285714285715 0.018095238095238095
3 0.5842857142857143 0.2219047619047619 0.014285714285714285 0.009523809523809525
3 0.5964285714285714 0.2195238095238095 0.018571428571428572 0.014285714285714285
3 0.6121428571428571 0.22428571428571428 0.02 0.012380952380952381
3 0.6275 0.2276190476190476 0.025 0.017142857142857144
