3 0.08392857142857142 0.7495238095238095 0.16071428571428573 0.15047619047619049
0 0.3871428571428571 0.8471428571428572 0.03428571428571429 0.09047619047619047
3 0.48714285714285716 0.8447619047619047 0.15428571428571428 0.21904761904761905
3 0.7446428571428572 0.7676190476190476 0.2392857142857143 0.15428571428571428
3 0.8 0.6971428571428572 0.20285714285714285 0.1219047619047619
3 0.7925 0.6223809523809524 0.175 0.0980952380952381
3 0.8089285714285714 0.5595238095238095 0.15357142857142858 0.07523809523809524
3 0.5175 0.44952380952380955 0.10785714285714286 0.08
3 0.47714285714285715 0.4819047619047619 0.12 0.08761904761904762
3 0.42892857142857144 0.5171428571428571 0.14214285714285715 0.10666666666666666
3 0.38 0.569047619047619 0.12857142857142856 0.10761904761904761
3 0.3092857142857143 0.6271428571428571 0.15285714285714286 0.13428571428571429
3 0.15464285714285714 0.5166666666666667 0.11214285714285714 0.07333333333333333
3 0.037142857142857144 0.4695238095238095 0.07428571428571429 0.07238095238095238
3 0.21892857142857142 0.37666666666666665 0.09071428571428572 0.06380952380952382
3 0.2825 0.30904761904761907 0.07357142857142857 0.05047619047619047
4 0.33285714285714285 0.42238095238095236 0.09142857142857143 0.07523809523809524
3 0.3896428571428571 0.39904761904761904 0.07214285714285715 0.05523809523809524
3 0.41964285714285715 0.37761904761904763 0.05785714285714286 0.04476190476190476
3 0.4564285714285714 0.3495238095238095 0.08428571428571428 0.05333333333333333
3 0.3475 0.2776190476190476 0.06785714285714285 0.04285714285714286
3 0.5828571428571429 0.38952380952380955 0.10142857142857142 0.07428571428571429
3 0.6342857142857142 0.34904761904761905 0.09285714285714286 0.06
3 0.6592857142857143 0.33 0.07285714285714286 0.04666666666666667
3 0.5546428571428571 0.2919047619047619 0.07214285714285715 0.035238095238095235
3 0.42964285714285716 0.24428571428571427 0.06785714285714285 0.04285714285714286
