3 0.46 0.8362944162436547 0.05714285714285714 0.04568527918781726
3 0.4496428571428571 0.5539340101522843 0.045 0.03680203045685279
3 0.4546428571428571 0.482233502538071 0.04214285714285714 0.032994923857868015
3 0.4614285714285714 0.36738578680203043 0.04428571428571428 0.031725888324873094
3 0.6496428571428572 0.4746192893401015 0.04214285714285714 0.035532994923857864
3 0.4496428571428571 0.3172588832487309 0.03785714285714286 0.03045685279187817
3 0.4514285714285714 0.2861675126903553 0.04 0.029187817258883246
3 0.4514285714285714 0.2449238578680203 0.032857142857142856 0.03045685279187817
3 0.4525 0.1383248730964467 0.035 0.027918781725888322
3 0.4539285714285714 0.10025380710659898 0.029285714285714286 0.025380710659898477
3 0.4514285714285714 0.02982233502538071 0.027142857142857142 0.026649746192893398
3 0.4525 0.061548223350253804 0.025 0.024111675126903553
3 0.4514285714285714 0.08121827411167512 0.027142857142857142 0.025380710659898477
3 0.4539285714285714 0.42576142131979694 0.04071428571428572 0.031725888324873094
4 0.4475 0.6370558375634517 0.047857142857142855 0.04314720812182741
5 0.45535714285714285 0.19416243654822332 0.019285714285714285 0.05837563451776649
3 0.5896428571428571 0.05837563451776649 0.029285714285714286 0.025380710659898477
3 0.59 0.07741116751269035 0.03 0.025380710659898477
3 0.5939285714285715 0.09517766497461928 0.029285714285714286 0.027918781725888322
3 0.5975 0.11548223350253806 0.030714285714285715 0.027918781725888322
3 0.6064285714285714 0.15228426395939085 0.03142857142857143 0.03045685279187817
3 0.6078571428571429 0.17576142131979694 0.032857142857142856 0.029187817258883246
3 0.6392857142857142 0.05456852791878172 0.022857142857142857 0.035532994923857864
3 0.6546428571428572 0.04314720812182741 0.025 0.035532994923857864
3 0.6939285714285715 0.041243654822335024 0.02642857142857143 0.029187817258883246
6 0.7428571428571429 0.021573604060913704 0.015714285714285715 0.027918781725888322
0 0.5467857142857143 0.12309644670050761 0.0035714285714285713 0.02030456852791878
1 0.5 0.5875634517766497 0.008571428571428572 0.02030456852791878
9 0.5021428571428571 0.5901015228426395 0.01 0.035532994923857864
