3 0.5503653444676408 0.700834879406308 0.03496868475991649 0.04730983302411874
4 0.8275052192066805 0.7295918367346939 0.04540709812108559 0.04730983302411874
3 0.7129436325678496 0.6099257884972171 0.024008350730688934 0.026901669758812616
3 0.661795407098121 0.5477736549165121 0.015657620041753653 0.03246753246753247
3 0.25835073068893527 0.5473098330241187 0.032359081419624215 0.027829313543599257
3 0.14378914405010437 0.5496289424860854 0.03705636743215031 0.0287569573283859
3 0.2593945720250522 0.48562152133580705 0.027139874739039664 0.02504638218923933
3 0.4138830897703549 0.41465677179962895 0.021920668058455113 0.01855287569573284
3 0.45824634655532354 0.3965677179962894 0.014613778705636741 0.013914656771799629
1 0.12839248434237996 0.524582560296846 0.0041753653444676405 0.012059369202226345
1 0.2027661795407098 0.4907235621521336 0.0036534446764091852 0.011131725417439703
1 0.32828810020876825 0.4318181818181818 0.005219206680584551 0.012059369202226345
1 0.47729645093945716 0.36410018552875695 0.0026096033402922755 0.006493506493506494
9 0.1289144050104384 0.5306122448979592 0.014613778705636741 0.011131725417439703
9 0.2027661795407098 0.49814471243042674 0.012004175365344467 0.011131725417439703
9 0.3298538622129436 0.4397031539888683 0.011482254697286011 0.00927643784786642
9 0.47729645093945716 0.3682745825602968 0.0057411273486430055 0.0055658627087198514
3 0.5965553235908141 0.32142857142857145 0.008350730688935281 0.013914656771799629
3 0.6197807933194154 0.33116883116883117 0.007828810020876827 0.011131725417439703
3 0.627348643006263 0.3051948051948052 0.008350730688935281 0.00927643784786642
3 0.6411795407098121 0.3051948051948052 0.006784968684759916 0.011131725417439703
1 0.5281837160751566 0.40538033395176254 0.0031315240083507304 0.0074211502782931356
1 0.5446242171189979 0.3914656771799629 0.0036534446764091852 0.0074211502782931356
1 0.55741127348643 0.38868274582560297 0.0041753653444676405 0.00927643784786642
9 0.5281837160751566 0.4104823747680891 0.0041753653444676405 0.00463821892393321
9 0.5443632567849687 0.3970315398886827 0.0031315240083507304 0.0055658627087198514
9 0.5568893528183716 0.39285714285714285 0.005219206680584551 0.00463821892393321
3 0.7319937369519832 0.27365491651205937 0.0057411273486430055 0.0074211502782931356
3 0.7220772442588725 0.2717996289424861 0.0057411273486430055 0.0074211502782931356
3 0.6873695198329853 0.28061224489795916 0.005219206680584551 0.006493506493506494
3 0.6816283924843423 0.2634508348794063 0.008350730688935281 0.0055658627087198514
1 0.7372129436325677 0.5923005565862709 0.004697286012526096 0.015769944341372914
2 0.7366910229645093 0.6001855287569573 0.009916492693110646 0.014842300556586271
