3 0.6142857142857143 0.8176190476190476 0.05714285714285714 0.08857142857142856
3 0.5489285714285714 0.7819047619047619 0.04928571428571429 0.07809523809523809
3 0.6217857142857143 0.7538095238095238 0.062142857142857146 0.08857142857142856
3 0.5503571428571429 0.719047619047619 0.05071428571428571 0.0761904761904762
4 0.49464285714285716 0.6814285714285714 0.045 0.07523809523809524
3 0.495 0.6347619047619047 0.04285714285714286 0.058095238095238096
3 0.525 0.6223809523809524 0.041428571428571426 0.06
3 0.43964285714285717 0.6014285714285714 0.03785714285714286 0.058095238095238096
3 0.4546428571428571 0.5638095238095238 0.03785714285714286 0.05714285714285714
3 0.4175 0.4938095238095238 0.035 0.058095238095238096
3 0.375 0.4342857142857143 0.032857142857142856 0.047619047619047616
3 0.3467857142857143 0.3923809523809524 0.025 0.04
3 0.37714285714285717 0.38904761904761903 0.027142857142857142 0.039047619047619046
8 0.625 0.6666666666666666 0.12 0.16
5 0.5121428571428571 0.5423809523809524 0.10714285714285714 0.14
5 0.43285714285714283 0.4442857142857143 0.07571428571428572 0.10761904761904761
5 0.30464285714285716 0.32904761904761903 0.055 0.08857142857142856
5 0.9664285714285714 0.9285714285714286 0.06571428571428571 0.14095238095238094
3 0.22678571428571428 0.1823809523809524 0.019285714285714285 0.021904761904761906
3 0.5767857142857142 0.13476190476190475 0.02214285714285714 0.018095238095238095
3 0.5925 0.13523809523809524 0.017857142857142856 0.017142857142857144
3 0.925 0.38142857142857145 0.03428571428571429 0.029523809523809525
0 0.8789285714285714 0.40523809523809523 0.007857142857142858 0.018095238095238095
5 0.6825 0.12523809523809523 0.062142857142857146 0.04476190476190476
5 0.6953571428571429 0.13428571428571429 0.056428571428571425 0.047619047619047616
5 0.6371428571428571 0.11666666666666667 0.05714285714285714 0.039047619047619046
3 0.28535714285714286 0.02238095238095238 0.009285714285714286 0.012380952380952381
3 0.415 0.08666666666666667 0.012857142857142857 0.015238095238095238
0 0.42464285714285716 0.08714285714285715 0.005 0.010476190476190476
0 0.425 0.07952380952380952 0.002857142857142857 0.010476190476190476
9 0.28785714285714287 0.38904761904761903 0.01 0.01619047619047619
9 0.20964285714285713 0.23761904761904762 0.007857142857142858 0.012380952380952381
9 0.16 0.17952380952380953 0.007142857142857143 0.012380952380952381
1 0.2864285714285714 0.38 0.007142857142857143 0.015238095238095238
1 0.20892857142857144 0.2319047619047619 0.0064285714285714285 0.010476190476190476
1 0.15892857142857142 0.17476190476190476 0.005 0.012380952380952381
