0 0.8345 0.8206666666666667 0.039 0.07866666666666666
0 0.86925 0.8056666666666666 0.0305 0.06466666666666666
9 0.89775 0.777 0.0755 0.054
0 0.94075 0.7186666666666667 0.0305 0.07066666666666667
0 0.927 0.7156666666666667 0.016 0.03133333333333333
0 0.846 0.7076666666666667 0.032 0.07133333333333333
0 0.84 0.6869999999999999 0.028 0.066
0 0.8230000000000001 0.6906666666666667 0.021 0.04133333333333333
6 0.68775 0.834 0.0545 0.156
1 0.6955 0.8406666666666667 0.038 0.06
2 0.80875 0.6446666666666666 0.0285 0.056
0 0.81425 0.6386666666666666 0.0275 0.05733333333333333
0 0.8130000000000001 0.5846666666666667 0.022 0.058666666666666666
0 0.7495 0.5716666666666667 0.026000000000000002 0.06066666666666667
9 0.71075 0.5766666666666667 0.043500000000000004 0.042666666666666665
9 0.6885 0.5416666666666666 0.042 0.03666666666666667
1 0.6925 0.5316666666666666 0.025 0.04066666666666666
0 0.717 0.5176666666666666 0.017 0.054
0 0.70275 0.5006666666666667 0.0165 0.05733333333333333
0 0.792 0.47966666666666663 0.03 0.054
0 0.8602500000000001 0.471 0.0195 0.046
0 0.84125 0.44966666666666666 0.0195 0.04733333333333333
0 0.77925 0.44266666666666665 0.0115 0.04666666666666666
0 0.74 0.44666666666666666 0.017 0.052
0 0.74725 0.444 0.0165 0.048
0 0.65025 0.5076666666666666 0.0135 0.056666666666666664
9 0.6645 0.48766666666666664 0.038 0.043333333333333335
1 0.6657500000000001 0.48466666666666663 0.0195 0.050666666666666665
9 0.57725 0.48966666666666664 0.0365 0.033999999999999996
1 0.57775 0.48666666666666664 0.0185 0.050666666666666665
0 0.57525 0.43366666666666664 0.0145 0.051333333333333335
1 0.5962500000000001 0.42966666666666664 0.0165 0.043333333333333335
2 0.59475 0.43966666666666665 0.0145 0.03666666666666667
3 0.6605 0.432 0.056 0.088
0 0.69425 0.39866666666666667 0.0125 0.04533333333333333
0 0.6717500000000001 0.38066666666666665 0.0145 0.04133333333333333
9 0.67975 0.39666666666666667 0.0135 0.03866666666666667
0 0.712 0.38866666666666666 0.016 0.03733333333333333
1 0.5992500000000001 0.8526666666666667 0.0175 0.04
0 0.601 0.7946666666666666 0.021 0.06933333333333333
0 0.57175 0.7856666666666666 0.0195 0.066
9 0.5295 0.7366666666666667 0.025 0.08666666666666667
9 0.5885 0.5536666666666666 0.041 0.041999999999999996
1 0.59125 0.5526666666666666 0.0225 0.052
0 0.452 0.5776666666666667 0.024 0.054
0 0.4205 0.5726666666666667 0.015 0.05333333333333333
0 0.4055 0.5966666666666667 0.016 0.056
0 0.392 0.5806666666666667 0.022 0.052
0 0.41250000000000003 0.5376666666666666 0.022 0.05533333333333333
2 0.32625 0.5266666666666666 0.0475 0.03866666666666667
1 0.3225 0.5236666666666666 0.023 0.051333333333333335
0 0.261 0.49666666666666665 0.018000000000000002 0.04933333333333333
9 0.2505 0.6016666666666667 0.049 0.04466666666666667
1 0.248 0.5896666666666667 0.022 0.04733333333333333
1 0.23 0.593 0.016 0.038
0 0.17875 0.5956666666666667 0.0235 0.056666666666666664
0 0.1355 0.6026666666666667 0.026000000000000002 0.050666666666666665
0 0.11825000000000001 0.6276666666666666 0.0335 0.04466666666666667
9 0.09725 0.6246666666666666 0.0575 0.042666666666666665
0 0.11125 0.5896666666666667 0.035500000000000004 0.054
0 0.09075 0.5653333333333334 0.0235 0.048
0 0.21975 0.5046666666666666 0.021500000000000002 0.04933333333333333
0 0.043250000000000004 0.5306666666666666 0.0325 0.050666666666666665
0 0.05025 0.5146666666666666 0.0345 0.04666666666666666
0 0.0235 0.48866666666666664 0.024 0.052
0 0.036000000000000004 0.48666666666666664 0.024 0.04933333333333333
0 0.05025 0.48466666666666663 0.025500000000000002 0.04533333333333333
1 0.511 0.42566666666666664 0.017 0.03133333333333333
0 0.54125 0.4056666666666667 0.0095 0.043333333333333335
0 0.57425 0.39466666666666667 0.0145 0.04133333333333333
0 0.5835 0.37366666666666665 0.015 0.043333333333333335
0 0.583 0.3476666666666667 0.012 0.038
0 0.55325 0.35366666666666663 0.0115 0.043333333333333335
0 0.5952500000000001 0.3456666666666667 0.0115 0.041999999999999996
0 0.54525 0.3416666666666667 0.0115 0.03933333333333333
0 0.51375 0.33366666666666667 0.0105 0.033999999999999996
0 0.50875 0.32666666666666666 0.0095 0.030666666666666665
0 0.50825 0.31666666666666665 0.0095 0.029333333333333333
1 0.4995 0.33266666666666667 0.007 0.010666666666666666
0 0.4965 0.31866666666666665 0.009000000000000001 0.029333333333333333
0 0.47750000000000004 0.295 0.011 0.033999999999999996
3 0.5385 0.31166666666666665 0.043000000000000003 0.057999999999999996
4 0.6255000000000001 0.32066666666666666 0.044 0.07066666666666667
0 0.66125 0.30966666666666665 0.0115 0.038
0 0.66125 0.29266666666666663 0.0115 0.036
0 0.656 0.29166666666666663 0.013000000000000001 0.035333333333333335
0 0.6775 0.25866666666666666 0.009000000000000001 0.025333333333333333
0 0.67575 0.25366666666666665 0.0085 0.026
4 0.6485 0.26666666666666666 0.05 0.04133333333333333
2 0.6015 0.29666666666666663 0.02 0.025333333333333333
1 0.6002500000000001 0.2876666666666667 0.0125 0.02733333333333333
0 0.60675 0.26566666666666666 0.0085 0.03
0 0.621 0.26166666666666666 0.008 0.03133333333333333
0 0.61775 0.24966666666666665 0.0095 0.028666666666666667
0 0.60575 0.25666666666666665 0.0075 0.025333333333333333
1 0.597 0.25666666666666665 0.01 0.021333333333333333
0 0.58975 0.26066666666666666 0.0095 0.03333333333333333
0 0.57775 0.26066666666666666 0.0085 0.03333333333333333
9 0.54125 0.25466666666666665 0.0205 0.018666666666666665
0 0.515 0.27266666666666667 0.01 0.036
0 0.47975 0.25366666666666665 0.0105 0.028666666666666667
0 0.54525 0.23266666666666666 0.0075 0.029333333333333333
0 0.555 0.23466666666666666 0.008 0.025333333333333333
0 0.53225 0.22066666666666665 0.0085 0.025333333333333333
1 0.5475 0.21566666666666667 0.008 0.019333333333333334
1 0.5565 0.215 0.008 0.018
4 0.893 0.32066666666666666 0.07200000000000001 0.064
9 0.9812500000000001 0.33466666666666667 0.0165 0.029333333333333333
1 0.9772500000000001 0.32266666666666666 0.0155 0.028
0 0.98675 0.24866666666666665 0.0125 0.029333333333333333
0 0.99625 0.25066666666666665 0.006500000000000001 0.029333333333333333
0 0.969 0.24466666666666667 0.013000000000000001 0.03333333333333333
0 0.9615 0.24166666666666667 0.011 0.03
0 0.9490000000000001 0.22966666666666666 0.016 0.03266666666666666
0 0.9490000000000001 0.21766666666666665 0.011 0.03
0 0.95975 0.21766666666666665 0.0095 0.03133333333333333
2 0.968 0.20966666666666667 0.026000000000000002 0.020666666666666667
1 0.8602500000000001 0.24966666666666665 0.0105 0.015333333333333332
0 0.8315 0.25066666666666665 0.01 0.025333333333333333
4 0.68 0.24066666666666667 0.037 0.042666666666666665
0 0.7095 0.25066666666666665 0.007 0.024
0 0.7020000000000001 0.25266666666666665 0.009000000000000001 0.013333333333333332
0 0.67675 0.25866666666666666 0.0075 0.024
0 0.6885 0.24966666666666665 0.009000000000000001 0.024666666666666667
4 0.6667500000000001 0.21966666666666665 0.0315 0.04466666666666667
0 0.71 0.17466666666666666 0.007 0.021333333333333333
0 0.7192500000000001 0.176 0.0055 0.02
9 0.62075 0.19 0.0075 0.02
0 0.6285000000000001 0.18166666666666667 0.007 0.018
3 0.3625 0.36266666666666664 0.04 0.048
9 0.3755 0.32866666666666666 0.014 0.030666666666666665
9 0.387 0.35566666666666663 0.014 0.03
2 0.378 0.31566666666666665 0.015 0.028666666666666667
4 0.27 0.39899999999999997 0.083 0.054
4 0.28325 0.37066666666666664 0.0805 0.04933333333333333
0 0.321 0.32466666666666666 0.011 0.034666666666666665
0 0.313 0.32166666666666666 0.013000000000000001 0.03666666666666667
0 0.30525 0.319 0.0125 0.038
0 0.32675 0.31266666666666665 0.0135 0.03733333333333333
0 0.3395 0.2806666666666667 0.013000000000000001 0.03333333333333333
0 0.029 0.38066666666666665 0.019 0.03733333333333333
1 0.05625 0.37666666666666665 0.0155 0.030666666666666665
4 0.453 0.23366666666666666 0.042 0.038
0 0.42025 0.22366666666666665 0.0085 0.02333333333333333
0 0.42725 0.22566666666666665 0.006500000000000001 0.019333333333333334
3 0.6657500000000001 0.09466666666666666 0.021500000000000002 0.013333333333333332
8 0.69375 0.06566666666666666 0.0195 0.024666666666666667
5 0.63125 0.08166666666666667 0.0385 0.020666666666666667
3 0.63325 0.07266666666666667 0.021500000000000002 0.010666666666666666
3 0.63025 0.07166666666666667 0.0185 0.011333333333333332
3 0.6062500000000001 0.07266666666666667 0.0195 0.010666666666666666
5 0.62325 0.06466666666666666 0.0225 0.018666666666666665
3 0.679 0.06466666666666666 0.017 0.010666666666666666
3 0.6707500000000001 0.061 0.0175 0.01
0 0.57825 0.07366666666666666 0.0045000000000000005 0.014
4 0.44275000000000003 0.16766666666666666 0.0175 0.02733333333333333
3 0.4805 0.17266666666666666 0.034 0.02
3 0.4225 0.16866666666666666 0.026000000000000002 0.021333333333333333
3 0.386 0.17266666666666666 0.02 0.021333333333333333
4 0.39375 0.15966666666666665 0.0185 0.02333333333333333
3 0.41575 0.15766666666666665 0.0195 0.02333333333333333
0 0.40525 0.15566666666666665 0.0075 0.020666666666666667
3 0.4035 0.14666666666666667 0.017 0.02
3 0.41050000000000003 0.13266666666666665 0.017 0.022666666666666665
4 0.417 0.12466666666666666 0.012 0.021333333333333333
3 0.423 0.11866666666666666 0.012 0.014666666666666666
3 0.428 0.10966666666666666 0.014 0.018
3 0.45125 0.11366666666666667 0.0105 0.015333333333333332
3 0.4325 0.10466666666666666 0.011 0.014666666666666666
4 0.4385 0.09866666666666667 0.012 0.017333333333333333
4 0.3615 0.09666666666666666 0.012 0.017333333333333333
3 0.34600000000000003 0.16666666666666666 0.019 0.021333333333333333
4 0.35075 0.15366666666666667 0.0155 0.022
0 0.34500000000000003 0.12566666666666665 0.005 0.012666666666666666
0 0.355 0.12166666666666666 0.006 0.015333333333333332
0 0.32325 0.14566666666666667 0.006500000000000001 0.016666666666666666
3 0.32725 0.15966666666666665 0.0175 0.019333333333333334
3 0.30825 0.16266666666666665 0.0205 0.02
4 0.2905 0.17266666666666666 0.029 0.018666666666666665
3 0.28725 0.16366666666666665 0.0175 0.016666666666666666
