3 0.4567857142857143 0.34517766497461927 0.012142857142857143 0.048223350253807105
3 0.4375 0.2214467005076142 0.015 0.04187817258883248
3 0.4067857142857143 0.050761421319796954 0.012142857142857143 0.04060913705583756
3 0.44392857142857145 0.3965736040609137 0.012142857142857143 0.04441624365482233
3 0.5242857142857142 0.357233502538071 0.015714285714285715 0.04695431472081218
3 0.4303571428571429 0.47969543147208116 0.013571428571428571 0.04568527918781726
3 0.5271428571428571 0.6890862944162436 0.014285714285714285 0.053299492385786795
3 0.5017857142857143 0.4308375634517766 0.013571428571428571 0.04695431472081218
3 0.3717857142857143 0.3642131979695431 0.015 0.04314720812182741
3 0.4342857142857143 0.7309644670050761 0.017142857142857144 0.050761421319796954
3 0.5521428571428572 0.7189086294416243 0.012857142857142857 0.049492385786802026
3 0.9717857142857143 0.7373096446700507 0.02642857142857143 0.048223350253807105
3 0.89 0.32741116751269034 0.025714285714285714 0.035532994923857864
3 0.6603571428571429 0.06408629441624365 0.023571428571428573 0.029187817258883246
3 0.7 0.10088832487309644 0.02 0.029187817258883246
3 0.39964285714285713 0.5177664974619289 0.015 0.04568527918781726
3 0.4546428571428571 0.9803299492385786 0.012142857142857143 0.03680203045685279
3 0.7228571428571429 0.9898477157360406 0.032857142857142856 0.017766497461928932
4 0.8853571428571428 0.2652284263959391 0.025 0.032994923857868015
4 0.9196428571428571 0.29378172588832485 0.025 0.031725888324873094
4 0.9496428571428571 0.33312182741116747 0.017857142857142856 0.04695431472081218
4 0.3367857142857143 0.09010152284263959 0.015 0.04568527918781726
4 0.6396428571428572 0.2519035532994924 0.017857142857142856 0.04695431472081218
4 0.6321428571428571 0.24175126903553298 0.02 0.04441624365482233
4 0.6196428571428572 0.2315989847715736 0.017857142857142856 0.03680203045685279
4 0.6075 0.22525380710659898 0.017857142857142856 0.04187817258883248
4 0.5939285714285715 0.20939086294416243 0.017857142857142856 0.04060913705583756
4 0.47464285714285714 0.07170050761421319 0.015 0.049492385786802026
3 0.42214285714285715 0.23413705583756345 0.012857142857142857 0.04187817258883248
5 0.4639285714285714 0.19035532994923857 0.019285714285714285 0.07360406091370558
8 0.47714285714285715 0.9213197969543147 0.014285714285714285 0.09390862944162436
3 0.48178571428571426 0.6180203045685279 0.012142857142857143 0.050761421319796954
3 0.9017857142857143 0.9022842639593908 0.03214285714285714 0.03045685279187817
