0 0.5140918580375783 0.6382189239332097 0.0073068893528183704 0.03896103896103896
0 0.4890396659707724 0.6335807050092764 0.008350730688935281 0.05194805194805195
0 0.4767745302713987 0.6233766233766234 0.015135699373695197 0.061224489795918366
1 0.47364300626304795 0.6103896103896104 0.004697286012526096 0.027829313543599257
0 0.4436325678496868 0.6233766233766234 0.009394572025052192 0.059369202226345084
0 0.46085594989561585 0.62569573283859 0.010438413361169102 0.05844155844155844
3 0.7406054279749478 0.46985157699443414 0.05949895615866388 0.05473098330241188
3 0.771920668058455 0.46289424860853434 0.05427974947807933 0.055658627087198514
3 0.8295929018789143 0.44758812615955473 0.06002087682672233 0.05102040816326531
0 0.7069415448851774 0.5561224489795918 0.007828810020876827 0.04730983302411874
1 0.7038100208768266 0.549165120593692 0.007828810020876827 0.027829313543599257
0 0.7426931106471816 0.3710575139146568 0.0041753653444676405 0.020408163265306124
0 0.7304279749478079 0.37059369202226344 0.004697286012526096 0.01948051948051948
0 0.7223382045929018 0.37291280148423006 0.0031315240083507304 0.01855287569573284
0 0.6247390396659707 0.2847866419294991 0.0031315240083507304 0.012987012987012988
0 0.6625782881002087 0.300556586270872 0.0026096033402922755 0.016697588126159554
0 0.6599686847599164 0.3010204081632653 0.0026096033402922755 0.015769944341372914
0 0.574634655532359 0.2694805194805195 0.0041753653444676405 0.013914656771799629
0 0.5775052192066805 0.27133580705009275 0.0036534446764091852 0.012059369202226345
0 0.595250521920668 0.27690166975881264 0.0026096033402922755 0.012059369202226345
0 0.6907620041753653 0.3107606679035251 0.0036534446764091852 0.016697588126159554
0 0.7017223382045928 0.31307977736549164 0.0026096033402922755 0.013914656771799629
0 0.6980688935281837 0.31493506493506496 0.0036534446764091852 0.008348794063079777
0 0.6521398747390396 0.3033395176252319 0.0036534446764091852 0.012987012987012988
1 0.6497912317327765 0.30009276437847865 0.0031315240083507304 0.012059369202226345
1 0.6521398747390396 0.30009276437847865 0.0036534446764091852 0.013914656771799629
0 0.4822546972860125 0.29545454545454547 0.0020876826722338203 0.010204081632653062
0 0.4832985386221294 0.2949907235621521 0.0031315240083507304 0.011131725417439703
0 0.4890396659707724 0.2922077922077922 0.0031315240083507304 0.012987012987012988
0 0.49060542797494777 0.2922077922077922 0.0031315240083507304 0.012987012987012988
