3 0.385 0.5095177664974619 0.022857142857142857 0.029187817258883246
3 0.38 0.4359137055837563 0.02 0.029187817258883246
3 0.41714285714285715 0.3705583756345177 0.02 0.027918781725888322
3 0.355 0.3756345177664974 0.015714285714285715 0.02284263959390863
3 0.3025 0.4562182741116751 0.020714285714285713 0.026649746192893398
3 0.2792857142857143 0.40164974619289334 0.017142857142857144 0.019035532994923856
3 0.32142857142857145 0.2760152284263959 0.017142857142857144 0.016497461928934008
3 0.23035714285714284 0.3680203045685279 0.016428571428571428 0.02284263959390863
3 0.155 0.18083756345177662 0.01 0.011421319796954314
3 0.12678571428571428 0.12309644670050761 0.009285714285714286 0.01015228426395939
3 0.1375 0.1281725888324873 0.007857142857142858 0.01015228426395939
4 0.15214285714285714 0.11738578680203045 0.007142857142857143 0.011421319796954314
4 0.13714285714285715 0.09263959390862943 0.007142857142857143 0.01015228426395939
3 0.16892857142857143 0.07741116751269035 0.007857142857142858 0.0076142131979695426
3 0.18214285714285713 0.05647208121827411 0.007142857142857143 0.006345177664974619
4 0.18035714285714285 0.04885786802030456 0.007857142857142858 0.008883248730964466
3 0.2092857142857143 0.07550761421319796 0.007142857142857143 0.008883248730964466
3 0.19714285714285715 0.07296954314720812 0.007142857142857143 0.008883248730964466
3 0.1792857142857143 0.09517766497461928 0.007142857142857143 0.01015228426395939
4 0.17214285714285715 0.11357868020304568 0.007142857142857143 0.013959390862944161
3 0.18285714285714286 0.11928934010152284 0.007142857142857143 0.01015228426395939
3 0.19464285714285715 0.11230964467005075 0.007857142857142858 0.011421319796954314
5 0.19535714285714287 0.141497461928934 0.010714285714285714 0.024111675126903553
3 0.18392857142857144 0.1516497461928934 0.007857142857142858 0.016497461928934008
3 0.16964285714285715 0.13388324873096447 0.007857142857142858 0.011421319796954314
5 0.6364285714285715 0.13769035532994922 0.007142857142857143 0.019035532994923856
5 0.6296428571428572 0.09898477157360405 0.012142857142857143 0.032994923857868015
4 0.6503571428571429 0.09390862944162436 0.0035714285714285713 0.012690355329949238
3 0.6528571428571428 0.10723350253807105 0.005714285714285714 0.008883248730964466
3 0.6578571428571428 0.12944162436548223 0.008571428571428572 0.0076142131979695426
8 0.7 0.13705583756345177 0.037142857142857144 0.027918781725888322
8 0.685 0.07868020304568528 0.01 0.03045685279187817
8 0.6925 0.07994923857868019 0.007857142857142858 0.03045685279187817
8 0.6996428571428571 0.07741116751269035 0.007857142857142858 0.03045685279187817
8 0.7078571428571429 0.07741116751269035 0.008571428571428572 0.03045685279187817
8 0.7567857142857143 0.08756345177664974 0.03642857142857143 0.03045685279187817
8 0.7953571428571429 0.08756345177664974 0.03642857142857143 0.027918781725888322
3 0.985 0.3927664974619289 0.017142857142857144 0.029187817258883246
