9 0.21285714285714286 0.032994923857868015 0.011428571428571429 0.032994923857868015
1 0.2117857142857143 0.028553299492385786 0.007857142857142858 0.024111675126903553
8 0.30642857142857144 0.19923857868020303 0.055714285714285716 0.19289340101522842
3 0.27035714285714285 0.2982233502538071 0.027857142857142858 0.07106598984771573
3 0.22142857142857142 0.3413705583756345 0.032857142857142856 0.07360406091370558
3 0.34214285714285714 0.6694162436548223 0.037142857142857144 0.0748730964467005
3 0.4089285714285714 0.6821065989847716 0.035 0.08248730964467005
4 0.185 0.2309644670050761 0.027142857142857142 0.05837563451776649
4 0.15535714285714286 0.42005076142131975 0.035 0.07360406091370558
4 0.27214285714285713 0.47969543147208116 0.03571428571428571 0.07868020304568528
4 0.35035714285714287 0.4149746192893401 0.027857142857142858 0.07614213197969542
4 0.3675 0.5520304568527918 0.030714285714285715 0.07868020304568528
3 0.3025 0.7925126903553299 0.035 0.08502538071065989
3 0.4642857142857143 0.833756345177665 0.03571428571428571 0.09137055837563451
4 0.4125 0.8413705583756345 0.03642857142857143 0.08375634517766496
3 0.46214285714285713 0.9765228426395939 0.03 0.04441624365482233
4 0.22 0.8807106598984771 0.04 0.08375634517766496
5 0.0975 0.5348984771573604 0.05785714285714286 0.10532994923857868
4 0.40464285714285714 0.10469543147208121 0.025 0.06472081218274112
4 0.42714285714285716 0.09835025380710659 0.024285714285714285 0.05710659898477157
3 0.4546428571428571 0.09835025380710659 0.025 0.05456852791878172
4 0.43142857142857144 0.2728426395939086 0.041428571428571426 0.050761421319796954
4 0.43785714285714283 0.3166243654822335 0.04428571428571428 0.052030456852791875
4 0.4525 0.36675126903553296 0.047857142857142855 0.05837563451776649
4 0.4667857142857143 0.41941624365482233 0.04071428571428572 0.052030456852791875
3 0.475 0.4689086294416243 0.045714285714285714 0.052030456852791875
4 0.48964285714285716 0.5228426395939086 0.047857142857142855 0.05837563451776649
9 0.49964285714285717 0.583756345177665 0.020714285714285713 0.02030456852791878
9 0.5017857142857143 0.6104060913705583 0.015 0.03807106598984771
5 0.5103571428571428 0.2728426395939086 0.05071428571428571 0.1649746192893401
5 0.5546428571428571 0.44543147208121825 0.052142857142857144 0.15228426395939085
3 0.5246428571428572 0.7309644670050761 0.045 0.06345177664974619
3 0.5371428571428571 0.7715736040609137 0.045714285714285714 0.06091370558375634
3 0.5703571428571429 0.9086294416243654 0.039285714285714285 0.048223350253807105
3 0.5928571428571429 0.9486040609137055 0.05142857142857143 0.06979695431472081
4 0.5525 0.8128172588832486 0.047857142857142855 0.06979695431472081
3 0.7796428571428572 0.4942893401015228 0.03214285714285714 0.07994923857868019
1 0.8328571428571429 0.008248730964467004 0.01 0.016497461928934008
