4 0.054642857142857146 0.3356598984771573 0.015 0.029187817258883246
3 0.0125 0.4359137055837563 0.017857142857142856 0.026649746192893398
3 0.14214285714285715 0.5951776649746192 0.02 0.02030456852791878
3 0.16535714285714287 0.5977157360406091 0.019285714285714285 0.017766497461928932
3 0.23535714285714285 0.6085025380710659 0.017857142857142856 0.016497461928934008
3 0.26785714285714285 0.6123096446700507 0.018571428571428572 0.016497461928934008
3 0.23 0.7195431472081217 0.02 0.027918781725888322
3 0.5103571428571428 0.36675126903553296 0.009285714285714286 0.027918781725888322
3 0.5392857142857143 0.13261421319796954 0.005714285714285714 0.024111675126903553
3 0.5364285714285715 0.22842639593908629 0.007142857142857143 0.025380710659898477
3 0.5442857142857143 0.2715736040609137 0.007142857142857143 0.025380710659898477
5 0.5525 0.12944162436548223 0.007857142857142858 0.03807106598984771
3 0.5767857142857142 0.016497461928934008 0.0064285714285714285 0.02284263959390863
3 0.65 0.10088832487309644 0.007142857142857143 0.029187817258883246
3 0.5971428571428572 0.16560913705583755 0.005714285714285714 0.031725888324873094
3 0.595 0.07423857868020305 0.007142857142857143 0.029187817258883246
5 0.59 0.23350253807106597 0.01 0.048223350253807105
3 0.6014285714285714 0.2519035532994924 0.008571428571428572 0.031725888324873094
3 0.6464285714285715 0.3045685279187817 0.007142857142857143 0.03045685279187817
3 0.6471428571428571 0.19289340101522842 0.007142857142857143 0.025380710659898477
3 0.6464285714285715 0.4879441624365482 0.008571428571428572 0.04187817258883248
3 0.5475 0.4606598984771573 0.007857142857142858 0.03045685279187817
3 0.5564285714285714 0.5361675126903553 0.008571428571428572 0.03426395939086294
3 0.5246428571428572 0.5463197969543147 0.007857142857142858 0.03426395939086294
5 0.5075 0.6021573604060914 0.012142857142857143 0.031725888324873094
3 0.5125 0.7290609137055837 0.007857142857142858 0.03680203045685279
5 0.47214285714285714 0.8826142131979695 0.012857142857142857 0.06218274111675126
3 0.48964285714285716 0.8705583756345177 0.010714285714285714 0.03807106598984771
3 0.5514285714285714 0.7531725888324873 0.007142857142857143 0.026649746192893398
3 0.5467857142857143 0.9010152284263959 0.007857142857142858 0.03807106598984771
4 0.6428571428571429 0.5901015228426395 0.008571428571428572 0.04060913705583756
3 0.5917857142857142 0.6364213197969543 0.007857142857142858 0.03426395939086294
3 0.5817857142857142 0.9911167512690354 0.009285714285714286 0.015228426395939085
3 0.5871428571428572 0.8788071065989848 0.007142857142857143 0.04441624365482233
3 0.6396428571428572 0.8756345177664974 0.007857142857142858 0.04568527918781726
3 0.6553571428571429 0.8597715736040609 0.010714285714285714 0.04187817258883248
3 0.6578571428571428 0.6802030456852791 0.011428571428571429 0.03807106598984771
