3 0.61 0.7963197969543147 0.05285714285714286 0.049492385786802026
3 0.5896428571428571 0.5203045685279187 0.045 0.032994923857868015
3 0.5796428571428571 0.4149746192893401 0.045 0.032994923857868015
3 0.5742857142857143 0.24682741116751267 0.04 0.031725888324873094
3 0.5721428571428572 0.21256345177664973 0.04 0.031725888324873094
3 0.5653571428571429 0.18210659898477155 0.04071428571428572 0.031725888324873094
3 0.5596428571428571 0.11357868020304568 0.03785714285714286 0.031725888324873094
3 0.5275 0.30203045685279184 0.017857142857142856 0.055837563451776644
3 0.4367857142857143 0.3889593908629441 0.02214285714285714 0.06472081218274112
3 0.37464285714285717 0.35342639593908626 0.015 0.05710659898477157
3 0.3675 0.41878172588832485 0.016428571428571428 0.07106598984771573
3 0.36464285714285716 0.5019035532994923 0.017857142857142856 0.07233502538071065
3 0.36 0.5862944162436547 0.02 0.07360406091370558
3 0.35714285714285715 0.6732233502538071 0.022857142857142857 0.08502538071065989
3 0.35 0.7779187817258882 0.025714285714285714 0.09390862944162436
3 0.3425 0.897208121827411 0.025 0.09644670050761421
3 0.3775 0.291243654822335 0.017857142857142856 0.05710659898477157
3 0.38285714285714284 0.2296954314720812 0.015714285714285715 0.04568527918781726
3 0.3821428571428571 0.17195431472081216 0.012857142857142857 0.049492385786802026
3 0.3925 0.02728426395939086 0.013571428571428571 0.04187817258883248
4 0.3889285714285714 0.06789340101522842 0.015 0.04441624365482233
5 0.385 0.11230964467005075 0.017142857142857144 0.07233502538071065
4 0.675 0.07741116751269035 0.014285714285714285 0.04568527918781726
3 0.6896428571428571 0.1846446700507614 0.017857142857142856 0.052030456852791875
3 0.705 0.2982233502538071 0.037142857142857144 0.053299492385786795
3 0.6767857142857143 0.3546954314720812 0.019285714285714285 0.06218274111675126
3 0.64 0.3356598984771573 0.037142857142857144 0.031725888324873094
3 0.63 0.2975888324873096 0.04 0.03680203045685279
3 0.635 0.2703045685279188 0.032857142857142856 0.027918781725888322
3 0.6296428571428572 0.2379441624365482 0.03785714285714286 0.03680203045685279
3 0.6271428571428571 0.21637055837563451 0.037142857142857144 0.031725888324873094
3 0.6221428571428571 0.18654822335025378 0.03428571428571429 0.027918781725888322
3 0.6225 0.16243654822335024 0.03357142857142857 0.03045685279187817
3 0.6164285714285714 0.14530456852791876 0.032857142857142856 0.031725888324873094
4 0.6171428571428571 0.12182741116751268 0.032857142857142856 0.03045685279187817
5 0.6117857142857143 0.09454314720812182 0.045 0.04441624365482233
3 0.6064285714285714 0.05774111675126903 0.03857142857142857 0.029187817258883246
3 0.5996428571428571 0.041243654822335024 0.035 0.026649746192893398
3 0.5571428571428572 0.03045685279187817 0.032857142857142856 0.032994923857868015
3 0.5528571428571428 0.009517766497461928 0.037142857142857144 0.019035532994923856
3 0.5771428571428572 0.3102791878172589 0.04 0.031725888324873094
4 0.5792857142857143 0.3375634517766497 0.03428571428571429 0.03807106598984771
4 0.7996428571428571 0.6351522842639593 0.065 0.05710659898477157
3 0.13785714285714284 0.8140862944162436 0.05714285714285714 0.04187817258883248
3 0.14535714285714285 0.7703045685279187 0.060714285714285714 0.04060913705583756
9 0.38 0.6218274111675126 0.01 0.03045685279187817
0 0.48428571428571426 0.48350253807106597 0.007142857142857143 0.025380710659898477
0 0.5846428571428571 0.7112944162436547 0.005 0.029187817258883246
0 0.6653571428571429 0.2442893401015228 0.0035714285714285713 0.021573604060913704
0 0.6696428571428571 0.24555837563451774 0.005 0.021573604060913704
0 0.7246428571428571 0.2430203045685279 0.005 0.021573604060913704
0 0.7314285714285714 0.2563451776649746 0.005714285714285714 0.02284263959390863
9 0.6667857142857143 0.008248730964467004 0.012142857142857143 0.016497461928934008
