3 0.525 0.8114285714285714 0.025714285714285714 0.06095238095238095
3 0.5167857142857143 0.6271428571428571 0.02214285714285714 0.04476190476190476
3 0.5446428571428571 0.5838095238095238 0.019285714285714285 0.0380952380952381
3 0.5146428571428572 0.5095238095238095 0.015 0.03428571428571429
3 0.5075 0.41523809523809524 0.015 0.02857142857142857
3 0.5092857142857142 0.3647619047619048 0.012857142857142857 0.01904761904761905
3 0.5064285714285715 0.27714285714285714 0.014285714285714285 0.017142857142857144
0 0.36214285714285716 0.3442857142857143 0.002857142857142857 0.012380952380952381
3 0.26285714285714284 0.63 0.025714285714285714 0.04476190476190476
0 0.38642857142857145 0.4342857142857143 0.002857142857142857 0.017142857142857144
3 0.41214285714285714 0.36952380952380953 0.014285714285714285 0.026666666666666665
3 0.5192857142857142 0.23761904761904762 0.008571428571428572 0.012380952380952381
3 0.5746428571428571 0.3242857142857143 0.012142857142857143 0.02
3 0.5696428571428571 0.29428571428571426 0.012142857142857143 0.01904761904761905
3 0.5653571428571429 0.27714285714285714 0.012142857142857143 0.015238095238095238
3 0.42714285714285716 0.2714285714285714 0.01 0.01904761904761905
0 0.3975 0.22714285714285715 0.0035714285714285713 0.012380952380952381
0 0.38 0.2819047619047619 0.002857142857142857 0.011428571428571429
0 0.3842857142857143 0.28 0.002857142857142857 0.007619047619047619
0 0.3871428571428571 0.2819047619047619 0.002857142857142857 0.007619047619047619
3 0.47928571428571426 0.024285714285714285 0.004285714285714286 0.004761904761904762
3 0.5 0.04428571428571428 0.002857142857142857 0.004761904761904762
3 0.49178571428571427 0.03190476190476191 0.005 0.006666666666666666
3 0.49142857142857144 0.04380952380952381 0.004285714285714286 0.0038095238095238095
3 0.5021428571428571 0.06666666666666667 0.004285714285714286 0.005714285714285714
3 0.5039285714285714 0.07714285714285714 0.005 0.005714285714285714
3 0.485 0.07380952380952381 0.005714285714285714 0.006666666666666666
3 0.485 0.08190476190476191 0.005714285714285714 0.005714285714285714
3 0.48464285714285715 0.08761904761904762 0.005 0.005714285714285714
3 0.41285714285714287 0.09904761904761905 0.005714285714285714 0.005714285714285714
3 0.4064285714285714 0.09904761904761905 0.007142857142857143 0.005714285714285714
9 0.4642857142857143 0.07952380952380952 0.0014285714285714286 0.004761904761904762
9 0.4575 0.08238095238095237 0.002142857142857143 0.004761904761904762
9 0.4639285714285714 0.12238095238095238 0.002142857142857143 0.004761904761904762
3 0.4564285714285714 0.1019047619047619 0.008571428571428572 0.005714285714285714
3 0.495 0.11476190476190476 0.005714285714285714 0.006666666666666666
3 0.49535714285714283 0.1219047619047619 0.0064285714285714285 0.007619047619047619
3 0.5064285714285715 0.11714285714285715 0.007142857142857143 0.007619047619047619
3 0.5064285714285715 0.12238095238095238 0.005714285714285714 0.006666666666666666
3 0.5067857142857143 0.1295238095238095 0.0064285714285714285 0.007619047619047619
3 0.5071428571428571 0.13523809523809524 0.007142857142857143 0.007619047619047619
3 0.5075 0.1442857142857143 0.005 0.008571428571428572
3 0.49642857142857144 0.1295238095238095 0.005714285714285714 0.005714285714285714
3 0.5071428571428571 0.1519047619047619 0.007142857142857143 0.006666666666666666
0 0.42392857142857143 0.13428571428571429 0.002142857142857143 0.005714285714285714
0 0.41464285714285715 0.1519047619047619 0.002142857142857143 0.006666666666666666
0 0.43142857142857144 0.1442857142857143 0.0014285714285714286 0.004761904761904762
9 0.4521428571428571 0.14714285714285713 0.005714285714285714 0.006666666666666666
9 0.4471428571428571 0.14714285714285713 0.002857142857142857 0.004761904761904762
3 0.4225 0.1519047619047619 0.012142857142857143 0.008571428571428572
4 0.5975 0.4423809523809524 0.017857142857142856 0.03142857142857143
3 0.59 0.16476190476190475 0.01 0.009523809523809525
0 0.5825 0.17952380952380953 0.002142857142857143 0.006666666666666666
0 0.5875 0.17904761904761904 0.002142857142857143 0.007619047619047619
0 0.585 0.17952380952380953 0.0014285714285714286 0.006666666666666666
0 0.5578571428571428 0.10666666666666666 0.0014285714285714286 0.005714285714285714
3 0.5671428571428572 0.12904761904761905 0.007142857142857143 0.008571428571428572
0 0.5296428571428572 0.11714285714285715 0.002142857142857143 0.007619047619047619
0 0.5553571428571429 0.1019047619047619 0.002142857142857143 0.007619047619047619
3 0.5175 0.02142857142857143 0.005 0.006666666666666666
3 0.5075 0.1 0.015 0.007619047619047619
3 0.5171428571428571 0.13476190476190475 0.005714285714285714 0.004761904761904762
3 0.515 0.11523809523809524 0.007142857142857143 0.007619047619047619
3 0.5153571428571428 0.12380952380952381 0.0064285714285714285 0.005714285714285714
3 0.5164285714285715 0.1295238095238095 0.005714285714285714 0.005714285714285714
9 0.6746428571428571 0.9138095238095238 0.012142857142857143 0.029523809523809525
9 0.6525 0.919047619047619 0.012142857142857143 0.03619047619047619
3 0.75 0.3219047619047619 0.02 0.015238095238095238
3 0.7392857142857143 0.29904761904761906 0.017142857142857144 0.015238095238095238
1 0.675 0.9042857142857142 0.012857142857142857 0.018095238095238095
1 0.6528571428571428 0.9071428571428571 0.008571428571428572 0.014285714285714285
1 0.4521428571428571 0.1438095238095238 0.002857142857142857 0.005714285714285714
1 0.4471428571428571 0.1438095238095238 0.002857142857142857 0.005714285714285714
1 0.46464285714285714 0.07761904761904762 0.002142857142857143 0.002857142857142857
1 0.4575 0.08142857142857143 0.0035714285714285713 0.004761904761904762
1 0.46285714285714286 0.12142857142857143 0.002857142857142857 0.002857142857142857
1 0.4675 0.12428571428571429 0.002142857142857143 0.004761904761904762
