3 0.5525 0.3576190476190476 0.016428571428571428 0.03333333333333333
3 0.5471428571428572 0.2819047619047619 0.012857142857142857 0.03238095238095238
3 0.5178571428571429 0.2638095238095238 0.017142857142857144 0.03428571428571429
3 0.5396428571428571 0.22904761904761906 0.015 0.021904761904761906
8 0.5492857142857143 0.9352380952380952 0.037142857142857144 0.12761904761904763
3 0.4717857142857143 0.9176190476190477 0.030714285714285715 0.11904761904761904
3 0.4725 0.741904761904762 0.03214285714285714 0.09523809523809523
3 0.4717857142857143 0.6495238095238095 0.03214285714285714 0.08761904761904762
3 0.475 0.5714285714285714 0.022857142857142857 0.06857142857142857
3 0.4725 0.46190476190476193 0.023571428571428573 0.049523809523809526
3 0.47464285714285714 0.41 0.02214285714285714 0.04666666666666667
3 0.4775 0.36523809523809525 0.017857142857142856 0.04476190476190476
8 0.47785714285714287 0.31666666666666665 0.017142857142857144 0.05238095238095238
3 0.5003571428571428 0.36666666666666664 0.009285714285714286 0.03238095238095238
3 0.48142857142857143 0.2571428571428571 0.012857142857142857 0.030476190476190476
3 0.48178571428571426 0.20904761904761904 0.012142857142857143 0.02
3 0.47928571428571426 0.1738095238095238 0.011428571428571429 0.018095238095238095
3 0.47785714285714287 0.1519047619047619 0.012857142857142857 0.018095238095238095
3 0.4789285714285714 0.13428571428571429 0.010714285714285714 0.017142857142857144
3 0.47964285714285715 0.1138095238095238 0.012142857142857143 0.018095238095238095
3 0.47928571428571426 0.09476190476190476 0.011428571428571429 0.014285714285714285
3 0.47964285714285715 0.07761904761904762 0.010714285714285714 0.018095238095238095
3 0.48035714285714287 0.051904761904761905 0.012142857142857143 0.021904761904761906
3 0.5296428571428572 0.004761904761904762 0.007857142857142858 0.007619047619047619
3 0.5314285714285715 0.015238095238095238 0.008571428571428572 0.013333333333333332
3 0.5325 0.03190476190476191 0.007857142857142858 0.012380952380952381
3 0.5346428571428572 0.04666666666666667 0.007857142857142858 0.013333333333333332
3 0.5375 0.07 0.009285714285714286 0.012380952380952381
3 0.5396428571428571 0.08476190476190476 0.009285714285714286 0.015238095238095238
3 0.5446428571428571 0.11238095238095239 0.010714285714285714 0.015238095238095238
3 0.5467857142857143 0.1295238095238095 0.007857142857142858 0.013333333333333332
3 0.5303571428571429 0.1719047619047619 0.012142857142857143 0.02
3 0.4546428571428571 0.004761904761904762 0.012142857142857143 0.009523809523809525
0 0.45285714285714285 0.03190476190476191 0.002857142857142857 0.010476190476190476
0 0.4496428571428571 0.03238095238095238 0.002142857142857143 0.007619047619047619
0 0.4496428571428571 0.009523809523809525 0.002142857142857143 0.007619047619047619
0 0.4475 0.009047619047619047 0.002142857142857143 0.006666666666666666
0 0.44285714285714284 0.04904761904761905 0.002857142857142857 0.008571428571428572
0 0.43964285714285717 0.047619047619047616 0.002142857142857143 0.009523809523809525
0 0.4421428571428571 0.027142857142857142 0.002857142857142857 0.004761904761904762
0 0.43964285714285717 0.026666666666666665 0.002142857142857143 0.007619047619047619
0 0.5667857142857143 0.04666666666666667 0.002142857142857143 0.007619047619047619
0 0.5639285714285714 0.04666666666666667 0.002142857142857143 0.007619047619047619
0 0.5696428571428571 0.07428571428571429 0.002142857142857143 0.013333333333333332
0 0.5771428571428572 0.10952380952380952 0.002857142857142857 0.013333333333333332
0 0.5842857142857143 0.06428571428571428 0.002857142857142857 0.012380952380952381
0 0.6167857142857143 0.15523809523809523 0.0035714285714285713 0.011428571428571429
0 0.6096428571428572 0.16 0.002142857142857143 0.009523809523809525
0 0.6178571428571429 0.22952380952380952 0.004285714285714286 0.015238095238095238
0 0.6196428571428572 0.27714285714285714 0.005 0.015238095238095238
0 0.615 0.27476190476190476 0.002857142857142857 0.014285714285714285
3 0.4828571428571429 0.029523809523809525 0.008571428571428572 0.015238095238095238
0 0.4275 0.15666666666666668 0.002142857142857143 0.012380952380952381
0 0.42464285714285716 0.15523809523809523 0.002142857142857143 0.013333333333333332
0 0.43964285714285717 0.23476190476190475 0.005 0.01619047619047619
0 0.495 0.22380952380952382 0.002857142857142857 0.015238095238095238
0 0.48928571428571427 0.21714285714285714 0.002857142857142857 0.013333333333333332
9 0.5446428571428571 0.17952380952380953 0.005 0.012380952380952381
2 0.5092857142857142 0.18714285714285714 0.002857142857142857 0.018095238095238095
2 0.5021428571428571 0.20952380952380953 0.002857142857142857 0.013333333333333332
2 0.4992857142857143 0.20523809523809525 0.002857142857142857 0.010476190476190476
9 0.5042857142857143 0.18476190476190477 0.005714285714285714 0.017142857142857144
9 0.5089285714285714 0.22523809523809524 0.005 0.02
9 0.555 0.17476190476190476 0.004285714285714286 0.012380952380952381
0 0.435 0.20476190476190476 0.002857142857142857 0.015238095238095238
0 0.38142857142857145 0.4442857142857143 0.004285714285714286 0.014285714285714285
0 0.35535714285714287 0.5919047619047619 0.002142857142857143 0.012380952380952381
0 0.36214285714285716 0.5866666666666667 0.002857142857142857 0.015238095238095238
9 0.5871428571428572 0.48238095238095235 0.007142857142857143 0.02
9 0.4992857142857143 0.4723809523809524 0.007142857142857143 0.03238095238095238
3 0.7642857142857142 0.6214285714285714 0.047142857142857146 0.06190476190476191
0 0.6489285714285714 0.4066666666666667 0.0064285714285714285 0.02095238095238095
0 0.6367857142857143 0.2723809523809524 0.0035714285714285713 0.015238095238095238
3 0.6275 0.18142857142857144 0.029285714285714286 0.02
3 0.9321428571428572 0.8276190476190476 0.05285714285714286 0.09523809523809523
3 0.985 0.8166666666666667 0.02857142857142857 0.09238095238095238
3 0.8296428571428571 0.9633333333333334 0.045 0.07142857142857142
1 0.555 0.17142857142857143 0.002857142857142857 0.009523809523809525
1 0.5446428571428571 0.17666666666666667 0.002142857142857143 0.008571428571428572
1 0.5092857142857142 0.18476190476190477 0.002857142857142857 0.007619047619047619
1 0.5028571428571429 0.18142857142857144 0.002857142857142857 0.008571428571428572
1 0.49892857142857144 0.20476190476190476 0.002142857142857143 0.007619047619047619
1 0.5021428571428571 0.20523809523809525 0.002857142857142857 0.006666666666666666
1 0.5078571428571429 0.22238095238095237 0.004285714285714286 0.012380952380952381
1 0.4992857142857143 0.4623809523809524 0.007142857142857143 0.012380952380952381
1 0.5871428571428572 0.47904761904761906 0.007142857142857143 0.013333333333333332
