3 0.2617857142857143 0.9771573604060912 0.03214285714285714 0.04060913705583756
3 0.4725 0.7772842639593908 0.025 0.08756345177664974
3 0.5242857142857142 0.7043147208121827 0.02857142857142857 0.08629441624365482
3 0.3425 0.6560913705583756 0.025 0.06852791878172589
3 0.30142857142857143 0.6871827411167513 0.024285714285714285 0.06725888324873096
3 0.3889285714285714 0.41243654822335024 0.017857142857142856 0.050761421319796954
4 0.42964285714285716 0.3635786802030457 0.017857142857142856 0.06725888324873096
3 0.36464285714285716 0.37182741116751267 0.017857142857142856 0.050761421319796954
4 0.3325 0.41370558375634514 0.020714285714285713 0.055837563451776644
3 0.3625 0.2696700507614213 0.017857142857142856 0.03934010152284264
3 0.35035714285714287 0.19670050761421318 0.017857142857142856 0.032994923857868015
4 0.3967857142857143 0.22588832487309643 0.016428571428571428 0.03807106598984771
3 0.3742857142857143 0.17322335025380708 0.014285714285714285 0.031725888324873094
3 0.39964285714285713 0.13895939086294415 0.015 0.029187817258883246
3 0.48214285714285715 0.18591370558375633 0.015714285714285715 0.04187817258883248
4 0.4739285714285714 0.08692893401015228 0.015 0.03934010152284264
4 0.3796428571428571 0.04187817258883248 0.012142857142857143 0.025380710659898477
8 0.3575 0.07106598984771573 0.023571428571428573 0.07106598984771573
3 0.4 0.06091370558375634 0.012857142857142857 0.03045685279187817
8 0.7596428571428572 0.3236040609137056 0.07928571428571428 0.07106598984771573
8 0.7025 0.1148477157360406 0.04928571428571429 0.08756345177664974
8 0.9646428571428571 0.48350253807106597 0.06928571428571428 0.06852791878172589
8 0.9710714285714286 0.4295685279187817 0.056428571428571425 0.049492385786802026
8 0.9514285714285714 0.3965736040609137 0.08714285714285715 0.05710659898477157
8 0.9342857142857143 0.35977157360406087 0.08285714285714285 0.052030456852791875
8 0.9342857142857143 0.315989847715736 0.07714285714285714 0.06091370558375634
8 0.8521428571428571 0.315989847715736 0.07 0.06852791878172589
8 0.8542857142857143 0.23921319796954313 0.07142857142857142 0.052030456852791875
8 0.895 0.2112944162436548 0.07714285714285714 0.05964467005076142
8 0.8717857142857143 0.19035532994923857 0.07642857142857143 0.05837563451776649
8 0.8867857142857143 0.16370558375634517 0.07357142857142857 0.050761421319796954
8 0.8696428571428572 0.1364213197969543 0.062142857142857146 0.049492385786802026
8 0.8603571428571428 0.11738578680203045 0.07214285714285715 0.06725888324873096
3 0.5521428571428572 0.03236040609137056 0.02 0.026649746192893398
4 0.6414285714285715 0.021573604060913704 0.022857142857142857 0.03045685279187817
4 0.5789285714285715 0.0069796954314720805 0.017857142857142856 0.013959390862944161
3 0.87 0.028553299492385786 0.017142857142857144 0.031725888324873094
