9 0.1725 0.9619289340101522 0.045 0.07360406091370558
9 0.16 0.9416243654822334 0.047142857142857146 0.06598984771573603
9 0.1475 0.9251269035532994 0.045 0.07106598984771573
9 0.12535714285714286 0.7626903553299492 0.035 0.050761421319796954
9 0.16535714285714287 0.699238578680203 0.035 0.048223350253807105
1 0.07 0.6097715736040609 0.02857142857142857 0.03426395939086294
0 0.23714285714285716 0.5983502538071066 0.015714285714285715 0.03680203045685279
0 0.245 0.7715736040609137 0.01 0.025380710659898477
0 0.26035714285714284 0.9371827411167512 0.013571428571428571 0.04187817258883248
0 0.27035714285714285 0.7138324873096447 0.009285714285714286 0.026649746192893398
3 0.21035714285714285 0.15418781725888323 0.05357142857142857 0.07233502538071065
0 0.1475 0.41370558375634514 0.012142857142857143 0.03807106598984771
0 0.37035714285714283 0.4879441624365482 0.010714285714285714 0.03426395939086294
0 0.37214285714285716 0.4809644670050761 0.014285714285714285 0.035532994923857864
0 0.3942857142857143 0.5291878172588832 0.01 0.03045685279187817
0 0.4175 0.5101522842639593 0.010714285714285714 0.032994923857868015
0 0.2725 0.12436548223350252 0.010714285714285714 0.035532994923857864
0 0.47285714285714286 0.3642131979695431 0.01 0.04060913705583756
0 0.4967857142857143 0.3908629441624365 0.007857142857142858 0.032994923857868015
3 0.8289285714285715 0.1916243654822335 0.04642857142857143 0.07614213197969542
8 0.9392857142857143 0.6313451776649746 0.07714285714285714 0.18654822335025378
