0 0.32535714285714284 0.13769035532994922 0.0064285714285714285 0.024111675126903553
0 0.29928571428571427 0.2798223350253807 0.007142857142857143 0.03426395939086294
0 0.3092857142857143 0.28045685279187815 0.005714285714285714 0.027918781725888322
0 0.3092857142857143 0.3128172588832487 0.005714285714285714 0.026649746192893398
0 0.31214285714285717 0.2975888324873096 0.005714285714285714 0.024111675126903553
0 0.28714285714285714 0.35342639593908626 0.007142857142857143 0.029187817258883246
0 0.2839285714285714 0.36675126903553296 0.0064285714285714285 0.02030456852791878
0 0.3025 0.3705583756345177 0.005 0.02030456852791878
0 0.2914285714285714 0.3813451776649746 0.005714285714285714 0.024111675126903553
0 0.2842857142857143 0.38515228426395937 0.005714285714285714 0.021573604060913704
0 0.2842857142857143 0.40164974619289334 0.007142857142857143 0.024111675126903553
0 0.29 0.40609137055837563 0.007142857142857143 0.02030456852791878
0 0.28285714285714286 0.41941624365482233 0.005714285714285714 0.026649746192893398
0 0.27964285714285714 0.43337563451776645 0.007857142857142858 0.021573604060913704
0 0.27214285714285713 0.43527918781725883 0.007142857142857143 0.02030456852791878
0 0.27214285714285713 0.45368020304568524 0.007142857142857143 0.024111675126903553
8 0.32535714285714284 0.3661167512690355 0.06785714285714285 0.22208121827411165
0 0.1742857142857143 0.9041878172588832 0.014285714285714285 0.029187817258883246
0 0.16178571428571428 0.9041878172588832 0.012142857142857143 0.026649746192893398
8 0.3875 0.5291878172588832 0.039285714285714285 0.149746192893401
3 0.415 0.07423857868020305 0.017142857142857144 0.04695431472081218
3 0.6046428571428571 0.17258883248730963 0.02214285714285714 0.06345177664974619
0 0.6775 0.055837563451776644 0.005 0.025380710659898477
0 0.6689285714285714 0.053299492385786795 0.005 0.025380710659898477
0 0.6728571428571428 0.04505076142131979 0.004285714285714286 0.021573604060913704
0 0.7167857142857142 0.07931472081218273 0.005 0.024111675126903553
0 0.695 0.14784263959390861 0.007142857142857143 0.029187817258883246
0 0.7425 0.17322335025380708 0.005 0.026649746192893398
0 0.7489285714285714 0.17068527918781726 0.005 0.026649746192893398
0 0.735 0.40862944162436543 0.007142857142857143 0.025380710659898477
0 0.7475 0.4378172588832487 0.005 0.025380710659898477
0 0.7375 0.4308375634517766 0.005 0.021573604060913704
8 0.7125 0.44670050761421315 0.03785714285714286 0.13197969543147206
0 0.8653571428571428 0.9898477157360406 0.007857142857142858 0.017766497461928932
0 0.7839285714285714 0.36738578680203043 0.0064285714285714285 0.029187817258883246
0 0.7889285714285714 0.3178934010152284 0.005 0.021573604060913704
0 0.7764285714285715 0.3280456852791878 0.005714285714285714 0.021573604060913704
0 0.7817857142857143 0.32170050761421315 0.0064285714285714285 0.026649746192893398
0 0.7664285714285715 0.20875634517766495 0.005714285714285714 0.024111675126903553
0 0.815 0.141497461928934 0.007142857142857143 0.024111675126903553
0 0.8246428571428571 0.14276649746192893 0.005 0.021573604060913704
0 0.8292857142857143 0.15228426395939085 0.005714285714285714 0.027918781725888322
