3 0.7464285714285714 0.48238095238095235 0.018571428571428572 0.03333333333333333
3 0.7589285714285714 0.5519047619047619 0.019285714285714285 0.039047619047619046
0 0.08964285714285715 0.23904761904761904 0.002142857142857143 0.011428571428571429
3 0.2596428571428571 0.3171428571428571 0.03785714285714286 0.03238095238095238
0 0.2689285714285714 0.25523809523809526 0.005 0.015238095238095238
0 0.5225 0.5795238095238096 0.005 0.02
3 0.5096428571428572 0.31952380952380954 0.025 0.014285714285714285
3 0.6289285714285714 0.011904761904761904 0.005 0.006666666666666666
3 0.6225 0.05238095238095238 0.005 0.007619047619047619
3 0.6275 0.019523809523809523 0.005 0.004761904761904762
3 0.6125 0.009523809523809525 0.005 0.005714285714285714
3 0.6203571428571428 0.07238095238095238 0.005 0.007619047619047619
3 0.6196428571428572 0.08 0.005 0.007619047619047619
3 0.6196428571428572 0.08761904761904762 0.005 0.007619047619047619
3 0.6321428571428571 0.05952380952380952 0.004285714285714286 0.004761904761904762
0 0.6296428571428572 0.06761904761904762 0.002142857142857143 0.007619047619047619
0 0.6164285714285714 0.12 0.0014285714285714286 0.009523809523809525
3 0.6121428571428571 0.1419047619047619 0.01 0.017142857142857144
9 0.5696428571428571 0.16714285714285715 0.005 0.004761904761904762
9 0.6014285714285714 0.2571428571428571 0.004285714285714286 0.013333333333333332
9 0.57 0.5895238095238096 0.005714285714285714 0.024761904761904763
3 0.6771428571428572 0.4595238095238095 0.015714285714285715 0.029523809523809525
3 0.6978571428571428 0.44952380952380955 0.017142857142857144 0.03428571428571429
3 0.6689285714285714 0.39666666666666667 0.016428571428571428 0.02761904761904762
3 0.6475 0.3538095238095238 0.02214285714285714 0.021904761904761906
3 0.6842857142857143 0.2895238095238095 0.017142857142857144 0.022857142857142857
3 0.6642857142857143 0.2571428571428571 0.011428571428571429 0.01904761904761905
3 0.6603571428571429 0.2276190476190476 0.010714285714285714 0.015238095238095238
3 0.6596428571428572 0.20904761904761904 0.009285714285714286 0.014285714285714285
3 0.6596428571428572 0.19238095238095237 0.009285714285714286 0.013333333333333332
3 0.6596428571428572 0.17714285714285713 0.009285714285714286 0.015238095238095238
3 0.72 0.19428571428571428 0.01 0.015238095238095238
3 0.6696428571428571 0.10904761904761905 0.007857142857142858 0.008571428571428572
3 0.6742857142857143 0.09428571428571429 0.007142857142857143 0.009523809523809525
3 0.6642857142857143 0.06952380952380953 0.005714285714285714 0.007619047619047619
3 0.6628571428571428 0.05904761904761905 0.005714285714285714 0.007619047619047619
3 0.6525 0.014761904761904763 0.005 0.004761904761904762
3 0.6646428571428571 0.016666666666666666 0.005 0.006666666666666666
3 0.6689285714285714 0.024761904761904763 0.0035714285714285713 0.007619047619047619
3 0.6625 0.041428571428571426 0.005 0.006666666666666666
4 0.6692857142857143 0.03380952380952381 0.004285714285714286 0.008571428571428572
3 0.6625 0.029523809523809525 0.005 0.007619047619047619
3 0.6525 0.024761904761904763 0.005 0.007619047619047619
3 0.6471428571428571 0.019523809523809523 0.004285714285714286 0.004761904761904762
3 0.6942857142857143 0.06666666666666667 0.002857142857142857 0.007619047619047619
9 0.69 0.06666666666666667 0.0014285714285714286 0.005714285714285714
9 0.6871428571428572 0.06666666666666667 0.002857142857142857 0.007619047619047619
9 0.6921428571428572 0.09714285714285714 0.002857142857142857 0.007619047619047619
9 0.7 0.12476190476190477 0.002857142857142857 0.007619047619047619
3 0.7071428571428572 0.015238095238095238 0.007142857142857143 0.007619047619047619
9 0.6839285714285714 0.014285714285714285 0.002142857142857143 0.0038095238095238095
3 0.7 0.09238095238095238 0.005714285714285714 0.007619047619047619
3 0.7596428571428572 0.33666666666666667 0.035 0.025714285714285714
9 0.7375 0.3495238095238095 0.016428571428571428 0.017142857142857144
0 0.7889285714285714 0.32 0.0035714285714285713 0.011428571428571429
3 0.7967857142857143 0.2319047619047619 0.013571428571428571 0.02
3 0.8078571428571428 0.2571428571428571 0.014285714285714285 0.015238095238095238
3 0.7517857142857143 0.1819047619047619 0.017857142857142856 0.011428571428571429
3 0.7328571428571429 0.2038095238095238 0.007142857142857143 0.011428571428571429
3 0.7528571428571429 0.23 0.008571428571428572 0.018095238095238095
0 0.7628571428571429 0.19952380952380952 0.002857142857142857 0.006666666666666666
3 0.7146428571428571 0.03761904761904762 0.005 0.006666666666666666
0 0.825 0.39380952380952383 0.007142857142857143 0.029523809523809525
3 0.8739285714285714 0.34714285714285714 0.03785714285714286 0.02
3 0.8996428571428572 0.5095238095238095 0.04928571428571429 0.07047619047619047
0 0.8225 0.4523809523809524 0.005 0.02095238095238095
0 0.8103571428571429 0.4552380952380952 0.005 0.017142857142857144
3 0.8642857142857143 0.33666666666666667 0.047142857142857146 0.02
3 0.9003571428571429 0.3352380952380952 0.02642857142857143 0.01904761904761905
3 0.8953571428571429 0.3295238095238095 0.025 0.017142857142857144
3 0.8614285714285714 0.32666666666666666 0.03571428571428571 0.01904761904761905
3 0.9442857142857143 0.30428571428571427 0.022857142857142857 0.02
3 0.9196428571428571 0.34714285714285714 0.03214285714285714 0.018095238095238095
1 0.6821428571428572 0.024285714285714285 0.002857142857142857 0.002857142857142857
1 0.6921428571428572 0.09476190476190476 0.002857142857142857 0.004761904761904762
1 0.7 0.12238095238095238 0.0014285714285714286 0.004761904761904762
1 0.6017857142857143 0.2542857142857143 0.0035714285714285713 0.007619047619047619
1 0.7353571428571428 0.34523809523809523 0.0064285714285714285 0.010476190476190476
1 0.5714285714285714 0.5847619047619048 0.004285714285714286 0.015238095238095238
