3 0.6267857142857143 0.16523809523809524 0.005 0.006666666666666666
3 0.6639285714285714 0.1442857142857143 0.005 0.004761904761904762
5 0.6625 0.13428571428571429 0.0064285714285714285 0.015238095238095238
5 0.6878571428571428 0.2138095238095238 0.015714285714285715 0.03333333333333333
5 0.62 0.2695238095238095 0.011428571428571429 0.01904761904761905
5 0.5914285714285714 0.2719047619047619 0.014285714285714285 0.029523809523809525
8 0.5746428571428571 0.3919047619047619 0.02214285714285714 0.06952380952380953
8 0.5575 0.30666666666666664 0.0064285714285714285 0.015238095238095238
3 0.5592857142857143 0.3719047619047619 0.012857142857142857 0.023809523809523808
3 0.6439285714285714 0.3495238095238095 0.012142857142857143 0.017142857142857144
3 0.605 0.23714285714285716 0.008571428571428572 0.009523809523809525
3 0.5664285714285714 0.2523809523809524 0.008571428571428572 0.015238095238095238
3 0.5964285714285714 0.25523809523809526 0.01 0.013333333333333332
9 0.6125 0.33714285714285713 0.0035714285714285713 0.005714285714285714
1 0.6121428571428571 0.3319047619047619 0.004285714285714286 0.004761904761904762
0 0.6542857142857142 0.2795238095238095 0.002857142857142857 0.006666666666666666
0 0.6878571428571428 0.2652380952380952 0.002857142857142857 0.010476190476190476
0 0.49214285714285716 0.24428571428571427 0.002857142857142857 0.006666666666666666
6 0.4903571428571429 0.24666666666666667 0.007857142857142858 0.005714285714285714
3 0.5746428571428571 0.5452380952380952 0.02214285714285714 0.04476190476190476
3 0.5521428571428572 0.6695238095238095 0.022857142857142857 0.05714285714285714
0 0.10142857142857142 0.33666666666666667 0.004285714285714286 0.010476190476190476
0 0.0975 0.3547619047619048 0.005 0.010476190476190476
0 0.13464285714285715 0.36666666666666664 0.005 0.011428571428571429
0 0.13964285714285715 0.36904761904761907 0.005 0.008571428571428572
0 0.14464285714285716 0.36523809523809525 0.005 0.012380952380952381
0 0.1525 0.34714285714285714 0.0035714285714285713 0.012380952380952381
0 0.15214285714285714 0.3223809523809524 0.002857142857142857 0.010476190476190476
0 0.16 0.30714285714285716 0.002857142857142857 0.010476190476190476
0 0.11928571428571429 0.3219047619047619 0.004285714285714286 0.009523809523809525
0 0.11678571428571428 0.3376190476190476 0.005 0.010476190476190476
0 0.10392857142857143 0.3638095238095238 0.0035714285714285713 0.011428571428571429
0 0.10714285714285714 0.3342857142857143 0.002857142857142857 0.009523809523809525
0 0.10678571428571429 0.3442857142857143 0.005 0.004761904761904762
0 0.1 0.3419047619047619 0.005714285714285714 0.009523809523809525
0 0.0925 0.34 0.005 0.013333333333333332
0 0.09035714285714286 0.36142857142857143 0.005 0.008571428571428572
0 0.07964285714285714 0.35714285714285715 0.002142857142857143 0.009523809523809525
0 0.06035714285714286 0.3523809523809524 0.005 0.015238095238095238
0 0.5075 0.5519047619047619 0.007857142857142858 0.02
