3 0.2867857142857143 0.3102791878172589 0.047857142857142855 0.04187817258883248
3 0.7096428571428571 0.21954314720812182 0.052142857142857144 0.04314720812182741
3 0.5921428571428572 0.6281725888324873 0.04 0.06598984771573603
3 0.5321428571428571 0.4631979695431472 0.05285714285714286 0.035532994923857864
3 0.7214285714285714 0.5520304568527918 0.05142857142857143 0.048223350253807105
4 0.6739285714285714 0.8013959390862944 0.029285714285714286 0.10279187817258882
4 0.47035714285714286 0.508248730964467 0.05071428571428571 0.03934010152284264
4 0.06928571428571428 0.32677664974619286 0.05 0.03934010152284264
4 0.36964285714285716 0.25253807106598986 0.052142857142857144 0.04060913705583756
3 0.02 0.26078680203045684 0.04 0.03426395939086294
5 0.025357142857142856 0.21065989847715735 0.052142857142857144 0.06598984771573603
3 0.4928571428571429 0.07550761421319796 0.037142857142857144 0.03680203045685279
8 0.7178571428571429 0.4885786802030456 0.14142857142857143 0.08629441624365482
8 0.9503571428571429 0.49302030456852786 0.09785714285714285 0.09263959390862943
3 0.6525 0.4593908629441624 0.035 0.032994923857868015
3 0.7921428571428571 0.46510152284263956 0.037142857142857144 0.03426395939086294
3 0.8775 0.4612944162436548 0.04214285714285714 0.03426395939086294
0 0.335 0.6535532994923857 0.007142857142857143 0.02030456852791878
0 0.325 0.6662436548223349 0.01 0.025380710659898477
0 0.48142857142857143 0.633248730964467 0.007142857142857143 0.02284263959390863
0 0.485 0.7728426395939085 0.007142857142857143 0.02284263959390863
0 0.4853571428571429 0.7442893401015228 0.007857142857142858 0.013959390862944161
0 0.48714285714285716 0.7201776649746192 0.01 0.021573604060913704
0 0.41214285714285714 0.6148477157360406 0.007142857142857143 0.021573604060913704
0 0.037142857142857144 0.08883248730964466 0.01 0.025380710659898477
0 0.06535714285714286 0.174492385786802 0.009285714285714286 0.024111675126903553
