0 0.38392857142857145 0.6173857868020304 0.010714285714285714 0.026649746192893398
0 0.41 0.6256345177664974 0.012857142857142857 0.02284263959390863
0 0.43464285714285716 0.6351522842639593 0.012142857142857143 0.024111675126903553
0 0.3989285714285714 0.7544416243654821 0.016428571428571428 0.016497461928934008
0 0.6946428571428571 0.6643401015228426 0.012142857142857143 0.026649746192893398
0 0.7646428571428572 0.6573604060913705 0.017857142857142856 0.02284263959390863
0 0.5996428571428571 0.583756345177665 0.012142857142857143 0.025380710659898477
0 0.655 0.5862944162436547 0.012857142857142857 0.025380710659898477
0 0.5221428571428571 0.5228426395939086 0.01 0.032994923857868015
0 0.5246428571428572 0.2569796954314721 0.015 0.031725888324873094
0 0.5871428571428572 0.19289340101522842 0.012857142857142857 0.027918781725888322
0 0.3967857142857143 0.17195431472081216 0.010714285714285714 0.031725888324873094
