9 0.5028571428571429 0.6852791878172588 0.015714285714285715 0.04568527918781726
3 0.45714285714285713 0.9073604060913705 0.027142857142857142 0.09390862944162436
3 0.2575 0.949238578680203 0.035 0.09898477157360405
3 0.36142857142857143 0.7810913705583755 0.03428571428571429 0.09263959390862943
5 0.4692857142857143 0.5913705583756345 0.032857142857142856 0.13197969543147206
3 0.32285714285714284 0.5501269035532994 0.027142857142857142 0.06472081218274112
4 0.4496428571428571 0.4422588832487309 0.02214285714285714 0.06979695431472081
3 0.5142857142857142 0.4175126903553299 0.02 0.05837563451776649
3 0.385 0.3756345177664974 0.022857142857142857 0.048223350253807105
3 0.47035714285714286 0.2112944162436548 0.019285714285714285 0.04695431472081218
3 0.42964285714285716 0.21256345177664973 0.019285714285714285 0.04441624365482233
3 0.375 0.23984771573604058 0.022857142857142857 0.04568527918781726
5 0.4092857142857143 0.15355329949238578 0.02857142857142857 0.08883248730964466
3 0.48214285714285715 0.09010152284263959 0.015714285714285715 0.03807106598984771
3 0.45714285714285713 0.03934010152284264 0.015714285714285715 0.035532994923857864
3 0.42642857142857143 0.07360406091370558 0.015714285714285715 0.032994923857868015
3 0.40464285714285714 0.06408629441624365 0.017857142857142856 0.03426395939086294
3 0.15142857142857144 0.3902284263959391 0.027142857142857142 0.04187817258883248
3 0.014285714285714285 0.7036802030456852 0.02857142857142857 0.05456852791878172
3 0.215 0.21763959390862941 0.022857142857142857 0.04695431472081218
5 0.235 0.15609137055837563 0.03142857142857143 0.08375634517766496
5 0.25642857142857145 0.09581218274111675 0.03142857142857143 0.0748730964467005
5 0.29214285714285715 0.046319796954314714 0.037142857142857144 0.08248730964467005
0 0.18964285714285714 0.24555837563451774 0.005 0.019035532994923856
0 0.16428571428571428 0.30837563451776645 0.011428571428571429 0.02284263959390863
0 0.7889285714285714 0.8642131979695431 0.007857142857142858 0.025380710659898477
0 0.7475 0.7950507614213197 0.015 0.029187817258883246
0 0.6521428571428571 0.8769035532994923 0.024285714285714285 0.02030456852791878
0 0.6921428571428572 0.7214467005076142 0.01 0.016497461928934008
1 0.6217857142857143 0.7011421319796953 0.017857142857142856 0.011421319796954314
0 0.6421428571428571 0.6180203045685279 0.007142857142857143 0.015228426395939085
1 0.6603571428571429 0.5666243654822335 0.010714285714285714 0.016497461928934008
0 0.6264285714285714 0.5596446700507614 0.01 0.02030456852791878
0 0.615 0.5412436548223349 0.007142857142857143 0.021573604060913704
0 0.7121428571428572 0.5418781725888324 0.007142857142857143 0.02284263959390863
0 0.7246428571428571 0.5019035532994923 0.007857142857142858 0.013959390862944161
0 0.6703571428571429 0.44670050761421315 0.005 0.017766497461928932
1 0.6653571428571429 0.45748730964467 0.007857142857142858 0.011421319796954314
0 0.6467857142857143 0.4175126903553299 0.0064285714285714285 0.02030456852791878
0 0.6742857142857143 0.424492385786802 0.005714285714285714 0.013959390862944161
0 0.5971428571428572 0.4359137055837563 0.01 0.016497461928934008
0 0.5592857142857143 0.46510152284263956 0.007142857142857143 0.021573604060913704
0 0.59 0.4010152284263959 0.007142857142857143 0.02284263959390863
0 0.5796428571428571 0.40862944162436543 0.007857142857142858 0.02284263959390863
1 0.6096428571428572 0.3413705583756345 0.007857142857142858 0.012690355329949238
0 0.5842857142857143 0.3623096446700507 0.007142857142857143 0.011421319796954314
0 0.5725 0.3280456852791878 0.009285714285714286 0.019035532994923856
0 0.5614285714285714 0.28870558375634514 0.007142857142857143 0.019035532994923856
0 0.5539285714285714 0.2614213197969543 0.0064285714285714285 0.02030456852791878
0 0.6664285714285715 0.32550761421319796 0.005714285714285714 0.021573604060913704
0 0.6753571428571429 0.2798223350253807 0.007857142857142858 0.021573604060913704
0 0.6146428571428572 0.27411167512690354 0.005 0.015228426395939085
0 0.5821428571428572 0.266497461928934 0.01 0.02030456852791878
0 0.5667857142857143 0.24175126903553298 0.0064285714285714285 0.016497461928934008
0 0.5596428571428571 0.2347715736040609 0.005 0.015228426395939085
0 0.5521428571428572 0.20368020304568527 0.007142857142857143 0.016497461928934008
0 0.5675 0.20748730964467005 0.005 0.021573604060913704
0 0.5892857142857143 0.2309644670050761 0.008571428571428572 0.02030456852791878
0 0.6021428571428571 0.2296954314720812 0.01 0.025380710659898477
0 0.6696428571428571 0.22842639593908629 0.005 0.015228426395939085
0 0.6925 0.23984771573604058 0.0064285714285714285 0.025380710659898477
0 0.6989285714285715 0.22208121827411165 0.005 0.017766497461928932
0 0.685 0.20304568527918782 0.004285714285714286 0.015228426395939085
0 0.6753571428571429 0.15609137055837563 0.0035714285714285713 0.017766497461928932
0 0.62 0.16687817258883247 0.01 0.011421319796954314
0 0.6246428571428572 0.14276649746192893 0.005 0.016497461928934008
0 0.6303571428571428 0.12690355329949238 0.0064285714285714285 0.012690355329949238
0 0.6192857142857143 0.12944162436548223 0.007142857142857143 0.02030456852791878
0 0.6892857142857143 0.11421319796954314 0.007142857142857143 0.02030456852791878
0 0.66 0.10088832487309644 0.005714285714285714 0.016497461928934008
0 0.6825 0.06345177664974619 0.0064285714285714285 0.02030456852791878
0 0.6667857142857143 0.027918781725888322 0.0064285714285714285 0.02030456852791878
0 0.6546428571428572 0.053299492385786795 0.005 0.012690355329949238
0 0.575 0.038705583756345176 0.007142857142857143 0.016497461928934008
0 0.6353571428571428 0.6256345177664974 0.010714285714285714 0.015228426395939085
0 0.7492857142857143 0.5939086294416244 0.005714285714285714 0.02030456852791878
0 0.7142857142857143 0.5412436548223349 0.007142857142857143 0.019035532994923856
1 0.6275 0.35850253807106597 0.007857142857142858 0.011421319796954314
1 0.6203571428571428 0.35342639593908626 0.0035714285714285713 0.011421319796954314
1 0.6142857142857143 0.3648477157360406 0.007142857142857143 0.016497461928934008
0 0.6803571428571429 0.3312182741116751 0.0064285714285714285 0.015228426395939085
0 0.6192857142857143 0.2563451776649746 0.005714285714285714 0.02284263959390863
0 0.6342857142857142 0.2614213197969543 0.005714285714285714 0.015228426395939085
0 0.6292857142857143 0.24936548223350252 0.007142857142857143 0.013959390862944161
0 0.6225 0.2442893401015228 0.005 0.013959390862944161
0 0.6817857142857143 0.20431472081218272 0.005 0.02030456852791878
0 0.6746428571428571 0.21002538071065988 0.005 0.019035532994923856
0 0.6725 0.15736040609137056 0.005 0.02030456852791878
0 0.58 0.03616751269035533 0.005714285714285714 0.016497461928934008
0 0.6567857142857143 0.09898477157360405 0.0035714285714285713 0.015228426395939085
1 0.6196428571428572 0.6928934010152283 0.017857142857142856 0.015228426395939085
