3 0.6525 0.8533333333333333 0.14357142857142857 0.2914285714285714
4 0.9653571428571428 0.4838095238095238 0.06785714285714285 0.14666666666666667
0 0.8425 0.33904761904761904 0.025 0.07047619047619047
0 0.8614285714285714 0.4666666666666667 0.03142857142857143 0.08
3 0.3628571428571429 0.6466666666666666 0.16285714285714287 0.24
3 0.4639285714285714 0.4523809523809524 0.11071428571428571 0.15047619047619049
3 0.5346428571428572 0.33714285714285713 0.08214285714285714 0.10285714285714286
3 0.5803571428571429 0.2619047619047619 0.05785714285714286 0.07809523809523809
3 0.6775 0.3252380952380952 0.065 0.10380952380952381
3 0.6071428571428571 0.1976190476190476 0.06 0.07333333333333333
3 0.7171428571428572 0.17142857142857143 0.04 0.06285714285714286
3 0.77 0.17238095238095238 0.04285714285714286 0.06857142857142857
3 0.6271428571428571 0.14666666666666667 0.04428571428571428 0.05523809523809524
4 0.6614285714285715 0.06714285714285714 0.03142857142857143 0.05238095238095238
3 0.7328571428571429 0.11904761904761904 0.037142857142857144 0.05523809523809524
3 0.8971428571428571 0.2619047619047619 0.05714285714285714 0.08571428571428572
3 0.8925 0.20238095238095238 0.055 0.06761904761904762
3 0.8771428571428571 0.15428571428571428 0.047142857142857146 0.049523809523809526
3 0.8675 0.12238095238095238 0.045 0.05238095238095238
3 0.775 0.12523809523809523 0.041428571428571426 0.054285714285714284
3 0.78 0.09380952380952381 0.03857142857142857 0.039047619047619046
3 0.7346428571428572 0.08666666666666667 0.03214285714285714 0.03428571428571429
3 0.7396428571428572 0.062380952380952384 0.027857142857142858 0.035238095238095235
3 0.7475 0.04666666666666667 0.029285714285714286 0.0380952380952381
3 0.8589285714285714 0.08952380952380952 0.039285714285714285 0.045714285714285714
3 0.8546428571428571 0.05476190476190476 0.035 0.04285714285714286
3 0.8425 0.029523809523809525 0.03214285714285714 0.03428571428571429
3 0.7425 0.015238095238095238 0.025 0.030476190476190476
3 0.7721428571428571 0.01 0.027142857142857142 0.02
3 0.9696428571428571 0.6466666666666666 0.05928571428571429 0.18476190476190477
