3 0.5546428571428571 0.449238578680203 0.025 0.048223350253807105
3 0.5896428571428571 0.25507614213197966 0.02214285714285714 0.04568527918781726
3 0.48464285714285715 0.3661167512690355 0.02214285714285714 0.03680203045685279
3 0.4592857142857143 0.515228426395939 0.027142857142857142 0.04314720812182741
3 0.6546428571428572 0.08185279187817258 0.017857142857142856 0.031725888324873094
3 0.6096428571428572 0.17195431472081216 0.02214285714285714 0.03426395939086294
3 0.7317857142857143 0.03489847715736041 0.017857142857142856 0.03680203045685279
3 0.6167857142857143 0.28045685279187815 0.025 0.04568527918781726
3 0.815 0.10723350253807105 0.02 0.04187817258883248
3 0.8575 0.005710659898477157 0.015 0.011421319796954314
8 0.48428571428571426 0.5266497461928934 0.06428571428571428 0.13959390862944163
8 0.2125 0.19987309644670048 0.04357142857142857 0.10786802030456852
4 0.6903571428571429 0.12563451776649745 0.019285714285714285 0.04060913705583756
4 0.7567857142857143 0.026015228426395937 0.02214285714285714 0.04441624365482233
4 0.46464285714285714 0.12753807106598983 0.027857142857142858 0.03426395939086294
4 0.4592857142857143 0.09327411167512689 0.027142857142857142 0.029187817258883246
0 0.12392857142857143 0.43845177664974616 0.005 0.013959390862944161
3 0.3075 0.7918781725888324 0.02642857142857143 0.048223350253807105
4 0.4117857142857143 0.748730964467005 0.035 0.07106598984771573
0 0.18428571428571427 0.6256345177664974 0.007142857142857143 0.01015228426395939
0 0.785 0.3756345177664974 0.005714285714285714 0.017766497461928932
9 0.5864285714285714 0.6586294416243654 0.011428571428571429 0.027918781725888322
1 0.5853571428571429 0.6535532994923857 0.005 0.012690355329949238
5 0.4546428571428571 0.07614213197969542 0.045 0.03045685279187817
