3 0.735 0.08476190476190476 0.04 0.05714285714285714
3 0.8617857142857143 0.4819047619047619 0.06785714285714285 0.10476190476190476
3 0.9675 0.4795238095238095 0.06357142857142857 0.1
5 0.48464285714285715 0.36 0.039285714285714285 0.11238095238095239
5 0.1125 0.6766666666666666 0.10928571428571429 0.06761904761904762
5 0.12714285714285714 0.6042857142857143 0.10285714285714286 0.06571428571428571
5 0.14964285714285713 0.5295238095238095 0.10785714285714286 0.07428571428571429
4 0.20642857142857143 0.8047619047619048 0.055714285714285716 0.12
4 0.2667857142857143 0.7447619047619047 0.04928571428571429 0.16
9 0.5371428571428571 0.2119047619047619 0.012857142857142857 0.02761904761904762
1 0.5375 0.2 0.009285714285714286 0.02095238095238095
0 0.5192857142857142 0.3952380952380952 0.01 0.030476190476190476
5 0.47 0.22380952380952382 0.05 0.12380952380952381
3 0.3389285714285714 0.18428571428571427 0.08071428571428571 0.04476190476190476
3 0.3425 0.30523809523809525 0.09357142857142857 0.035238095238095235
3 0.3364285714285714 0.26761904761904765 0.07571428571428572 0.045714285714285714
3 0.3414285714285714 0.3523809523809524 0.09142857142857143 0.04380952380952381
0 0.19678571428571429 0.15142857142857144 0.012142857142857143 0.0380952380952381
2 0.20464285714285715 0.259047619047619 0.03214285714285714 0.015238095238095238
2 0.19964285714285715 0.28476190476190477 0.027857142857142858 0.024761904761904763
0 0.9846428571428572 0.3395238095238095 0.02214285714285714 0.03333333333333333
