3 0.1417857142857143 0.8138095238095238 0.06785714285714285 0.15333333333333332
8 0.17964285714285713 0.9476190476190476 0.07071428571428572 0.10285714285714286
3 0.11464285714285714 0.007619047619047619 0.035 0.017142857142857144
3 0.016785714285714286 0.36904761904761907 0.03357142857142857 0.08095238095238096
3 0.21214285714285713 0.007619047619047619 0.022857142857142857 0.015238095238095238
3 0.11464285714285714 0.027142857142857142 0.03785714285714286 0.02
3 0.07892857142857143 0.19 0.04214285714285714 0.05619047619047619
3 0.03 0.30238095238095236 0.047142857142857146 0.06761904761904762
3 0.19642857142857142 0.4238095238095238 0.03428571428571429 0.06476190476190476
8 0.18392857142857144 0.6490476190476191 0.08785714285714286 0.16666666666666666
3 0.22464285714285714 0.07666666666666666 0.027857142857142858 0.03333333333333333
3 0.21214285714285713 0.024761904761904763 0.022857142857142857 0.022857142857142857
5 0.12428571428571429 0.07238095238095238 0.027142857142857142 0.03238095238095238
3 0.09714285714285714 0.13714285714285715 0.032857142857142856 0.047619047619047616
3 0.05928571428571429 0.23666666666666666 0.03428571428571429 0.05619047619047619
0 0.24428571428571427 0.06761904761904762 0.007142857142857143 0.02857142857142857
0 0.3171428571428571 0.07142857142857142 0.007142857142857143 0.024761904761904763
0 0.32035714285714284 0.12904761904761905 0.0064285714285714285 0.02761904761904762
0 0.2525 0.06952380952380953 0.005 0.024761904761904763
0 0.2392857142857143 0.7647619047619048 0.022857142857142857 0.05333333333333333
0 0.2375 0.6919047619047619 0.015 0.04285714285714286
0 0.5296428571428572 0.8866666666666667 0.009285714285714286 0.04
0 0.3875 0.009523809523809525 0.005 0.013333333333333332
0 0.3889285714285714 0.025238095238095237 0.005 0.018095238095238095
0 0.3921428571428571 0.04428571428571428 0.007142857142857143 0.02
0 0.3967857142857143 0.07952380952380952 0.0064285714285714285 0.02761904761904762
0 0.3917857142857143 0.08 0.0035714285714285713 0.01904761904761905
0 0.3846428571428571 0.1219047619047619 0.005 0.015238095238095238
0 0.41 0.1376190476190476 0.005714285714285714 0.025714285714285714
0 0.4546428571428571 0.3171428571428571 0.007857142857142858 0.030476190476190476
0 0.4375 0.34523809523809523 0.007857142857142858 0.037142857142857144
0 0.47285714285714286 0.30952380952380953 0.004285714285714286 0.01904761904761905
0 0.46464285714285714 0.2966666666666667 0.007857142857142858 0.02761904761904762
0 0.48214285714285715 0.49142857142857144 0.007142857142857143 0.02857142857142857
0 0.47035714285714286 0.4142857142857143 0.009285714285714286 0.030476190476190476
0 0.48 0.43761904761904763 0.008571428571428572 0.04285714285714286
0 0.4689285714285714 0.43238095238095237 0.010714285714285714 0.047619047619047616
0 0.4875 0.7447619047619047 0.007857142857142858 0.04
0 0.5789285714285715 0.9595238095238096 0.013571428571428571 0.039047619047619046
0 0.47785714285714287 0.3314285714285714 0.005714285714285714 0.024761904761904763
8 0.49464285714285716 0.017142857142857144 0.015 0.024761904761904763
8 0.5567857142857143 0.9723809523809523 0.012142857142857143 0.047619047619047616
8 0.5425 0.9342857142857143 0.015 0.049523809523809526
