3 0.7176409185803757 0.8863636363636364 0.039665970772442584 0.09554730983302412
3 0.6260438413361169 0.8599257884972171 0.03496868475991649 0.09461966604823747
3 0.5180062630480167 0.8093692022263451 0.028705636743215027 0.10296846011131726
3 0.5140918580375783 0.7128942486085343 0.022964509394572022 0.08441558441558442
7 0.48799582463465546 0.550556586270872 0.031315240083507306 0.03803339517625232
3 0.4712943632567849 0.45686456400742115 0.027139874739039664 0.05473098330241188
3 0.5704592901878914 0.49443413729128016 0.020876826722338204 0.061224489795918366
8 0.4911273486430062 0.24025974025974026 0.024008350730688934 0.0927643784786642
3 0.539144050104384 0.20037105751391465 0.015657620041753653 0.04081632653061225
3 0.55741127348643 0.15862708719851576 0.026096033402922752 0.022263450834879406
3 0.46059498956158657 0.0663265306122449 0.016179540709812108 0.021335807050092765
4 0.5002609603340292 0.01948051948051948 0.010960334029227557 0.03153988868274583
