9 0.48 0.8147619047619048 0.024285714285714285 0.01619047619047619
4 0.3317857142857143 0.8252380952380952 0.195 0.16095238095238096
4 0.9425 0.75 0.075 0.06
4 0.6046428571428571 0.6976190476190476 0.05785714285714286 0.037142857142857144
3 0.705 0.6971428571428572 0.06285714285714286 0.0419047619047619
3 0.8453571428571428 0.6971428571428572 0.052142857142857144 0.0419047619047619
3 0.9596428571428571 0.6647619047619048 0.052142857142857144 0.049523809523809526
5 0.7592857142857142 0.7823809523809524 0.25285714285714284 0.08476190476190476
9 0.6446428571428572 0.6171428571428571 0.025 0.015238095238095238
1 0.6464285714285715 0.6147619047619047 0.007142857142857143 0.018095238095238095
4 0.9860714285714286 0.22904761904761906 0.02642857142857143 0.025714285714285714
4 0.6764285714285714 0.35523809523809524 0.032857142857142856 0.02095238095238095
3 0.7696428571428572 0.29523809523809524 0.027857142857142858 0.024761904761904763
3 0.7842857142857143 0.2947619047619048 0.022857142857142857 0.02
3 0.8328571428571429 0.24428571428571427 0.027142857142857142 0.02
3 0.8642857142857143 0.2695238095238095 0.024285714285714285 0.02095238095238095
3 0.8489285714285715 0.3638095238095238 0.030714285714285715 0.03238095238095238
3 0.7928571428571428 0.3842857142857143 0.03142857142857143 0.035238095238095235
3 0.8071428571428572 0.38 0.03 0.03428571428571429
3 0.8353571428571429 0.3719047619047619 0.035 0.035238095238095235
3 0.8953571428571429 0.26 0.029285714285714286 0.024761904761904763
3 0.8875 0.26476190476190475 0.025 0.02095238095238095
3 0.8517857142857143 0.2742857142857143 0.03214285714285714 0.02095238095238095
3 0.83 0.28 0.03 0.022857142857142857
3 0.7789285714285714 0.3923809523809524 0.035 0.03619047619047619
4 0.6442857142857142 0.3142857142857143 0.027142857142857142 0.03238095238095238
4 0.6067857142857143 0.2842857142857143 0.030714285714285715 0.02
4 0.5475 0.22380952380952382 0.017857142857142856 0.030476190476190476
3 0.555 0.2752380952380952 0.012857142857142857 0.022857142857142857
3 0.5978571428571429 0.36428571428571427 0.018571428571428572 0.02761904761904762
7 0.865 0.23666666666666666 0.015714285714285715 0.012380952380952381
9 0.6621428571428571 0.32904761904761903 0.01 0.014285714285714285
9 0.6496428571428572 0.3466666666666667 0.012142857142857143 0.015238095238095238
9 0.5489285714285714 0.38761904761904764 0.007857142857142858 0.01904761904761905
2 0.5289285714285714 0.2719047619047619 0.0035714285714285713 0.012380952380952381
1 0.5492857142857143 0.3842857142857143 0.007142857142857143 0.012380952380952381
1 0.5289285714285714 0.26761904761904765 0.0035714285714285713 0.009523809523809525
0 0.5871428571428572 0.3223809523809524 0.002857142857142857 0.012380952380952381
9 0.6717857142857143 0.3252380952380952 0.012142857142857143 0.014285714285714285
3 0.5764285714285714 0.2523809523809524 0.011428571428571429 0.02095238095238095
9 0.5542857142857143 0.20142857142857143 0.007142857142857143 0.008571428571428572
9 0.48642857142857143 0.25952380952380955 0.008571428571428572 0.012380952380952381
9 0.5092857142857142 0.22238095238095237 0.01 0.012380952380952381
9 0.495 0.2338095238095238 0.01 0.010476190476190476
0 0.5375 0.20476190476190476 0.0035714285714285713 0.009523809523809525
1 0.5542857142857143 0.1976190476190476 0.004285714285714286 0.010476190476190476
1 0.5803571428571429 0.2795238095238095 0.002142857142857143 0.012380952380952381
0 0.6696428571428571 0.05761904761904762 0.002142857142857143 0.006666666666666666
3 0.5728571428571428 0.4742857142857143 0.011428571428571429 0.01904761904761905
3 0.4 0.30714285714285716 0.011428571428571429 0.012380952380952381
3 0.36642857142857144 0.3476190476190476 0.005714285714285714 0.013333333333333332
3 0.3796428571428571 0.3223809523809524 0.005 0.012380952380952381
3 0.38 0.30904761904761907 0.01 0.012380952380952381
1 0.5728571428571428 0.4638095238095238 0.007142857142857143 0.013333333333333332
1 0.38035714285714284 0.30523809523809525 0.005 0.012380952380952381
1 0.365 0.34714285714285714 0.004285714285714286 0.010476190476190476
3 0.4139285714285714 0.4595238095238095 0.04214285714285714 0.021904761904761906
3 0.30642857142857144 0.43952380952380954 0.03428571428571429 0.040952380952380955
3 0.4514285714285714 0.2876190476190476 0.024285714285714285 0.022857142857142857
0 0.4625 0.2642857142857143 0.005 0.012380952380952381
1 0.46714285714285714 0.2619047619047619 0.007142857142857143 0.009523809523809525
0 0.2667857142857143 0.4276190476190476 0.007857142857142858 0.015238095238095238
3 0.3575 0.37142857142857144 0.029285714285714286 0.03238095238095238
3 0.2775 0.40904761904761905 0.04214285714285714 0.02761904761904762
7 0.3796428571428571 0.3919047619047619 0.015 0.023809523809523808
0 0.37714285714285717 0.4 0.005714285714285714 0.015238095238095238
9 0.30892857142857144 0.38666666666666666 0.0064285714285714285 0.015238095238095238
4 0.3914285714285714 0.36 0.024285714285714285 0.03238095238095238
1 0.3028571428571429 0.3442857142857143 0.004285714285714286 0.012380952380952381
9 0.34535714285714286 0.2742857142857143 0.009285714285714286 0.009523809523809525
9 0.3492857142857143 0.2714285714285714 0.01 0.011428571428571429
9 0.30714285714285716 0.31666666666666665 0.022857142857142857 0.012380952380952381
9 0.3375 0.2947619047619048 0.015 0.004761904761904762
9 0.34035714285714286 0.31476190476190474 0.010714285714285714 0.014285714285714285
9 0.3717857142857143 0.28476190476190477 0.012142857142857143 0.011428571428571429
9 0.3846428571428571 0.2742857142857143 0.012142857142857143 0.009523809523809525
9 0.3821428571428571 0.27714285714285714 0.01 0.007619047619047619
9 0.36642857142857144 0.3295238095238095 0.011428571428571429 0.013333333333333332
9 0.4275 0.26476190476190475 0.010714285714285714 0.007619047619047619
9 0.42964285714285716 0.24666666666666667 0.007857142857142858 0.007619047619047619
9 0.42214285714285715 0.23 0.01 0.012380952380952381
9 0.43964285714285717 0.24 0.012142857142857143 0.013333333333333332
9 0.3896428571428571 0.2866666666666667 0.007857142857142858 0.011428571428571429
9 0.39535714285714285 0.2842857142857143 0.010714285714285714 0.008571428571428572
9 0.41285714285714287 0.27 0.012857142857142857 0.010476190476190476
9 0.375 0.2795238095238095 0.01 0.010476190476190476
9 0.3578571428571429 0.3376190476190476 0.01 0.010476190476190476
9 0.34714285714285714 0.3466666666666667 0.012857142857142857 0.015238095238095238
9 0.3525 0.3414285714285714 0.007857142857142858 0.012380952380952381
9 0.355 0.3047619047619048 0.008571428571428572 0.009523809523809525
9 0.3492857142857143 0.3076190476190476 0.011428571428571429 0.013333333333333332
9 0.3325 0.3219047619047619 0.015 0.009523809523809525
9 0.3364285714285714 0.33 0.012857142857142857 0.010476190476190476
0 0.3192857142857143 0.27476190476190476 0.005714285714285714 0.012380952380952381
0 0.3264285714285714 0.27714285714285714 0.004285714285714286 0.015238095238095238
0 0.3292857142857143 0.27476190476190476 0.007142857142857143 0.014285714285714285
0 0.2425 0.34714285714285714 0.007857142857142858 0.014285714285714285
0 0.24428571428571427 0.3314285714285714 0.005714285714285714 0.015238095238095238
9 0.31 0.31 0.018571428571428572 0.01619047619047619
9 0.3196428571428571 0.3019047619047619 0.015 0.013333333333333332
9 0.3267857142857143 0.29428571428571426 0.016428571428571428 0.015238095238095238
7 0.34035714285714286 0.3638095238095238 0.02214285714285714 0.024761904761904763
9 0.3375 0.3519047619047619 0.012142857142857143 0.012380952380952381
0 0.3242857142857143 0.37238095238095237 0.004285714285714286 0.015238095238095238
0 0.22678571428571428 0.42142857142857143 0.009285714285714286 0.02
3 0.2367857142857143 0.3914285714285714 0.029285714285714286 0.022857142857142857
0 0.19214285714285714 0.4642857142857143 0.005714285714285714 0.012380952380952381
0 0.026785714285714284 0.4642857142857143 0.012142857142857143 0.01619047619047619
3 0.1225 0.4471428571428571 0.039285714285714285 0.03142857142857143
3 0.14214285714285715 0.49238095238095236 0.022857142857142857 0.04
3 0.1125 0.5019047619047619 0.02642857142857143 0.04
3 0.08535714285714285 0.5542857142857143 0.025 0.047619047619047616
3 0.024642857142857143 0.53 0.030714285714285715 0.04476190476190476
3 0.055 0.5647619047619048 0.03 0.05904761904761905
3 0.021785714285714287 0.579047619047619 0.03214285714285714 0.049523809523809526
3 0.08464285714285714 0.5114285714285715 0.02214285714285714 0.04380952380952381
3 0.05714285714285714 0.5195238095238095 0.025714285714285714 0.039047619047619046
3 0.12428571428571429 0.5423809523809524 0.041428571428571426 0.05238095238095238
