0 0.465 0.012380952380952381 0.01 0.026666666666666665
3 0.6192857142857143 0.01904761904761905 0.025714285714285714 0.0380952380952381
4 0.39285714285714285 0.06666666666666667 0.06 0.045714285714285714
3 0.4992857142857143 0.06666666666666667 0.024285714285714285 0.05714285714285714
0 0.455 0.13476190476190475 0.007142857142857143 0.02
0 0.4467857142857143 0.13476190476190475 0.007857142857142858 0.02761904761904762
3 0.3875 0.14142857142857143 0.062142857142857146 0.039047619047619046
3 0.385 0.21666666666666667 0.06 0.040952380952380955
3 0.3875 0.2919047619047619 0.05785714285714286 0.037142857142857144
3 0.6275 0.25761904761904764 0.029285714285714286 0.07714285714285714
9 0.5925 0.46190476190476193 0.010714285714285714 0.03238095238095238
3 0.6339285714285714 0.4195238095238095 0.03214285714285714 0.08285714285714285
3 0.6375 0.5219047619047619 0.035 0.08952380952380952
3 0.49785714285714283 0.5238095238095238 0.02857142857142857 0.08761904761904762
3 0.6367857142857143 0.6371428571428571 0.027857142857142858 0.09142857142857143
3 0.49392857142857144 0.6323809523809524 0.03214285714285714 0.0838095238095238
5 0.6375 0.7614285714285715 0.039285714285714285 0.11904761904761904
3 0.6096428571428572 0.8838095238095238 0.027857142857142858 0.10285714285714286
0 0.4575 0.7142857142857143 0.007857142857142858 0.017142857142857144
3 0.4925 0.9095238095238095 0.027857142857142858 0.10666666666666666
3 0.6471428571428571 0.9642857142857143 0.03428571428571429 0.06952380952380953
3 0.3517857142857143 0.8947619047619048 0.07642857142857143 0.04476190476190476
9 0.34714285714285714 0.8595238095238095 0.027142857142857142 0.018095238095238095
0 0.34964285714285714 0.8614285714285714 0.012142857142857143 0.01619047619047619
9 0.3628571428571429 0.8371428571428572 0.024285714285714285 0.017142857142857144
3 0.37464285714285717 0.5847619047619048 0.075 0.0419047619047619
0 0.42214285714285715 0.3995238095238095 0.01 0.018095238095238095
4 0.3767857142857143 0.37 0.056428571428571425 0.05047619047619047
