3 0.7378571428571429 0.5523809523809524 0.09857142857142857 0.05714285714285714
3 0.1992857142857143 0.5442857142857143 0.08857142857142856 0.06
3 0.3 0.5214285714285715 0.1 0.06190476190476191
4 0.3296428571428571 0.7152380952380952 0.10214285714285715 0.08571428571428572
3 0.34285714285714286 0.8571428571428571 0.05714285714285714 0.15428571428571428
3 0.5767857142857142 0.6047619047619047 0.09785714285714285 0.08190476190476191
3 0.5646428571428571 0.6971428571428572 0.08785714285714286 0.11047619047619048
3 0.5889285714285715 0.789047619047619 0.08785714285714286 0.12476190476190477
3 0.6178571428571429 0.9119047619047619 0.09571428571428571 0.1380952380952381
3 0.5717857142857142 0.47714285714285715 0.07928571428571428 0.07238095238095238
3 0.5425 0.4423809523809524 0.08357142857142857 0.07523809523809524
3 0.3442857142857143 0.43952380952380954 0.04 0.1
3 0.3425 0.3495238095238095 0.03357142857142857 0.07428571428571429
3 0.5289285714285714 0.3442857142857143 0.07214285714285715 0.06
3 0.345 0.2671428571428571 0.03857142857142857 0.058095238095238096
3 0.34464285714285714 0.20523809523809525 0.03214285714285714 0.05047619047619047
3 0.34464285714285714 0.14952380952380953 0.03214285714285714 0.05714285714285714
3 0.30142857142857143 0.12238095238095238 0.03142857142857143 0.058095238095238096
3 0.8871428571428571 0.5295238095238095 0.11 0.06666666666666667
3 0.5139285714285714 0.30904761904761907 0.06785714285714285 0.05238095238095238
3 0.345 0.05476190476190476 0.047142857142857146 0.04857142857142857
3 0.47714285714285715 0.02238095238095238 0.04285714285714286 0.02761904761904762
3 0.48178571428571426 0.04428571428571428 0.052142857142857144 0.02761904761904762
3 0.48464285714285715 0.0719047619047619 0.05785714285714286 0.037142857142857144
3 0.48464285714285715 0.10476190476190476 0.060714285714285714 0.03238095238095238
4 0.4925 0.13380952380952382 0.065 0.05619047619047619
3 0.5021428571428571 0.17714285714285713 0.07 0.04
3 0.5089285714285714 0.20714285714285716 0.07214285714285715 0.035238095238095235
3 0.5089285714285714 0.23476190476190475 0.065 0.037142857142857144
3 0.5146428571428572 0.2671428571428571 0.07071428571428572 0.04476190476190476
