5 0.26142857142857145 0.5368020304568527 0.07142857142857142 0.10406091370558375
3 0.06035714285714286 0.05456852791878172 0.03642857142857143 0.055837563451776644
3 0.195 0.09263959390862943 0.03857142857142857 0.050761421319796954
8 0.17964285714285713 0.029187817258883246 0.060714285714285714 0.05837563451776649
3 0.43464285714285716 0.3496192893401015 0.045 0.05964467005076142
3 0.2975 0.24936548223350252 0.045 0.05964467005076142
3 0.34785714285714286 0.357233502538071 0.047142857142857146 0.05964467005076142
3 0.6521428571428571 0.5793147208121827 0.05285714285714286 0.06979695431472081
3 0.5796428571428571 0.5653553299492385 0.039285714285714285 0.06218274111675126
3 0.37392857142857144 0.7423857868020304 0.045 0.06852791878172589
3 0.7771428571428571 0.765228426395939 0.047142857142857146 0.07106598984771573
3 0.7546428571428572 0.6846446700507614 0.047857142857142855 0.05964467005076142
4 0.7971428571428572 0.4758883248730964 0.04428571428571428 0.055837563451776644
3 0.6878571428571428 0.39403553299492383 0.03857142857142857 0.05710659898477157
3 0.49178571428571427 0.15609137055837563 0.05071428571428571 0.04314720812182741
3 0.4253571428571429 0.12309644670050761 0.045 0.053299492385786795
3 0.3464285714285714 0.04314720812182741 0.037142857142857144 0.055837563451776644
3 0.28214285714285714 0.02982233502538071 0.037142857142857144 0.049492385786802026
3 0.5978571428571429 0.1281725888324873 0.03857142857142857 0.055837563451776644
3 0.6446428571428572 0.025380710659898477 0.027857142857142858 0.050761421319796954
8 0.9178571428571428 0.9206852791878172 0.08714285714285715 0.11802030456852791
