2 0.2135 0.9476666666666667 0.043000000000000003 0.10333333333333333
4 0.4035 0.8406666666666667 0.101 0.24666666666666665
3 0.453 0.6086666666666667 0.081 0.16533333333333333
4 0.365 0.014 0.026000000000000002 0.028
4 0.42575 0.04666666666666666 0.0385 0.029333333333333333
8 0.88325 0.8106666666666666 0.2325 0.376
3 0.48875 0.388 0.0485 0.092
3 0.5205 0.24466666666666667 0.035 0.05466666666666666
4 0.6905 0.29866666666666664 0.049 0.09466666666666666
3 0.533 0.17166666666666666 0.03 0.041999999999999996
3 0.5397500000000001 0.13566666666666666 0.0305 0.04733333333333333
3 0.54475 0.11166666666666666 0.025500000000000002 0.03266666666666666
3 0.551 0.07266666666666667 0.023 0.030666666666666665
3 0.55425 0.05366666666666667 0.021500000000000002 0.024666666666666667
3 0.556 0.03866666666666667 0.02 0.022666666666666665
3 0.5595 0.026666666666666665 0.019 0.025333333333333333
3 0.56 0.012666666666666666 0.017 0.02
3 0.5635 0.006666666666666666 0.017 0.013333333333333332
5 0.61175 0.16166666666666665 0.0265 0.049999999999999996
3 0.64875 0.09466666666666666 0.025500000000000002 0.034666666666666665
3 0.6595 0.049666666666666665 0.023 0.03266666666666666
3 0.63475 0.008 0.0175 0.016
1 0.596 0.016 0.006 0.02
9 0.59575 0.018666666666666665 0.006500000000000001 0.016
3 0.96125 0.2776666666666667 0.0605 0.05266666666666667
3 0.811 0.177 0.032 0.041999999999999996
3 0.9825 0.20266666666666666 0.034 0.050666666666666665
3 0.9695 0.17866666666666667 0.056 0.042666666666666665
3 0.95525 0.15366666666666667 0.051500000000000004 0.03666666666666667
4 0.9205 0.12266666666666666 0.04 0.04
4 0.90125 0.10366666666666666 0.0335 0.035333333333333335
4 0.971 0.07566666666666666 0.048 0.03
3 0.9722500000000001 0.08466666666666667 0.0475 0.028
4 0.97675 0.09366666666666666 0.0455 0.033999999999999996
3 0.98575 0.10466666666666666 0.0275 0.03333333333333333
0 0.872 0.08566666666666667 0.011 0.03
0 0.86825 0.08366666666666667 0.0095 0.028666666666666667
0 0.8625 0.08466666666666667 0.011 0.030666666666666665
0 0.8602500000000001 0.08266666666666667 0.0125 0.029333333333333333
3 0.87125 0.08 0.0275 0.032
3 0.9852500000000001 0.013666666666666666 0.0285 0.02333333333333333
3 0.75125 0.030666666666666665 0.0235 0.026666666666666665
1 0.77625 0.005666666666666666 0.006500000000000001 0.011333333333333332
2 0.775 0.006666666666666666 0.006 0.014666666666666666
3 0.80075 0.008666666666666666 0.025500000000000002 0.017333333333333333
3 0.8115 0.017666666666666667 0.023 0.020666666666666667
3 0.8250000000000001 0.03166666666666666 0.027 0.02333333333333333
1 0.8240000000000001 0.03766666666666667 0.008 0.019333333333333334
2 0.8235 0.043666666666666666 0.01 0.014
0 0.83225 0.01 0.006500000000000001 0.02
0 0.8425 0.014666666666666666 0.006 0.021333333333333333
0 0.8512500000000001 0.023666666666666666 0.006500000000000001 0.022
0 0.857 0.022666666666666665 0.007 0.022666666666666665
