4 0.67 0.8045685279187816 0.05714285714285714 0.13197969543147206
4 0.6403571428571428 0.6744923857868019 0.04642857142857143 0.11802030456852791
4 0.5917857142857142 0.4955583756345177 0.039285714285714285 0.08502538071065989
4 0.7103571428571429 0.9397208121827411 0.05785714285714286 0.11802030456852791
3 0.6153571428571428 0.5862944162436547 0.04357142857142857 0.08629441624365482
4 0.5746428571428571 0.42195431472081213 0.03214285714285714 0.08248730964467005
4 0.5517857142857143 0.357233502538071 0.030714285714285715 0.07233502538071065
4 0.5346428571428572 0.29441624365482233 0.025 0.06091370558375634
4 0.5225 0.24936548223350252 0.025 0.06979695431472081
4 0.5089285714285714 0.20748730964467005 0.020714285714285713 0.05710659898477157
3 0.45 0.0748730964467005 0.02142857142857143 0.035532994923857864
3 0.4925 0.23730964467005075 0.02214285714285714 0.050761421319796954
0 0.4975 0.8680203045685279 0.012142857142857143 0.032994923857868015
0 0.49642857142857144 0.9663705583756345 0.015714285714285715 0.03934010152284264
0 0.6246428571428572 0.473984771573604 0.007857142857142858 0.03680203045685279
0 0.6125 0.4708121827411167 0.007857142857142858 0.027918781725888322
0 0.5342857142857143 0.15862944162436546 0.004285714285714286 0.025380710659898477
0 0.5303571428571429 0.15862944162436546 0.005 0.03045685279187817
0 0.5396428571428571 0.13071065989847716 0.005 0.025380710659898477
3 0.5003571428571428 0.1763959390862944 0.015 0.035532994923857864
4 0.43642857142857144 0.012690355329949238 0.014285714285714285 0.027918781725888322
0 0.3896428571428571 0.08629441624365482 0.005 0.02030456852791878
0 0.47714285714285715 0.053299492385786795 0.01 0.02284263959390863
3 0.465 0.06091370558375634 0.017142857142857144 0.03045685279187817
