8 0.6267857142857143 0.013324873096446699 0.015 0.026649746192893398
5 0.5571428571428572 0.07170050761421319 0.012857142857142857 0.026649746192893398
8 0.42714285714285716 0.37182741116751267 0.05714285714285714 0.027918781725888322
8 0.40035714285714286 0.20875634517766495 0.025 0.026649746192893398
3 0.41964285714285715 0.2017766497461929 0.010714285714285714 0.015228426395939085
3 0.47535714285714287 0.5190355329949238 0.013571428571428571 0.04060913705583756
3 0.4253571428571429 0.5107868020304568 0.016428571428571428 0.03680203045685279
3 0.395 0.5520304568527918 0.014285714285714285 0.03045685279187817
1 0.3821428571428571 0.4676395939086294 0.004285714285714286 0.008883248730964466
9 0.38142857142857145 0.4708121827411167 0.011428571428571429 0.012690355329949238
3 0.36964285714285716 0.6878172588832486 0.017857142857142856 0.050761421319796954
0 0.3289285714285714 0.7861675126903552 0.005 0.013959390862944161
0 0.3271428571428571 0.8045685279187816 0.002857142857142857 0.015228426395939085
0 0.3246428571428571 0.824238578680203 0.005 0.016497461928934008
0 0.3221428571428571 0.8502538071065989 0.005714285714285714 0.02284263959390863
0 0.3196428571428571 0.8692893401015228 0.005 0.017766497461928932
0 0.31464285714285717 0.8864213197969543 0.005 0.016497461928934008
0 0.31285714285714283 0.9022842639593908 0.004285714285714286 0.015228426395939085
3 0.48464285714285715 0.7366751269035532 0.012142857142857143 0.04441624365482233
