3 0.2767857142857143 0.8140862944162436 0.04071428571428572 0.09263959390862943
3 0.5046428571428572 0.6941624365482233 0.029285714285714286 0.07868020304568528
3 0.6396428571428572 0.7861675126903552 0.03214285714285714 0.10532994923857868
3 0.5728571428571428 0.4048223350253807 0.024285714285714285 0.06091370558375634
3 0.6092857142857143 0.3356598984771573 0.025714285714285714 0.06725888324873096
3 0.5389285714285714 0.016497461928934008 0.015 0.02284263959390863
3 0.5742857142857143 0.21383248730964466 0.018571428571428572 0.04187817258883248
4 0.605 0.19923857868020303 0.017142857142857144 0.053299492385786795
4 0.5271428571428571 0.19670050761421318 0.02 0.04568527918781726
4 0.5625 0.014593908629441623 0.017857142857142856 0.029187817258883246
9 0.6096428571428572 0.07994923857868019 0.007857142857142858 0.02284263959390863
3 0.4717857142857143 0.1878172588832487 0.019285714285714285 0.03045685279187817
