3 0.030357142857142857 0.014285714285714285 0.039285714285714285 0.024761904761904763
3 0.0825 0.014285714285714285 0.04071428571428572 0.024761904761904763
3 0.0125 0.04428571428571428 0.025 0.025714285714285714
3 0.145 0.004761904761904762 0.04285714285714286 0.011428571428571429
1 0.19964285714285715 0.037142857142857144 0.007857142857142858 0.015238095238095238
1 0.2675 0.08 0.0064285714285714285 0.015238095238095238
1 0.26785714285714285 0.0719047619047619 0.005714285714285714 0.012380952380952381
1 0.18392857142857144 0.30666666666666664 0.0064285714285714285 0.013333333333333332
1 0.18392857142857144 0.2995238095238095 0.007857142857142858 0.010476190476190476
1 0.21464285714285714 0.25476190476190474 0.009285714285714286 0.012380952380952381
1 0.2775 0.2542857142857143 0.007857142857142858 0.015238095238095238
1 0.16 0.3566666666666667 0.01 0.012380952380952381
1 0.13535714285714287 0.44476190476190475 0.009285714285714286 0.013333333333333332
1 0.06642857142857143 0.6347619047619047 0.01 0.02
0 0.16714285714285715 0.709047619047619 0.01 0.018095238095238095
0 0.18642857142857142 0.6995238095238095 0.01 0.018095238095238095
0 0.18785714285714286 0.6842857142857143 0.014285714285714285 0.02
0 0.21142857142857144 0.6742857142857143 0.011428571428571429 0.017142857142857144
9 0.0675 0.6376190476190476 0.015 0.029523809523809525
9 0.13714285714285715 0.44952380952380955 0.01 0.026666666666666665
9 0.18464285714285714 0.30714285714285716 0.010714285714285714 0.025714285714285714
9 0.21535714285714286 0.25761904761904764 0.010714285714285714 0.023809523809523808
9 0.2792857142857143 0.25952380952380955 0.01 0.02761904761904762
9 0.46785714285714286 0.19523809523809524 0.018571428571428572 0.017142857142857144
9 0.49714285714285716 0.20238095238095238 0.012857142857142857 0.023809523809523808
9 0.5167857142857143 0.20476190476190476 0.007857142857142858 0.02095238095238095
9 0.5271428571428571 0.20666666666666667 0.01 0.022857142857142857
9 0.42714285714285716 0.16714285714285715 0.017142857142857144 0.012380952380952381
9 0.42142857142857143 0.11190476190476191 0.008571428571428572 0.02761904761904762
9 0.40714285714285714 0.10142857142857142 0.017142857142857144 0.014285714285714285
9 0.4 0.07238095238095238 0.017142857142857144 0.013333333333333332
9 0.3925 0.011904761904761904 0.016428571428571428 0.014285714285714285
9 0.2692857142857143 0.0838095238095238 0.008571428571428572 0.024761904761904763
9 0.20035714285714284 0.039523809523809524 0.016428571428571428 0.014285714285714285
3 0.3675 0.03428571428571429 0.02214285714285714 0.03619047619047619
3 0.305 0.06714285714285714 0.02 0.037142857142857144
4 0.1925 0.07952380952380952 0.035 0.035238095238095235
3 0.40535714285714286 0.20904761904761904 0.03785714285714286 0.039047619047619046
3 0.41892857142857143 0.22666666666666666 0.03785714285714286 0.04
3 0.4967857142857143 0.24666666666666667 0.02214285714285714 0.04
3 0.4421428571428571 0.23952380952380953 0.03571428571428571 0.05047619047619047
4 0.47464285714285714 0.2423809523809524 0.017857142857142856 0.04285714285714286
4 0.5321428571428571 0.2542857142857143 0.017142857142857144 0.04
9 0.3653571428571429 0.40190476190476193 0.016428571428571428 0.03238095238095238
3 0.0275 0.19666666666666666 0.03357142857142857 0.04476190476190476
7 0.08428571428571428 0.1742857142857143 0.03857142857142857 0.024761904761904763
7 0.08678571428571429 0.19 0.03642857142857143 0.035238095238095235
7 0.09714285714285714 0.20952380952380953 0.04 0.03238095238095238
7 0.10785714285714286 0.23142857142857143 0.04 0.03619047619047619
7 0.10714285714285714 0.24761904761904763 0.04285714285714286 0.04
7 0.11285714285714285 0.26666666666666666 0.037142857142857144 0.0419047619047619
0 0.05142857142857143 0.2671428571428571 0.01 0.021904761904761906
1 0.12214285714285714 0.2642857142857143 0.01 0.012380952380952381
7 0.135 0.3038095238095238 0.041428571428571426 0.0419047619047619
5 0.21714285714285714 0.3595238095238095 0.037142857142857144 0.06571428571428571
3 0.10714285714285714 0.40476190476190477 0.037142857142857144 0.06285714285714286
7 0.09535714285714286 0.49142857142857144 0.02214285714285714 0.04
7 0.08142857142857143 0.5542857142857143 0.03857142857142857 0.05904761904761905
7 0.07964285714285714 0.4623809523809524 0.027857142857142858 0.04857142857142857
3 0.04428571428571428 0.5642857142857143 0.041428571428571426 0.07142857142857142
3 0.195 0.8971428571428571 0.047142857142857146 0.10095238095238095
3 0.22464285714285714 0.7866666666666666 0.04214285714285714 0.09333333333333334
3 0.2475 0.6842857142857143 0.04214285714285714 0.07714285714285714
3 0.2621428571428571 0.5395238095238095 0.037142857142857144 0.06952380952380953
3 0.47964285714285715 0.5414285714285715 0.052142857142857144 0.04476190476190476
0 0.5646428571428571 0.6347619047619047 0.009285714285714286 0.012380952380952381
9 0.6796428571428571 0.6623809523809524 0.009285714285714286 0.029523809523809525
9 0.55 0.65 0.027142857142857142 0.025714285714285714
9 0.5428571428571428 0.6423809523809524 0.022857142857142857 0.02761904761904762
9 0.5371428571428571 0.6319047619047619 0.02 0.02761904761904762
3 0.7414285714285714 0.7795238095238095 0.05857142857142857 0.08476190476190476
3 0.6478571428571429 0.8795238095238095 0.05285714285714286 0.05238095238095238
