0 0.3075 0.25444162436548223 0.010714285714285714 0.026649746192893398
0 0.32 0.2506345177664974 0.011428571428571429 0.031725888324873094
0 0.3053571428571429 0.27411167512690354 0.009285714285714286 0.02030456852791878
0 0.30178571428571427 0.26776649746192893 0.007857142857142858 0.02284263959390863
0 0.3375 0.5088832487309645 0.010714285714285714 0.02030456852791878
0 0.5025 0.7442893401015228 0.007857142857142858 0.021573604060913704
0 0.4714285714285714 0.708756345177665 0.008571428571428572 0.016497461928934008
0 0.5167857142857143 0.7220812182741116 0.010714285714285714 0.017766497461928932
0 0.5614285714285714 0.6852791878172588 0.012857142857142857 0.02284263959390863
0 0.48964285714285716 0.6871827411167513 0.007857142857142858 0.019035532994923856
0 0.4742857142857143 0.6465736040609137 0.007142857142857143 0.024111675126903553
0 0.4639285714285714 0.6205583756345178 0.007857142857142858 0.015228426395939085
0 0.4496428571428571 0.6808375634517766 0.009285714285714286 0.021573604060913704
0 0.5275 0.6649746192893401 0.010714285714285714 0.015228426395939085
0 0.5114285714285715 0.6535532994923857 0.01 0.02284263959390863
0 0.43964285714285717 0.6478426395939085 0.007857142857142858 0.021573604060913704
0 0.37535714285714283 0.4892131979695431 0.010714285714285714 0.021573604060913704
0 0.3871428571428571 0.5228426395939086 0.01 0.02030456852791878
0 0.4025 0.5482233502538071 0.007857142857142858 0.02030456852791878
0 0.41214285714285714 0.58248730964467 0.01 0.02284263959390863
0 0.42928571428571427 0.6180203045685279 0.011428571428571429 0.02030456852791878
0 0.41 0.49175126903553296 0.008571428571428572 0.024111675126903553
0 0.42 0.5215736040609137 0.007142857142857143 0.025380710659898477
0 0.43392857142857144 0.5507614213197969 0.009285714285714286 0.02030456852791878
0 0.4517857142857143 0.5831218274111675 0.009285714285714286 0.024111675126903553
0 0.5046428571428572 0.6072335025380711 0.009285714285714286 0.019035532994923856
0 0.5242857142857142 0.6351522842639593 0.005714285714285714 0.016497461928934008
0 0.48964285714285716 0.581218274111675 0.007857142857142858 0.02030456852791878
0 0.47535714285714287 0.5469543147208121 0.009285714285714286 0.017766497461928932
0 0.40964285714285714 0.41243654822335024 0.009285714285714286 0.03045685279187817
0 0.41892857142857143 0.4302030456852792 0.015 0.035532994923857864
0 0.435 0.4175126903553299 0.008571428571428572 0.02284263959390863
0 0.4421428571428571 0.48350253807106597 0.007142857142857143 0.027918781725888322
0 0.44535714285714284 0.4428934010152284 0.009285714285714286 0.027918781725888322
0 0.4564285714285714 0.47144670050761417 0.007142857142857143 0.021573604060913704
0 0.46 0.515228426395939 0.01 0.02030456852791878
0 0.47035714285714286 0.506979695431472 0.0064285714285714285 0.019035532994923856
0 0.4878571428571429 0.5336294416243654 0.005714285714285714 0.019035532994923856
0 0.49964285714285717 0.5653553299492385 0.005 0.021573604060913704
0 0.5146428571428572 0.5939086294416244 0.007857142857142858 0.02030456852791878
0 0.5317857142857143 0.6205583756345178 0.007857142857142858 0.025380710659898477
0 0.5417857142857143 0.6154822335025381 0.007857142857142858 0.017766497461928932
0 0.5653571428571429 0.6281725888324873 0.009285714285714286 0.02284263959390863
0 0.5867857142857142 0.5996192893401014 0.010714285714285714 0.019035532994923856
0 0.555 0.5970812182741116 0.008571428571428572 0.019035532994923856
0 0.5271428571428571 0.5799492385786802 0.007142857142857143 0.015228426395939085
0 0.6139285714285714 0.5634517766497461 0.009285714285714286 0.02030456852791878
0 0.6253571428571428 0.5450507614213198 0.010714285714285714 0.024111675126903553
0 0.6314285714285715 0.5215736040609137 0.012857142857142857 0.025380710659898477
0 0.4575 0.4295685279187817 0.0064285714285714285 0.029187817258883246
0 0.46714285714285714 0.4543147208121827 0.007142857142857143 0.025380710659898477
0 0.48214285714285715 0.4892131979695431 0.007142857142857143 0.026649746192893398
0 0.49892857142857144 0.5190355329949238 0.007857142857142858 0.02030456852791878
0 0.51 0.549492385786802 0.007142857142857143 0.025380710659898477
0 0.5353571428571429 0.5628172588832487 0.009285714285714286 0.021573604060913704
0 0.5196428571428572 0.5348984771573604 0.007857142857142858 0.024111675126903553
0 0.4667857142857143 0.42005076142131975 0.007857142857142858 0.025380710659898477
0 0.47714285714285715 0.4441624365482233 0.007142857142857143 0.02284263959390863
0 0.49142857142857144 0.47715736040609136 0.008571428571428572 0.02284263959390863
0 0.5067857142857143 0.5044416243654822 0.0064285714285714285 0.019035532994923856
0 0.485 0.4308375634517766 0.005714285714285714 0.021573604060913704
0 0.5614285714285714 0.5850253807106599 0.007142857142857143 0.02030456852791878
0 0.5671428571428572 0.572969543147208 0.007142857142857143 0.019035532994923856
0 0.575 0.5609137055837563 0.008571428571428572 0.02030456852791878
0 0.5846428571428571 0.549492385786802 0.007857142857142858 0.02030456852791878
0 0.5903571428571428 0.5425126903553299 0.009285714285714286 0.019035532994923856
0 0.5975 0.5298223350253807 0.009285714285714286 0.019035532994923856
0 0.6039285714285715 0.5241116751269035 0.010714285714285714 0.02030456852791878
0 0.6096428571428572 0.5139593908629442 0.012142857142857143 0.02284263959390863
0 0.5442857142857143 0.5507614213197969 0.008571428571428572 0.02030456852791878
0 0.5525 0.5425126903553299 0.007857142857142858 0.019035532994923856
0 0.5603571428571429 0.5298223350253807 0.007857142857142858 0.021573604060913704
0 0.5303571428571429 0.5266497461928934 0.007857142857142858 0.02030456852791878
0 0.5378571428571428 0.5114213197969543 0.007142857142857143 0.02284263959390863
0 0.515 0.49302030456852786 0.007142857142857143 0.021573604060913704
0 0.5453571428571429 0.49809644670050757 0.010714285714285714 0.021573604060913704
0 0.5521428571428572 0.4885786802030456 0.007142857142857143 0.02284263959390863
0 0.5603571428571429 0.47842639593908626 0.009285714285714286 0.02284263959390863
0 0.57 0.46637055837563446 0.01 0.021573604060913704
0 0.5775 0.45748730964467 0.007857142857142858 0.019035532994923856
0 0.5846428571428571 0.44670050761421315 0.007857142857142858 0.025380710659898477
0 0.495 0.258248730964467 0.008571428571428572 0.029187817258883246
0 0.48214285714285715 0.2715736040609137 0.01 0.03045685279187817
0 0.49214285714285716 0.2861675126903553 0.007142857142857143 0.026649746192893398
0 0.5028571428571429 0.30583756345177665 0.007142857142857143 0.027918781725888322
0 0.5142857142857142 0.2931472081218274 0.007142857142857143 0.027918781725888322
0 0.5142857142857142 0.3229695431472081 0.007142857142857143 0.026649746192893398
0 0.5296428571428572 0.33502538071065985 0.007857142857142858 0.027918781725888322
0 0.5403571428571429 0.3559644670050761 0.009285714285714286 0.029187817258883246
0 0.47 0.37182741116751267 0.008571428571428572 0.025380710659898477
0 0.485 0.3496192893401015 0.008571428571428572 0.029187817258883246
0 0.4928571428571429 0.34517766497461927 0.007142857142857143 0.027918781725888322
0 0.5192857142857142 0.34708121827411165 0.007142857142857143 0.026649746192893398
0 0.5103571428571428 0.35850253807106597 0.007857142857142858 0.026649746192893398
0 0.5028571428571429 0.3699238578680203 0.007142857142857143 0.026649746192893398
0 0.49392857142857144 0.383248730964467 0.007857142857142858 0.027918781725888322
0 0.48392857142857143 0.40164974619289334 0.0064285714285714285 0.024111675126903553
0 0.4942857142857143 0.42005076142131975 0.005714285714285714 0.02284263959390863
0 0.5046428571428572 0.4035532994923858 0.007857142857142858 0.02030456852791878
0 0.5146428571428572 0.3902284263959391 0.007857142857142858 0.024111675126903553
0 0.5221428571428571 0.38007614213197966 0.007142857142857143 0.026649746192893398
0 0.5314285714285715 0.36738578680203043 0.007142857142857143 0.024111675126903553
0 0.5021428571428571 0.46637055837563446 0.007142857142857143 0.021573604060913704
0 0.5117857142857143 0.45304568527918776 0.007857142857142858 0.02284263959390863
0 0.5189285714285714 0.4428934010152284 0.0064285714285714285 0.02284263959390863
0 0.525 0.43210659898477155 0.007142857142857143 0.021573604060913704
0 0.5242857142857142 0.4809644670050761 0.007142857142857143 0.02030456852791878
0 0.5321428571428571 0.47144670050761417 0.007142857142857143 0.019035532994923856
0 0.5325 0.42005076142131975 0.007857142857142858 0.025380710659898477
0 0.5414285714285715 0.41243654822335024 0.007142857142857143 0.027918781725888322
0 0.5567857142857143 0.3902284263959391 0.007857142857142858 0.026649746192893398
0 0.5696428571428571 0.4175126903553299 0.009285714285714286 0.025380710659898477
0 0.5603571428571429 0.4282994923857868 0.009285714285714286 0.021573604060913704
0 0.5392857142857143 0.45748730964467 0.005714285714285714 0.024111675126903553
0 0.5471428571428572 0.44670050761421315 0.007142857142857143 0.02284263959390863
0 0.5546428571428571 0.4365482233502538 0.010714285714285714 0.025380710659898477
0 0.5692857142857143 0.5177664974619289 0.008571428571428572 0.025380710659898477
0 0.5775 0.506979695431472 0.007857142857142858 0.019035532994923856
0 0.5853571428571429 0.4955583756345177 0.009285714285714286 0.016497461928934008
0 0.5917857142857142 0.4873096446700507 0.007857142857142858 0.02030456852791878
0 0.5978571428571429 0.47969543147208116 0.007142857142857143 0.02284263959390863
