2 0.29749478079331937 0.7898886827458256 0.024008350730688934 0.02319109461966605
0 0.318893528183716 0.6465677179962894 0.0073068893528183704 0.03153988868274583
9 0.35673277661795405 0.641465677179963 0.01826722338204593 0.02319109461966605
9 0.36978079331941544 0.5876623376623377 0.017223382045929016 0.021335807050092765
9 0.3843945720250522 0.5227272727272727 0.007828810020876827 0.021335807050092765
9 0.4055323590814196 0.4967532467532468 0.008350730688935281 0.02504638218923933
2 0.4245824634655532 0.4448051948051948 0.012004175365344467 0.013914656771799629
9 0.43736951983298533 0.4383116883116883 0.012526096033402922 0.013914656771799629
9 0.42901878914405006 0.4267161410018553 0.012526096033402922 0.014842300556586271
9 0.4305845511482254 0.42161410018552875 0.010438413361169102 0.013914656771799629
7 0.4637265135699373 0.4536178107606679 0.014091858037578286 0.03153988868274583
6 0.47155532359081415 0.48283858998144713 0.012004175365344467 0.021335807050092765
3 0.4271920668058455 0.5125231910946196 0.01826722338204593 0.03432282003710575
9 0.4637265135699373 0.49814471243042674 0.007828810020876827 0.016697588126159554
5 0.4454592901878914 0.5788497217068646 0.02139874739039666 0.04452690166975881
3 0.46503131524008345 0.6377551020408163 0.024008350730688934 0.045454545454545456
4 0.49060542797494777 0.5714285714285714 0.025052192066805843 0.055658627087198514
3 0.48669102296450933 0.5162337662337663 0.02139874739039666 0.039888682745825604
3 0.48669102296450933 0.47866419294990725 0.015135699373695197 0.0352504638218924
0 0.5075678496868475 0.4860853432282004 0.0057411273486430055 0.02411873840445269
3 0.49791231732776614 0.42393320964749537 0.014613778705636741 0.027829313543599257
7 0.539144050104384 0.44063079777365494 0.010438413361169102 0.03153988868274583
0 0.5271398747390396 0.6558441558441559 0.009394572025052192 0.0352504638218924
1 0.5060020876826722 0.6307977736549165 0.007828810020876827 0.02411873840445269
2 0.5049582463465553 0.641465677179963 0.007828810020876827 0.0287569573283859
0 0.49034446764091855 0.6600185528756958 0.007828810020876827 0.03246753246753247
0 0.48590814196242166 0.6595547309833024 0.0073068893528183704 0.03339517625231911
0 0.48121085594989554 0.6590909090909091 0.008350730688935281 0.036178107606679034
0 0.4746868475991649 0.6623376623376623 0.007828810020876827 0.027829313543599257
3 0.44232776617954067 0.8181818181818182 0.03183716075156576 0.08905380333951762
7 0.5180062630480167 0.8130797773654916 0.023486430062630476 0.0640074211502783
9 0.4159707724425887 0.924860853432282 0.019832985386221292 0.0575139146567718
0 0.46868475991649267 0.9346011131725418 0.015657620041753653 0.03803339517625232
1 0.5446242171189979 0.8891465677179963 0.009916492693110646 0.03432282003710575
1 0.5454070981210856 0.9522263450834879 0.014613778705636741 0.03432282003710575
6 0.5433194154488518 0.9044526901669759 0.012526096033402922 0.0463821892393321
9 0.5461899791231732 0.9615027829313544 0.010960334029227557 0.04730983302411874
7 0.6072546972860124 0.9517625231910947 0.04018789144050104 0.08348794063079777
7 0.5814196242171189 0.8891465677179963 0.032359081419624215 0.06771799628942486
7 0.5795929018789143 0.8302411873840445 0.019311064718162838 0.061224489795918366
6 0.6049060542797494 0.8348794063079777 0.021920668058455113 0.07792207792207792
9 0.5957724425887264 0.8079777365491652 0.022442588726513567 0.03153988868274583
9 0.6036012526096033 0.888682745825603 0.019311064718162838 0.03896103896103896
9 0.6863256784968684 0.9605751391465678 0.026096033402922752 0.03803339517625232
9 0.6798016701461377 0.9448051948051949 0.03079331941544885 0.03803339517625232
9 0.673277661795407 0.9035250463821892 0.028183716075156573 0.03339517625231911
9 0.6805845511482254 0.8961038961038961 0.028183716075156573 0.03153988868274583
9 0.6727557411273486 0.8812615955473099 0.024008350730688934 0.03339517625231911
9 0.664144050104384 0.799165120593692 0.02766179540709812 0.03246753246753247
0 0.6610125260960333 0.7073283858998145 0.0057411273486430055 0.021335807050092765
9 0.6169102296450939 0.7170686456400742 0.016701461377870562 0.029684601113172542
9 0.6148225469728601 0.7101113172541744 0.019832985386221292 0.021335807050092765
9 0.5947286012526095 0.7040816326530612 0.012004175365344467 0.0352504638218924
0 0.5913361169102296 0.6948051948051949 0.008350730688935281 0.03710575139146568
9 0.5842901878914405 0.6646567717996289 0.020354906054279746 0.0287569573283859
2 0.6276096033402923 0.589517625231911 0.017223382045929016 0.02504638218923933
9 0.6192588726513569 0.5500927643784786 0.016179540709812108 0.022263450834879406
9 0.5819415448851774 0.5556586270871985 0.013569937369519832 0.01855287569573284
9 0.5785490605427974 0.5551948051948052 0.016179540709812108 0.0176252319109462
9 0.5814196242171189 0.5459183673469388 0.014613778705636741 0.0176252319109462
9 0.5751565762004175 0.5324675324675324 0.012526096033402922 0.016697588126159554
7 0.5754175365344467 0.4911873840445269 0.02139874739039666 0.0287569573283859
0 0.6247390396659707 0.511595547309833 0.0073068893528183704 0.02504638218923933
6 0.6093423799582462 0.48747680890538037 0.02139874739039666 0.01948051948051948
6 0.5764613778705636 0.4550092764378479 0.009916492693110646 0.021335807050092765
9 0.5647181628392484 0.43738404452690166 0.010438413361169102 0.0176252319109462
3 0.5534968684759916 0.42161410018552875 0.014091858037578286 0.03432282003710575
7 0.5673277661795406 0.41187384044526903 0.011482254697286011 0.025974025974025976
7 0.563152400835073 0.4049165120593692 0.009394572025052192 0.02504638218923933
9 0.5730688935281837 0.41465677179962895 0.009394572025052192 0.014842300556586271
7 0.5720250521920668 0.4044526901669759 0.010438413361169102 0.022263450834879406
7 0.5686325678496867 0.39285714285714285 0.016179540709812108 0.021335807050092765
6 0.5668058455114822 0.37059369202226344 0.016701461377870562 0.021335807050092765
4 0.5501043841336116 0.36641929499072357 0.011482254697286011 0.029684601113172542
7 0.5514091858037578 0.3432282003710575 0.007828810020876827 0.022263450834879406
0 0.5733298538622129 0.36038961038961037 0.0036534446764091852 0.010204081632653062
6 0.5649791231732776 0.3450834879406308 0.016179540709812108 0.02411873840445269
6 0.5657620041753653 0.3423005565862709 0.014613778705636741 0.025974025974025976
1 0.5490605427974947 0.32560296846011133 0.005219206680584551 0.012987012987012988
3 0.543580375782881 0.32421150278293137 0.013048016701461376 0.0176252319109462
7 0.5514091858037578 0.31539888682745826 0.007828810020876827 0.020408163265306124
0 0.5848121085594989 0.34415584415584416 0.0036534446764091852 0.014842300556586271
0 0.5114822546972859 0.3181818181818182 0.0031315240083507304 0.014842300556586271
2 0.5106993736951982 0.32142857142857145 0.008872651356993735 0.012059369202226345
0 0.5020876826722338 0.30287569573283857 0.0031315240083507304 0.012059369202226345
0 0.4840814196242171 0.3274582560296846 0.004697286012526096 0.016697588126159554
0 0.4775574112734864 0.32792207792207795 0.0031315240083507304 0.008348794063079777
2 0.46842379958246344 0.36966604823747684 0.008872651356993735 0.012059369202226345
4 0.5146137787056367 0.3487940630797774 0.009394572025052192 0.02411873840445269
4 0.5088726513569937 0.35992578849721707 0.010438413361169102 0.027829313543599257
7 0.5031315240083507 0.3678107606679035 0.016701461377870562 0.02319109461966605
3 0.5010438413361169 0.3891465677179963 0.013569937369519832 0.026901669758812616
3 0.5093945720250521 0.29081632653061223 0.009394572025052192 0.0176252319109462
9 0.4637265135699373 0.39935064935064934 0.012004175365344467 0.013914656771799629
7 0.49530271398747383 0.2755102040816327 0.010438413361169102 0.016697588126159554
7 0.540187891440501 0.2977736549165121 0.006263048016701461 0.01855287569573284
0 0.5446242171189979 0.29916512059369205 0.0036534446764091852 0.013914656771799629
9 0.5542797494780792 0.300556586270872 0.0041753653444676405 0.011131725417439703
9 0.5529749478079331 0.2922077922077922 0.004697286012526096 0.0074211502782931356
7 0.5404488517745302 0.29035250463821893 0.006784968684759916 0.020408163265306124
7 0.5386221294363256 0.27968460111317256 0.006263048016701461 0.01948051948051948
7 0.5292275574112735 0.26855287569573283 0.006263048016701461 0.015769944341372914
1 0.5206158663883089 0.2722634508348794 0.0036534446764091852 0.010204081632653062
9 0.5206158663883089 0.2741187384044527 0.0036534446764091852 0.010204081632653062
1 0.5164405010438413 0.27690166975881264 0.0036534446764091852 0.012059369202226345
6 0.5151356993736952 0.2792207792207792 0.008350730688935281 0.012987012987012988
1 0.5553235908141961 0.2912801484230056 0.0041753653444676405 0.00927643784786642
1 0.5558455114822547 0.29035250463821893 0.0041753653444676405 0.011131725417439703
3 0.5701983298538622 0.2820037105751392 0.01826722338204593 0.014842300556586271
0 0.5767223382045928 0.2690166975881262 0.0031315240083507304 0.011131725417439703
5 0.5615866388308977 0.26391465677179965 0.026096033402922752 0.01948051948051948
7 0.5754175365344467 0.25092764378478666 0.020354906054279746 0.015769944341372914
7 0.5527139874739039 0.23562152133580705 0.005219206680584551 0.012987012987012988
6 0.5433194154488518 0.2388682745825603 0.0073068893528183704 0.012059369202226345
9 0.5621085594989561 0.23515769944341372 0.0041753653444676405 0.010204081632653062
5 0.8906576200417535 0.25092764378478666 0.05480167014613778 0.03803339517625232
7 0.7546972860125261 0.2588126159554731 0.013569937369519832 0.012987012987012988
3 0.7442588726513569 0.2430426716141002 0.009394572025052192 0.012987012987012988
3 0.7369519832985385 0.2537105751391466 0.01774530271398747 0.015769944341372914
5 0.8267223382045928 0.24443413729128016 0.030271398747390394 0.01948051948051948
3 0.5281837160751566 0.23794063079777367 0.011482254697286011 0.0176252319109462
4 0.5153966597077244 0.2388682745825603 0.009916492693110646 0.013914656771799629
3 0.5138308977035491 0.22448979591836735 0.009916492693110646 0.011131725417439703
7 0.49321503131524 0.24072356215213359 0.005219206680584551 0.015769944341372914
0 0.4994780793319415 0.22448979591836735 0.0031315240083507304 0.011131725417439703
0 0.5026096033402923 0.22356215213358072 0.0031315240083507304 0.011131725417439703
6 0.5028705636743215 0.21985157699443414 0.004697286012526096 0.012987012987012988
5 0.47599164926931103 0.21150278293135436 0.019832985386221292 0.016697588126159554
4 0.47703549060542794 0.20964749536178107 0.011482254697286011 0.012987012987012988
4 0.47938413361169097 0.20918367346938777 0.009916492693110646 0.012059369202226345
4 0.4809498956158663 0.20640074211502782 0.009916492693110646 0.012059369202226345
1 0.5044363256784968 0.19294990723562153 0.0026096033402922755 0.0055658627087198514
9 0.5044363256784968 0.19387755102040816 0.0026096033402922755 0.0055658627087198514
6 0.5073068893528183 0.19851576994434136 0.005219206680584551 0.011131725417439703
3 0.46059498956158657 0.23515769944341372 0.017223382045929016 0.015769944341372914
8 0.46398747390396655 0.24257884972170687 0.025052192066805843 0.021335807050092765
3 0.512787056367432 0.15445269016697588 0.007828810020876827 0.008348794063079777
7 0.5213987473903966 0.15769944341372913 0.0041753653444676405 0.0074211502782931356
3 0.5161795407098121 0.15398886827458255 0.005219206680584551 0.0055658627087198514
0 0.7014613778705636 0.916048237476809 0.010438413361169102 0.03803339517625232
