5 0.11377870563674321 0.16001855287569575 0.018789144050104383 0.03246753246753247
4 0.10751565762004174 0.18506493506493507 0.015657620041753653 0.0287569573283859
3 0.16075156576200417 0.163265306122449 0.013569937369519832 0.027829313543599257
3 0.2092901878914405 0.28432282003710574 0.006263048016701461 0.0287569573283859
3 0.22207724425887262 0.2820037105751392 0.015135699373695197 0.029684601113172542
3 0.27661795407098116 0.3339517625231911 0.015657620041753653 0.03339517625231911
3 0.2531315240083507 0.3585343228200371 0.032359081419624215 0.026901669758812616
7 0.26565762004175364 0.3654916512059369 0.01774530271398747 0.014842300556586271
3 0.2883611691022964 0.3812615955473098 0.0360125260960334 0.029684601113172542
3 0.3802192066805845 0.4647495361781076 0.02139874739039666 0.05009276437847866
3 0.4872129436325678 0.5190166975881262 0.023486430062630476 0.043599257884972174
3 0.5028705636743215 0.5867346938775511 0.04018789144050104 0.03803339517625232
3 0.5020876826722338 0.6205936920222634 0.050104384133611686 0.04267161410018553
0 0.6116910229645093 0.6549165120593692 0.005219206680584551 0.020408163265306124
3 0.6620563674321502 0.8993506493506493 0.03705636743215031 0.07328385899814471
3 0.49060542797494777 0.021799628942486087 0.01774530271398747 0.013914656771799629
3 0.49451983298538615 0.008348794063079777 0.015135699373695197 0.011131725417439703
