9 0.47964285714285715 0.014285714285714285 0.017857142857142856 0.024761904761904763
9 0.4642857142857143 0.08952380952380952 0.022857142857142857 0.015238095238095238
9 0.4575 0.10142857142857142 0.025 0.014285714285714285
9 0.4717857142857143 0.28 0.012142857142857143 0.03428571428571429
9 0.5446428571428571 0.4623809523809524 0.035 0.02
9 0.5089285714285714 0.4795238095238095 0.03357142857142857 0.02761904761904762
9 0.5403571428571429 0.49714285714285716 0.03357142857142857 0.015238095238095238
9 0.5439285714285714 0.5147619047619048 0.030714285714285715 0.025714285714285714
9 0.5453571428571429 0.5347619047619048 0.02642857142857143 0.029523809523809525
9 0.37214285714285716 0.5066666666666667 0.027142857142857142 0.013333333333333332
9 0.49714285714285716 0.6547619047619048 0.03571428571428571 0.029523809523809525
0 0.36464285714285716 0.8223809523809524 0.015 0.02761904761904762
0 0.38285714285714284 0.6519047619047619 0.018571428571428572 0.02
7 0.3975 0.42142857142857143 0.04928571428571429 0.040952380952380955
3 0.30214285714285716 0.9642857142857143 0.05714285714285714 0.06952380952380953
3 0.45714285714285713 0.97 0.1 0.058095238095238096
3 0.46214285714285713 0.8952380952380953 0.08714285714285715 0.07428571428571429
3 0.48428571428571426 0.8142857142857143 0.08714285714285715 0.05714285714285714
3 0.3392857142857143 0.7766666666666666 0.05 0.12476190476190477
3 0.5046428571428572 0.7 0.08214285714285714 0.05714285714285714
3 0.5196428571428572 0.5714285714285714 0.08214285714285714 0.05523809523809524
7 0.5396428571428571 0.4095238095238095 0.05071428571428571 0.0419047619047619
5 0.5403571428571429 0.37523809523809526 0.08357142857142857 0.06666666666666667
3 0.5525 0.32 0.06785714285714285 0.049523809523809526
5 0.5575 0.23142857142857143 0.07785714285714286 0.0761904761904762
5 0.5728571428571428 0.14666666666666667 0.07142857142857142 0.05714285714285714
3 0.5842857142857143 0.09952380952380953 0.05714285714285714 0.037142857142857144
3 0.585 0.07238095238095238 0.06 0.03238095238095238
3 0.59 0.04666666666666667 0.055714285714285716 0.04
