3 0.42178571428571426 0.6438095238095238 0.07357142857142857 0.08761904761904762
3 0.30892857142857144 0.6152380952380953 0.08071428571428571 0.09142857142857143
3 0.5421428571428571 0.89 0.10285714285714286 0.1457142857142857
3 0.16964285714285715 0.4595238095238095 0.062142857142857146 0.07714285714285714
3 0.10214285714285715 0.38904761904761903 0.05714285714285714 0.07523809523809524
4 0.07535714285714286 0.06666666666666667 0.03642857142857143 0.04
3 0.1025 0.31142857142857144 0.055 0.06476190476190476
4 0.0375 0.3076190476190476 0.056428571428571425 0.06476190476190476
9 0.42392857142857143 0.25142857142857145 0.009285714285714286 0.02095238095238095
0 0.7725 0.5542857142857143 0.007857142857142858 0.024761904761904763
0 0.7775 0.549047619047619 0.0064285714285714285 0.02
0 0.7825 0.41714285714285715 0.015 0.03428571428571429
