3 0.14714285714285713 0.25444162436548223 0.022857142857142857 0.04441624365482233
3 0.09964285714285714 0.15609137055837563 0.025 0.04060913705583756
3 0.0725 0.022208121827411165 0.023571428571428573 0.03934010152284264
3 0.2789285714285714 0.47715736040609136 0.025 0.04568527918781726
3 0.4 0.6376903553299492 0.02142857142857143 0.03680203045685279
3 0.29714285714285715 0.13451776649746192 0.022857142857142857 0.04314720812182741
3 0.29214285714285715 0.07423857868020305 0.02 0.04695431472081218
3 0.36642857142857144 0.3781725888324873 0.02142857142857143 0.04060913705583756
3 0.335 0.2182741116751269 0.02142857142857143 0.04314720812182741
3 0.40464285714285714 0.3546954314720812 0.02214285714285714 0.04441624365482233
3 0.5878571428571429 0.6510152284263959 0.022857142857142857 0.035532994923857864
3 0.8446428571428571 0.95748730964467 0.027857142857142858 0.03934010152284264
3 0.92 0.949238578680203 0.027142857142857142 0.032994923857868015
3 0.5903571428571428 0.7398477157360406 0.023571428571428573 0.035532994923857864
3 0.6689285714285714 0.7766497461928933 0.030714285714285715 0.027918781725888322
3 0.43 0.4708121827411167 0.024285714285714285 0.04314720812182741
3 0.45964285714285713 0.47208121827411165 0.02214285714285714 0.04314720812182741
3 0.5071428571428571 0.5983502538071066 0.022857142857142857 0.03934010152284264
3 0.39785714285714285 0.18210659898477155 0.024285714285714285 0.03680203045685279
3 0.5071428571428571 0.2766497461928934 0.022857142857142857 0.03807106598984771
3 0.5139285714285714 0.29378172588832485 0.019285714285714285 0.031725888324873094
3 0.0075 0.016497461928934008 0.016428571428571428 0.032994923857868015
4 0.5314285714285715 0.6954314720812182 0.025714285714285714 0.04060913705583756
4 0.8167857142857143 0.8743654822335025 0.025 0.035532994923857864
4 0.2317857142857143 0.29441624365482233 0.02642857142857143 0.04314720812182741
4 0.3914285714285714 0.15545685279187815 0.027142857142857142 0.03680203045685279
4 0.3825 0.13197969543147206 0.025 0.03807106598984771
4 0.5171428571428571 0.3477157360406091 0.022857142857142857 0.032994923857868015
4 0.5978571428571429 0.2975888324873096 0.024285714285714285 0.03426395939086294
4 0.6014285714285714 0.21383248730964466 0.027142857142857142 0.05964467005076142
4 0.5896428571428571 0.19416243654822332 0.025 0.055837563451776644
4 0.5271428571428571 0.10596446700507614 0.027142857142857142 0.05710659898477157
4 0.5175 0.08502538071065989 0.025 0.048223350253807105
3 0.28035714285714286 0.011421319796954314 0.012142857142857143 0.025380710659898477
8 0.6146428571428572 0.8147208121827411 0.052142857142857144 0.07614213197969542
8 0.22214285714285714 0.03236040609137056 0.04428571428571428 0.06725888324873096
0 0.42142857142857143 0.2982233502538071 0.004285714285714286 0.01015228426395939
0 0.42214285714285715 0.2982233502538071 0.004285714285714286 0.015228426395939085
9 0.34714285714285714 0.09517766497461928 0.01 0.017766497461928932
9 0.3517857142857143 0.09898477157360405 0.007857142857142858 0.02284263959390863
9 0.36 0.1148477157360406 0.007142857142857143 0.019035532994923856
9 0.36178571428571427 0.12563451776649745 0.007857142857142858 0.02284263959390863
