3 0.12928571428571428 0.04380952380952381 0.07 0.08571428571428572
3 0.21964285714285714 0.04380952380952381 0.065 0.08571428571428572
3 0.4203571428571429 0.03 0.056428571428571425 0.058095238095238096
4 0.4067857142857143 0.18428571428571427 0.07071428571428572 0.19523809523809524
4 0.3871428571428571 0.5695238095238095 0.07714285714285714 0.21523809523809523
4 0.5353571428571429 0.4895238095238095 0.12928571428571428 0.11428571428571428
4 0.04178571428571429 0.8642857142857143 0.08214285714285714 0.2695238095238095
3 0.605 0.8742857142857143 0.15142857142857144 0.13904761904761906
3 0.41035714285714286 0.7966666666666666 0.07071428571428572 0.16285714285714287
3 0.9642857142857143 0.6095238095238096 0.07 0.1523809523809524
3 0.94 0.5219047619047619 0.11857142857142858 0.1676190476190476
3 0.5846428571428571 0.5847619047619048 0.14214285714285715 0.12
3 0.7396428571428572 0.23238095238095238 0.12928571428571428 0.1657142857142857
3 0.6828571428571428 0.18476190476190477 0.12857142857142856 0.16952380952380952
3 0.6492857142857142 0.08476190476190476 0.12142857142857143 0.13523809523809524
3 0.18392857142857144 0.2519047619047619 0.07785714285714286 0.18761904761904763
3 0.10285714285714286 0.20714285714285716 0.08285714285714285 0.20285714285714285
0 0.14535714285714285 0.1742857142857143 0.029285714285714286 0.047619047619047616
3 0.09 0.43714285714285717 0.09 0.2
0 0.15 0.6566666666666666 0.032857142857142856 0.025714285714285714
0 0.1742857142857143 0.679047619047619 0.032857142857142856 0.030476190476190476
0 0.7271428571428571 0.741904761904762 0.022857142857142857 0.03238095238095238
0 0.6546428571428572 0.4023809523809524 0.02214285714285714 0.02761904761904762
0 0.46035714285714285 0.36523809523809525 0.016428571428571428 0.037142857142857144
0 0.5078571428571429 0.20952380952380953 0.011428571428571429 0.03238095238095238
0 0.5225 0.25761904761904764 0.015 0.02761904761904762
0 0.54 0.31523809523809526 0.017142857142857144 0.0380952380952381
0 0.5846428571428571 0.3319047619047619 0.020714285714285713 0.037142857142857144
0 0.6496428571428572 0.43476190476190474 0.015 0.018095238095238095
0 0.6396428571428572 0.4319047619047619 0.025 0.02
