3 0.45785714285714285 0.6548223350253807 0.015714285714285715 0.02284263959390863
3 0.49714285714285716 0.6059644670050761 0.01 0.016497461928934008
3 0.5367857142857143 0.5939086294416244 0.010714285714285714 0.02284263959390863
3 0.525 0.5203045685279187 0.007142857142857143 0.02030456852791878
3 0.5114285714285715 0.47335025380710655 0.005714285714285714 0.015228426395939085
3 0.49214285714285716 0.5228426395939086 0.007142857142857143 0.012690355329949238
3 0.5003571428571428 0.5666243654822335 0.009285714285714286 0.019035532994923856
3 0.52 0.5590101522842639 0.008571428571428572 0.024111675126903553
3 0.5246428571428572 0.6706852791878172 0.009285714285714286 0.029187817258883246
3 0.5396428571428571 0.5266497461928934 0.007857142857142858 0.02030456852791878
3 0.5164285714285715 0.44035532994923854 0.007142857142857143 0.012690355329949238
3 0.49785714285714283 0.4860406091370558 0.008571428571428572 0.012690355329949238
3 0.48428571428571426 0.49238578680203043 0.007142857142857143 0.015228426395939085
3 0.5067857142857143 0.4168781725888325 0.0064285714285714285 0.013959390862944161
3 0.5196428571428572 0.3889593908629441 0.005 0.016497461928934008
3 0.5225 0.33883248730964466 0.0035714285714285713 0.0076142131979695426
3 0.3896428571428571 0.5780456852791878 0.02214285714285714 0.013959390862944161
3 0.5153571428571428 0.33502538071065985 0.005 0.0076142131979695426
3 0.5246428571428572 0.324238578680203 0.005 0.008883248730964466
3 0.5189285714285714 0.3178934010152284 0.0035714285714285713 0.008883248730964466
3 0.5446428571428571 0.32550761421319796 0.005 0.011421319796954314
3 0.545 0.30583756345177665 0.005714285714285714 0.0076142131979695426
3 0.5246428571428572 0.30901015228426393 0.005 0.008883248730964466
3 0.5246428571428572 0.2626903553299492 0.002142857142857143 0.005076142131979695
3 0.5314285714285715 0.27220812182741116 0.002857142857142857 0.006345177664974619
3 0.5453571428571429 0.2703045685279188 0.0035714285714285713 0.0076142131979695426
3 0.5439285714285714 0.25888324873096447 0.0035714285714285713 0.005076142131979695
3 0.5442857142857143 0.24936548223350252 0.004285714285714286 0.006345177664974619
3 0.5321428571428571 0.2296954314720812 0.002857142857142857 0.0025380710659898475
3 0.5339285714285714 0.22208121827411165 0.002142857142857143 0.0076142131979695426
3 0.5346428571428572 0.2151015228426396 0.002142857142857143 0.006345177664974619
3 0.535 0.20685279187817257 0.002857142857142857 0.005076142131979695
3 0.5396428571428571 0.2081218274111675 0.002142857142857143 0.0076142131979695426
3 0.5371428571428571 0.19543147208121825 0.002857142857142857 0.005076142131979695
3 0.5346428571428572 0.2519035532994924 0.002142857142857143 0.006345177664974619
3 0.535 0.2430203045685279 0.002857142857142857 0.006345177664974619
3 0.5496428571428571 0.23350253807106597 0.002142857142857143 0.005076142131979695
3 0.5446428571428571 0.2246192893401015 0.002142857142857143 0.0076142131979695426
3 0.5371428571428571 0.23667512690355327 0.002857142857142857 0.008883248730964466
8 0.5278571428571428 0.20875634517766495 0.005714285714285714 0.016497461928934008
8 0.5271428571428571 0.22715736040609136 0.007142857142857143 0.015228426395939085
4 0.53 0.24555837563451774 0.002857142857142857 0.006345177664974619
4 0.5325 0.2633248730964467 0.005 0.008883248730964466
4 0.5275 0.2569796954314721 0.0035714285714285713 0.011421319796954314
4 0.5253571428571429 0.2728426395939086 0.005 0.0076142131979695426
3 0.5192857142857142 0.2728426395939086 0.002857142857142857 0.0076142131979695426
4 0.545 0.23604060913705582 0.002857142857142857 0.0076142131979695426
5 0.5389285714285714 0.21954314720812182 0.005 0.01015228426395939
3 0.55 0.27918781725888325 0.002857142857142857 0.0076142131979695426
3 0.5364285714285715 0.30203045685279184 0.004285714285714286 0.0076142131979695426
3 0.5446428571428571 0.3375634517766497 0.005 0.012690355329949238
3 0.5203571428571429 0.3692893401015228 0.005 0.01015228426395939
3 0.5496428571428571 0.299492385786802 0.005 0.0076142131979695426
3 0.5225 0.3546954314720812 0.005 0.006345177664974619
3 0.5342857142857143 0.39530456852791873 0.007142857142857143 0.021573604060913704
3 0.5528571428571428 0.49048223350253806 0.008571428571428572 0.019035532994923856
3 0.5539285714285714 0.45050761421319796 0.0064285714285714285 0.015228426395939085
3 0.5539285714285714 0.5793147208121827 0.007857142857142858 0.021573604060913704
3 0.5546428571428571 0.6516497461928934 0.009285714285714286 0.029187817258883246
3 0.5546428571428571 0.7195431472081217 0.012142857142857143 0.032994923857868015
4 0.5542857142857143 0.8743654822335025 0.014285714285714285 0.050761421319796954
4 0.5303571428571429 0.8071065989847716 0.015 0.050761421319796954
4 0.5225 0.9860406091370557 0.016428571428571428 0.025380710659898477
4 0.5071428571428571 0.5190355329949238 0.007142857142857143 0.017766497461928932
3 0.5539285714285714 0.5374365482233502 0.007857142857142858 0.021573604060913704
4 0.5421428571428571 0.47208121827411165 0.007142857142857143 0.025380710659898477
4 0.5421428571428571 0.4378172588832487 0.007142857142857143 0.02030456852791878
4 0.5175 0.4175126903553299 0.0064285714285714285 0.015228426395939085
3 0.5192857142857142 0.30710659898477155 0.004285714285714286 0.0076142131979695426
3 0.5546428571428571 0.35215736040609136 0.005 0.013959390862944161
5 0.5467857142857143 0.3508883248730964 0.007857142857142858 0.024111675126903553
5 0.51 0.38071065989847713 0.01 0.02284263959390863
5 0.475 0.5348984771573604 0.012857142857142857 0.031725888324873094
8 0.5125 0.357233502538071 0.009285714285714286 0.026649746192893398
3 0.5346428571428572 0.3096446700507614 0.005 0.01015228426395939
4 0.9089285714285714 0.7658629441624365 0.047857142857142855 0.03426395939086294
0 0.6503571428571429 0.5228426395939086 0.0064285714285714285 0.017766497461928932
0 0.6317857142857143 0.5114213197969543 0.005 0.012690355329949238
