3 0.39785714285714285 0.9270304568527918 0.037142857142857144 0.08502538071065989
3 0.3653571428571429 0.7538071065989848 0.04071428571428572 0.10406091370558375
3 0.3914285714285714 0.6389593908629441 0.03571428571428571 0.08248730964467005
3 0.42 0.5298223350253807 0.04 0.09263959390862943
3 0.48392857142857143 0.2519035532994924 0.029285714285714286 0.08502538071065989
3 0.5046428571428572 0.16751269035532992 0.030714285714285715 0.07868020304568528
3 0.5271428571428571 0.06535532994923858 0.027142857142857142 0.08248730964467005
0 0.3267857142857143 0.30901015228426393 0.010714285714285714 0.024111675126903553
0 0.3296428571428571 0.26903553299492383 0.007857142857142858 0.02284263959390863
0 0.49714285714285716 0.07423857868020305 0.01 0.029187817258883246
0 0.5046428571428572 0.06852791878172589 0.007857142857142858 0.03045685279187817
0 0.3125 0.9758883248730964 0.03214285714285714 0.04314720812182741
9 0.43142857142857144 0.4441624365482233 0.014285714285714285 0.027918781725888322
2 0.4546428571428571 0.3623096446700507 0.017857142857142856 0.011421319796954314
9 0.4667857142857143 0.3305837563451776 0.017857142857142856 0.013959390862944161
0 0.47 0.3128172588832487 0.005714285714285714 0.013959390862944161
0 0.475 0.3096446700507614 0.007142857142857143 0.015228426395939085
2 0.33714285714285713 0.3972081218274111 0.005714285714285714 0.03045685279187817
2 0.3417857142857143 0.39847715736040606 0.005 0.035532994923857864
