0 0.7875 0.6205583756345178 0.012142857142857143 0.03045685279187817
0 0.8071428571428572 0.6586294416243654 0.012857142857142857 0.032994923857868015
0 0.6714285714285714 0.6002538071065989 0.007142857142857143 0.032994923857868015
0 0.6742857142857143 0.640228426395939 0.01 0.024111675126903553
3 0.8296428571428571 0.7715736040609137 0.04214285714285714 0.08375634517766496
3 0.6596428571428572 0.8375634517766497 0.007857142857142858 0.032994923857868015
3 0.6667857142857143 0.8356598984771573 0.007857142857142858 0.03426395939086294
3 0.3921428571428571 0.8248730964467005 0.032857142857142856 0.11167512690355329
3 0.46714285714285714 0.8965736040609137 0.027142857142857142 0.09771573604060912
3 0.5146428571428572 0.32550761421319796 0.020714285714285713 0.05964467005076142
3 0.5078571428571429 0.12880710659898476 0.015714285714285715 0.04187817258883248
3 0.475 0.08375634517766496 0.015714285714285715 0.035532994923857864
3 0.5264285714285715 0.014593908629441623 0.011428571428571429 0.029187817258883246
3 0.3342857142857143 0.06027918781725888 0.017142857142857144 0.024111675126903553
5 0.4375 0.5532994923857868 0.035 0.12690355329949238
9 0.59 0.5368020304568527 0.01 0.032994923857868015
1 0.5892857142857143 0.5323604060913705 0.008571428571428572 0.021573604060913704
0 0.30142857142857143 0.6757614213197969 0.007142857142857143 0.03934010152284264
