6 0.14892857142857144 0.61 0.016428571428571428 0.008571428571428572
9 0.14 0.6576190476190477 0.01 0.004761904761904762
9 0.14214285714285715 0.6295238095238095 0.01 0.005714285714285714
9 0.14 0.6352380952380953 0.01 0.0038095238095238095
2 0.1442857142857143 0.6419047619047619 0.01 0.0019047619047619048
2 0.15035714285714286 0.6295238095238095 0.007857142857142858 0.0019047619047619048
2 0.13535714285714287 0.6647619047619048 0.007857142857142858 0.0019047619047619048
2 0.145 0.6638095238095238 0.008571428571428572 0.0019047619047619048
2 0.1442857142857143 0.6695238095238095 0.011428571428571429 0.0019047619047619048
2 0.14142857142857143 0.6842857142857143 0.01 0.002857142857142857
9 0.4417857142857143 0.8971428571428571 0.007857142857142858 0.009523809523809525
9 0.4546428571428571 0.9147619047619048 0.007857142857142858 0.010476190476190476
9 0.4496428571428571 0.9071428571428571 0.007857142857142858 0.010476190476190476
9 0.445 0.9014285714285715 0.007142857142857143 0.008571428571428572
0 0.15964285714285714 0.8552380952380952 0.007857142857142858 0.0038095238095238095
0 0.8725 0.5752380952380952 0.005 0.0038095238095238095
0 0.9003571428571429 0.6695238095238095 0.0064285714285714285 0.005714285714285714
0 0.9078571428571428 0.6695238095238095 0.005714285714285714 0.005714285714285714
0 0.9267857142857143 0.559047619047619 0.0064285714285714285 0.007619047619047619
0 0.6142857142857143 0.6019047619047619 0.004285714285714286 0.005714285714285714
0 0.6228571428571429 0.611904761904762 0.004285714285714286 0.004761904761904762
4 0.6825 0.46904761904761905 0.015 0.03333333333333333
3 0.695 0.46714285714285714 0.012857142857142857 0.029523809523809525
3 0.7389285714285714 0.46714285714285714 0.015 0.02761904761904762
3 0.6967857142857142 0.4095238095238095 0.012142857142857143 0.03238095238095238
3 0.7342857142857143 0.40476190476190477 0.014285714285714285 0.03238095238095238
3 0.7503571428571428 0.4066666666666667 0.015 0.03238095238095238
3 0.77 0.46476190476190476 0.014285714285714285 0.030476190476190476
4 0.765 0.4042857142857143 0.022857142857142857 0.03333333333333333
3 0.7778571428571428 0.4023809523809524 0.014285714285714285 0.02761904761904762
3 0.7925 0.4014285714285714 0.015 0.025714285714285714
3 0.8192857142857143 0.4014285714285714 0.017142857142857144 0.029523809523809525
3 0.8614285714285714 0.39904761904761904 0.015714285714285715 0.030476190476190476
3 0.8792857142857143 0.39904761904761904 0.017142857142857144 0.02857142857142857
3 0.8521428571428571 0.4642857142857143 0.017142857142857144 0.02761904761904762
3 0.8717857142857143 0.46476190476190476 0.016428571428571428 0.030476190476190476
4 0.8871428571428571 0.4642857142857143 0.015714285714285715 0.02761904761904762
3 0.9017857142857143 0.4595238095238095 0.017857142857142856 0.029523809523809525
3 0.9946428571428572 0.4552380952380952 0.009285714285714286 0.030476190476190476
3 0.9846428571428572 0.21476190476190476 0.025 0.014285714285714285
3 0.9596428571428571 0.21523809523809523 0.025 0.015238095238095238
3 0.9325 0.21714285714285714 0.023571428571428573 0.013333333333333332
3 0.9067857142857143 0.21714285714285714 0.023571428571428573 0.015238095238095238
4 0.8803571428571428 0.2195238095238095 0.02214285714285714 0.014285714285714285
3 0.8546428571428571 0.2219047619047619 0.02214285714285714 0.013333333333333332
3 0.8275 0.22238095238095237 0.02214285714285714 0.012380952380952381
3 0.8017857142857143 0.22380952380952382 0.02214285714285714 0.013333333333333332
3 0.7775 0.22476190476190477 0.02214285714285714 0.015238095238095238
3 0.7203571428571428 0.22714285714285715 0.023571428571428573 0.014285714285714285
3 0.75 0.22476190476190477 0.02 0.013333333333333332
3 0.6946428571428571 0.22714285714285715 0.02214285714285714 0.014285714285714285
3 0.6646428571428571 0.22904761904761906 0.02214285714285714 0.014285714285714285
3 0.6421428571428571 0.22904761904761906 0.02 0.014285714285714285
3 0.6164285714285714 0.23 0.022857142857142857 0.012380952380952381
3 0.5896428571428571 0.23142857142857143 0.017857142857142856 0.013333333333333332
5 0.5646428571428571 0.2276190476190476 0.027857142857142858 0.022857142857142857
3 0.5375 0.2338095238095238 0.020714285714285713 0.014285714285714285
3 0.5121428571428571 0.23476190476190475 0.02 0.012380952380952381
3 0.4875 0.23523809523809525 0.020714285714285713 0.013333333333333332
3 0.4617857142857143 0.23666666666666666 0.020714285714285713 0.014285714285714285
5 0.43642857142857144 0.2342857142857143 0.02142857142857143 0.017142857142857144
9 0.06892857142857142 0.03 0.0064285714285714285 0.004761904761904762
3 0.062142857142857146 0.06952380952380953 0.022857142857142857 0.013333333333333332
3 0.048928571428571425 0.10952380952380952 0.02214285714285714 0.013333333333333332
3 0.046785714285714285 0.13238095238095238 0.020714285714285713 0.015238095238095238
3 0.09964285714285714 0.12476190476190477 0.010714285714285714 0.024761904761904763
3 0.10642857142857143 0.14476190476190476 0.01 0.024761904761904763
3 0.11678571428571428 0.1442857142857143 0.009285714285714286 0.025714285714285714
3 0.2325 0.12476190476190477 0.020714285714285713 0.013333333333333332
0 0.2739285714285714 0.12714285714285714 0.0035714285714285713 0.006666666666666666
3 0.2342857142857143 0.11428571428571428 0.02 0.013333333333333332
3 0.23714285714285716 0.10428571428571429 0.02 0.012380952380952381
3 0.24 0.0919047619047619 0.02 0.012380952380952381
3 0.2417857142857143 0.08238095238095237 0.017857142857142856 0.012380952380952381
3 0.275 0.07476190476190477 0.018571428571428572 0.012380952380952381
9 0.25 0.056666666666666664 0.007142857142857143 0.012380952380952381
3 0.275 0.047619047619047616 0.018571428571428572 0.013333333333333332
3 0.2767857142857143 0.039523809523809524 0.019285714285714285 0.012380952380952381
4 0.27464285714285713 0.14714285714285713 0.017857142857142856 0.012380952380952381
3 0.3492857142857143 0.18714285714285714 0.02 0.012380952380952381
3 0.34964285714285714 0.17666666666666667 0.02214285714285714 0.014285714285714285
3 0.3525 0.16476190476190475 0.017857142857142856 0.011428571428571429
3 0.3875 0.17238095238095238 0.019285714285714285 0.013333333333333332
3 0.3875 0.16142857142857142 0.017857142857142856 0.012380952380952381
3 0.38785714285714284 0.04428571428571428 0.008571428571428572 0.02
3 0.3846428571428571 0.015238095238095238 0.017857142857142856 0.011428571428571429
3 0.5171428571428571 0.1519047619047619 0.012857142857142857 0.02
3 0.5642857142857143 0.16952380952380952 0.008571428571428572 0.022857142857142857
3 0.5767857142857142 0.13952380952380952 0.020714285714285713 0.014285714285714285
3 0.5746428571428571 0.11761904761904762 0.019285714285714285 0.014285714285714285
3 0.5717857142857142 0.08 0.017857142857142856 0.013333333333333332
3 0.5717857142857142 0.06142857142857143 0.017857142857142856 0.014285714285714285
3 0.5667857142857143 0.02761904761904762 0.017857142857142856 0.013333333333333332
9 0.5621428571428572 0.012380952380952381 0.007142857142857143 0.005714285714285714
9 0.5689285714285715 0.011904761904761904 0.0064285714285714285 0.004761904761904762
3 0.7117857142857142 0.009523809523809525 0.017857142857142856 0.015238095238095238
3 0.7167857142857142 0.039047619047619046 0.019285714285714285 0.015238095238095238
3 0.7217857142857143 0.06428571428571428 0.017857142857142856 0.012380952380952381
3 0.7246428571428571 0.07476190476190477 0.017857142857142856 0.012380952380952381
3 0.7278571428571429 0.09666666666666666 0.02 0.012380952380952381
3 0.7292857142857143 0.10714285714285714 0.02142857142857143 0.012380952380952381
3 0.735 0.11666666666666667 0.02 0.012380952380952381
3 0.735 0.12714285714285714 0.02 0.012380952380952381
3 0.8617857142857143 0.009047619047619047 0.017857142857142856 0.014285714285714285
3 0.8746428571428572 0.04238095238095238 0.019285714285714285 0.012380952380952381
4 0.8771428571428571 0.05 0.02 0.014285714285714285
3 0.8867857142857143 0.09238095238095238 0.020714285714285713 0.01904761904761905
3 0.8853571428571428 0.10428571428571429 0.019285714285714285 0.018095238095238095
3 0.9021428571428571 0.15714285714285714 0.012857142857142857 0.022857142857142857
