3 0.5375 0.9271428571428572 0.025 0.06571428571428571
3 0.5296428571428572 0.8571428571428571 0.020714285714285713 0.05523809523809524
3 0.46964285714285714 0.7947619047619048 0.017857142857142856 0.04857142857142857
3 0.5228571428571429 0.809047619047619 0.018571428571428572 0.040952380952380955
3 0.46714285714285714 0.7495238095238095 0.017142857142857144 0.04
3 0.5146428571428572 0.7195238095238096 0.012142857142857143 0.029523809523809525
3 0.5092857142857142 0.6771428571428572 0.017142857142857144 0.03238095238095238
3 0.43535714285714283 0.6471428571428571 0.029285714285714286 0.018095238095238095
3 0.43285714285714283 0.6138095238095238 0.027142857142857142 0.01619047619047619
3 0.43464285714285716 0.5847619047619048 0.029285714285714286 0.015238095238095238
3 0.4325 0.5714285714285714 0.025 0.013333333333333332
3 0.43392857142857144 0.5623809523809524 0.023571428571428573 0.012380952380952381
3 0.4325 0.5223809523809524 0.019285714285714285 0.014285714285714285
3 0.46464285714285714 0.5576190476190476 0.012142857142857143 0.02761904761904762
3 0.45035714285714284 0.5219047619047619 0.010714285714285714 0.022857142857142857
3 0.4471428571428571 0.38666666666666666 0.007142857142857143 0.011428571428571429
3 0.44892857142857145 0.37523809523809526 0.005 0.007619047619047619
3 0.4667857142857143 0.4014285714285714 0.012142857142857143 0.010476190476190476
3 0.4492857142857143 0.41714285714285715 0.007142857142857143 0.015238095238095238
3 0.4764285714285714 0.4614285714285714 0.008571428571428572 0.018095238095238095
5 0.48964285714285716 0.959047619047619 0.020714285714285713 0.08
5 0.4471428571428571 0.6766666666666666 0.032857142857142856 0.029523809523809525
5 0.4317857142857143 0.4847619047619048 0.02214285714285714 0.022857142857142857
5 0.43285714285714283 0.5019047619047619 0.018571428571428572 0.015238095238095238
5 0.44892857142857145 0.4523809523809524 0.009285714285714286 0.024761904761904763
5 0.5092857142857142 0.5995238095238096 0.032857142857142856 0.025714285714285714
9 0.5121428571428571 0.8852380952380953 0.01 0.025714285714285714
9 0.49964285714285717 0.7823809523809524 0.007857142857142858 0.02
9 0.52 0.7638095238095238 0.017142857142857144 0.015238095238095238
9 0.5225 0.7795238095238095 0.017857142857142856 0.012380952380952381
9 0.47964285714285715 0.6176190476190476 0.005 0.014285714285714285
9 0.48392857142857143 0.5938095238095238 0.005 0.012380952380952381
9 0.4767857142857143 0.8419047619047619 0.009285714285714286 0.01904761904761905
9 0.46464285714285714 0.84 0.009285714285714286 0.02095238095238095
9 0.46285714285714286 0.8590476190476191 0.008571428571428572 0.02095238095238095
9 0.4725 0.8595238095238095 0.010714285714285714 0.02
9 0.46535714285714286 0.9519047619047619 0.017857142857142856 0.02
0 0.49178571428571427 0.6538095238095238 0.0035714285714285713 0.01619047619047619
0 0.5303571428571429 0.731904761904762 0.005 0.014285714285714285
0 0.45535714285714285 0.3919047619047619 0.0035714285714285713 0.008571428571428572
0 0.4592857142857143 0.36 0.002857142857142857 0.009523809523809525
0 0.48035714285714287 0.5523809523809524 0.0035714285714285713 0.011428571428571429
0 0.47214285714285714 0.53 0.002857142857142857 0.012380952380952381
0 0.5653571428571429 0.8995238095238095 0.0064285714285714285 0.02
1 0.5178571428571429 0.9547619047619048 0.005714285714285714 0.02
0 0.5621428571428572 0.9547619047619048 0.005714285714285714 0.018095238095238095
0 0.5675 0.94 0.005 0.01904761904761905
9 0.5371428571428571 0.9671428571428572 0.022857142857142857 0.018095238095238095
9 0.5428571428571428 0.9866666666666667 0.022857142857142857 0.024761904761904763
