3 0.41964285714285715 0.9171428571428571 0.015 0.0380952380952381
4 0.5021428571428571 0.6038095238095238 0.012857142857142857 0.04
5 0.44392857142857145 0.6042857142857143 0.013571428571428571 0.04476190476190476
3 0.49964285714285717 0.2838095238095238 0.012142857142857143 0.0380952380952381
3 0.4075 0.2795238095238095 0.013571428571428571 0.039047619047619046
3 0.49392857142857144 0.039523809523809524 0.013571428571428571 0.04285714285714286
6 0.41892857142857143 0.6623809523809524 0.015 0.02761904761904762
9 0.40464285714285714 0.9276190476190476 0.012142857142857143 0.013333333333333332
9 0.40035714285714286 0.719047619047619 0.013571428571428571 0.011428571428571429
9 0.47714285714285715 0.36142857142857143 0.005714285714285714 0.01619047619047619
4 0.3992857142857143 0.05714285714285714 0.027142857142857142 0.024761904761904763
3 0.7846428571428572 0.15476190476190477 0.027857142857142858 0.02
3 0.7967857142857143 0.21666666666666667 0.025 0.018095238095238095
3 0.7978571428571428 0.23952380952380953 0.02857142857142857 0.018095238095238095
3 0.7996428571428571 0.25761904761904764 0.02214285714285714 0.018095238095238095
3 0.7328571428571429 0.31476190476190474 0.017142857142857144 0.037142857142857144
4 0.7917857142857143 0.3142857142857143 0.027857142857142858 0.017142857142857144
4 0.6021428571428571 0.25476190476190474 0.012857142857142857 0.035238095238095235
3 0.6046428571428571 0.33714285714285713 0.012142857142857143 0.03428571428571429
3 0.8039285714285714 0.45 0.027857142857142858 0.01619047619047619
3 0.8396428571428571 0.44952380952380955 0.027857142857142858 0.017142857142857144
3 0.87 0.45 0.03 0.02
4 0.9867857142857143 0.44904761904761903 0.025 0.02
3 0.6021428571428571 0.5595238095238095 0.012857142857142857 0.037142857142857144
3 0.6721428571428572 0.5919047619047619 0.027142857142857142 0.021904761904761906
3 0.6625 0.679047619047619 0.027857142857142858 0.017142857142857144
3 0.6621428571428571 0.7023809523809523 0.027142857142857142 0.018095238095238095
3 0.6625 0.7223809523809523 0.027857142857142858 0.018095238095238095
3 0.6721428571428572 0.7566666666666667 0.03 0.02
3 0.6671428571428571 0.7790476190476191 0.025714285714285714 0.01904761904761905
3 0.6692857142857143 0.9342857142857143 0.027142857142857142 0.01904761904761905
4 0.6071428571428571 0.7371428571428571 0.012857142857142857 0.047619047619047616
5 0.62 0.96 0.02 0.07809523809523809
9 0.7042857142857143 0.8223809523809524 0.01 0.008571428571428572
9 0.705 0.8323809523809523 0.01 0.011428571428571429
3 0.6017857142857143 0.017142857142857144 0.012142857142857143 0.03428571428571429
