3 0.25642857142857145 0.4727157360406091 0.06 0.07741116751269035
3 0.6692857142857143 0.34010152284263956 0.041428571428571426 0.08121827411167512
3 0.6942857142857143 0.6154822335025381 0.04428571428571428 0.11167512690355329
3 0.9175 0.4441624365482233 0.04071428571428572 0.08883248730964466
3 0.9321428571428572 0.2449238578680203 0.037142857142857144 0.07106598984771573
3 0.9467857142857142 0.07677664974619289 0.04214285714285714 0.06218274111675126
3 0.8367857142857142 0.04758883248730964 0.039285714285714285 0.06218274111675126
3 0.7946428571428571 0.7392131979695431 0.045 0.11548223350253806
3 0.6103571428571428 0.9536802030456852 0.052142857142857144 0.08756345177664974
4 0.9621428571428572 0.7861675126903552 0.05 0.13578680203045684
4 0.1175 0.6338832487309645 0.075 0.09010152284263959
0 0.11 0.14530456852791876 0.012857142857142857 0.029187817258883246
4 0.2764285714285714 0.3102791878172589 0.03142857142857143 0.09517766497461928
4 0.5321428571428571 0.46383248730964466 0.01 0.026649746192893398
4 0.4925 0.3299492385786802 0.007857142857142858 0.027918781725888322
9 0.20642857142857143 0.1351522842639594 0.014285714285714285 0.031725888324873094
9 0.20535714285714285 0.26078680203045684 0.015 0.03934010152284264
9 0.8317857142857142 0.8502538071065989 0.016428571428571428 0.04314720812182741
1 0.8328571428571429 0.8432741116751269 0.007142857142857143 0.031725888324873094
3 0.06464285714285714 0.022208121827411165 0.03785714285714286 0.03934010152284264
