5 0.7596428571428572 0.17068527918781726 0.06928571428571428 0.1484771573604061
4 0.8717857142857143 0.3692893401015228 0.05785714285714286 0.11928934010152284
3 0.9689285714285715 0.7296954314720812 0.060714285714285714 0.15989847715736039
3 0.7792857142857142 0.09073604060913705 0.047142857142857146 0.07233502538071065
3 0.9621428571428572 0.20939086294416243 0.06 0.10659898477157359
0 0.45964285714285713 0.27220812182741116 0.007857142857142858 0.03426395939086294
0 0.465 0.27220812182741116 0.01 0.03426395939086294
0 0.44142857142857145 0.9194162436548222 0.011428571428571429 0.04441624365482233
0 0.45 0.9232233502538071 0.014285714285714285 0.04441624365482233
1 0.47 0.7823604060913705 0.017142857142857144 0.031725888324873094
1 0.46714285714285714 0.7709390862944162 0.02 0.031725888324873094
0 0.7496428571428572 0.6643401015228426 0.012142857142857143 0.04187817258883248
0 0.7328571428571429 0.6173857868020304 0.012857142857142857 0.03680203045685279
0 0.7028571428571428 0.5177664974619289 0.01 0.025380710659898477
0 0.7175 0.4631979695431472 0.007857142857142858 0.035532994923857864
0 0.7246428571428571 0.4727157360406091 0.012142857142857143 0.03680203045685279
0 0.5442857142857143 0.1281725888324873 0.008571428571428572 0.025380710659898477
0 0.5392857142857143 0.11548223350253806 0.007142857142857143 0.02030456852791878
0 0.42678571428571427 0.016497461928934008 0.007857142857142858 0.027918781725888322
0 0.6671428571428571 0.24682741116751267 0.007142857142857143 0.03426395939086294
0 0.6742857142857143 0.24682741116751267 0.008571428571428572 0.03934010152284264
1 0.5275 0.4873096446700507 0.007857142857142858 0.02030456852791878
1 0.5346428571428572 0.4758883248730964 0.010714285714285714 0.02284263959390863
1 0.4742857142857143 0.6021573604060914 0.012857142857142857 0.026649746192893398
1 0.4742857142857143 0.5761421319796954 0.012857142857142857 0.025380710659898477
0 0.7325 0.4232233502538071 0.017857142857142856 0.029187817258883246
0 0.705 0.2975888324873096 0.017142857142857144 0.029187817258883246
1 0.4675 0.42703045685279184 0.0064285714285714285 0.026649746192893398
