3 0.74660751565762 0.9202226345083488 0.04018789144050104 0.10204081632653061
4 0.7575678496868475 0.8242115027829313 0.032881002087682666 0.07699443413729128
4 0.789144050104384 0.7453617810760668 0.050104384133611686 0.06215213358070501
8 0.6581419624217119 0.7820037105751392 0.056367432150313146 0.19851576994434136
3 0.6563152400835073 0.30844155844155846 0.015135699373695197 0.026901669758812616
4 0.6490083507306889 0.2755102040816327 0.012004175365344467 0.027829313543599257
3 0.6432672233820459 0.2588126159554731 0.013048016701461376 0.020408163265306124
3 0.633089770354906 0.20918367346938777 0.011482254697286011 0.0176252319109462
3 0.6310020876826722 0.19573283858998144 0.01774530271398747 0.01855287569573284
4 0.6268267223382046 0.1808905380333952 0.010438413361169102 0.014842300556586271
3 0.613517745302714 0.18877551020408165 0.007828810020876827 0.015769944341372914
9 0.7212943632567849 0.400278293135436 0.010438413361169102 0.0176252319109462
9 0.7111169102296451 0.48144712430426717 0.0057411273486430055 0.02411873840445269
0 0.7327766179540709 0.43089053803339517 0.0041753653444676405 0.01948051948051948
6 0.7139874739039666 0.42764378478664195 0.009394572025052192 0.012987012987012988
6 0.7163361169102296 0.4420222634508349 0.015135699373695197 0.013914656771799629
2 0.7171189979123173 0.4485157699443414 0.011482254697286011 0.012059369202226345
9 0.80401878914405 0.8446196660482375 0.02139874739039666 0.041743970315398886
9 0.6860647181628392 0.3562152133580705 0.012004175365344467 0.011131725417439703
9 0.6662317327766178 0.27040816326530615 0.008872651356993735 0.008348794063079777
3 0.5610647181628392 0.1989795918367347 0.009394572025052192 0.0176252319109462
4 0.549321503131524 0.1730055658627087 0.008872651356993735 0.01948051948051948
3 0.5571503131524008 0.13079777365491652 0.007828810020876827 0.014842300556586271
1 0.3846555323590814 0.45918367346938777 0.005219206680584551 0.011131725417439703
1 0.40709812108559496 0.37059369202226344 0.0031315240083507304 0.012059369202226345
1 0.4963465553235908 0.09090909090909091 0.0020876826722338203 0.0074211502782931356
1 0.490866388308977 0.09369202226345083 0.0026096033402922755 0.0074211502782931356
1 0.48121085594989554 0.09369202226345083 0.0031315240083507304 0.0074211502782931356
1 0.4830375782881002 0.10250463821892393 0.0015657620041753652 0.006493506493506494
1 0.4778183716075156 0.10250463821892393 0.0026096033402922755 0.008348794063079777
1 0.4754697286012526 0.112708719851577 0.0020876826722338203 0.008348794063079777
1 0.46842379958246344 0.1442486085343228 0.0026096033402922755 0.006493506493506494
3 0.5566283924843424 0.09693877551020408 0.007828810020876827 0.012059369202226345
3 0.5508872651356993 0.04777365491651206 0.0057411273486430055 0.012059369202226345
3 0.5602818371607515 0.03339517625231911 0.0057411273486430055 0.011131725417439703
1 0.6012526096033403 0.13358070500927643 0.0020876826722338203 0.0074211502782931356
9 0.600991649269311 0.13868274582560297 0.0026096033402922755 0.006493506493506494
9 0.4963465553235908 0.09647495361781076 0.0020876826722338203 0.0074211502782931356
9 0.49060542797494777 0.09925788497217068 0.0031315240083507304 0.0055658627087198514
9 0.4830375782881002 0.10807050092764378 0.0026096033402922755 0.00463821892393321
9 0.48016701461377864 0.09693877551020408 0.0031315240083507304 0.00463821892393321
9 0.47729645093945716 0.1062152133580705 0.0026096033402922755 0.006493506493506494
9 0.4757306889352818 0.11688311688311688 0.0026096033402922755 0.0074211502782931356
9 0.467901878914405 0.14842300556586271 0.0015657620041753652 0.0074211502782931356
9 0.4065762004175365 0.3803339517625232 0.005219206680584551 0.012987012987012988
9 0.3843945720250522 0.47217068645640076 0.004697286012526096 0.012987012987012988
1 0.3168058455114822 0.7880333951762524 0.0073068893528183704 0.021335807050092765
9 0.3175887265135699 0.7973098330241187 0.010960334029227557 0.03803339517625232
2 0.2552192066805845 0.8344155844155844 0.019832985386221292 0.015769944341372914
2 0.2685281837160751 0.7815398886827458 0.019311064718162838 0.015769944341372914
2 0.2727035490605428 0.7602040816326531 0.019311064718162838 0.013914656771799629
2 0.2758350730688935 0.7504638218923934 0.01826722338204593 0.01855287569573284
2 0.28001043841336115 0.7328385899814471 0.01826722338204593 0.01855287569573284
2 0.28575156576200417 0.7128942486085343 0.017223382045929016 0.013914656771799629
2 0.28783924843423797 0.7054730983302412 0.016179540709812108 0.0176252319109462
2 0.2925365344467641 0.6859925788497218 0.016179540709812108 0.015769944341372914
2 0.2927974947807933 0.6790352504638218 0.018789144050104383 0.016697588126159554
3 0.5553235908141961 0.008348794063079777 0.005219206680584551 0.00927643784786642
