0 0.4967857142857143 0.027142857142857142 0.013571428571428571 0.029523809523809525
0 0.5021428571428571 0.07904761904761905 0.01 0.02857142857142857
0 0.8942857142857142 0.09380952380952381 0.018571428571428572 0.03142857142857143
0 0.8971428571428571 0.19238095238095237 0.015714285714285715 0.03238095238095238
0 0.9342857142857143 0.39666666666666667 0.022857142857142857 0.01619047619047619
9 0.9221428571428572 0.36714285714285716 0.02 0.035238095238095235
0 0.9278571428571428 0.6476190476190476 0.014285714285714285 0.024761904761904763
9 0.9171428571428571 0.6471428571428571 0.017142857142857144 0.035238095238095235
9 0.8725 0.7619047619047619 0.017857142857142856 0.04
9 0.8521428571428571 0.7714285714285715 0.017142857142857144 0.04
1 0.8525 0.6795238095238095 0.017857142857142856 0.021904761904761906
1 0.8517857142857143 0.7719047619047619 0.020714285714285713 0.02
1 0.875 0.7619047619047619 0.02 0.022857142857142857
1 0.8803571428571428 0.9052380952380953 0.02214285714285714 0.023809523809523808
2 0.8775 0.9047619047619048 0.025 0.047619047619047616
2 0.8478571428571429 0.6795238095238095 0.011428571428571429 0.035238095238095235
9 0.5646428571428571 0.14476190476190476 0.012142857142857143 0.03238095238095238
1 0.5646428571428571 0.1419047619047619 0.007857142857142858 0.017142857142857144
1 0.5342857142857143 0.3871428571428571 0.01 0.02
1 0.5546428571428571 0.4114285714285714 0.010714285714285714 0.015238095238095238
1 0.5546428571428571 0.40476190476190477 0.012142857142857143 0.015238095238095238
1 0.5353571428571429 0.4942857142857143 0.009285714285714286 0.017142857142857144
1 0.5367857142857143 0.48714285714285716 0.010714285714285714 0.018095238095238095
1 0.525 0.5452380952380952 0.012857142857142857 0.01619047619047619
1 0.5039285714285714 0.6223809523809524 0.012142857142857143 0.021904761904761906
1 0.5075 0.6695238095238095 0.009285714285714286 0.017142857142857144
1 0.4853571428571429 0.7395238095238095 0.012142857142857143 0.014285714285714285
1 0.48964285714285716 0.8023809523809524 0.015 0.02
1 0.48964285714285716 0.7938095238095239 0.012142857142857143 0.018095238095238095
1 0.46714285714285714 0.8271428571428572 0.012857142857142857 0.021904761904761906
1 0.49642857142857144 0.8542857142857143 0.017142857142857144 0.022857142857142857
1 0.5125 0.8519047619047619 0.015 0.018095238095238095
1 0.5103571428571428 0.8395238095238096 0.012142857142857143 0.018095238095238095
1 0.46035714285714285 0.9295238095238095 0.013571428571428571 0.01904761904761905
0 0.48714285714285716 0.9671428571428572 0.017142857142857144 0.025714285714285714
1 0.5296428571428572 0.9666666666666667 0.015 0.022857142857142857
9 0.53 0.9619047619047619 0.012857142857142857 0.049523809523809526
9 0.4625 0.9319047619047619 0.015 0.037142857142857144
9 0.5114285714285715 0.8495238095238096 0.012857142857142857 0.0380952380952381
9 0.49535714285714283 0.8519047619047619 0.013571428571428571 0.040952380952380955
9 0.46964285714285714 0.8266666666666667 0.017857142857142856 0.0380952380952381
9 0.48964285714285716 0.7971428571428572 0.020714285714285713 0.0419047619047619
9 0.48714285714285716 0.741904761904762 0.012857142857142857 0.03238095238095238
9 0.5075 0.6719047619047619 0.012142857142857143 0.029523809523809525
9 0.5042857142857143 0.6247619047619047 0.012857142857142857 0.04
9 0.5246428571428572 0.5447619047619048 0.010714285714285714 0.024761904761904763
9 0.5353571428571429 0.49714285714285716 0.007857142857142858 0.030476190476190476
9 0.555 0.4119047619047619 0.01 0.02761904761904762
2 0.5346428571428572 0.39476190476190476 0.007857142857142858 0.035238095238095235
2 0.48464285714285715 0.9619047619047619 0.010714285714285714 0.047619047619047616
9 0.43714285714285717 0.5019047619047619 0.012857142857142857 0.03238095238095238
0 0.4496428571428571 0.5023809523809524 0.012142857142857143 0.018095238095238095
3 0.6539285714285714 0.22666666666666666 0.030714285714285715 0.07809523809523809
3 0.61 0.2671428571428571 0.03142857142857143 0.07523809523809524
3 0.6046428571428571 0.37142857142857144 0.030714285714285715 0.0838095238095238
3 0.6496428571428572 0.36714285714285716 0.03214285714285714 0.08476190476190476
3 0.6421428571428571 0.49714285714285716 0.032857142857142856 0.08761904761904762
3 0.5946428571428571 0.5042857142857143 0.027857142857142858 0.08857142857142856
3 0.5867857142857142 0.6442857142857142 0.03357142857142857 0.1
3 0.6371428571428571 0.6514285714285715 0.03 0.09714285714285714
3 0.63 0.809047619047619 0.04 0.10952380952380952
3 0.5796428571428571 0.809047619047619 0.04214285714285714 0.11523809523809524
