3 0.0075 0.22866666666666666 0.015 0.013333333333333332
3 0.012750000000000001 0.22466666666666665 0.0175 0.010666666666666666
3 0.021 0.20966666666666667 0.023 0.012666666666666666
3 0.02875 0.20566666666666666 0.0195 0.011333333333333332
3 0.035250000000000004 0.20166666666666666 0.0155 0.011333333333333332
3 0.04425 0.19766666666666666 0.0155 0.011333333333333332
0 0.03125 0.23866666666666667 0.0045000000000000005 0.012
3 0.1445 0.24966666666666665 0.015 0.012666666666666666
3 0.13 0.24866666666666665 0.015 0.013333333333333332
3 0.1165 0.25 0.014 0.012
3 0.1005 0.24866666666666665 0.019 0.017333333333333333
3 0.0855 0.24966666666666665 0.015 0.012666666666666666
3 0.073 0.24966666666666665 0.015 0.015333333333333332
3 0.18975 0.29033333333333333 0.0175 0.022
3 0.17300000000000001 0.29466666666666663 0.016 0.018666666666666665
3 0.1555 0.29566666666666663 0.016 0.016666666666666666
3 0.13975 0.29666666666666663 0.0145 0.016
3 0.1235 0.29566666666666663 0.015 0.018
3 0.088 0.29766666666666663 0.019 0.016666666666666666
3 0.066 0.30066666666666664 0.018000000000000002 0.013333333333333332
3 0.25975 0.24666666666666665 0.0115 0.018666666666666665
4 0.107 0.29566666666666663 0.017 0.020666666666666667
3 0.7385 0.10766666666666666 0.012 0.007333333333333333
3 0.75 0.17666666666666667 0.016 0.009333333333333332
3 0.7745 0.17666666666666667 0.019 0.009333333333333332
3 0.735 0.24366666666666667 0.02 0.01
3 0.74375 0.25466666666666665 0.0225 0.010666666666666666
3 0.063 0.6126666666666667 0.053 0.030666666666666665
3 0.13375 0.6076666666666667 0.0545 0.028666666666666667
3 0.1235 0.6526666666666666 0.055 0.032
3 0.20500000000000002 0.6026666666666667 0.049 0.029333333333333333
3 0.1975 0.6266666666666666 0.034 0.026666666666666665
3 0.27175 0.5986666666666667 0.0385 0.025333333333333333
3 0.25675 0.621 0.0465 0.022
8 0.265 0.6396666666666666 0.11900000000000001 0.056666666666666664
3 0.8482500000000001 0.35266666666666663 0.0185 0.02
3 0.865 0.38666666666666666 0.023 0.018666666666666665
3 0.88 0.4026666666666667 0.022 0.028
3 0.9097500000000001 0.39766666666666667 0.0285 0.02733333333333333
3 0.9395 0.44266666666666665 0.022 0.030666666666666665
3 0.9702500000000001 0.4046666666666667 0.0225 0.022666666666666665
3 0.9605 0.44366666666666665 0.025 0.03266666666666666
3 0.99325 0.4026666666666667 0.0125 0.024
3 0.994 0.44566666666666666 0.011 0.024666666666666667
3 0.9795 0.44366666666666665 0.022 0.033999999999999996
3 0.86375 0.43466666666666665 0.0335 0.025333333333333333
3 0.99175 0.48466666666666663 0.0155 0.022666666666666665
3 0.9540000000000001 0.49066666666666664 0.04 0.022666666666666665
3 0.96525 0.5076666666666666 0.0425 0.02333333333333333
4 0.97475 0.5216666666666666 0.0395 0.026
3 0.966 0.5456666666666666 0.047 0.02733333333333333
3 0.903 0.49066666666666664 0.041 0.02
3 0.9085 0.5066666666666666 0.044 0.025333333333333333
3 0.9237500000000001 0.5286666666666666 0.0415 0.022666666666666665
3 0.909 0.5466666666666666 0.048 0.025333333333333333
3 0.8502500000000001 0.49266666666666664 0.0445 0.022666666666666665
3 0.8572500000000001 0.5096666666666666 0.0415 0.024666666666666667
3 0.87375 0.5266666666666666 0.043500000000000004 0.022666666666666665
3 0.8585 0.5476666666666666 0.045 0.02333333333333333
3 0.77975 0.495 0.0365 0.022
3 0.7967500000000001 0.511 0.0405 0.026
3 0.81675 0.5286666666666666 0.0395 0.022666666666666665
3 0.80875 0.5499999999999999 0.0455 0.024
3 0.72975 0.49766666666666665 0.0395 0.020666666666666667
3 0.7365 0.5156666666666666 0.041 0.022
3 0.76175 0.5316666666666666 0.043500000000000004 0.02333333333333333
3 0.7415 0.5516666666666666 0.045 0.024666666666666667
8 0.63775 0.49166666666666664 0.1045 0.04466666666666667
3 0.62825 0.518 0.0415 0.024
3 0.678 0.5156666666666666 0.041 0.02333333333333333
5 0.64525 0.5306666666666666 0.0485 0.029333333333333333
3 0.629 0.5546666666666666 0.042 0.025333333333333333
3 0.67975 0.5536666666666666 0.043500000000000004 0.024666666666666667
0 0.9015 0.44366666666666665 0.008 0.015333333333333332
1 0.871 0.45366666666666666 0.008 0.012666666666666666
2 0.87075 0.45766666666666667 0.0075 0.014
1 0.85475 0.44966666666666666 0.006500000000000001 0.015333333333333332
1 0.858 0.45366666666666666 0.006 0.012666666666666666
6 0.854 0.45366666666666666 0.013000000000000001 0.008666666666666666
6 0.8555 0.45666666666666667 0.013000000000000001 0.010666666666666666
1 0.6835 0.44866666666666666 0.006 0.010666666666666666
2 0.6920000000000001 0.45299999999999996 0.004 0.014
2 0.6965 0.45166666666666666 0.003 0.012666666666666666
2 0.7020000000000001 0.45066666666666666 0.003 0.016
0 0.63725 0.45866666666666667 0.0035 0.016
2 0.64175 0.45466666666666666 0.006500000000000001 0.012
1 0.61975 0.46166666666666667 0.006500000000000001 0.012666666666666666
2 0.6185 0.4646666666666667 0.013000000000000001 0.010666666666666666
1 0.51475 0.46366666666666667 0.0045000000000000005 0.015333333333333332
6 0.516 0.4666666666666667 0.015 0.010666666666666666
1 0.54625 0.48566666666666664 0.006500000000000001 0.012666666666666666
2 0.54575 0.48966666666666664 0.0155 0.008666666666666666
2 0.54425 0.47 0.0135 0.012
2 0.5992500000000001 0.45466666666666666 0.0045000000000000005 0.013333333333333332
2 0.603 0.45566666666666666 0.005 0.015333333333333332
2 0.57675 0.45699999999999996 0.0045000000000000005 0.014
2 0.53225 0.45966666666666667 0.0085 0.014
1 0.57825 0.48066666666666663 0.0085 0.018666666666666665
9 0.57625 0.48466666666666663 0.0155 0.013333333333333332
1 0.6062500000000001 0.4696666666666667 0.0045000000000000005 0.007333333333333333
3 0.45875 0.45566666666666666 0.0145 0.020666666666666667
0 0.39225 0.47866666666666663 0.0055 0.021333333333333333
0 0.36225 0.4696666666666667 0.0055 0.016666666666666666
2 0.3005 0.4656666666666667 0.003 0.012666666666666666
2 0.296 0.4666666666666667 0.003 0.013333333333333332
2 0.34600000000000003 0.46366666666666667 0.004 0.015333333333333332
2 0.35425 0.46366666666666667 0.0045000000000000005 0.015333333333333332
2 0.3585 0.46366666666666667 0.004 0.012666666666666666
2 0.3645 0.46366666666666667 0.004 0.014
1 0.14300000000000002 0.494 0.006 0.016
6 0.14200000000000002 0.49566666666666664 0.014 0.012666666666666666
6 0.1575 0.4756666666666666 0.013000000000000001 0.007333333333333333
6 0.17400000000000002 0.4646666666666667 0.014 0.008
6 0.16775 0.4706666666666667 0.0045000000000000005 0.010666666666666666
1 0.15525 0.4706666666666667 0.0045000000000000005 0.013333333333333332
2 0.10775 0.48366666666666663 0.0035 0.014
2 0.10275000000000001 0.48666666666666664 0.0045000000000000005 0.013333333333333332
2 0.0975 0.48566666666666664 0.005 0.012666666666666666
2 0.089 0.48566666666666664 0.005 0.014
2 0.08325 0.487 0.0045000000000000005 0.014
2 0.078 0.48666666666666664 0.005 0.013333333333333332
2 0.07275 0.48666666666666664 0.0045000000000000005 0.013333333333333332
2 0.069 0.48666666666666664 0.005 0.013333333333333332
2 0.06075 0.48866666666666664 0.0035 0.010666666666666666
2 0.055 0.48766666666666664 0.003 0.011333333333333332
2 0.04525 0.48966666666666664 0.0095 0.011333333333333332
1 0.06375 0.5026666666666666 0.006500000000000001 0.013333333333333332
2 0.064 0.5056666666666666 0.015 0.008666666666666666
1 0.06525 0.49366666666666664 0.0075 0.012666666666666666
2 0.0585 0.5006666666666667 0.016 0.009333333333333332
2 0.01325 0.48966666666666664 0.0055 0.012666666666666666
2 0.01 0.48966666666666664 0.004 0.012666666666666666
2 0.0022500000000000003 0.48966666666666664 0.0035 0.015333333333333332
2 0.034 0.48966666666666664 0.004 0.011333333333333332
2 0.029750000000000002 0.48966666666666664 0.0035 0.012666666666666666
2 0.02475 0.48966666666666664 0.0035 0.012666666666666666
2 0.01975 0.48966666666666664 0.0045000000000000005 0.012666666666666666
2 0.10250000000000001 0.4726666666666666 0.005 0.012
2 0.098 0.4726666666666666 0.003 0.012
2 0.09375 0.4726666666666666 0.0035 0.012
2 0.08925 0.4726666666666666 0.0045000000000000005 0.013333333333333332
2 0.083 0.473 0.006 0.014
2 0.06175 0.4746666666666666 0.0055 0.014666666666666666
2 0.0555 0.4756666666666666 0.006 0.016666666666666666
0 0.9175 0.38566666666666666 0.004 0.015333333333333332
3 0.757 0.19166666666666665 0.012 0.012666666666666666
3 0.7755 0.18866666666666665 0.015 0.014666666666666666
1 0.43075 0.5876666666666667 0.0055 0.015333333333333332
2 0.431 0.593 0.007 0.018
1 0.44825 0.6186666666666667 0.006500000000000001 0.016
9 0.44775000000000004 0.6246666666666666 0.0075 0.018666666666666665
3 0.54825 0.6616666666666666 0.0385 0.043333333333333335
1 0.631 0.6736666666666666 0.006 0.016666666666666666
9 0.63175 0.6766666666666666 0.0165 0.012
1 0.69025 0.6676666666666666 0.0095 0.019333333333333334
1 0.77975 0.6626666666666666 0.0095 0.017333333333333333
1 0.809 0.6646666666666666 0.008 0.016
1 0.8290000000000001 0.6546666666666666 0.011 0.017333333333333333
9 0.6895 0.6729999999999999 0.019 0.014
9 0.77825 0.6656666666666666 0.0185 0.012666666666666666
9 0.8075 0.6696666666666666 0.017 0.011333333333333332
9 0.82775 0.66 0.0185 0.012
1 0.95125 0.6486666666666666 0.0075 0.014666666666666666
1 0.97575 0.6706666666666666 0.0105 0.016
9 0.95075 0.652 0.0195 0.012
9 0.97 0.6756666666666666 0.026000000000000002 0.015333333333333332
1 0.228 0.6866666666666666 0.01 0.017333333333333333
9 0.23075 0.6906666666666667 0.021500000000000002 0.013333333333333332
1 0.2505 0.6996666666666667 0.008 0.016666666666666666
9 0.2525 0.7056666666666667 0.02 0.011333333333333332
1 0.31275000000000003 0.6776666666666666 0.0095 0.016666666666666666
9 0.31475000000000003 0.6826666666666666 0.0175 0.010666666666666666
2 0.3005 0.7326666666666667 0.005 0.02
2 0.30525 0.7306666666666667 0.0055 0.021333333333333333
0 0.38375000000000004 0.7516666666666666 0.0075 0.02333333333333333
1 0.41925 0.7446666666666666 0.0075 0.025333333333333333
1 0.41325 0.7246666666666667 0.0095 0.018666666666666665
1 0.41150000000000003 0.7076666666666667 0.01 0.014
9 0.41250000000000003 0.713 0.017 0.018
2 0.41350000000000003 0.7286666666666667 0.012 0.017333333333333333
2 0.419 0.7476666666666666 0.008 0.024666666666666667
1 0.507 0.7896666666666666 0.006 0.020666666666666667
2 0.50725 0.7946666666666666 0.0055 0.025333333333333333
0 0.56825 0.8436666666666667 0.0085 0.02733333333333333
3 0.51075 0.8746666666666666 0.0285 0.07733333333333334
1 0.40425 0.8856666666666666 0.0085 0.019333333333333334
2 0.40375 0.8956666666666666 0.0055 0.02733333333333333
0 0.3655 0.9726666666666667 0.007 0.026666666666666665
0 0.37725000000000003 0.9726666666666667 0.0095 0.029333333333333333
1 0.40925 0.9956666666666666 0.0095 0.007333333333333333
0 0.58975 0.9386666666666666 0.0105 0.026666666666666665
0 0.274 0.7726666666666666 0.012 0.022666666666666665
2 0.5755 0.7106666666666667 0.007 0.022666666666666665
2 0.5815 0.7106666666666667 0.006 0.024
2 0.599 0.7096666666666667 0.007 0.024666666666666667
2 0.591 0.7106666666666667 0.007 0.022666666666666665
2 0.587 0.7086666666666667 0.007 0.022666666666666665
