5 0.6442857142857142 0.3842857142857143 0.024285714285714285 0.023809523809523808
5 0.5614285714285714 0.39 0.017142857142857144 0.029523809523809525
5 0.5421428571428571 0.38142857142857145 0.012857142857142857 0.02761904761904762
5 0.5314285714285715 0.37952380952380954 0.012857142857142857 0.02761904761904762
5 0.5221428571428571 0.37523809523809526 0.012857142857142857 0.024761904761904763
5 0.5114285714285715 0.37666666666666665 0.014285714285714285 0.029523809523809525
5 0.5021428571428571 0.37476190476190474 0.01 0.02761904761904762
5 0.48678571428571427 0.36952380952380953 0.012142857142857143 0.026666666666666665
5 0.47464285714285714 0.36428571428571427 0.010714285714285714 0.02761904761904762
5 0.4471428571428571 0.36 0.022857142857142857 0.024761904761904763
5 0.4714285714285714 0.33476190476190476 0.025714285714285714 0.018095238095238095
4 0.4642857142857143 0.3395238095238095 0.014285714285714285 0.012380952380952381
5 0.6296428571428572 0.2542857142857143 0.010714285714285714 0.017142857142857144
5 0.6417857142857143 0.25476190476190474 0.007857142857142858 0.018095238095238095
5 0.6496428571428572 0.25523809523809526 0.007857142857142858 0.01904761904761905
5 0.6164285714285714 0.2571428571428571 0.02142857142857143 0.015238095238095238
5 0.49 0.3219047619047619 0.012857142857142857 0.024761904761904763
5 0.5014285714285714 0.32761904761904764 0.01 0.026666666666666665
5 0.5096428571428572 0.3295238095238095 0.010714285714285714 0.022857142857142857
5 0.5192857142857142 0.3314285714285714 0.01 0.022857142857142857
5 0.5278571428571428 0.3323809523809524 0.011428571428571429 0.022857142857142857
5 0.5371428571428571 0.3352380952380952 0.01 0.026666666666666665
5 0.4878571428571429 0.2876190476190476 0.011428571428571429 0.01904761904761905
5 0.495 0.29 0.011428571428571429 0.018095238095238095
5 0.46785714285714286 0.2619047619047619 0.017142857142857144 0.017142857142857144
5 0.47464285714285714 0.25523809523809526 0.019285714285714285 0.015238095238095238
5 0.45 0.2695238095238095 0.02 0.015238095238095238
3 0.17142857142857143 0.2819047619047619 0.014285714285714285 0.007619047619047619
3 0.19 0.2723809523809524 0.01 0.007619047619047619
3 0.19464285714285715 0.2671428571428571 0.012142857142857143 0.004761904761904762
3 0.2392857142857143 0.24761904761904763 0.01 0.007619047619047619
3 0.24392857142857144 0.24523809523809523 0.009285714285714286 0.006666666666666666
3 0.24714285714285714 0.2419047619047619 0.01 0.005714285714285714
3 0.25 0.23952380952380953 0.01 0.006666666666666666
3 0.25535714285714284 0.23714285714285716 0.009285714285714286 0.007619047619047619
4 0.36964285714285716 0.4776190476190476 0.017857142857142856 0.014285714285714285
3 0.3742857142857143 0.4695238095238095 0.012857142857142857 0.009523809523809525
3 0.3871428571428571 0.4519047619047619 0.012857142857142857 0.012380952380952381
5 0.38142857142857145 0.46190476190476193 0.02142857142857143 0.017142857142857144
3 0.14535714285714285 0.5623809523809524 0.016428571428571428 0.01619047619047619
3 0.18214285714285713 0.5447619047619048 0.017142857142857144 0.017142857142857144
3 0.49785714285714283 0.5771428571428572 0.018571428571428572 0.015238095238095238
3 0.4625 0.6366666666666667 0.010714285714285714 0.023809523809523808
4 0.4539285714285714 0.6547619047619048 0.015 0.02
5 0.4325 0.6919047619047619 0.019285714285714285 0.029523809523809525
3 0.42142857142857143 0.7123809523809523 0.01 0.024761904761904763
3 0.3875 0.7695238095238095 0.015 0.030476190476190476
3 0.3414285714285714 0.8347619047619048 0.024285714285714285 0.029523809523809525
3 0.30642857142857144 0.8823809523809524 0.025714285714285714 0.037142857142857144
