0 0.55 0.7266666666666667 0.014285714285714285 0.08761904761904762
0 0.885 0.7595238095238095 0.02 0.09238095238095238
0 0.9253571428571429 0.7876190476190477 0.025 0.09333333333333334
0 0.9496428571428571 0.79 0.019285714285714285 0.0980952380952381
3 0.8471428571428572 0.819047619047619 0.18 0.13333333333333333
4 0.9125 0.709047619047619 0.17214285714285715 0.16095238095238096
3 0.8646428571428572 0.6342857142857142 0.08928571428571429 0.049523809523809526
5 0.7639285714285714 0.6471428571428571 0.08785714285714286 0.06190476190476191
3 0.7621428571428571 0.6019047619047619 0.07714285714285714 0.0419047619047619
0 0.3075 0.5442857142857143 0.005 0.02
0 0.32142857142857145 0.5371428571428571 0.004285714285714286 0.01904761904761905
1 0.2867857142857143 0.5552380952380952 0.005 0.02095238095238095
2 0.2875 0.5647619047619048 0.007857142857142858 0.017142857142857144
7 0.615 0.5852380952380952 0.022857142857142857 0.021904761904761906
7 0.5975 0.5747619047619048 0.017857142857142856 0.023809523809523808
1 0.5514285714285714 0.5352380952380953 0.004285714285714286 0.013333333333333332
2 0.5503571428571429 0.5419047619047619 0.0035714285714285713 0.007619047619047619
0 0.42464285714285716 0.5166666666666667 0.002142857142857143 0.008571428571428572
0 0.4714285714285714 0.5138095238095238 0.0014285714285714286 0.006666666666666666
3 0.09214285714285714 0.6047619047619047 0.09 0.03238095238095238
5 0.11428571428571428 0.5866666666666667 0.11857142857142858 0.049523809523809526
3 0.16464285714285715 0.6395238095238095 0.11785714285714285 0.05047619047619047
3 0.3092857142857143 0.5895238095238096 0.07714285714285714 0.0419047619047619
3 0.3196428571428571 0.5814285714285714 0.05785714285714286 0.03142857142857143
3 0.33214285714285713 0.579047619047619 0.05 0.026666666666666665
3 0.33714285714285713 0.57 0.05285714285714286 0.021904761904761906
3 0.3467857142857143 0.5652380952380952 0.035 0.023809523809523808
3 0.34714285714285714 0.5647619047619048 0.05 0.024761904761904763
3 0.35 0.5566666666666666 0.04857142857142857 0.021904761904761906
4 0.35928571428571426 0.5519047619047619 0.04285714285714286 0.021904761904761906
3 0.36714285714285716 0.5495238095238095 0.04 0.022857142857142857
3 0.35714285714285715 0.5419047619047619 0.04 0.015238095238095238
8 0.3525 0.5371428571428571 0.04071428571428572 0.030476190476190476
3 0.17035714285714285 0.5814285714285714 0.06928571428571428 0.035238095238095235
3 0.2092857142857143 0.5695238095238095 0.047142857142857146 0.024761904761904763
3 0.21464285714285714 0.5547619047619048 0.04214285714285714 0.023809523809523808
3 0.1875 0.5471428571428572 0.03785714285714286 0.02
3 0.21678571428571428 0.5371428571428571 0.030714285714285715 0.015238095238095238
3 0.195 0.5247619047619048 0.02 0.013333333333333332
3 0.21214285714285713 0.5247619047619048 0.02 0.015238095238095238
3 0.2317857142857143 0.5271428571428571 0.019285714285714285 0.02
3 0.29964285714285716 0.539047619047619 0.035 0.022857142857142857
3 0.33035714285714285 0.5347619047619048 0.02642857142857143 0.02
3 0.31214285714285717 0.5271428571428571 0.015714285714285715 0.014285714285714285
3 0.3517857142857143 0.5238095238095238 0.025 0.017142857142857144
5 0.3846428571428571 0.5223809523809524 0.02214285714285714 0.012380952380952381
3 0.455 0.5671428571428572 0.02142857142857143 0.02761904761904762
3 0.42142857142857143 0.5419047619047619 0.025714285714285714 0.015238095238095238
3 0.39964285714285713 0.5366666666666666 0.029285714285714286 0.012380952380952381
3 0.4225 0.5319047619047619 0.025 0.012380952380952381
3 0.3975 0.5223809523809524 0.020714285714285713 0.012380952380952381
3 0.40535714285714286 0.5223809523809524 0.017857142857142856 0.010476190476190476
8 0.4117857142857143 0.5171428571428571 0.020714285714285713 0.015238095238095238
3 0.42392857142857143 0.5071428571428571 0.009285714285714286 0.004761904761904762
3 0.4114285714285714 0.5047619047619047 0.011428571428571429 0.0038095238095238095
3 0.4446428571428571 0.5352380952380953 0.02214285714285714 0.011428571428571429
3 0.4421428571428571 0.5266666666666666 0.015714285714285715 0.009523809523809525
7 0.44785714285714284 0.5276190476190477 0.005714285714285714 0.011428571428571429
5 0.47035714285714286 0.5323809523809524 0.029285714285714286 0.015238095238095238
3 0.43785714285714283 0.5166666666666667 0.007142857142857143 0.006666666666666666
3 0.43535714285714283 0.5147619047619048 0.005 0.006666666666666666
3 0.4342857142857143 0.5119047619047619 0.007142857142857143 0.004761904761904762
3 0.4564285714285714 0.5138095238095238 0.007142857142857143 0.008571428571428572
3 0.46214285714285713 0.5114285714285715 0.005714285714285714 0.005714285714285714
3 0.4546428571428571 0.5090476190476191 0.005 0.004761904761904762
3 0.4475 0.5071428571428571 0.005 0.006666666666666666
3 0.4442857142857143 0.5076190476190476 0.004285714285714286 0.005714285714285714
3 0.43964285714285717 0.5071428571428571 0.005 0.004761904761904762
3 0.435 0.5071428571428571 0.002857142857142857 0.004761904761904762
3 0.43892857142857145 0.5019047619047619 0.0035714285714285713 0.0038095238095238095
3 0.4689285714285714 0.5071428571428571 0.010714285714285714 0.004761904761904762
5 0.49142857142857144 0.5171428571428571 0.014285714285714285 0.009523809523809525
5 0.5121428571428571 0.5123809523809524 0.025714285714285714 0.015238095238095238
5 0.5121428571428571 0.5166666666666667 0.022857142857142857 0.012380952380952381
5 0.5078571428571429 0.5195238095238095 0.017142857142857144 0.010476190476190476
5 0.5121428571428571 0.5219047619047619 0.02 0.009523809523809525
5 0.5192857142857142 0.5271428571428571 0.012857142857142857 0.012380952380952381
5 0.5364285714285715 0.5247619047619048 0.012857142857142857 0.015238095238095238
5 0.5314285714285715 0.5219047619047619 0.014285714285714285 0.015238095238095238
3 0.5 0.5319047619047619 0.027142857142857142 0.012380952380952381
3 0.54 0.5347619047619048 0.024285714285714285 0.012380952380952381
3 0.5567857142857143 0.5238095238095238 0.009285714285714286 0.011428571428571429
3 0.5675 0.5276190476190477 0.013571428571428571 0.011428571428571429
3 0.5642857142857143 0.5366666666666666 0.027142857142857142 0.014285714285714285
3 0.49892857142857144 0.5447619047619048 0.016428571428571428 0.015238095238095238
3 0.5253571428571429 0.55 0.017857142857142856 0.018095238095238095
3 0.5196428571428572 0.5752380952380952 0.025 0.026666666666666665
3 0.5475 0.5695238095238095 0.023571428571428573 0.022857142857142857
1 0.5928571428571429 0.5342857142857143 0.002857142857142857 0.007619047619047619
9 0.5939285714285715 0.5376190476190477 0.010714285714285714 0.006666666666666666
5 0.6071428571428571 0.5290476190476191 0.017142857142857144 0.014285714285714285
3 0.605 0.5242857142857142 0.022857142857142857 0.012380952380952381
3 0.6164285714285714 0.5242857142857142 0.012857142857142857 0.012380952380952381
3 0.5971428571428572 0.5247619047619048 0.012857142857142857 0.011428571428571429
3 0.5942857142857143 0.5447619047619048 0.03428571428571429 0.015238095238095238
3 0.595 0.5347619047619048 0.02 0.012380952380952381
4 0.6117857142857143 0.5466666666666666 0.035 0.022857142857142857
3 0.6196428571428572 0.5514285714285714 0.030714285714285715 0.01904761904761905
3 0.6321428571428571 0.5538095238095239 0.03571428571428571 0.018095238095238095
3 0.6371428571428571 0.5571428571428572 0.03428571428571429 0.022857142857142857
3 0.6475 0.5614285714285714 0.047857142857142855 0.021904761904761906
3 0.6071428571428571 0.6142857142857143 0.047142857142857146 0.04
3 0.5817857142857142 0.6619047619047619 0.056428571428571425 0.05714285714285714
