3 0.54575 0.42566666666666664 0.0505 0.04466666666666667
3 0.798 0.8846666666666666 0.075 0.16266666666666665
3 0.8055 0.7356666666666667 0.062 0.10733333333333334
3 0.805 0.6406666666666666 0.057 0.09066666666666666
3 0.76575 0.48466666666666663 0.0415 0.050666666666666665
4 0.581 0.33166666666666667 0.064 0.03266666666666666
4 0.64875 0.31066666666666665 0.0535 0.03866666666666667
4 0.7262500000000001 0.31666666666666665 0.0445 0.03866666666666667
3 0.48775 0.32766666666666666 0.0535 0.03133333333333333
4 0.392 0.31066666666666665 0.059000000000000004 0.036
4 0.318 0.30466666666666664 0.06 0.036
0 0.67575 0.30766666666666664 0.006500000000000001 0.024666666666666667
0 0.6920000000000001 0.30566666666666664 0.006 0.024666666666666667
0 0.68125 0.30266666666666664 0.006500000000000001 0.025333333333333333
0 0.6980000000000001 0.29966666666666664 0.008 0.024666666666666667
3 0.64 0.19066666666666665 0.025 0.017333333333333333
4 0.68175 0.17066666666666666 0.0155 0.018666666666666665
3 0.63825 0.14666666666666667 0.0135 0.013333333333333332
3 0.6405 0.13666666666666666 0.02 0.013333333333333332
3 0.6627500000000001 0.13366666666666666 0.0125 0.015333333333333332
3 0.2135 0.30666666666666664 0.043000000000000003 0.028
0 0.24075 0.29766666666666663 0.0055 0.024666666666666667
0 0.47125 0.18366666666666667 0.0035 0.014
0 0.46575 0.18466666666666667 0.0045000000000000005 0.014666666666666666
3 0.5855 0.16466666666666666 0.018000000000000002 0.013333333333333332
3 0.58775 0.18166666666666667 0.0235 0.018
