3 0.20714285714285716 0.6681472081218274 0.08714285714285715 0.10025380710659898
3 0.39714285714285713 0.8102791878172588 0.07714285714285714 0.1383248730964467
3 0.3375 0.515228426395939 0.065 0.06598984771573603
5 0.4492857142857143 0.4543147208121827 0.10428571428571429 0.1548223350253807
3 0.5 0.5006345177664975 0.06 0.07741116751269035
3 0.6171428571428571 0.25888324873096447 0.047142857142857146 0.06598984771573603
5 0.845 0.299492385786802 0.10285714285714286 0.20050761421319796
3 0.7071428571428572 0.3432741116751269 0.047142857142857146 0.07741116751269035
3 0.6717857142857143 0.2519035532994924 0.04357142857142857 0.05710659898477157
3 0.7592857142857142 0.15228426395939085 0.037142857142857144 0.04060913705583756
3 0.7325 0.12309644670050761 0.035 0.03807106598984771
3 0.8875 0.1516497461928934 0.035 0.05456852791878172
