3 0.20328810020876825 0.05797773654916512 0.023486430062630476 0.036178107606679034
3 0.10151356993736951 0.9276437847866419 0.04540709812108559 0.09461966604823747
3 0.20302713987473903 0.890074211502783 0.06889352818371607 0.09554730983302412
3 0.24478079331941544 0.19851576994434136 0.037578288100208766 0.03153988868274583
9 0.2664405010438413 0.26669758812615957 0.008872651356993735 0.0176252319109462
1 0.2653966597077244 0.2634508348794063 0.0057411273486430055 0.014842300556586271
9 0.2807933194154488 0.26113172541743973 0.013569937369519832 0.0176252319109462
9 0.2189457202505219 0.0088126159554731 0.01826722338204593 0.01948051948051948
3 0.23486430062630478 0.018089053803339517 0.019832985386221292 0.026901669758812616
3 0.2513048016701461 0.037569573283859 0.019311064718162838 0.026901669758812616
3 0.28966597077244255 0.075139146567718 0.022964509394572022 0.027829313543599257
3 0.31236951983298533 0.09972170686456401 0.02453027139874739 0.030612244897959183
3 0.33898747390396655 0.12291280148423006 0.025574112734864297 0.0287569573283859
3 0.36247390396659707 0.14285714285714285 0.02661795407098121 0.0352504638218924
3 0.29175365344467635 0.2212430426716141 0.025052192066805843 0.039888682745825604
4 0.30062630480167013 0.19387755102040816 0.025052192066805843 0.04267161410018553
3 0.36534446764091855 0.30890538033395176 0.025052192066805843 0.0463821892393321
3 0.3987473903966597 0.3460111317254174 0.03549060542797494 0.05380333951762523
4 0.38726513569937365 0.16512059369202226 0.026096033402922752 0.03710575139146568
2 0.3898747390396659 0.3710575139146568 0.014613778705636741 0.020408163265306124
3 0.443893528183716 0.22448979591836735 0.03079331941544885 0.04081632653061225
3 0.41153444676409184 0.19387755102040816 0.02766179540709812 0.03896103896103896
3 0.47599164926931103 0.2588126159554731 0.03444676409185803 0.04081632653061225
3 0.4371085594989561 0.3914656771799629 0.0360125260960334 0.055658627087198514
3 0.510438413361169 0.28988868274582563 0.033402922755741124 0.03803339517625232
3 0.5302713987473904 0.33719851576994436 0.03549060542797494 0.043599257884972174
5 0.548277661795407 0.3181818181818182 0.03183716075156576 0.04823747680890538
9 0.4449373695198329 0.44712430426716143 0.010960334029227557 0.027829313543599257
9 0.47155532359081415 0.48283858998144713 0.012004175365344467 0.02504638218923933
9 0.4819937369519833 0.5051020408163266 0.009916492693110646 0.030612244897959183
3 0.5153966597077244 0.4749536178107607 0.04123173277661795 0.07606679035250465
2 0.5070459290187891 0.5347866419294991 0.015135699373695197 0.021335807050092765
3 0.578027139874739 0.5584415584415584 0.04958246346555323 0.0686456400742115
9 0.5378392484342379 0.6015769944341373 0.01826722338204593 0.030612244897959183
9 0.5469728601252609 0.6131725417439703 0.016701461377870562 0.027829313543599257
9 0.5349686847599164 0.589517625231911 0.018789144050104383 0.02319109461966605
3 0.5850730688935282 0.36410018552875695 0.04070981210855949 0.045454545454545456
3 0.6312630480167014 0.4100185528756957 0.04123173277661795 0.05009276437847866
3 0.6677974947807932 0.45640074211502785 0.04331941544885177 0.055658627087198514
3 0.7275574112734864 0.5060296846011132 0.050104384133611686 0.05844155844155844
3 0.784446764091858 0.5593692022263451 0.051148225469728595 0.061224489795918366
4 0.656054279749478 0.648886827458256 0.044885177453027135 0.07328385899814471
3 0.7079853862212943 0.7152133580705009 0.05167014613778705 0.07606679035250465
9 0.7009394572025052 0.7769016697588126 0.019832985386221292 0.030612244897959183
9 0.707724425887265 0.7935992578849722 0.018789144050104383 0.03246753246753247
6 0.6740605427974947 0.7569573283858998 0.023486430062630476 0.04081632653061225
6 0.6531837160751565 0.7430426716141002 0.015135699373695197 0.03710575139146568
6 0.6443110647181628 0.7244897959183674 0.02453027139874739 0.04081632653061225
6 0.6286534446764092 0.7133580705009277 0.02453027139874739 0.0463821892393321
9 0.6236951983298538 0.6906307977736549 0.010438413361169102 0.03432282003710575
3 0.6925887265135698 0.1859925788497217 0.028183716075156573 0.049165120593692026
3 0.7056367432150312 0.16743970315398887 0.019832985386221292 0.030612244897959183
3 0.7471294363256784 0.1410018552875696 0.02974947807933194 0.03153988868274583
3 0.7601774530271398 0.1284786641929499 0.02453027139874739 0.026901669758812616
3 0.7831419624217119 0.10992578849721707 0.02453027139874739 0.026901669758812616
3 0.9321503131524007 0.7087198515769945 0.06680584551148225 0.07606679035250465
3 0.9363256784968684 0.37337662337662336 0.04279749478079332 0.05102040816326531
3 0.6385699373695197 0.2193877551020408 0.03705636743215031 0.045454545454545456
0 0.1534446764091858 0.8469387755102041 0.006263048016701461 0.025974025974025976
0 0.11717118997912317 0.8534322820037106 0.014091858037578286 0.029684601113172542
