0 0.955 0.9142857142857143 0.008571428571428572 0.03238095238095238
0 0.9667857142857142 0.919047619047619 0.007857142857142858 0.02857142857142857
0 0.8221428571428572 0.839047619047619 0.007142857142857143 0.024761904761904763
0 0.9867857142857143 0.7314285714285714 0.0035714285714285713 0.013333333333333332
0 0.9921428571428571 0.7366666666666667 0.002857142857142857 0.01619047619047619
0 0.9971428571428571 0.7347619047619047 0.002857142857142857 0.014285714285714285
0 0.6592857142857143 0.8795238095238095 0.008571428571428572 0.025714285714285714
0 0.6342857142857142 0.8666666666666667 0.007142857142857143 0.024761904761904763
0 0.585 0.8847619047619047 0.008571428571428572 0.024761904761904763
0 0.5346428571428572 0.8538095238095238 0.007857142857142858 0.021904761904761906
0 0.46785714285714286 0.9395238095238095 0.01 0.029523809523809525
0 0.435 0.949047619047619 0.007142857142857143 0.03142857142857143
0 0.4421428571428571 0.8647619047619047 0.005714285714285714 0.022857142857142857
0 0.40964285714285714 0.8319047619047619 0.005 0.021904761904761906
0 0.42178571428571426 0.7747619047619048 0.005 0.02
0 0.44035714285714284 0.7814285714285715 0.0035714285714285713 0.01619047619047619
0 0.4714285714285714 0.7871428571428571 0.004285714285714286 0.02
0 0.47964285714285715 0.7876190476190477 0.005 0.02095238095238095
1 0.33714285714285713 0.7366666666666667 0.004285714285714286 0.012380952380952381
9 0.3367857142857143 0.741904761904762 0.009285714285714286 0.007619047619047619
0 0.40714285714285714 0.7042857142857143 0.004285714285714286 0.012380952380952381
0 0.4253571428571429 0.719047619047619 0.005 0.011428571428571429
0 0.4228571428571429 0.6895238095238095 0.004285714285714286 0.013333333333333332
1 0.2546428571428571 0.7566666666666667 0.005 0.010476190476190476
9 0.25392857142857145 0.7619047619047619 0.005 0.017142857142857144
0 0.2517857142857143 0.6338095238095238 0.0035714285714285713 0.006666666666666666
0 0.25035714285714283 0.6190476190476191 0.002142857142857143 0.007619047619047619
0 0.26964285714285713 0.5876190476190476 0.002142857142857143 0.005714285714285714
0 0.255 0.5642857142857143 0.0014285714285714286 0.004761904761904762
3 0.07964285714285714 0.9119047619047619 0.039285714285714285 0.05238095238095238
3 0.22464285714285714 0.9423809523809524 0.045 0.04476190476190476
3 0.12535714285714286 0.7966666666666666 0.025 0.029523809523809525
3 0.2817857142857143 0.8623809523809524 0.02214285714285714 0.037142857142857144
3 0.27964285714285714 0.8 0.017857142857142856 0.03238095238095238
3 0.27964285714285714 0.7238095238095238 0.017857142857142856 0.02095238095238095
3 0.22214285714285714 0.7023809523809523 0.012857142857142857 0.01619047619047619
3 0.2475 0.6514285714285715 0.012142857142857143 0.015238095238095238
3 0.17535714285714285 0.6452380952380953 0.013571428571428571 0.012380952380952381
3 0.2425 0.6323809523809524 0.007857142857142858 0.009523809523809525
0 0.24428571428571427 0.6238095238095238 0.002857142857142857 0.007619047619047619
7 0.24214285714285713 0.6223809523809524 0.007142857142857143 0.008571428571428572
3 0.19428571428571428 0.5971428571428572 0.007142857142857143 0.007619047619047619
3 0.22178571428571428 0.5966666666666667 0.0064285714285714285 0.008571428571428572
3 0.225 0.5895238095238096 0.005714285714285714 0.007619047619047619
3 0.2125 0.59 0.005 0.006666666666666666
3 0.2025 0.5852380952380952 0.005 0.006666666666666666
3 0.20392857142857143 0.5766666666666667 0.005 0.004761904761904762
3 0.21428571428571427 0.5819047619047619 0.004285714285714286 0.005714285714285714
3 0.21464285714285714 0.5771428571428572 0.005 0.005714285714285714
3 0.22392857142857142 0.5723809523809524 0.0035714285714285713 0.005714285714285714
3 0.23285714285714285 0.5647619047619048 0.004285714285714286 0.005714285714285714
3 0.23285714285714285 0.5614285714285714 0.004285714285714286 0.004761904761904762
3 0.23142857142857143 0.5595238095238095 0.002857142857142857 0.004761904761904762
3 0.2225 0.5595238095238095 0.0035714285714285713 0.004761904761904762
3 0.22 0.5642857142857143 0.004285714285714286 0.004761904761904762
3 0.2075 0.5652380952380952 0.0035714285714285713 0.004761904761904762
3 0.20392857142857143 0.5619047619047619 0.005 0.005714285714285714
3 0.2 0.5666666666666667 0.004285714285714286 0.007619047619047619
5 0.1875 0.5719047619047619 0.012142857142857143 0.010476190476190476
3 0.1875 0.5642857142857143 0.005 0.004761904761904762
3 0.19214285714285714 0.5623809523809524 0.002857142857142857 0.004761904761904762
3 0.19392857142857142 0.5547619047619048 0.0035714285714285713 0.004761904761904762
3 0.2025 0.549047619047619 0.005 0.004761904761904762
5 0.20892857142857144 0.549047619047619 0.005 0.008571428571428572
3 0.21464285714285714 0.5547619047619048 0.005 0.004761904761904762
3 0.22 0.5519047619047619 0.002857142857142857 0.004761904761904762
3 0.22892857142857143 0.55 0.0035714285714285713 0.004761904761904762
8 0.22535714285714287 0.5366666666666666 0.0035714285714285713 0.006666666666666666
3 0.22892857142857143 0.5423809523809524 0.0035714285714285713 0.004761904761904762
5 0.2542857142857143 0.5819047619047619 0.017142857142857144 0.009523809523809525
3 0.2546428571428571 0.5866666666666667 0.009285714285714286 0.007619047619047619
3 0.27785714285714286 0.5942857142857143 0.012857142857142857 0.007619047619047619
3 0.33785714285714286 0.69 0.02857142857142857 0.012380952380952381
3 0.3796428571428571 0.6776190476190476 0.025 0.014285714285714285
3 0.3975 0.6852380952380952 0.017857142857142856 0.018095238095238095
3 0.4425 0.6823809523809524 0.025 0.012380952380952381
3 0.4467857142857143 0.6895238095238095 0.009285714285714286 0.013333333333333332
3 0.4392857142857143 0.7047619047619048 0.024285714285714285 0.015238095238095238
3 0.3296428571428571 0.7019047619047619 0.015 0.015238095238095238
3 0.42964285714285716 0.7119047619047619 0.025 0.01619047619047619
3 0.3975 0.7171428571428572 0.027857142857142858 0.015238095238095238
3 0.4075 0.7214285714285714 0.027857142857142858 0.018095238095238095
3 0.415 0.7371428571428571 0.03 0.015238095238095238
3 0.43535714285714283 0.7442857142857143 0.029285714285714286 0.012380952380952381
0 0.4425 0.731904761904762 0.005 0.012380952380952381
3 0.4303571428571429 0.7547619047619047 0.03214285714285714 0.02
3 0.4496428571428571 0.7595238095238095 0.035 0.02
3 0.4539285714285714 0.7690476190476191 0.03357142857142857 0.02
3 0.4514285714285714 0.8214285714285714 0.03 0.03142857142857143
3 0.4875 0.8823809523809524 0.052142857142857144 0.035238095238095235
2 0.5428571428571428 0.8442857142857143 0.017142857142857144 0.012380952380952381
2 0.5396428571428571 0.8395238095238096 0.017857142857142856 0.014285714285714285
2 0.5371428571428571 0.8366666666666667 0.017142857142857144 0.014285714285714285
2 0.5342857142857143 0.8323809523809523 0.017142857142857144 0.013333333333333332
2 0.5292857142857142 0.829047619047619 0.017142857142857144 0.014285714285714285
3 0.3375 0.97 0.065 0.054285714285714284
3 0.35642857142857143 0.9314285714285714 0.06142857142857143 0.04
3 0.3525 0.8976190476190476 0.062142857142857146 0.04285714285714286
3 0.3525 0.8766666666666667 0.056428571428571425 0.035238095238095235
3 0.34285714285714286 0.8595238095238095 0.045714285714285714 0.03333333333333333
3 0.34464285714285714 0.8419047619047619 0.045 0.03619047619047619
3 0.3242857142857143 0.8319047619047619 0.04428571428571428 0.02761904761904762
3 0.31892857142857145 0.8166666666666667 0.045 0.029523809523809525
5 0.32785714285714285 0.7871428571428571 0.055714285714285716 0.04476190476190476
3 0.36464285714285716 0.7838095238095238 0.027857142857142858 0.024761904761904763
3 0.35535714285714287 0.7476190476190476 0.015 0.024761904761904763
3 0.31785714285714284 0.7747619047619048 0.03571428571428571 0.02
3 0.3171428571428571 0.7647619047619048 0.032857142857142856 0.022857142857142857
3 0.31142857142857144 0.7542857142857143 0.03571428571428571 0.02095238095238095
3 0.31392857142857145 0.7442857142857143 0.030714285714285715 0.018095238095238095
3 0.315 0.7352380952380952 0.03142857142857143 0.015238095238095238
3 0.3175 0.7238095238095238 0.030714285714285715 0.017142857142857144
3 0.31 0.7142857142857143 0.03 0.015238095238095238
3 0.43392857142857144 0.9809523809523809 0.039285714285714285 0.03619047619047619
3 0.4764285714285714 0.9738095238095238 0.04285714285714286 0.05047619047619047
3 0.5214285714285715 0.96 0.041428571428571426 0.05714285714285714
3 0.5564285714285714 0.9495238095238095 0.05285714285714286 0.06285714285714286
3 0.5946428571428571 0.9376190476190476 0.045 0.04476190476190476
4 0.6367857142857143 0.9271428571428572 0.04214285714285714 0.054285714285714284
3 0.5914285714285714 0.8595238095238095 0.02857142857142857 0.03333333333333333
0 0.5971428571428572 0.8423809523809523 0.005714285714285714 0.01619047619047619
0 0.6696428571428571 0.8223809523809524 0.005 0.018095238095238095
9 0.6392857142857142 0.8271428571428572 0.014285714285714285 0.021904761904761906
9 0.6721428571428572 0.82 0.012857142857142857 0.011428571428571429
3 0.6617857142857143 0.8352380952380952 0.016428571428571428 0.02857142857142857
3 0.6971428571428572 0.829047619047619 0.03 0.03333333333333333
5 0.6667857142857143 0.9247619047619048 0.047857142857142855 0.04380952380952381
3 0.7028571428571428 0.9147619047619048 0.04428571428571428 0.037142857142857144
7 0.7217857142857143 0.9095238095238095 0.029285714285714286 0.030476190476190476
9 0.7921428571428571 0.7871428571428571 0.012857142857142857 0.018095238095238095
3 0.7653571428571428 0.89 0.055 0.035238095238095235
3 0.7917857142857143 0.8819047619047619 0.052142857142857144 0.0380952380952381
3 0.8142857142857143 0.8776190476190476 0.047142857142857146 0.03333333333333333
3 0.8253571428571429 0.8695238095238095 0.04928571428571429 0.04
3 0.8471428571428572 0.8647619047619047 0.047142857142857146 0.03619047619047619
3 0.8803571428571428 0.8519047619047619 0.05357142857142857 0.039047619047619046
3 0.8628571428571429 0.8566666666666667 0.047142857142857146 0.039047619047619046
3 0.9078571428571428 0.8423809523809523 0.05285714285714286 0.03333333333333333
4 0.9121428571428571 0.8271428571428572 0.04285714285714286 0.03333333333333333
3 0.9317857142857143 0.8295238095238096 0.04642857142857143 0.030476190476190476
3 0.9446428571428571 0.8242857142857143 0.04928571428571429 0.02761904761904762
5 0.8567857142857143 0.9676190476190476 0.08928571428571429 0.06285714285714286
5 0.8917857142857143 0.9719047619047619 0.07785714285714286 0.054285714285714284
3 0.9214285714285714 0.9723809523809523 0.06857142857142857 0.05333333333333333
3 0.9371428571428572 0.9595238095238096 0.07 0.05238095238095238
3 0.9660714285714286 0.9571428571428572 0.06642857142857143 0.05714285714285714
3 0.9860714285714286 0.9319047619047619 0.02642857142857143 0.035238095238095235
3 0.9692857142857143 0.8219047619047619 0.047142857142857146 0.03428571428571429
3 0.9771428571428571 0.8152380952380952 0.04428571428571428 0.04
3 0.9867857142857143 0.8147619047619048 0.025 0.029523809523809525
3 0.9864285714285714 0.81 0.025714285714285714 0.035238095238095235
3 0.9853571428571428 0.7595238095238095 0.027857142857142858 0.02
3 0.9428571428571428 0.7571428571428571 0.02857142857142857 0.01904761904761905
4 0.9289285714285714 0.7595238095238095 0.03785714285714286 0.021904761904761906
3 0.92 0.7642857142857142 0.03428571428571429 0.02
3 0.9 0.789047619047619 0.03142857142857143 0.021904761904761906
7 0.8746428571428572 0.7714285714285715 0.027857142857142858 0.01904761904761905
3 0.8628571428571429 0.7895238095238095 0.02142857142857143 0.024761904761904763
3 0.8403571428571428 0.7838095238095238 0.016428571428571428 0.022857142857142857
