3 0.1375 0.7931472081218274 0.045 0.06598984771573603
3 0.30464285714285716 0.47969543147208116 0.030714285714285715 0.04568527918781726
3 0.3475 0.516497461928934 0.029285714285714286 0.053299492385786795
3 0.3653571428571429 0.4029187817258883 0.02642857142857143 0.03680203045685279
3 0.365 0.36040609137055835 0.027142857142857142 0.032994923857868015
3 0.4442857142857143 0.36040609137055835 0.02142857142857143 0.035532994923857864
3 0.40714285714285714 0.291243654822335 0.02 0.029187817258883246
3 0.4517857142857143 0.20431472081218272 0.017857142857142856 0.02284263959390863
3 0.4789285714285714 0.18210659898477155 0.015 0.024111675126903553
3 0.5039285714285714 0.12563451776649745 0.012142857142857143 0.02030456852791878
3 0.5196428571428572 0.06218274111675126 0.010714285714285714 0.017766497461928932
3 0.5296428571428572 0.042512690355329945 0.012142857142857143 0.019035532994923856
3 0.5225 0.17703045685279187 0.015 0.031725888324873094
3 0.4878571428571429 0.21383248730964466 0.015714285714285715 0.031725888324873094
4 0.43285714285714283 0.24048223350253806 0.018571428571428572 0.026649746192893398
4 0.475 0.15038071065989847 0.015714285714285715 0.026649746192893398
4 0.5267857142857143 0.07550761421319796 0.012142857142857143 0.021573604060913704
3 0.5739285714285715 0.03109137055837563 0.010714285714285714 0.024111675126903553
4 0.26142857142857145 0.7614213197969543 0.04428571428571428 0.09390862944162436
0 0.3817857142857143 0.8508883248730964 0.007857142857142858 0.03426395939086294
0 0.30428571428571427 0.9263959390862944 0.008571428571428572 0.032994923857868015
0 0.3792857142857143 0.8439086294416243 0.008571428571428572 0.035532994923857864
8 0.21964285714285714 0.6288071065989848 0.052142857142857144 0.09771573604060912
0 0.2017857142857143 0.5482233502538071 0.007857142857142858 0.027918781725888322
0 0.43285714285714283 0.16370558375634517 0.004285714285714286 0.015228426395939085
0 0.43892857142857145 0.16243654822335024 0.0035714285714285713 0.012690355329949238
0 0.4417857142857143 0.16243654822335024 0.0035714285714285713 0.012690355329949238
0 0.4471428571428571 0.16243654822335024 0.002857142857142857 0.01015228426395939
0 0.4546428571428571 0.1281725888324873 0.002142857142857143 0.012690355329949238
0 0.45714285714285713 0.1281725888324873 0.002857142857142857 0.01015228426395939
0 0.44285714285714284 0.15609137055837563 0.002857142857142857 0.012690355329949238
