3 0.2225 0.012690355329949238 0.02642857142857143 0.02284263959390863
3 0.085 0.9530456852791878 0.025714285714285714 0.08375634517766496
8 0.96 0.532994923857868 0.06857142857142857 0.10913705583756345
3 0.9464285714285714 0.7956852791878172 0.03857142857142857 0.06598984771573603
3 0.8296428571428571 0.7151015228426395 0.025 0.06472081218274112
3 0.43785714285714283 0.9505076142131978 0.018571428571428572 0.08121827411167512
3 0.5225 0.7944162436548222 0.020714285714285713 0.06852791878172589
8 0.5828571428571429 0.6389593908629441 0.02 0.07233502538071065
5 0.5521428571428572 0.43527918781725883 0.022857142857142857 0.08375634517766496
3 0.5021428571428571 0.5507614213197969 0.012857142857142857 0.06091370558375634
4 0.46964285714285714 0.2151015228426396 0.017857142857142856 0.05456852791878172
8 0.25535714285714284 0.706218274111675 0.03785714285714286 0.18401015228426396
0 0.18035714285714285 0.972715736040609 0.005 0.029187817258883246
0 0.17464285714285716 0.9638324873096445 0.007857142857142858 0.026649746192893398
0 0.25214285714285717 0.20748730964467005 0.005714285714285714 0.021573604060913704
0 0.2475 0.2112944162436548 0.005 0.026649746192893398
0 0.2671428571428571 0.141497461928934 0.007142857142857143 0.016497461928934008
0 0.24928571428571428 0.11611675126903552 0.004285714285714286 0.019035532994923856
3 0.30464285714285716 0.09644670050761421 0.015 0.032994923857868015
3 0.29714285714285715 0.015228426395939085 0.02 0.025380710659898477
0 0.22214285714285714 0.3978426395939086 0.005714285714285714 0.019035532994923856
0 0.22535714285714287 0.3978426395939086 0.0064285714285714285 0.021573604060913704
