3 0.34714285714285714 0.9161904761904762 0.18285714285714286 0.1657142857142857
3 0.9292857142857143 0.8866666666666667 0.13857142857142857 0.22476190476190477
3 0.9746428571428571 0.3576190476190476 0.04928571428571429 0.09619047619047619
0 0.9478571428571428 0.4638095238095238 0.03 0.07809523809523809
0 0.9728571428571429 0.5395238095238095 0.04428571428571428 0.1019047619047619
3 0.7071428571428572 0.6395238095238095 0.1 0.2257142857142857
3 0.475 0.6838095238095238 0.13 0.24
3 0.5503571428571429 0.4876190476190476 0.08357142857142857 0.15047619047619049
3 0.5989285714285715 0.34904761904761905 0.07785714285714286 0.11523809523809524
3 0.6203571428571428 0.25 0.062142857142857146 0.06761904761904762
3 0.7464285714285714 0.30714285714285716 0.06285714285714286 0.1
3 0.8246428571428571 0.30428571428571427 0.05928571428571429 0.09238095238095238
3 0.7614285714285715 0.20952380952380953 0.05285714285714286 0.07428571428571429
3 0.815 0.21904761904761905 0.05714285714285714 0.06666666666666667
3 0.8121428571428572 0.16714285714285715 0.047142857142857146 0.06190476190476191
3 0.7596428571428572 0.16238095238095238 0.04928571428571429 0.05619047619047619
4 0.6642857142857143 0.12476190476190477 0.041428571428571426 0.07238095238095238
3 0.9564285714285714 0.27714285714285714 0.07285714285714286 0.08
3 0.9364285714285714 0.21666666666666667 0.07142857142857142 0.06571428571428571
3 0.9128571428571428 0.15714285714285714 0.054285714285714284 0.05142857142857143
3 0.9003571428571429 0.10714285714285714 0.05071428571428571 0.04476190476190476
3 0.8792857142857143 0.06666666666666667 0.041428571428571426 0.04
3 0.8775 0.03238095238095238 0.05785714285714286 0.03238095238095238
3 0.7621428571428571 0.12238095238095238 0.04285714285714286 0.04857142857142857
3 0.7646428571428572 0.09428571428571429 0.03785714285714286 0.047619047619047616
3 0.7567857142857143 0.04428571428571428 0.03214285714285714 0.035238095238095235
3 0.7892857142857143 0.037142857142857144 0.032857142857142856 0.0380952380952381
3 0.6821428571428572 0.03238095238095238 0.027142857142857142 0.04
3 0.7471428571428571 0.02142857142857143 0.027142857142857142 0.037142857142857144
3 0.7746428571428572 0.012380952380952381 0.03214285714285714 0.026666666666666665
