3 0.17 0.7606666666666666 0.112 0.09466666666666666
3 0.887 0.6216666666666667 0.081 0.04066666666666666
3 0.7855 0.651 0.084 0.049999999999999996
2 0.84 0.6926666666666667 0.023 0.026666666666666665
1 0.842 0.6836666666666666 0.012 0.033999999999999996
1 0.851 0.688 0.006 0.028
3 0.634 0.6676666666666666 0.045 0.048666666666666664
3 0.58225 0.6676666666666666 0.0465 0.051333333333333335
3 0.5205 0.6376666666666666 0.024 0.041999999999999996
3 0.4655 0.6406666666666666 0.035 0.04533333333333333
3 0.418 0.6536666666666666 0.034 0.04733333333333333
3 0.38125000000000003 0.628 0.0475 0.04
3 0.34275 0.6226666666666666 0.0585 0.04
4 0.3025 0.615 0.06 0.049999999999999996
3 0.23225 0.6016666666666667 0.0565 0.038
3 0.20350000000000001 0.595 0.054 0.033999999999999996
3 0.13125 0.5786666666666667 0.0675 0.032
3 0.14300000000000002 0.5496666666666666 0.058 0.024666666666666667
3 0.14375000000000002 0.5336666666666666 0.0585 0.020666666666666667
4 0.14425 0.519 0.0625 0.033999999999999996
0 0.179 0.5236666666666666 0.006 0.02333333333333333
0 0.18575 0.5176666666666666 0.0075 0.02333333333333333
0 0.1925 0.514 0.007 0.024
3 0.16175 0.5076666666666666 0.0415 0.019333333333333334
3 0.17550000000000002 0.48166666666666663 0.039 0.018
3 0.181 0.475 0.029 0.01
3 0.1845 0.4646666666666667 0.033 0.013333333333333332
3 0.1885 0.45266666666666666 0.032 0.013333333333333332
3 0.13275 0.44666666666666666 0.0155 0.017333333333333333
3 0.11425 0.45966666666666667 0.0345 0.014
3 0.10350000000000001 0.4696666666666667 0.037 0.014
3 0.08775000000000001 0.48466666666666663 0.0425 0.016
3 0.079 0.49566666666666664 0.045 0.019333333333333334
3 0.0655 0.5086666666666666 0.053 0.021333333333333333
3 0.02725 0.5436666666666666 0.0545 0.024666666666666667
3 0.01575 0.5686666666666667 0.0315 0.028
