0 0.07535714285714286 0.3496192893401015 0.007857142857142858 0.013959390862944161
0 0.07214285714285715 0.35342639593908626 0.007142857142857143 0.016497461928934008
0 0.027142857142857142 0.32677664974619286 0.007142857142857143 0.016497461928934008
3 0.015 0.41370558375634514 0.03 0.027918781725888322
3 0.052142857142857144 0.4479695431472081 0.025714285714285714 0.027918781725888322
3 0.12142857142857143 0.47335025380710655 0.02857142857142857 0.025380710659898477
8 0.3075 0.4612944162436548 0.045 0.031725888324873094
5 0.15464285714285714 0.4416243654822335 0.055 0.04314720812182741
4 0.15785714285714286 0.48350253807106597 0.032857142857142856 0.027918781725888322
4 0.2867857142857143 0.49365482233502533 0.035 0.025380710659898477
3 0.3825 0.5044416243654822 0.027857142857142858 0.024111675126903553
3 0.3275 0.5057106598984771 0.027857142857142858 0.021573604060913704
3 0.23035714285714284 0.4911167512690355 0.02642857142857143 0.025380710659898477
3 0.19464285714285715 0.48350253807106597 0.030714285714285715 0.027918781725888322
0 0.06285714285714286 0.8743654822335025 0.01 0.012690355329949238
5 0.5042857142857143 0.3515228426395939 0.04 0.035532994923857864
5 0.4417857142857143 0.49809644670050757 0.06928571428571428 0.05710659898477157
4 0.6396428571428572 0.5425126903553299 0.035 0.029187817258883246
3 0.5925 0.5310913705583756 0.027857142857142858 0.024111675126903553
3 0.5492857142857143 0.5279187817258882 0.032857142857142856 0.027918781725888322
4 0.5046428571428572 0.516497461928934 0.035 0.027918781725888322
5 0.5489285714285714 0.4593908629441624 0.04357142857142857 0.04060913705583756
3 0.6075 0.5019035532994923 0.029285714285714286 0.024111675126903553
0 0.48464285714285715 0.9022842639593908 0.007857142857142858 0.012690355329949238
0 0.5253571428571429 0.8781725888324873 0.005 0.01015228426395939
3 0.5853571428571429 0.9746192893401014 0.0035714285714285713 0.012690355329949238
8 0.6721428571428572 0.5133248730964467 0.04285714285714286 0.03680203045685279
4 0.7264285714285714 0.5279187817258882 0.03 0.027918781725888322
4 0.7675 0.5298223350253807 0.030714285714285715 0.026649746192893398
3 0.6967857142857142 0.549492385786802 0.023571428571428573 0.02030456852791878
5 0.7625 0.5545685279187816 0.075 0.05837563451776649
8 0.8496428571428571 0.5425126903553299 0.08928571428571429 0.06725888324873096
4 0.9696428571428571 0.5463197969543147 0.03214285714285714 0.031725888324873094
8 0.9378571428571428 0.5621827411167513 0.08428571428571428 0.06345177664974619
8 0.875 0.5926395939086294 0.05 0.04568527918781726
4 0.9246428571428571 0.6053299492385786 0.035 0.035532994923857864
3 0.9721428571428572 0.6205583756345178 0.037142857142857144 0.03045685279187817
