6 0.17014613778705634 0.8696660482374768 0.12526096033402923 0.14935064935064934
6 0.3517745302713987 0.575139146567718 0.08350730688935282 0.163265306122449
9 0.39170146137787054 0.5556586270871985 0.04018789144050104 0.11317254174397032
9 0.4206680584551148 0.537569573283859 0.044885177453027135 0.10853432282003711
9 0.49321503131524 0.5106679035250464 0.04906054279749478 0.10111317254174397
9 0.4676409185803757 0.5681818181818182 0.05949895615866388 0.06957328385899815
9 0.44989561586638827 0.5088126159554731 0.050104384133611686 0.08441558441558442
9 0.6495302713987473 0.5737476808905381 0.03810020876826722 0.14007421150278293
0 0.7400835073068893 0.6391465677179963 0.033402922755741124 0.0686456400742115
0 0.7907098121085594 0.7017625231910947 0.026096033402922752 0.07884972170686456
0 0.8008872651356993 0.6609461966604824 0.03079331941544885 0.11781076066790352
3 0.8097599164926931 0.5923005565862709 0.12160751565762003 0.16975881261595546
0 0.7416492693110647 0.4536178107606679 0.024008350730688934 0.11131725417439703
6 0.781054279749478 0.4443413729128015 0.05375782881002087 0.1614100185528757
9 0.7098121085594988 0.3970315398886827 0.04279749478079332 0.0705009276437848
9 0.6109081419624216 0.41465677179962895 0.04958246346555323 0.07606679035250465
0 0.7805323590814195 0.034786641929499075 0.015135699373695197 0.06029684601113173
4 0.7977557411273486 0.03432282003710575 0.087160751565762 0.0686456400742115
3 0.73643006263048 0.05009276437847866 0.04279749478079332 0.06679035250463822
9 0.8783924843423798 0.01901669758812616 0.028183716075156573 0.039888682745825604
