0 0.010357142857142856 0.16666666666666666 0.010714285714285714 0.026666666666666665
3 0.030357142857142857 0.08238095238095237 0.030714285714285715 0.02761904761904762
3 0.07178571428571429 0.047619047619047616 0.03785714285714286 0.022857142857142857
3 0.08964285714285715 0.03190476190476191 0.027857142857142858 0.02
0 0.08428571428571428 0.06904761904761905 0.011428571428571429 0.02
0 0.09464285714285714 0.054285714285714284 0.009285714285714286 0.022857142857142857
3 0.15 0.03428571428571429 0.017142857142857144 0.022857142857142857
3 0.13214285714285715 0.1442857142857143 0.022857142857142857 0.037142857142857144
3 0.16964285714285715 0.051904761904761905 0.015 0.02761904761904762
3 0.2042857142857143 0.1319047619047619 0.017142857142857144 0.02761904761904762
3 0.20785714285714285 0.10952380952380952 0.018571428571428572 0.026666666666666665
3 0.20964285714285713 0.08952380952380952 0.02214285714285714 0.017142857142857144
3 0.21428571428571427 0.07666666666666666 0.02142857142857143 0.02761904761904762
3 0.21785714285714286 0.06142857142857143 0.015714285714285715 0.025714285714285714
8 0.25 0.1595238095238095 0.09 0.09047619047619047
3 0.28285714285714286 0.04904761904761905 0.015714285714285715 0.02
3 0.2717857142857143 0.017619047619047618 0.012142857142857143 0.014285714285714285
3 0.26535714285714285 0.09714285714285714 0.023571428571428573 0.024761904761904763
0 0.3167857142857143 0.014761904761904763 0.009285714285714286 0.02
8 0.3389285714285714 0.04904761904761905 0.025 0.04666666666666667
3 0.3492857142857143 0.08476190476190476 0.017142857142857144 0.022857142857142857
9 0.3442857142857143 0.15476190476190477 0.011428571428571429 0.018095238095238095
1 0.3414285714285714 0.14476190476190476 0.008571428571428572 0.017142857142857144
1 0.41678571428571426 0.10476190476190476 0.007857142857142858 0.022857142857142857
1 0.4139285714285714 0.2623809523809524 0.013571428571428571 0.035238095238095235
1 0.4828571428571429 0.17238095238095238 0.007142857142857143 0.026666666666666665
1 0.4514285714285714 0.15904761904761905 0.008571428571428572 0.024761904761904763
1 0.44285714285714284 0.15666666666666668 0.008571428571428572 0.02761904761904762
1 0.44 0.1919047619047619 0.01 0.029523809523809525
3 0.4739285714285714 0.06666666666666667 0.04642857142857143 0.024761904761904763
3 0.5971428571428572 0.18 0.05285714285714286 0.03238095238095238
3 0.6278571428571429 0.20952380952380953 0.06142857142857143 0.03428571428571429
0 0.84 0.09238095238095238 0.01 0.01904761904761905
5 0.7117857142857142 0.34904761904761905 0.11214285714285714 0.06761904761904762
5 0.7739285714285714 0.42523809523809525 0.12785714285714286 0.08476190476190476
3 0.9321428571428572 0.4023809523809524 0.07 0.04857142857142857
3 0.6296428571428572 0.4766666666666667 0.09214285714285714 0.05238095238095238
5 0.575 0.3423809523809524 0.08285714285714285 0.04476190476190476
0 0.5317857142857143 0.4423809523809524 0.010714285714285714 0.037142857142857144
0 0.5753571428571429 0.3823809523809524 0.0064285714285714285 0.035238095238095235
0 0.5967857142857143 0.3942857142857143 0.010714285714285714 0.03238095238095238
9 0.59 0.3919047619047619 0.025714285714285714 0.021904761904761906
0 0.5914285714285714 0.37714285714285717 0.014285714285714285 0.024761904761904763
0 0.4517857142857143 0.4442857142857143 0.009285714285714286 0.039047619047619046
3 0.125 0.9719047619047619 0.06857142857142857 0.054285714285714284
8 0.5892857142857143 0.7833333333333333 0.21285714285714286 0.43142857142857144
