3 0.47035714285714286 0.8743654822335025 0.025 0.10406091370558375
3 0.43 0.7791878172588832 0.02 0.07614213197969542
3 0.6046428571428571 0.6110406091370558 0.027857142857142858 0.07233502538071065
4 0.6346428571428572 0.5145939086294415 0.03214285714285714 0.0748730964467005
4 0.6578571428571428 0.4625634517766497 0.02857142857142857 0.07741116751269035
3 0.5871428571428572 0.17258883248730963 0.022857142857142857 0.06852791878172589
8 0.46214285714285713 0.08692893401015228 0.032857142857142856 0.10279187817258882
8 0.415 0.35406091370558374 0.045714285714285714 0.17766497461928932
8 0.37142857142857144 0.2893401015228426 0.03857142857142857 0.17005076142131978
3 0.3914285714285714 0.1148477157360406 0.02142857142857143 0.05964467005076142
3 0.39785714285714285 0.5291878172588832 0.027142857142857142 0.06852791878172589
0 0.37535714285714283 0.416243654822335 0.010714285714285714 0.027918781725888322
0 0.36142857142857143 0.46637055837563446 0.005714285714285714 0.021573604060913704
0 0.36642857142857144 0.49682741116751267 0.01 0.013959390862944161
0 0.36642857142857144 0.4758883248730964 0.008571428571428572 0.02284263959390863
0 0.26142857142857145 0.5901015228426395 0.012857142857142857 0.027918781725888322
0 0.23142857142857143 0.6338832487309645 0.008571428571428572 0.016497461928934008
0 0.21892857142857142 0.6821065989847716 0.010714285714285714 0.013959390862944161
0 0.23 0.6573604060913705 0.01 0.02030456852791878
0 0.21892857142857142 0.6586294416243654 0.009285714285714286 0.017766497461928932
0 0.22892857142857143 0.6770304568527918 0.009285714285714286 0.011421319796954314
0 0.32142857142857145 0.06916243654822335 0.007142857142857143 0.019035532994923856
0 0.33214285714285713 0.06408629441624365 0.007142857142857143 0.021573604060913704
