0 0.6278571428571429 0.9416243654822334 0.02857142857142857 0.11167512690355329
1 0.6003571428571428 0.732233502538071 0.03357142857142857 0.10659898477157359
0 0.5039285714285714 0.5456852791878172 0.020714285714285713 0.09137055837563451
0 0.5314285714285715 0.5298223350253807 0.014285714285714285 0.08502538071065989
0 0.5525 0.5298223350253807 0.017857142857142856 0.08756345177664974
9 0.6021428571428571 0.7690355329949238 0.06285714285714286 0.13451776649746192
1 0.4875 0.4111675126903553 0.015 0.032994923857868015
1 0.4825 0.40736040609137053 0.013571428571428571 0.027918781725888322
0 0.37785714285714284 0.3756345177664974 0.008571428571428572 0.03807106598984771
0 0.365 0.3775380710659898 0.008571428571428572 0.03680203045685279
0 0.3653571428571429 0.35342639593908626 0.0064285714285714285 0.029187817258883246
0 0.29964285714285716 0.34517766497461927 0.005 0.025380710659898477
0 0.29892857142857143 0.3426395939086294 0.0064285714285714285 0.025380710659898477
0 0.315 0.34581218274111675 0.007142857142857143 0.026649746192893398
0 0.3196428571428571 0.3426395939086294 0.005 0.027918781725888322
0 0.35964285714285715 0.32550761421319796 0.005 0.024111675126903553
0 0.08464285714285714 0.3375634517766497 0.007857142857142858 0.02284263959390863
0 0.12464285714285714 0.324238578680203 0.005 0.016497461928934008
0 0.12928571428571428 0.324238578680203 0.004285714285714286 0.016497461928934008
1 0.12 0.32170050761421315 0.002857142857142857 0.008883248730964466
