4 0.1392857142857143 0.8534263959390862 0.04 0.07741116751269035
4 0.10535714285714286 0.7893401015228426 0.055 0.06598984771573603
5 0.09678571428571428 0.7544416243654821 0.055 0.08248730964467005
3 0.43892857142857145 0.7779187817258882 0.027857142857142858 0.11675126903553298
8 0.5964285714285714 0.6453045685279187 0.024285714285714285 0.11802030456852791
8 0.6225 0.5177664974619289 0.02214285714285714 0.09390862944162436
3 0.4775 0.40862944162436543 0.017857142857142856 0.09898477157360405
3 0.46535714285714286 0.18527918781725886 0.023571428571428573 0.11928934010152284
3 0.18142857142857144 0.16687817258883247 0.03 0.04187817258883248
3 0.17 0.13388324873096447 0.03857142857142857 0.049492385786802026
3 0.03214285714285714 0.2626903553299492 0.032857142857142856 0.06345177664974619
