3 0.3742857142857143 0.9185714285714286 0.21571428571428572 0.16095238095238096
3 0.3917857142857143 0.7542857142857143 0.20214285714285715 0.21714285714285714
3 0.6925 0.6647619047619048 0.09785714285714285 0.22095238095238096
3 0.66 0.4452380952380952 0.06857142857142857 0.1380952380952381
5 0.6342857142857142 0.31761904761904763 0.06285714285714286 0.12476190476190477
0 0.605 0.12904761904761905 0.04 0.06
0 0.5614285714285714 0.2123809523809524 0.008571428571428572 0.0419047619047619
0 0.5821428571428572 0.14952380952380953 0.01 0.04
3 0.6071428571428571 0.08476190476190476 0.07714285714285714 0.05714285714285714
4 0.5946428571428571 0.026666666666666665 0.07214285714285715 0.045714285714285714
4 0.6125 0.017142857142857144 0.06642857142857143 0.03238095238095238
4 0.4317857142857143 0.40190476190476193 0.13214285714285715 0.11047619047619048
3 0.4425 0.3252380952380952 0.11785714285714285 0.08476190476190476
3 0.4471428571428571 0.2623809523809524 0.09285714285714286 0.07142857142857142
3 0.45964285714285713 0.20714285714285716 0.09214285714285714 0.06761904761904762
3 0.455 0.16952380952380952 0.07714285714285714 0.05523809523809524
3 0.4617857142857143 0.1319047619047619 0.08071428571428571 0.05047619047619047
4 0.4639285714285714 0.1019047619047619 0.07214285714285715 0.045714285714285714
0 0.3925 0.29714285714285715 0.015 0.05142857142857143
3 0.34285714285714286 0.014761904761904763 0.06 0.029523809523809525
3 0.3825 0.047142857142857146 0.04071428571428572 0.05238095238095238
4 0.395 0.11476190476190476 0.041428571428571426 0.058095238095238096
4 0.34714285714285714 0.1219047619047619 0.047142857142857146 0.07809523809523809
3 0.2825 0.10428571428571429 0.08214285714285714 0.05238095238095238
3 0.2725 0.13476190476190475 0.085 0.054285714285714284
3 0.2592857142857143 0.16666666666666666 0.09285714285714286 0.05714285714285714
3 0.23642857142857143 0.19714285714285715 0.08857142857142856 0.06666666666666667
4 0.14 0.1919047619047619 0.06714285714285714 0.1019047619047619
3 0.24714285714285714 0.047142857142857146 0.055714285714285716 0.06
3 0.2175 0.09904761904761905 0.052142857142857144 0.05523809523809524
0 0.19 0.25666666666666665 0.02 0.04285714285714286
0 0.17214285714285715 0.2638095238095238 0.02 0.05523809523809524
0 0.15714285714285714 0.25523809523809526 0.017142857142857144 0.045714285714285714
3 0.07428571428571429 0.28714285714285714 0.08428571428571428 0.09047619047619047
0 0.1675 0.4076190476190476 0.025 0.05333333333333333
3 0.21 0.3319047619047619 0.08 0.11333333333333333
3 0.27964285714285714 0.48714285714285716 0.095 0.14761904761904762
3 0.12464285714285714 0.42904761904761907 0.07214285714285715 0.13238095238095238
3 0.03 0.4042857142857143 0.06 0.13047619047619047
9 0.745 0.2995238095238095 0.02 0.054285714285714284
2 0.9667857142857142 0.7347619047619047 0.05785714285714286 0.039047619047619046
