3 0.20902922755741124 0.9517625231910947 0.06002087682672233 0.09461966604823747
9 0.339509394572025 0.8589981447124304 0.03079331941544885 0.03710575139146568
9 0.3661273486430062 0.7504638218923934 0.0360125260960334 0.04081632653061225
9 0.3747390396659707 0.7091836734693878 0.03653444676409186 0.041743970315398886
0 0.34446764091858034 0.687847866419295 0.014613778705636741 0.043599257884972174
9 0.3781315240083507 0.6725417439703154 0.02766179540709812 0.027829313543599257
9 0.38335073068893527 0.651669758812616 0.03079331941544885 0.0287569573283859
9 0.386482254697286 0.6340445269016698 0.02453027139874739 0.03803339517625232
9 0.38413361169102295 0.612708719851577 0.027139874739039664 0.030612244897959183
0 0.21764091858037576 0.6280148423005566 0.013569937369519832 0.04081632653061225
9 0.26774530271398744 0.5658627087198516 0.028183716075156573 0.03339517625231911
9 0.29436325678496866 0.5732838589981447 0.016701461377870562 0.03896103896103896
9 0.31315240083507306 0.576530612244898 0.020876826722338204 0.036178107606679034
7 0.4217118997912317 0.6609461966604824 0.025052192066805843 0.075139146567718
9 0.4832985386221294 0.7755102040816326 0.01774530271398747 0.0686456400742115
7 0.61821503131524 0.787569573283859 0.03183716075156576 0.0927643784786642
7 0.615866388308977 0.7068645640074211 0.043841336116910226 0.08905380333951762
3 0.5712421711899791 0.6168831168831169 0.0360125260960334 0.10760667903525047
9 0.6205636743215031 0.6470315398886828 0.015657620041753653 0.05287569573283859
1 0.5534968684759916 0.5282931354359925 0.009916492693110646 0.03246753246753247
9 0.5524530271398747 0.5343228200371057 0.016179540709812108 0.03710575139146568
1 0.5477557411273486 0.4670686456400742 0.009916492693110646 0.0287569573283859
6 0.5469728601252609 0.47866419294990725 0.011482254697286011 0.04267161410018553
4 0.5853340292275574 0.439239332096475 0.02974947807933194 0.09554730983302412
9 0.6020354906054279 0.3965677179962894 0.02139874739039666 0.02504638218923933
9 0.6607515657620041 0.35018552875695735 0.026096033402922752 0.026901669758812616
9 0.6573590814196242 0.32421150278293137 0.017223382045929016 0.026901669758812616
9 0.6516179540709811 0.3163265306122449 0.019311064718162838 0.025974025974025976
9 0.6497912317327765 0.29359925788497215 0.019832985386221292 0.02504638218923933
9 0.6521398747390396 0.2912801484230056 0.020354906054279746 0.022263450834879406
9 0.6510960334029227 0.28432282003710574 0.017223382045929016 0.026901669758812616
6 0.5949895615866387 0.3761595547309833 0.033402922755741124 0.043599257884972174
9 0.6059498956158663 0.35760667903525045 0.012526096033402922 0.03246753246753247
7 0.5777661795407097 0.35111317254174396 0.022964509394572022 0.05844155844155844
0 0.5900313152400835 0.3525046382189239 0.006784968684759916 0.04267161410018553
7 0.5978601252609603 0.3200371057513915 0.02661795407098121 0.055658627087198514
7 0.5819415448851774 0.2847866419294991 0.024008350730688934 0.0463821892393321
9 0.5989039665970772 0.2847866419294991 0.016179540709812108 0.029684601113172542
9 0.647964509394572 0.2323747680890538 0.019311064718162838 0.026901669758812616
6 0.6017745302713987 0.25185528756957326 0.014613778705636741 0.05287569573283859
7 0.5814196242171189 0.24907235621521337 0.014613778705636741 0.043599257884972174
9 0.5944676409185803 0.23794063079777367 0.016701461377870562 0.02504638218923933
0 0.5036534446764092 0.27133580705009275 0.009394572025052192 0.0287569573283859
6 0.44885177453027136 0.41883116883116883 0.01774530271398747 0.05844155844155844
3 0.42223382045929014 0.3719851576994434 0.032359081419624215 0.07606679035250465
6 0.45929018789144044 0.30658627087198514 0.013569937369519832 0.03803339517625232
3 0.4757306889352818 0.2476808905380334 0.02453027139874739 0.0575139146567718
9 0.3230688935281837 0.48747680890538037 0.022964509394572022 0.0287569573283859
1 0.32933194154488515 0.45871985157699446 0.013569937369519832 0.041743970315398886
9 0.3295929018789144 0.4615027829313544 0.023486430062630476 0.02319109461966605
9 0.32463465553235904 0.44387755102040816 0.025052192066805843 0.026901669758812616
9 0.3382045929018789 0.3608534322820037 0.024008350730688934 0.025974025974025976
9 0.34159707724425886 0.3520408163265306 0.02139874739039666 0.02504638218923933
2 0.36169102296450933 0.22727272727272727 0.020876826722338204 0.027829313543599257
9 0.397964509394572 0.13218923933209648 0.015135699373695197 0.021335807050092765
9 0.4044885177453027 0.09461966604823747 0.014613778705636741 0.020408163265306124
0 0.5041753653444676 0.16465677179962895 0.008350730688935281 0.0287569573283859
3 0.4887787056367432 0.12940630797773656 0.019311064718162838 0.039888682745825604
7 0.46946764091858034 0.08441558441558442 0.016179540709812108 0.03896103896103896
3 0.4501565762004175 0.03432282003710575 0.016179540709812108 0.03339517625231911
9 0.4295407098121085 0.022727272727272728 0.008350730688935281 0.021335807050092765
9 0.48277661795407095 0.021335807050092765 0.008350730688935281 0.020408163265306124
4 0.508089770354906 0.07884972170686456 0.02139874739039666 0.05009276437847866
0 0.517223382045929 0.0839517625231911 0.006263048016701461 0.02319109461966605
0 0.5224425887265135 0.08209647495361781 0.006263048016701461 0.0287569573283859
0 0.5271398747390396 0.08116883116883117 0.006263048016701461 0.0287569573283859
0 0.5300104384133612 0.0816326530612245 0.0057411273486430055 0.027829313543599257
3 0.5031315240083507 0.037569573283859 0.016701461377870562 0.03803339517625232
6 0.4890396659707724 0.008348794063079777 0.011482254697286011 0.01855287569573284
1 0.5232254697286012 0.021335807050092765 0.006784968684759916 0.020408163265306124
2 0.5240083507306889 0.025974025974025976 0.005219206680584551 0.020408163265306124
7 0.5548016701461377 0.16697588126159554 0.016701461377870562 0.05009276437847866
0 0.5884655532359081 0.17532467532467533 0.008872651356993735 0.0352504638218924
9 0.595250521920668 0.17346938775510204 0.007828810020876827 0.025974025974025976
9 0.5892484342379958 0.14656771799628943 0.018789144050104383 0.022263450834879406
9 0.6145615866388309 0.1790352504638219 0.013048016701461376 0.02411873840445269
2 0.6116910229645093 0.1767161410018553 0.016701461377870562 0.01948051948051948
0 0.6474425887265135 0.16975881261595546 0.007828810020876827 0.027829313543599257
9 0.62160751565762 0.06307977736549165 0.011482254697286011 0.01855287569573284
7 0.5832463465553235 0.013914656771799629 0.020354906054279746 0.025974025974025976
6 0.6161273486430062 0.01437847866419295 0.01826722338204593 0.021335807050092765
0 0.6281315240083507 0.03200371057513915 0.004697286012526096 0.021335807050092765
7 0.87160751565762 0.05380333951762523 0.014613778705636741 0.03710575139146568
