5 0.4203571428571429 0.7455583756345177 0.04642857142857143 0.13578680203045684
5 0.3492857142857143 0.5475888324873096 0.04 0.07233502538071065
5 0.3142857142857143 0.6491116751269035 0.05285714285714286 0.13071065989847716
3 0.6575 0.7760152284263959 0.027857142857142858 0.08756345177664974
3 0.5396428571428571 0.6903553299492385 0.02214285714285714 0.07360406091370558
3 0.605 0.43337563451776645 0.018571428571428572 0.04695431472081218
1 0.5246428571428572 0.46510152284263956 0.005 0.013959390862944161
9 0.5246428571428572 0.46637055837563446 0.007857142857142858 0.026649746192893398
3 0.5042857142857143 0.42385786802030456 0.02142857142857143 0.04060913705583756
5 0.47964285714285715 0.39847715736040606 0.027857142857142858 0.06345177664974619
5 0.4853571428571429 0.25507614213197966 0.039285714285714285 0.04568527918781726
5 0.5121428571428571 0.24555837563451774 0.03 0.026649746192893398
5 0.4875 0.2379441624365482 0.025 0.024111675126903553
8 0.5371428571428571 0.2766497461928934 0.022857142857142857 0.04314720812182741
3 0.6142857142857143 0.22335025380710657 0.014285714285714285 0.017766497461928932
3 0.6753571428571429 0.28236040609137053 0.012142857142857143 0.026649746192893398
4 0.6475 0.16624365482233502 0.015 0.015228426395939085
4 0.7125 0.19416243654822332 0.015 0.027918781725888322
3 0.6953571428571429 0.1916243654822335 0.015 0.02030456852791878
3 0.6842857142857143 0.1364213197969543 0.012857142857142857 0.013959390862944161
3 0.7364285714285714 0.09708121827411166 0.014285714285714285 0.011421319796954314
3 0.4828571428571429 0.08502538071065989 0.008571428571428572 0.0076142131979695426
3 0.4642857142857143 0.09454314720812182 0.01 0.006345177664974619
4 0.43785714285714283 0.10723350253807105 0.011428571428571429 0.008883248730964466
3 0.41964285714285715 0.11294416243654821 0.015 0.01015228426395939
3 0.4067857142857143 0.12182741116751268 0.013571428571428571 0.01015228426395939
3 0.9239285714285714 0.9073604060913705 0.056428571428571425 0.05837563451776649
