3 0.8146428571428571 0.9873096446700507 0.035 0.02284263959390863
3 0.6542857142857142 0.9346446700507614 0.03142857142857143 0.026649746192893398
3 0.2675 0.9860406091370557 0.03214285714285714 0.025380710659898477
4 0.061785714285714284 0.9835025380710659 0.047857142857142855 0.03045685279187817
3 0.505 0.7563451776649746 0.011428571428571429 0.04568527918781726
3 0.48964285714285716 0.532994923857868 0.012142857142857143 0.032994923857868015
3 0.4367857142857143 0.4308375634517766 0.010714285714285714 0.024111675126903553
3 0.41785714285714287 0.42005076142131975 0.012857142857142857 0.027918781725888322
3 0.4275 0.39530456852791873 0.012142857142857143 0.026649746192893398
5 0.41964285714285715 0.34708121827411165 0.019285714285714285 0.052030456852791875
5 0.405 0.36548223350253806 0.02 0.050761421319796954
3 0.3975 0.3312182741116751 0.015 0.02284263959390863
3 0.41 0.32043147208121825 0.01 0.024111675126903553
3 0.39285714285714285 0.30203045685279184 0.012857142857142857 0.027918781725888322
3 0.40285714285714286 0.2963197969543147 0.01 0.021573604060913704
4 0.385 0.27411167512690354 0.012857142857142857 0.025380710659898477
4 0.3942857142857143 0.26078680203045684 0.012857142857142857 0.024111675126903553
3 0.41535714285714287 0.2519035532994924 0.009285714285714286 0.026649746192893398
3 0.37714285714285717 0.24365482233502536 0.01 0.025380710659898477
3 0.3825 0.21890862944162434 0.010714285714285714 0.019035532994923856
3 0.3675 0.20431472081218272 0.012142857142857143 0.02030456852791878
5 0.37214285714285716 0.17385786802030456 0.012857142857142857 0.032994923857868015
4 0.37214285714285716 0.14276649746192893 0.01 0.024111675126903553
4 0.355 0.14911167512690354 0.01 0.031725888324873094
8 0.29285714285714287 0.1465736040609137 0.04285714285714286 0.04187817258883248
5 0.29714285714285715 0.13071065989847716 0.022857142857142857 0.025380710659898477
3 0.27714285714285714 0.13261421319796954 0.012857142857142857 0.013959390862944161
3 0.2717857142857143 0.11104060913705582 0.013571428571428571 0.013959390862944161
3 0.365 0.06408629441624365 0.01 0.016497461928934008
4 0.4517857142857143 0.12436548223350252 0.016428571428571428 0.02030456852791878
3 0.43892857142857145 0.11548223350253806 0.016428571428571428 0.015228426395939085
8 0.4592857142857143 0.10215736040609136 0.022857142857142857 0.026649746192893398
0 0.8364285714285714 0.47208121827411165 0.005714285714285714 0.01015228426395939
