3 0.1825 0.11928934010152284 0.020714285714285713 0.017766497461928932
3 0.2075 0.1884517766497462 0.012142857142857143 0.03934010152284264
3 0.4 0.09517766497461928 0.008571428571428572 0.03045685279187817
3 0.3875 0.26903553299492383 0.009285714285714286 0.032994923857868015
3 0.3625 0.35850253807106597 0.010714285714285714 0.029187817258883246
3 0.33464285714285713 0.6795685279187816 0.015 0.04695431472081218
3 0.43714285714285717 0.005710659898477157 0.012857142857142857 0.011421319796954314
0 0.4228571428571429 0.1916243654822335 0.002857142857142857 0.01015228426395939
0 0.40785714285714286 0.3692893401015228 0.002857142857142857 0.012690355329949238
3 0.6771428571428572 0.02284263959390863 0.007142857142857143 0.015228426395939085
3 0.6896428571428571 0.019035532994923856 0.007857142857142858 0.015228426395939085
3 0.6925 0.039974619289340096 0.007857142857142858 0.016497461928934008
3 0.675 0.17576142131979694 0.007142857142857143 0.024111675126903553
3 0.735 0.14911167512690354 0.017142857142857144 0.019035532994923856
3 0.7217857142857143 0.17385786802030456 0.013571428571428571 0.03045685279187817
0 0.7042857142857143 0.149746192893401 0.002857142857142857 0.01015228426395939
0 0.7096428571428571 0.12563451776649745 0.002142857142857143 0.01015228426395939
0 0.7425 0.20875634517766495 0.0035714285714285713 0.011421319796954314
0 0.6242857142857143 0.4098984771573604 0.002857142857142857 0.012690355329949238
0 0.6221428571428571 0.45368020304568524 0.002857142857142857 0.011421319796954314
4 0.7146428571428571 0.44543147208121825 0.012142857142857143 0.04060913705583756
8 0.6989285714285715 0.5025380710659898 0.023571428571428573 0.10913705583756345
0 0.8003571428571429 0.13197969543147206 0.002142857142857143 0.0076142131979695426
0 0.8025 0.13007614213197968 0.002142857142857143 0.008883248730964466
0 0.8325 0.09644670050761421 0.0035714285714285713 0.01015228426395939
0 0.8792857142857143 0.258248730964467 0.002857142857142857 0.008883248730964466
0 0.8439285714285715 0.23540609137055835 0.002142857142857143 0.008883248730964466
0 0.8271428571428572 0.3261421319796954 0.002857142857142857 0.01015228426395939
0 0.83 0.33185279187817257 0.002857142857142857 0.011421319796954314
0 0.87 0.4213197969543147 0.002857142857142857 0.012690355329949238
0 0.8314285714285714 0.46002538071065985 0.004285714285714286 0.008883248730964466
0 0.7967857142857143 0.7639593908629441 0.0035714285714285713 0.012690355329949238
0 0.7864285714285715 0.774746192893401 0.004285714285714286 0.013959390862944161
0 0.9242857142857143 0.20748730964467005 0.004285714285714286 0.011421319796954314
0 0.9617857142857142 0.2480964467005076 0.0035714285714285713 0.011421319796954314
0 0.9578571428571429 0.24936548223350252 0.002857142857142857 0.008883248730964466
0 0.9571428571428572 0.2379441624365482 0.002857142857142857 0.011421319796954314
0 0.945 0.22715736040609136 0.002857142857142857 0.01015228426395939
0 0.9492857142857143 0.23350253807106597 0.002857142857142857 0.012690355329949238
0 0.9442857142857143 0.23921319796954313 0.004285714285714286 0.008883248730964466
0 0.9375 0.21002538071065988 0.0035714285714285713 0.011421319796954314
0 0.9317857142857143 0.21256345177664973 0.0035714285714285713 0.008883248730964466
0 0.9342857142857143 0.21383248730964466 0.002857142857142857 0.008883248730964466
0 0.9321428571428572 0.20875634517766495 0.002857142857142857 0.008883248730964466
0 0.8964285714285715 0.6072335025380711 0.004285714285714286 0.006345177664974619
