3 0.22678571428571428 0.08185279187817258 0.065 0.04441624365482233
3 0.19178571428571428 0.38578680203045684 0.027857142857142858 0.11421319796954314
3 0.22892857142857143 0.3908629441624365 0.027857142857142858 0.10913705583756345
3 0.26285714285714284 0.3813451776649746 0.02857142857142857 0.10279187817258882
3 0.3025 0.3845177664974619 0.027857142857142858 0.10659898477157359
3 0.34214285714285714 0.4555837563451776 0.027142857142857142 0.10913705583756345
3 0.38035714285714284 0.45241116751269034 0.027857142857142858 0.10279187817258882
3 0.4142857142857143 0.4562182741116751 0.022857142857142857 0.10786802030456852
3 0.49214285714285716 0.4727157360406091 0.025714285714285714 0.11548223350253806
3 0.5292857142857142 0.47906091370558374 0.02857142857142857 0.11294416243654821
3 0.5246428571428572 0.5717005076142132 0.06928571428571428 0.049492385786802026
3 0.5128571428571429 0.6351522842639593 0.055714285714285716 0.04695431472081218
3 0.515 0.6941624365482233 0.06285714285714286 0.04568527918781726
3 0.36 0.6269035532994923 0.03 0.11421319796954314
3 0.4067857142857143 0.9073604060913705 0.035 0.11167512690355329
3 0.325 0.6230964467005076 0.027142857142857142 0.11421319796954314
3 0.2889285714285714 0.6338832487309645 0.03214285714285714 0.12055837563451775
3 0.2571428571428571 0.581218274111675 0.03 0.11421319796954314
3 0.22142857142857142 0.6180203045685279 0.027142857142857142 0.10406091370558375
3 0.185 0.6269035532994923 0.03 0.11675126903553298
3 0.1425 0.631979695431472 0.030714285714285715 0.10406091370558375
3 0.10964285714285714 0.6085025380710659 0.029285714285714286 0.12055837563451775
3 0.07464285714285715 0.6110406091370558 0.03214285714285714 0.12055837563451775
3 0.035 0.6135786802030456 0.032857142857142856 0.11040609137055837
3 0.009285714285714286 0.633248730964467 0.018571428571428572 0.11167512690355329
4 0.45785714285714285 0.482233502538071 0.025714285714285714 0.09137055837563451
4 0.5689285714285715 0.46002538071065985 0.023571428571428573 0.10786802030456852
4 0.7939285714285714 0.5291878172588832 0.03214285714285714 0.09644670050761421
3 0.6903571428571429 0.45685279187817257 0.027857142857142858 0.10406091370558375
3 0.6596428571428572 0.549492385786802 0.030714285714285715 0.09898477157360405
3 0.7117857142857142 0.2639593908629441 0.062142857142857146 0.050761421319796954
3 0.9092857142857143 0.18337563451776648 0.06285714285714286 0.04695431472081218
3 0.9192857142857143 0.40164974619289334 0.037142857142857144 0.11548223350253806
3 0.8725 0.39911167512690354 0.03357142857142857 0.11802030456852791
3 0.9121428571428571 0.6554568527918782 0.027142857142857142 0.10532994923857868
3 0.8739285714285714 0.6535532994923857 0.027857142857142858 0.10659898477157359
3 0.8278571428571428 0.6548223350253807 0.041428571428571426 0.10152284263959391
3 0.8342857142857143 0.5469543147208121 0.03 0.09644670050761421
3 0.9653571428571428 0.39213197969543145 0.035 0.10659898477157359
3 0.8403571428571428 0.3965736040609137 0.030714285714285715 0.11040609137055837
5 0.7396428571428572 0.43401015228426393 0.045 0.14720812182741116
5 0.7946428571428571 0.3794416243654822 0.07214285714285715 0.16751269035532992
6 0.955 0.25571065989847713 0.04285714285714286 0.031725888324873094
0 0.9571428571428572 0.3280456852791878 0.02 0.016497461928934008
0 0.9575 0.31535532994923854 0.017857142857142856 0.019035532994923856
0 0.13142857142857142 0.7810913705583755 0.011428571428571429 0.013959390862944161
0 0.13714285714285715 0.7607868020304568 0.017142857142857144 0.013959390862944161
0 0.3225 0.7861675126903552 0.009285714285714286 0.019035532994923856
0 0.3742857142857143 0.7633248730964466 0.008571428571428572 0.006345177664974619
0 0.42464285714285716 0.8166243654822335 0.007857142857142858 0.016497461928934008
0 0.44535714285714284 0.7969543147208121 0.010714285714285714 0.02030456852791878
0 0.45535714285714285 0.8166243654822335 0.007857142857142858 0.021573604060913704
0 0.4375 0.822969543147208 0.007857142857142858 0.019035532994923856
0 0.3792857142857143 0.7703045685279187 0.01 0.012690355329949238
0 0.5621428571428572 0.6364213197969543 0.007142857142857143 0.011421319796954314
0 0.58 0.6294416243654822 0.01 0.02030456852791878
0 0.6175 0.7557106598984771 0.009285714285714286 0.021573604060913704
0 0.6521428571428571 0.7100253807106598 0.01 0.016497461928934008
0 0.6117857142857143 0.8807106598984771 0.010714285714285714 0.027918781725888322
0 0.5946428571428571 0.9720812182741116 0.010714285714285714 0.02284263959390863
0 0.6728571428571428 0.765228426395939 0.011428571428571429 0.02030456852791878
0 0.6821428571428572 0.7601522842639593 0.007142857142857143 0.017766497461928932
0 0.6867857142857143 0.7519035532994923 0.009285714285714286 0.016497461928934008
0 0.7164285714285714 0.7347715736040609 0.015714285714285715 0.02030456852791878
0 0.7325 0.7614213197969543 0.012142857142857143 0.02284263959390863
0 0.7528571428571429 0.7639593908629441 0.014285714285714285 0.015228426395939085
0 0.745 0.7201776649746192 0.012857142857142857 0.013959390862944161
9 0.7146428571428571 0.6637055837563451 0.025 0.02284263959390863
0 0.6271428571428571 0.3756345177664974 0.01 0.012690355329949238
0 0.9428571428571428 0.6833756345177664 0.007142857142857143 0.013959390862944161
9 0.94 0.6833756345177664 0.017142857142857144 0.008883248730964466
9 0.9089285714285714 0.8083756345177664 0.023571428571428573 0.015228426395939085
6 0.6425 0.7043147208121827 0.035 0.07614213197969542
0 0.6928571428571428 0.7112944162436547 0.011428571428571429 0.019035532994923856
7 0.6846428571428571 0.6897208121827411 0.02214285714285714 0.06979695431472081
