0 0.27714285714285714 0.023809523809523808 0.01 0.024761904761904763
3 0.3489285714285714 0.05714285714285714 0.03642857142857143 0.09523809523809523
3 0.41714285714285715 0.02238095238095238 0.032857142857142856 0.04476190476190476
3 0.5789285714285715 0.06952380952380953 0.035 0.09714285714285714
3 0.5725 0.18 0.035 0.09523809523809523
4 0.4175 0.12428571428571429 0.03214285714285714 0.09047619047619047
4 0.5864285714285714 0.3223809523809524 0.03 0.09238095238095238
4 0.3678571428571429 0.8023809523809524 0.037142857142857144 0.11523809523809524
4 0.24714285714285714 0.9095238095238095 0.09285714285714286 0.05714285714285714
3 0.2425 0.9723809523809523 0.08642857142857142 0.047619047619047616
3 0.4125 0.8866666666666667 0.04071428571428572 0.11238095238095239
9 0.23892857142857143 0.83 0.025 0.037142857142857144
0 0.2546428571428571 0.8395238095238096 0.017857142857142856 0.02
0 0.255 0.6719047619047619 0.018571428571428572 0.018095238095238095
0 0.255 0.6442857142857142 0.02 0.008571428571428572
0 0.3246428571428571 0.68 0.015 0.013333333333333332
3 0.5971428571428572 0.9066666666666666 0.037142857142857144 0.1295238095238095
4 0.59 0.7790476190476191 0.03 0.09523809523809523
3 0.4142857142857143 0.7314285714285714 0.03857142857142857 0.12571428571428572
3 0.5875 0.6571428571428571 0.035 0.10476190476190476
3 0.5889285714285715 0.5376190476190477 0.03214285714285714 0.09428571428571429
3 0.48214285714285715 0.6090476190476191 0.04 0.12476190476190477
3 0.4125 0.6047619047619047 0.035 0.10285714285714286
9 0.5146428571428572 0.5442857142857143 0.017857142857142856 0.06761904761904762
1 0.5117857142857143 0.5371428571428571 0.010714285714285714 0.030476190476190476
3 0.3264285714285714 0.5723809523809524 0.037142857142857144 0.10285714285714286
0 0.35035714285714287 0.5295238095238095 0.010714285714285714 0.017142857142857144
0 0.355 0.5414285714285715 0.012857142857142857 0.012380952380952381
2 0.36642857142857144 0.48 0.02857142857142857 0.013333333333333332
1 0.36178571428571427 0.4795238095238095 0.009285714285714286 0.010476190476190476
3 0.2825 0.40523809523809523 0.085 0.04476190476190476
3 0.36964285714285716 0.31523809523809526 0.03785714285714286 0.10857142857142857
5 0.4092857142857143 0.24428571428571427 0.041428571428571426 0.1380952380952381
2 0.2767857142857143 0.2123809523809524 0.015 0.03238095238095238
9 0.24714285714285714 0.19714285714285715 0.014285714285714285 0.026666666666666665
2 0.2525 0.28476190476190477 0.017857142857142856 0.026666666666666665
0 0.2742857142857143 0.2042857142857143 0.017142857142857144 0.029523809523809525
0 0.22678571428571428 0.20714285714285716 0.013571428571428571 0.02761904761904762
0 0.5689285714285715 0.25952380952380955 0.007857142857142858 0.025714285714285714
