5 0.3595 0.8976666666666666 0.194 0.13533333333333333
6 0.23725000000000002 0.8486666666666667 0.0415 0.08133333333333333
4 0.50225 0.8956666666666666 0.0605 0.15533333333333332
4 0.56275 0.8476666666666667 0.0565 0.13933333333333334
4 0.63925 0.7866666666666666 0.0785 0.108
4 0.75875 0.9696666666666667 0.0795 0.05933333333333333
3 0.6890000000000001 0.9706666666666667 0.066 0.05733333333333333
3 0.6785 0.8706666666666666 0.094 0.11333333333333333
3 0.784 0.5256666666666666 0.039 0.04466666666666667
3 0.71175 0.47 0.029500000000000002 0.032
3 0.6925 0.42966666666666664 0.042 0.02733333333333333
3 0.9390000000000001 0.6046666666666667 0.042 0.048
3 0.9765 0.6816666666666666 0.046 0.08066666666666666
4 0.9802500000000001 0.5976666666666667 0.0385 0.062
4 0.39725 0.8296666666666667 0.1145 0.08733333333333333
4 0.34125 0.7896666666666666 0.1245 0.08066666666666666
3 0.34025 0.7426666666666667 0.1065 0.064
3 0.3545 0.6946666666666667 0.10300000000000001 0.05733333333333333
3 0.375 0.6506666666666666 0.091 0.05733333333333333
3 0.3595 0.6286666666666666 0.088 0.05333333333333333
5 0.4525 0.6636666666666666 0.052000000000000005 0.09666666666666666
3 0.41975 0.5806666666666667 0.0725 0.05733333333333333
3 0.36775 0.5526666666666666 0.07050000000000001 0.048
3 0.42 0.5406666666666666 0.068 0.042666666666666665
4 0.57325 0.5186666666666666 0.051500000000000004 0.04933333333333333
4 0.54825 0.4736666666666666 0.0445 0.03933333333333333
3 0.37675000000000003 0.5076666666666666 0.0685 0.035333333333333335
5 0.3875 0.48566666666666664 0.106 0.051333333333333335
3 0.5397500000000001 0.46166666666666667 0.043500000000000004 0.028666666666666667
4 0.56525 0.43766666666666665 0.0565 0.035333333333333335
5 0.548 0.41966666666666663 0.069 0.048666666666666664
5 0.5265 0.4046666666666667 0.043000000000000003 0.026666666666666665
4 0.445 0.44566666666666666 0.021 0.04066666666666666
4 0.42925 0.42166666666666663 0.051500000000000004 0.033999999999999996
4 0.41575 0.4136666666666666 0.035500000000000004 0.02733333333333333
4 0.38675 0.40166666666666667 0.035500000000000004 0.02733333333333333
3 0.39525 0.39366666666666666 0.0405 0.026
3 0.4055 0.38866666666666666 0.04 0.022666666666666665
5 0.40575 0.37066666666666664 0.0565 0.036
3 0.3905 0.36166666666666664 0.034 0.02733333333333333
4 0.4055 0.35466666666666663 0.027 0.02
4 0.41525 0.3466666666666667 0.0305 0.016
0 0.445 0.37966666666666665 0.008 0.020666666666666667
0 0.45325 0.31566666666666665 0.006500000000000001 0.016666666666666666
4 0.443 0.31866666666666665 0.012 0.02
8 0.42275 0.314 0.0275 0.036
4 0.44825 0.30366666666666664 0.0105 0.018
3 0.44875 0.2906666666666667 0.0105 0.016
0 0.45775 0.305 0.0055 0.018
0 0.4575 0.29966666666666664 0.006 0.015333333333333332
0 0.454 0.26366666666666666 0.004 0.008666666666666666
1 0.4555 0.26766666666666666 0.004 0.006
2 0.45475 0.27166666666666667 0.0045000000000000005 0.007333333333333333
3 0.46725 0.26466666666666666 0.0105 0.010666666666666666
3 0.4535 0.21466666666666667 0.01 0.006666666666666666
