3 0.8 0.8219047619047619 0.2542857142857143 0.2876190476190476
3 0.24464285714285713 0.7347619047619047 0.3221428571428571 0.20857142857142857
3 0.6317857142857143 0.5752380952380952 0.15071428571428572 0.10285714285714286
3 0.1325 0.5719047619047619 0.08642857142857142 0.10952380952380952
3 0.16142857142857142 0.5271428571428571 0.06714285714285714 0.07523809523809524
3 0.18642857142857142 0.48714285714285716 0.05714285714285714 0.05238095238095238
3 0.19428571428571428 0.4695238095238095 0.05142857142857143 0.05333333333333333
3 0.2017857142857143 0.4519047619047619 0.04357142857142857 0.037142857142857144
3 0.1367857142857143 0.4442857142857143 0.04642857142857143 0.04476190476190476
3 0.21428571428571427 0.42904761904761907 0.055714285714285716 0.035238095238095235
3 0.2067857142857143 0.38952380952380955 0.03642857142857143 0.02095238095238095
3 0.5489285714285714 0.5495238095238095 0.13214285714285715 0.09523809523809523
3 0.5 0.5 0.12428571428571429 0.06857142857142857
3 0.46714285714285714 0.49142857142857144 0.1 0.05904761904761905
3 0.4471428571428571 0.4676190476190476 0.1 0.047619047619047616
3 0.445 0.46476190476190476 0.10285714285714286 0.05523809523809524
3 0.42964285714285716 0.4523809523809524 0.08928571428571429 0.05523809523809524
4 0.40785714285714286 0.42952380952380953 0.09 0.06285714285714286
3 0.3628571428571429 0.4142857142857143 0.037142857142857144 0.026666666666666665
3 0.3467857142857143 0.4042857142857143 0.03785714285714286 0.025714285714285714
3 0.055 0.6347619047619047 0.11 0.1380952380952381
3 0.7421428571428571 0.6771428571428572 0.23714285714285716 0.14857142857142858
