3 0.18285714285714286 0.5647619047619048 0.05714285714285714 0.12380952380952381
4 0.2175 0.27476190476190476 0.047857142857142855 0.10952380952380952
4 0.23964285714285713 0.15666666666666668 0.045 0.0980952380952381
4 0.20964285714285713 0.44666666666666666 0.045 0.09523809523809523
3 0.19464285714285715 0.015238095238095238 0.07214285714285715 0.03238095238095238
9 0.12035714285714286 0.16428571428571428 0.02642857142857143 0.035238095238095235
4 0.745 0.9595238095238096 0.09 0.07904761904761905
3 0.5696428571428571 0.9261904761904762 0.045 0.1457142857142857
5 0.5178571428571429 0.7971428571428572 0.05142857142857143 0.18857142857142858
4 0.5246428571428572 0.5776190476190476 0.04214285714285714 0.12476190476190477
4 0.5696428571428571 0.5695238095238095 0.035 0.09904761904761905
3 0.5721428571428572 0.7523809523809524 0.04 0.13333333333333333
4 0.7514285714285714 0.6523809523809524 0.05 0.11428571428571428
2 0.7692857142857142 0.5438095238095239 0.017142857142857144 0.0419047619047619
9 0.7389285714285714 0.7371428571428571 0.03214285714285714 0.024761904761904763
0 0.6203571428571428 0.9766666666666667 0.016428571428571428 0.023809523809523808
0 0.6403571428571428 0.9147619047619048 0.013571428571428571 0.02
0 0.6221428571428571 0.9142857142857143 0.014285714285714285 0.017142857142857144
0 0.6875 0.8447619047619047 0.015 0.024761904761904763
0 0.54 0.4471428571428571 0.012857142857142857 0.025714285714285714
1 0.49464285714285716 0.42904761904761907 0.010714285714285714 0.01619047619047619
9 0.49464285714285716 0.42714285714285716 0.012142857142857143 0.04476190476190476
3 0.5739285714285715 0.27714285714285714 0.03642857142857143 0.10476190476190476
5 0.6692857142857143 0.28714285714285714 0.03571428571428571 0.11523809523809524
3 0.5664285714285714 0.054285714285714284 0.03142857142857143 0.08761904761904762
3 0.5746428571428571 0.43714285714285717 0.052142857142857144 0.11047619047619048
4 0.21964285714285714 0.9142857142857143 0.075 0.15428571428571428
3 0.13714285714285715 0.9138095238095238 0.06714285714285714 0.16095238095238096
1 0.4275 0.7523809523809524 0.017857142857142856 0.02095238095238095
2 0.42892857142857144 0.7547619047619047 0.010714285714285714 0.04857142857142857
0 0.04214285714285714 0.9519047619047619 0.032857142857142856 0.02761904761904762
0 0.021785714285714287 0.9495238095238095 0.035 0.022857142857142857
3 0.7017857142857142 0.5347619047619048 0.09214285714285714 0.06761904761904762
