3 0.07678571428571429 0.1295238095238095 0.012142857142857143 0.017142857142857144
3 0.15464285714285714 0.12666666666666668 0.012142857142857143 0.024761904761904763
9 0.1367857142857143 0.1295238095238095 0.0064285714285714285 0.015238095238095238
3 0.195 0.11904761904761904 0.01 0.024761904761904763
3 0.21642857142857141 0.11952380952380952 0.01 0.021904761904761906
0 0.2342857142857143 0.11428571428571428 0.002857142857142857 0.007619047619047619
3 0.25785714285714284 0.11428571428571428 0.011428571428571429 0.022857142857142857
9 0.305 0.10714285714285714 0.005714285714285714 0.008571428571428572
3 0.3117857142857143 0.12428571428571429 0.02214285714285714 0.01619047619047619
3 0.3271428571428571 0.1442857142857143 0.027142857142857142 0.014285714285714285
3 0.28 0.11190476190476191 0.01 0.021904761904761906
3 0.36642857142857144 0.009523809523809525 0.01 0.01904761904761905
3 0.3653571428571429 0.03 0.009285714285714286 0.02
3 0.36642857142857144 0.049523809523809526 0.01 0.022857142857142857
3 0.36678571428571427 0.07428571428571429 0.007857142857142858 0.022857142857142857
5 0.36678571428571427 0.12428571428571429 0.015 0.05238095238095238
3 0.36964285714285716 0.1742857142857143 0.010714285714285714 0.022857142857142857
3 0.36964285714285716 0.19952380952380952 0.012142857142857143 0.025714285714285714
3 0.37 0.22714285714285715 0.011428571428571429 0.025714285714285714
0 0.37892857142857145 0.2319047619047619 0.0035714285714285713 0.010476190476190476
3 0.36964285714285716 0.25761904761904764 0.012142857142857143 0.021904761904761906
3 0.3742857142857143 0.3119047619047619 0.01 0.02761904761904762
5 0.39714285714285713 0.3295238095238095 0.017142857142857144 0.08190476190476191
3 0.3167857142857143 0.36952380952380953 0.012142857142857143 0.030476190476190476
3 0.30428571428571427 0.3738095238095238 0.012857142857142857 0.02761904761904762
3 0.2914285714285714 0.37238095238095237 0.011428571428571429 0.024761904761904763
3 0.3225 0.3495238095238095 0.02214285714285714 0.015238095238095238
3 0.315 0.3238095238095238 0.011428571428571429 0.026666666666666665
3 0.30214285714285716 0.3242857142857143 0.012857142857142857 0.02761904761904762
3 0.2892857142857143 0.32476190476190475 0.011428571428571429 0.030476190476190476
3 0.22678571428571428 0.32761904761904764 0.012142857142857143 0.026666666666666665
4 0.21464285714285714 0.32666666666666666 0.015 0.03238095238095238
3 0.14642857142857144 0.3047619047619048 0.02142857142857143 0.022857142857142857
3 0.1875 0.3323809523809524 0.012142857142857143 0.02857142857142857
3 0.17535714285714285 0.3342857142857143 0.010714285714285714 0.024761904761904763
3 0.16464285714285715 0.33380952380952383 0.010714285714285714 0.029523809523809525
3 0.145 0.33666666666666667 0.022857142857142857 0.012380952380952381
3 0.145 0.3495238095238095 0.02142857142857143 0.013333333333333332
3 0.11464285714285714 0.30142857142857143 0.012142857142857143 0.02761904761904762
3 0.07392857142857143 0.30523809523809525 0.015 0.02761904761904762
3 0.0425 0.31 0.015 0.02761904761904762
9 0.052142857142857144 0.30428571428571427 0.007142857142857143 0.008571428571428572
3 0.02892857142857143 0.31238095238095237 0.012142857142857143 0.024761904761904763
3 0.009642857142857142 0.3076190476190476 0.015 0.026666666666666665
3 0.04428571428571428 0.5371428571428571 0.015714285714285715 0.03428571428571429
9 0.06285714285714286 0.53 0.004285714285714286 0.010476190476190476
3 0.0725 0.5319047619047619 0.015 0.029523809523809525
3 0.09964285714285714 0.53 0.012142857142857143 0.02761904761904762
3 0.1125 0.5295238095238095 0.015 0.03238095238095238
3 0.1275 0.5266666666666666 0.015 0.03238095238095238
9 0.14464285714285716 0.5095238095238095 0.005 0.009523809523809525
9 0.15178571428571427 0.5119047619047619 0.005 0.010476190476190476
3 0.1667857142857143 0.5142857142857142 0.013571428571428571 0.03238095238095238
3 0.16964285714285715 0.5723809523809524 0.012142857142857143 0.03238095238095238
9 0.13428571428571429 0.5666666666666667 0.015714285714285715 0.007619047619047619
4 0.26535714285714285 0.48904761904761906 0.012142857142857143 0.029523809523809525
3 0.39464285714285713 0.5642857142857143 0.010714285714285714 0.035238095238095235
1 0.37785714285714284 0.4247619047619048 0.002857142857142857 0.0038095238095238095
9 0.37785714285714284 0.42666666666666664 0.002857142857142857 0.011428571428571429
3 0.4075 0.6766666666666666 0.012142857142857143 0.039047619047619046
4 0.31214285714285717 0.7147619047619047 0.022857142857142857 0.014285714285714285
9 0.31142857142857144 0.6919047619047619 0.01 0.012380952380952381
9 0.2767857142857143 0.7047619047619048 0.005 0.009523809523809525
3 0.245 0.7471428571428571 0.03 0.021904761904761906
3 0.2425 0.7695238095238095 0.029285714285714286 0.017142857142857144
3 0.24285714285714285 0.7919047619047619 0.02857142857142857 0.021904761904761906
6 0.385 0.8023809523809524 0.007142857142857143 0.01619047619047619
3 0.2117857142857143 0.82 0.027857142857142858 0.01904761904761905
3 0.2125 0.799047619047619 0.030714285714285715 0.02095238095238095
3 0.2117857142857143 0.7742857142857142 0.029285714285714286 0.01904761904761905
9 0.1975 0.7566666666666667 0.005 0.012380952380952381
9 0.1875 0.7571428571428571 0.0064285714285714285 0.015238095238095238
3 0.14464285714285716 0.7842857142857143 0.03214285714285714 0.02
3 0.1425 0.8276190476190476 0.03214285714285714 0.02095238095238095
3 0.11 0.8352380952380952 0.03142857142857143 0.02095238095238095
9 0.08928571428571429 0.8 0.005714285714285714 0.011428571428571429
3 0.012857142857142857 0.8471428571428572 0.027142857142857142 0.02
2 0.0875 0.8666666666666667 0.0064285714285714285 0.015238095238095238
9 0.03678571428571428 0.9766666666666667 0.007857142857142858 0.01619047619047619
3 0.10964285714285714 0.9514285714285714 0.017857142857142856 0.045714285714285714
3 0.17714285714285713 0.9495238095238095 0.017142857142857144 0.047619047619047616
3 0.21464285714285714 0.9319047619047619 0.015 0.04285714285714286
5 0.40285714285714286 0.8071428571428572 0.015714285714285715 0.054285714285714284
3 0.505 0.009523809523809525 0.02 0.015238095238095238
3 0.5425 0.011428571428571429 0.020714285714285713 0.013333333333333332
3 0.5446428571428571 0.019523809523809523 0.020714285714285713 0.018095238095238095
0 0.7771428571428571 0.18666666666666668 0.005714285714285714 0.009523809523809525
9 0.8217857142857142 0.18 0.007857142857142858 0.007619047619047619
0 0.6464285714285715 0.07428571428571429 0.004285714285714286 0.009523809523809525
0 0.6346428571428572 0.07476190476190477 0.002142857142857143 0.010476190476190476
1 0.6646428571428571 0.10476190476190476 0.005 0.005714285714285714
0 0.5996428571428571 0.002380952380952381 0.002142857142857143 0.004761904761904762
3 0.7071428571428572 0.8542857142857143 0.032857142857142856 0.02095238095238095
3 0.7139285714285715 0.8838095238095238 0.02642857142857143 0.01904761904761905
3 0.7496428571428572 0.8795238095238095 0.030714285714285715 0.02
3 0.7892857142857143 0.8771428571428571 0.032857142857142856 0.017142857142857144
3 0.8292857142857143 0.8738095238095238 0.03142857142857143 0.018095238095238095
3 0.6621428571428571 0.9595238095238096 0.017142857142857144 0.04476190476190476
3 0.6775 0.9614285714285714 0.017857142857142856 0.05047619047619047
3 0.7075 0.9566666666666667 0.017857142857142856 0.05047619047619047
3 0.7253571428571428 0.9538095238095238 0.019285714285714285 0.04857142857142857
3 0.7414285714285714 0.9542857142857143 0.017142857142857144 0.049523809523809526
3 0.8042857142857143 0.9442857142857143 0.02 0.04476190476190476
3 0.8196428571428571 0.9419047619047619 0.02214285714285714 0.047619047619047616
3 0.8378571428571429 0.9423809523809524 0.02142857142857143 0.04666666666666667
3 0.87 0.94 0.02 0.047619047619047616
3 0.9378571428571428 0.9785714285714285 0.024285714285714285 0.040952380952380955
3 0.9875 0.8566666666666667 0.017857142857142856 0.02
