8 0.17214285714285715 0.019035532994923856 0.022857142857142857 0.03807106598984771
3 0.2978571428571429 0.013324873096446699 0.014285714285714285 0.026649746192893398
3 0.2667857142857143 0.05393401015228426 0.015 0.03426395939086294
3 0.2292857142857143 0.09581218274111675 0.012857142857142857 0.029187817258883246
3 0.31642857142857145 0.061548223350253804 0.014285714285714285 0.03426395939086294
3 0.3467857142857143 0.09898477157360405 0.015 0.03807106598984771
3 0.3225 0.32550761421319796 0.015 0.04695431472081218
3 0.07214285714285715 0.5412436548223349 0.04 0.04695431472081218
3 0.29 0.7728426395939085 0.018571428571428572 0.06345177664974619
3 0.34964285714285714 0.6161167512690355 0.015 0.06218274111675126
3 0.29928571428571427 0.440989847715736 0.012857142857142857 0.04441624365482233
3 0.3575 0.45177664974619286 0.015 0.055837563451776644
3 0.3742857142857143 0.21637055837563451 0.017142857142857144 0.04441624365482233
3 0.40964285714285714 0.3692893401015228 0.017857142857142856 0.04060913705583756
3 0.38285714285714284 0.766497461928934 0.017142857142857144 0.06598984771573603
3 0.4492857142857143 0.7392131979695431 0.017142857142857144 0.06472081218274112
3 0.4614285714285714 0.9060913705583755 0.02 0.07360406091370558
4 0.43964285714285717 0.9524111675126903 0.017857142857142856 0.07994923857868019
4 0.34214285714285714 0.16243654822335024 0.017142857142857144 0.04314720812182741
4 0.06714285714285714 0.33502538071065985 0.04 0.050761421319796954
4 0.07035714285714285 0.5964467005076142 0.047857142857142855 0.06598984771573603
4 0.054642857142857146 0.39530456852791873 0.03785714285714286 0.052030456852791875
4 0.08464285714285714 0.3978426395939086 0.04214285714285714 0.052030456852791875
3 0.115 0.5640862944162436 0.047142857142857146 0.05710659898477157
3 0.14285714285714285 0.7030456852791878 0.04428571428571428 0.055837563451776644
3 0.09 0.41941624365482233 0.03428571428571429 0.04441624365482233
3 0.005 0.6021573604060914 0.01 0.05710659898477157
3 0.008928571428571428 0.6656091370558375 0.017857142857142856 0.06979695431472081
0 0.21285714285714286 0.6307106598984771 0.005714285714285714 0.017766497461928932
0 0.2117857142857143 0.6376903553299492 0.0035714285714285713 0.008883248730964466
3 0.024642857142857143 0.9796954314720812 0.027857142857142858 0.035532994923857864
8 0.43142857142857144 0.4955583756345177 0.03571428571428571 0.133248730964467
0 0.48214285714285715 0.41370558375634514 0.002857142857142857 0.012690355329949238
0 0.415 0.23350253807106597 0.002857142857142857 0.012690355329949238
0 0.37392857142857144 0.008248730964467004 0.002142857142857143 0.013959390862944161
0 0.36964285714285716 0.006345177664974619 0.002142857142857143 0.012690355329949238
0 0.36 0.038705583756345176 0.002857142857142857 0.008883248730964466
0 0.63 0.39530456852791873 0.002857142857142857 0.013959390862944161
0 0.6178571428571429 0.40609137055837563 0.002857142857142857 0.015228426395939085
0 0.6214285714285714 0.4365482233502538 0.005714285714285714 0.015228426395939085
0 0.6267857142857143 0.3692893401015228 0.0035714285714285713 0.015228426395939085
0 0.6217857142857143 0.3781725888324873 0.0035714285714285713 0.02030456852791878
0 0.6164285714285714 0.3889593908629441 0.002857142857142857 0.011421319796954314
0 0.6192857142857143 0.3756345177664974 0.002857142857142857 0.012690355329949238
1 0.6717857142857143 0.33502538071065985 0.005 0.0076142131979695426
