3 0.19964285714285715 0.8870558375634517 0.047857142857142855 0.09898477157360405
3 0.3539285714285714 0.32170050761421315 0.020714285714285713 0.06472081218274112
3 0.40464285714285714 0.3178934010152284 0.020714285714285713 0.05456852791878172
3 0.40035714285714286 0.37182741116751267 0.019285714285714285 0.048223350253807105
3 0.4664285714285714 0.36548223350253806 0.02 0.06598984771573603
3 0.48964285714285716 0.36738578680203043 0.02214285714285714 0.06979695431472081
3 0.4828571428571429 0.3096446700507614 0.02 0.05837563451776649
3 0.4471428571428571 0.31916243654822335 0.017142857142857144 0.05456852791878172
3 0.42428571428571427 0.31535532994923854 0.017142857142857144 0.049492385786802026
3 0.4725 0.5621827411167513 0.04071428571428572 0.06852791878172589
3 0.5192857142857142 0.7455583756345177 0.037142857142857144 0.08756345177664974
3 0.49464285714285716 0.7208121827411167 0.030714285714285715 0.08121827411167512
3 0.46785714285714286 0.6833756345177664 0.041428571428571426 0.08502538071065989
3 0.3896428571428571 0.5831218274111675 0.045 0.06218274111675126
3 0.36178571428571427 0.5653553299492385 0.039285714285714285 0.06725888324873096
3 0.34214285714285714 0.5456852791878172 0.037142857142857144 0.06852791878172589
3 0.3196428571428571 0.5114213197969543 0.027857142857142858 0.050761421319796954
3 0.7467857142857143 0.9137055837563451 0.07214285714285715 0.06091370558375634
5 0.6721428571428572 0.06535532994923858 0.08 0.05710659898477157
5 0.46535714285714286 0.07741116751269035 0.08071428571428571 0.06345177664974619
5 0.05964285714285714 0.06789340101522842 0.095 0.05456852791878172
5 0.14892857142857144 0.06345177664974619 0.085 0.06091370558375634
3 0.13 0.4511421319796954 0.022857142857142857 0.04441624365482233
3 0.1025 0.4549492385786802 0.025 0.04695431472081218
3 0.07785714285714286 0.45748730964467 0.022857142857142857 0.049492385786802026
3 0.0275 0.4625634517766497 0.023571428571428573 0.04187817258883248
3 0.16035714285714286 0.44035532994923854 0.02642857142857143 0.050761421319796954
3 0.19285714285714287 0.42068527918781723 0.022857142857142857 0.04695431472081218
0 0.36428571428571427 0.07423857868020305 0.007142857142857143 0.024111675126903553
