3 0.15396659707724425 0.12105751391465677 0.015657620041753653 0.02504638218923933
3 0.13596033402922755 0.12662337662337664 0.013048016701461376 0.021335807050092765
3 0.10307933194154488 0.09554730983302412 0.032881002087682666 0.03339517625231911
0 0.4843423799582463 0.2504638218923933 0.005219206680584551 0.027829313543599257
0 0.4796450939457202 0.24860853432282004 0.0041753653444676405 0.020408163265306124
5 0.3953549060542797 0.5009276437847866 0.07881002087682672 0.10760667903525047
3 0.4491127348643006 0.44341372912801486 0.03705636743215031 0.05380333951762523
3 0.522964509394572 0.35760667903525045 0.032359081419624215 0.045454545454545456
5 0.5506263048016701 0.31957328385899814 0.029227557411273482 0.04730983302411874
3 0.5741127348643006 0.2940630797773655 0.028183716075156573 0.04081632653061225
3 0.6208246346555323 0.24025974025974026 0.02661795407098121 0.0352504638218924
3 0.6411795407098121 0.21567717996289426 0.025574112734864297 0.03246753246753247
0 0.7421711899791231 0.10807050092764378 0.005219206680584551 0.01948051948051948
3 0.6936325678496867 0.15352504638218925 0.020876826722338204 0.030612244897959183
3 0.712160751565762 0.1326530612244898 0.020354906054279746 0.027829313543599257
3 0.7286012526096033 0.112708719851577 0.018789144050104383 0.026901669758812616
3 0.7411273486430062 0.0950834879406308 0.018789144050104383 0.02319109461966605
4 0.7546972860125261 0.07606679035250465 0.015657620041753653 0.029684601113172542
3 0.7674843423799582 0.06679035250463822 0.015135699373695197 0.02411873840445269
3 0.780010438413361 0.050556586270871985 0.017223382045929016 0.02504638218923933
3 0.7914926931106471 0.03710575139146568 0.017223382045929016 0.022263450834879406
4 0.8006263048016701 0.02411873840445269 0.015657620041753653 0.022263450834879406
5 0.8175887265135698 0.011131725417439703 0.02453027139874739 0.022263450834879406
3 0.821242171189979 0.01901669758812616 0.016179540709812108 0.021335807050092765
3 0.8254175365344467 0.22402597402597402 0.020354906054279746 0.03432282003710575
3 0.8389874739039666 0.20686456400742115 0.019311064718162838 0.04267161410018553
3 0.8363778705636742 0.1391465677179963 0.019311064718162838 0.04081632653061225
3 0.775313152400835 0.1841372912801484 0.023486430062630476 0.039888682745825604
9 0.766179540709812 0.2662337662337662 0.014613778705636741 0.027829313543599257
9 0.7560020876826722 0.28988868274582563 0.023486430062630476 0.03246753246753247
3 0.8462943632567849 0.0839517625231911 0.014091858037578286 0.03246753246753247
8 0.659446764091858 0.35482374768089053 0.05480167014613778 0.11038961038961038
5 0.5929018789144049 0.46382189239332094 0.04279749478079332 0.08348794063079777
3 0.9284968684759916 0.7611317254174397 0.03653444676409186 0.08070500927643785
9 0.8582985386221293 0.11734693877551021 0.009916492693110646 0.015769944341372914
9 0.896920668058455 0.044990723562152134 0.009916492693110646 0.01948051948051948
1 0.8569937369519832 0.10018552875695733 0.0073068893528183704 0.016697588126159554
