3 0.5317857142857143 0.5319047619047619 0.002142857142857143 0.002857142857142857
3 0.5271428571428571 0.5319047619047619 0.002857142857142857 0.004761904761904762
3 0.5225 0.5319047619047619 0.002142857142857143 0.004761904761904762
4 0.5221428571428571 0.53 0.002857142857142857 0.004761904761904762
3 0.5253571428571429 0.5319047619047619 0.002142857142857143 0.002857142857142857
3 0.535 0.5319047619047619 0.002857142857142857 0.002857142857142857
3 0.5346428571428572 0.5295238095238095 0.002142857142857143 0.0019047619047619048
3 0.5439285714285714 0.5395238095238095 0.002142857142857143 0.002857142857142857
3 0.5521428571428572 0.5366666666666666 0.002857142857142857 0.002857142857142857
3 0.5371428571428571 0.5438095238095239 0.002857142857142857 0.0038095238095238095
3 0.5442857142857143 0.5442857142857143 0.002857142857142857 0.004761904761904762
3 0.5496428571428571 0.5447619047619048 0.002142857142857143 0.0038095238095238095
4 0.55 0.5523809523809524 0.002857142857142857 0.005714285714285714
3 0.5325 0.5547619047619048 0.005 0.004761904761904762
3 0.5539285714285714 0.5595238095238095 0.0035714285714285713 0.004761904761904762
3 0.545 0.5623809523809524 0.004285714285714286 0.004761904761904762
4 0.535 0.5642857142857143 0.004285714285714286 0.006666666666666666
3 0.5253571428571429 0.5676190476190476 0.005 0.005714285714285714
3 0.5317857142857143 0.5738095238095238 0.0064285714285714285 0.004761904761904762
3 0.5425 0.5695238095238095 0.0035714285714285713 0.007619047619047619
3 0.5475 0.5747619047619048 0.005 0.004761904761904762
3 0.5492857142857143 0.5838095238095238 0.005714285714285714 0.007619047619047619
5 0.5692857142857143 0.5647619047619048 0.004285714285714286 0.007619047619047619
3 0.54 0.5895238095238096 0.007142857142857143 0.007619047619047619
5 0.5242857142857142 0.5871428571428572 0.008571428571428572 0.008571428571428572
4 0.5142857142857142 0.5847619047619048 0.007142857142857143 0.007619047619047619
3 0.5075 0.6 0.007857142857142858 0.009523809523809525
3 0.5217857142857143 0.599047619047619 0.007857142857142858 0.007619047619047619
3 0.5289285714285714 0.611904761904762 0.009285714285714286 0.010476190476190476
3 0.49892857142857144 0.6195238095238095 0.010714285714285714 0.010476190476190476
3 0.48714285714285716 0.6395238095238095 0.012857142857142857 0.012380952380952381
3 0.49964285714285717 0.65 0.012142857142857143 0.014285714285714285
3 0.4025 0.6352380952380953 0.015 0.015238095238095238
3 0.40964285714285714 0.719047619047619 0.025 0.024761904761904763
3 0.46035714285714285 0.7442857142857143 0.02214285714285714 0.029523809523809525
4 0.46035714285714285 0.8042857142857143 0.025 0.04285714285714286
3 0.3625 0.7790476190476191 0.03214285714285714 0.03619047619047619
0 0.33964285714285714 0.6547619047619048 0.002142857142857143 0.012380952380952381
0 0.3796428571428571 0.6266666666666667 0.002142857142857143 0.011428571428571429
0 0.37714285714285717 0.6223809523809524 0.002857142857142857 0.012380952380952381
0 0.3939285714285714 0.6238095238095238 0.002142857142857143 0.013333333333333332
0 0.3964285714285714 0.6223809523809524 0.002857142857142857 0.014285714285714285
0 0.395 0.6166666666666667 0.002857142857142857 0.012380952380952381
0 0.3842857142857143 0.6166666666666667 0.002857142857142857 0.012380952380952381
8 0.5175 0.7638095238095238 0.03642857142857143 0.08952380952380952
3 0.4642857142857143 0.8623809523809524 0.03428571428571429 0.04476190476190476
3 0.3796428571428571 0.8466666666666667 0.03214285714285714 0.04
3 0.3296428571428571 0.8319047619047619 0.04071428571428572 0.05047619047619047
3 0.2825 0.8876190476190476 0.055 0.06857142857142857
3 0.3217857142857143 0.9523809523809523 0.05357142857142857 0.06476190476190476
3 0.39285714285714285 0.9119047619047619 0.04428571428571428 0.058095238095238096
3 0.43 0.95 0.045714285714285714 0.07142857142857142
3 0.4828571428571429 0.97 0.04 0.058095238095238096
3 0.2125 0.9723809523809523 0.07071428571428572 0.05333333333333333
3 0.8739285714285714 0.699047619047619 0.023571428571428573 0.017142857142857144
3 0.84 0.6895238095238095 0.022857142857142857 0.015238095238095238
3 0.79 0.6771428571428572 0.022857142857142857 0.022857142857142857
3 0.7267857142857143 0.6666666666666666 0.02642857142857143 0.02095238095238095
3 0.7103571428571429 0.6623809523809524 0.020714285714285713 0.02
3 0.6853571428571429 0.65 0.025 0.01619047619047619
3 0.6692857142857143 0.6442857142857142 0.022857142857142857 0.012380952380952381
5 0.655 0.6319047619047619 0.025714285714285714 0.021904761904761906
