3 0.5321428571428571 0.9538095238095238 0.027142857142857142 0.08095238095238096
3 0.3875 0.9833333333333333 0.05785714285714286 0.03142857142857143
3 0.38535714285714284 0.9466666666666667 0.062142857142857146 0.04
3 0.38285714285714284 0.9 0.05285714285714286 0.03428571428571429
3 0.38642857142857145 0.7938095238095239 0.06 0.054285714285714284
4 0.3275 0.7819047619047619 0.025 0.07047619047619047
9 0.3025 0.7738095238095238 0.019285714285714285 0.010476190476190476
9 0.30178571428571427 0.7614285714285715 0.02214285714285714 0.010476190476190476
3 0.3821428571428571 0.5995238095238096 0.06285714285714286 0.037142857142857144
3 0.3871428571428571 0.5566666666666666 0.06285714285714286 0.037142857142857144
3 0.3867857142857143 0.5142857142857142 0.062142857142857146 0.0380952380952381
4 0.39285714285714285 0.4695238095238095 0.06714285714285714 0.0380952380952381
9 0.5192857142857142 0.379047619047619 0.008571428571428572 0.03238095238095238
9 0.5417857142857143 0.38142857142857145 0.007857142857142858 0.029523809523809525
7 0.5753571428571429 0.23952380952380953 0.017857142857142856 0.05047619047619047
9 0.6067857142857143 0.1819047619047619 0.010714285714285714 0.030476190476190476
1 0.6064285714285714 0.17666666666666667 0.008571428571428572 0.012380952380952381
4 0.3889285714285714 0.27666666666666667 0.047857142857142855 0.035238095238095235
4 0.37714285714285717 0.21523809523809523 0.055714285714285716 0.04
3 0.3875 0.16238095238095238 0.055 0.035238095238095235
0 0.3417857142857143 0.16 0.007857142857142858 0.015238095238095238
3 0.3875 0.11476190476190476 0.055 0.037142857142857144
3 0.38535714285714284 0.07714285714285714 0.056428571428571425 0.03428571428571429
0 0.3271428571428571 0.08428571428571428 0.01 0.02
0 0.33785714285714286 0.0838095238095238 0.01 0.017142857142857144
3 0.38642857142857145 0.011428571428571429 0.054285714285714284 0.022857142857142857
9 0.615 0.7423809523809524 0.01 0.05238095238095238
2 0.7328571428571429 0.8552380952380952 0.02 0.02095238095238095
0 0.7471428571428571 0.7595238095238095 0.01 0.018095238095238095
6 0.73 0.6095238095238096 0.03857142857142857 0.024761904761904763
0 0.7675 0.3842857142857143 0.010714285714285714 0.012380952380952381
3 0.8317857142857142 0.4119047619047619 0.030714285714285715 0.07714285714285714
3 0.8417857142857142 0.3314285714285714 0.060714285714285714 0.03238095238095238
0 0.7621428571428571 0.319047619047619 0.01 0.015238095238095238
4 0.8567857142857143 0.15761904761904763 0.055 0.039047619047619046
3 0.8342857142857143 0.06666666666666667 0.05285714285714286 0.04380952380952381
3 0.825 0.012380952380952381 0.047142857142857146 0.024761904761904763
