4 0.3703027139874739 0.5593692022263451 0.016179540709812108 0.0352504638218924
3 0.47259916492693105 0.5760667903525046 0.025574112734864297 0.03710575139146568
3 0.4548538622129436 0.5714285714285714 0.025574112734864297 0.03339517625231911
3 0.4757306889352818 0.5296846011131725 0.023486430062630476 0.03339517625231911
5 0.5182672233820459 0.4536178107606679 0.022964509394572022 0.05009276437847866
4 0.5832463465553235 0.5004638218923934 0.017223382045929016 0.03432282003710575
9 0.5636743215031315 0.41883116883116883 0.0073068893528183704 0.012059369202226345
6 0.6072546972860124 0.4800556586270872 0.01826722338204593 0.01948051948051948
4 0.665187891440501 0.4457328385899815 0.025574112734864297 0.02319109461966605
3 0.6351774530271398 0.36038961038961037 0.021920668058455113 0.0176252319109462
5 0.9177974947807932 0.40584415584415584 0.012004175365344467 0.026901669758812616
0 0.917536534446764 0.5500927643784786 0.006263048016701461 0.016697588126159554
