3 0.37 0.8186666666666667 0.047 0.13999999999999999
3 0.5375 0.8696666666666666 0.058 0.16466666666666666
3 0.512 0.6276666666666666 0.042 0.07933333333333333
6 0.36925 0.6816666666666666 0.0235 0.05533333333333333
5 0.50225 0.5376666666666666 0.0525 0.09266666666666666
9 0.387 0.5506666666666666 0.014 0.030666666666666665
4 0.44975 0.49566666666666664 0.0265 0.06466666666666666
3 0.40225 0.5026666666666666 0.0315 0.058666666666666666
4 0.48875 0.42166666666666663 0.0235 0.051333333333333335
5 0.41300000000000003 0.38966666666666666 0.032 0.05533333333333333
3 0.48525 0.38866666666666666 0.0225 0.03733333333333333
9 0.41825 0.3426666666666667 0.0175 0.014666666666666666
2 0.4 0.3506666666666667 0.014 0.014666666666666666
9 0.395 0.3426666666666667 0.007 0.014666666666666666
9 0.38925 0.3436666666666667 0.0055 0.015333333333333332
2 0.399 0.32366666666666666 0.006 0.016666666666666666
9 0.41725 0.33266666666666667 0.0145 0.013333333333333332
3 0.421 0.317 0.018000000000000002 0.022
3 0.48375 0.35266666666666663 0.0205 0.030666666666666665
4 0.47800000000000004 0.31566666666666665 0.019 0.035333333333333335
3 0.47875 0.29966666666666664 0.0165 0.02333333333333333
3 0.47625 0.2816666666666667 0.0155 0.019333333333333334
3 0.47275 0.26566666666666666 0.0145 0.019333333333333334
3 0.47275 0.25166666666666665 0.0135 0.019333333333333334
3 0.47125 0.23666666666666666 0.0135 0.014666666666666666
2 0.504 0.26666666666666666 0.005 0.013333333333333332
9 0.42225 0.2816666666666667 0.0135 0.011333333333333332
1 0.42325 0.2776666666666667 0.0055 0.012666666666666666
1 0.40775 0.27466666666666667 0.006500000000000001 0.012
9 0.42325 0.27366666666666667 0.0165 0.011333333333333332
9 0.425 0.26966666666666667 0.015 0.01
0 0.4635 0.254 0.004 0.016
4 0.42925 0.24566666666666667 0.0135 0.02333333333333333
3 0.42825 0.23366666666666666 0.0115 0.016666666666666666
3 0.4235 0.22366666666666665 0.026000000000000002 0.015333333333333332
3 0.4175 0.21666666666666665 0.011 0.014666666666666666
3 0.43175 0.21566666666666667 0.0105 0.012666666666666666
9 0.47050000000000003 0.21766666666666665 0.009000000000000001 0.008666666666666666
1 0.47050000000000003 0.21466666666666667 0.004 0.012
3 0.47725 0.20666666666666667 0.0235 0.013333333333333332
3 0.46825 0.20099999999999998 0.0105 0.014
3 0.42075 0.19666666666666666 0.0095 0.012
3 0.4335 0.18866666666666665 0.01 0.013333333333333332
5 0.46825 0.18966666666666665 0.0095 0.015333333333333332
3 0.43425 0.18066666666666667 0.0095 0.009333333333333332
3 0.435 0.17466666666666666 0.009000000000000001 0.010666666666666666
3 0.436 0.16566666666666666 0.009000000000000001 0.01
4 0.50125 0.16966666666666666 0.0195 0.015333333333333332
4 0.49375 0.16366666666666665 0.0175 0.018
3 0.466 0.17766666666666667 0.01 0.012666666666666666
1 0.47000000000000003 0.17966666666666667 0.004 0.008666666666666666
3 0.4655 0.17066666666666666 0.009000000000000001 0.010666666666666666
3 0.46425 0.16566666666666666 0.0085 0.011333333333333332
3 0.464 0.15766666666666665 0.008 0.008666666666666666
0 0.38875 0.18466666666666667 0.0025 0.012
4 0.35675 0.17366666666666666 0.0105 0.015333333333333332
3 0.3985 0.19666666666666666 0.019 0.010666666666666666
4 0.3985 0.19066666666666665 0.02 0.012
3 0.4015 0.18366666666666667 0.022 0.01
0 0.37575000000000003 0.18966666666666665 0.0035 0.01
1 0.4165 0.18366666666666667 0.004 0.006
9 0.44825 0.15866666666666665 0.0035 0.006666666666666666
1 0.4485 0.15666666666666665 0.003 0.008
0 0.47225 0.14766666666666667 0.0025 0.008666666666666666
3 0.4845 0.14866666666666667 0.013000000000000001 0.009333333333333332
4 0.5 0.14333333333333334 0.013000000000000001 0.012
3 0.45325 0.14566666666666667 0.0155 0.008666666666666666
5 0.431 0.14166666666666666 0.016 0.018
3 0.41825 0.14466666666666667 0.0115 0.008
5 0.37625000000000003 0.146 0.0245 0.016
3 0.35875 0.14766666666666667 0.0125 0.008666666666666666
0 0.34850000000000003 0.14966666666666667 0.003 0.008666666666666666
3 0.29275 0.16266666666666665 0.0135 0.009333333333333332
0 0.00525 0.25166666666666665 0.0075 0.016666666666666666
0 0.019 0.24766666666666665 0.008 0.015333333333333332
4 0.01975 0.242 0.0325 0.02
3 0.9257500000000001 0.26066666666666666 0.0405 0.022666666666666665
9 0.62375 0.27466666666666667 0.0095 0.013333333333333332
0 0.62075 0.23666666666666666 0.0045000000000000005 0.013333333333333332
1 0.621 0.24066666666666667 0.004 0.006666666666666666
0 0.5700000000000001 0.22466666666666665 0.004 0.014666666666666666
0 0.58075 0.223 0.0045000000000000005 0.014
1 0.57475 0.22366666666666665 0.0035 0.007333333333333333
4 0.529 0.20066666666666666 0.021 0.016
2 0.56925 0.219 0.006500000000000001 0.01
1 0.56875 0.21466666666666667 0.0045000000000000005 0.010666666666666666
0 0.55375 0.20166666666666666 0.0025 0.008666666666666666
0 0.5645 0.19966666666666666 0.003 0.014
0 0.577 0.20966666666666667 0.004 0.007333333333333333
0 0.5725 0.20966666666666667 0.003 0.012666666666666666
0 0.58275 0.20766666666666667 0.0025 0.007333333333333333
0 0.6055 0.20666666666666667 0.005 0.013333333333333332
0 0.61725 0.19766666666666666 0.0045000000000000005 0.014
0 0.594 0.20666666666666667 0.003 0.006666666666666666
0 0.596 0.20366666666666666 0.004 0.012666666666666666
0 0.57175 0.20366666666666666 0.0025 0.011333333333333332
0 0.5720000000000001 0.19966666666666666 0.003 0.011333333333333332
5 0.33525 0.133 0.0165 0.014
