5 0.41714285714285715 0.7639593908629441 0.022857142857142857 0.06345177664974619
8 0.11035714285714286 0.5431472081218274 0.04214285714285714 0.03045685279187817
3 0.039285714285714285 0.5520304568527918 0.03142857142857143 0.025380710659898477
3 0.18142857142857144 0.3610406091370558 0.017142857142857144 0.024111675126903553
3 0.10928571428571429 0.3496192893401015 0.022857142857142857 0.013959390862944161
4 0.20214285714285715 0.3375634517766497 0.02 0.02030456852791878
4 0.5003571428571428 0.4758883248730964 0.010714285714285714 0.032994923857868015
3 0.5039285714285714 0.45177664974619286 0.010714285714285714 0.02284263959390863
3 0.5146428571428572 0.3413705583756345 0.007857142857142858 0.015228426395939085
5 0.5475 0.34835025380710655 0.007857142857142858 0.024111675126903553
3 0.545 0.3794416243654822 0.007142857142857143 0.02030456852791878
3 0.545 0.39911167512690354 0.007142857142857143 0.021573604060913704
5 0.5417857142857143 0.4511421319796954 0.012142857142857143 0.05964467005076142
3 0.5421428571428571 0.49302030456852786 0.01 0.024111675126903553
4 0.6464285714285715 0.5253807106598984 0.027142857142857142 0.02284263959390863
8 0.6092857142857143 0.4860406091370558 0.06285714285714286 0.04568527918781726
5 0.6421428571428571 0.28109137055837563 0.037142857142857144 0.021573604060913704
8 0.6046428571428571 0.3178934010152284 0.012142857142857143 0.05456852791878172
8 0.7175 0.350253807106599 0.055 0.035532994923857864
8 0.7825 0.3527918781725888 0.055 0.035532994923857864
8 0.7789285714285714 0.3432741116751269 0.05357142857142857 0.03426395939086294
8 0.7725 0.33185279187817257 0.05357142857142857 0.03426395939086294
8 0.7175 0.34073604060913704 0.055 0.03426395939086294
8 0.715 0.33185279187817257 0.054285714285714284 0.03426395939086294
5 0.51 0.37309644670050757 0.012857142857142857 0.055837563451776644
4 0.5125 0.3115482233502538 0.007857142857142858 0.013959390862944161
8 0.6171428571428571 0.3178934010152284 0.01 0.05710659898477157
8 0.6296428571428572 0.3178934010152284 0.010714285714285714 0.05710659898477157
8 0.6417857142857143 0.3166243654822335 0.012142857142857143 0.05456852791878172
5 0.7389285714285714 0.3064720812182741 0.013571428571428571 0.031725888324873094
3 0.7717857142857143 0.30837563451776645 0.015 0.015228426395939085
