3 0.42892857142857144 0.7810913705583755 0.03357142857142857 0.04695431472081218
3 0.3989285714285714 0.6878172588832486 0.035 0.06091370558375634
3 0.1492857142857143 0.6123096446700507 0.03571428571428571 0.049492385786802026
8 0.08285714285714285 0.4441624365482233 0.08285714285714285 0.11675126903553298
3 0.1275 0.4359137055837563 0.035 0.052030456852791875
8 0.20714285714285716 0.48350253807106597 0.09 0.10152284263959391
3 0.305 0.5444162436548223 0.03 0.04314720812182741
3 0.6753571428571429 0.5970812182741116 0.020714285714285713 0.049492385786802026
3 0.6889285714285714 0.3680203045685279 0.023571428571428573 0.055837563451776644
3 0.7803571428571429 0.08121827411167512 0.020714285714285713 0.04568527918781726
3 0.7778571428571428 0.015862944162436547 0.018571428571428572 0.031725888324873094
8 0.8139285714285714 0.025380710659898477 0.023571428571428573 0.050761421319796954
