8 0.46964285714285714 0.049492385786802026 0.005 0.01015228426395939
3 0.47035714285714286 0.042512690355329945 0.0035714285714285713 0.006345177664974619
3 0.47035714285714286 0.03362944162436548 0.0035714285714285713 0.0038071065989847713
3 0.46785714285714286 0.02093908629441624 0.002857142857142857 0.0038071065989847713
3 0.4664285714285714 0.03109137055837563 0.002857142857142857 0.0038071065989847713
3 0.46535714285714286 0.04187817258883248 0.0035714285714285713 0.005076142131979695
3 0.45964285714285713 0.049492385786802026 0.002142857142857143 0.005076142131979695
3 0.4589285714285714 0.05710659898477157 0.0035714285714285713 0.005076142131979695
3 0.4642857142857143 0.05774111675126903 0.002857142857142857 0.0038071065989847713
3 0.4471428571428571 0.07170050761421319 0.002857142857142857 0.0038071065989847713
4 0.44 0.07360406091370558 0.002857142857142857 0.005076142131979695
3 0.44535714285714284 0.08058375634517766 0.0035714285714285713 0.0038071065989847713
3 0.47035714285714286 0.08185279187817258 0.0035714285714285713 0.006345177664974619
5 0.4446428571428571 0.09010152284263959 0.005 0.01015228426395939
3 0.4375 0.09010152284263959 0.005 0.0076142131979695426
8 0.43214285714285716 0.07931472081218273 0.005714285714285714 0.016497461928934008
5 0.42892857142857144 0.09263959390862943 0.005 0.012690355329949238
5 0.4417857142857143 0.11104060913705582 0.0035714285714285713 0.011421319796954314
3 0.4253571428571429 0.11611675126903552 0.005 0.006345177664974619
3 0.4367857142857143 0.13261421319796954 0.005 0.008883248730964466
9 0.45714285714285713 0.08121827411167512 0.002857142857142857 0.0076142131979695426
3 0.4564285714285714 0.09835025380710659 0.004285714285714286 0.006345177664974619
3 0.46035714285714285 0.10469543147208121 0.0035714285714285713 0.006345177664974619
9 0.46714285714285714 0.11675126903553298 0.002857142857142857 0.01015228426395939
3 0.46964285714285714 0.13895939086294415 0.005 0.008883248730964466
3 0.4539285714285714 0.12944162436548223 0.005 0.0076142131979695426
3 0.43142857142857144 0.14530456852791876 0.004285714285714286 0.006345177664974619
3 0.4175 0.14593908629441624 0.005 0.005076142131979695
3 0.4225 0.16624365482233502 0.005 0.01015228426395939
3 0.42964285714285716 0.1846446700507614 0.005 0.008883248730964466
3 0.41785714285714287 0.19035532994923857 0.005714285714285714 0.01015228426395939
4 0.4014285714285714 0.21763959390862941 0.007142857142857143 0.011421319796954314
3 0.41214285714285714 0.22081218274111675 0.005714285714285714 0.01015228426395939
4 0.42392857142857143 0.22842639593908629 0.0064285714285714285 0.012690355329949238
3 0.4446428571428571 0.2151015228426396 0.007857142857142858 0.011421319796954314
3 0.4546428571428571 0.2296954314720812 0.005 0.012690355329949238
3 0.46714285714285714 0.23350253807106597 0.007142857142857143 0.012690355329949238
5 0.46714285714285714 0.27538071065989844 0.007142857142857143 0.017766497461928932
3 0.4539285714285714 0.26205583756345174 0.0064285714285714285 0.011421319796954314
3 0.43714285714285717 0.28743654822335024 0.007142857142857143 0.016497461928934008
0 0.4689285714285714 0.2633248730964467 0.002142857142857143 0.008883248730964466
3 0.4 0.2798223350253807 0.008571428571428572 0.013959390862944161
5 0.37892857142857145 0.3109137055837563 0.012142857142857143 0.027918781725888322
8 0.45 0.3343908629441624 0.01 0.031725888324873094
1 0.4675 0.3477157360406091 0.0035714285714285713 0.01015228426395939
9 0.4689285714285714 0.3508883248730964 0.005 0.019035532994923856
3 0.3975 0.37182741116751267 0.009285714285714286 0.015228426395939085
3 0.4421428571428571 0.5266497461928934 0.012857142857142857 0.03807106598984771
8 0.4639285714285714 0.583756345177665 0.015 0.06852791878172589
3 0.3603571428571429 0.6586294416243654 0.020714285714285713 0.04314720812182741
8 0.30714285714285716 0.7284263959390862 0.047142857142857146 0.16243654822335024
3 0.4203571428571429 0.9162436548223349 0.025 0.08629441624365482
3 0.32 0.8978426395939085 0.03 0.07741116751269035
3 0.8196428571428571 0.9638324873096445 0.035 0.06979695431472081
5 0.7721428571428571 0.890228426395939 0.08428571428571428 0.2144670050761421
3 0.7971428571428572 0.9022842639593908 0.024285714285714285 0.050761421319796954
3 0.7821428571428571 0.8597715736040609 0.025714285714285714 0.052030456852791875
3 0.7617857142857143 0.8153553299492385 0.023571428571428573 0.04695431472081218
3 0.6864285714285714 0.8058375634517766 0.022857142857142857 0.04314720812182741
3 0.6989285714285715 0.7620558375634517 0.02214285714285714 0.04695431472081218
4 0.7064285714285714 0.6637055837563451 0.022857142857142857 0.048223350253807105
3 0.6842857142857143 0.6161167512690355 0.018571428571428572 0.03680203045685279
3 0.6671428571428571 0.5774111675126903 0.017142857142857144 0.03045685279187817
3 0.64 0.5044416243654822 0.012857142857142857 0.026649746192893398
3 0.6321428571428571 0.48350253807106597 0.012857142857142857 0.02284263959390863
3 0.6228571428571429 0.4625634517766497 0.011428571428571429 0.021573604060913704
0 0.5646428571428571 0.47969543147208116 0.002142857142857143 0.015228426395939085
8 0.5789285714285715 0.37182741116751267 0.010714285714285714 0.025380710659898477
3 0.5896428571428571 0.3769035532994924 0.007857142857142858 0.017766497461928932
4 0.5703571428571429 0.35342639593908626 0.007857142857142858 0.013959390862944161
3 0.5753571428571429 0.3426395939086294 0.009285714285714286 0.012690355329949238
4 0.5725 0.3293147208121827 0.009285714285714286 0.016497461928934008
3 0.5678571428571428 0.3178934010152284 0.008571428571428572 0.013959390862944161
3 0.5646428571428571 0.31218274111675126 0.007857142857142858 0.015228426395939085
3 0.5603571428571429 0.2982233502538071 0.007857142857142858 0.012690355329949238
0 0.5342857142857143 0.2480964467005076 0.002857142857142857 0.008883248730964466
3 0.5525 0.23921319796954313 0.015 0.008883248730964466
8 0.5264285714285715 0.20748730964467005 0.008571428571428572 0.016497461928934008
3 0.535 0.21002538071065988 0.005714285714285714 0.011421319796954314
3 0.5321428571428571 0.2017766497461929 0.007142857142857143 0.0076142131979695426
5 0.5296428571428572 0.1884517766497462 0.007857142857142858 0.021573604060913704
3 0.5121428571428571 0.18274111675126903 0.012857142857142857 0.0076142131979695426
5 0.5092857142857142 0.15736040609137056 0.007142857142857143 0.012690355329949238
5 0.5292857142857142 0.14530456852791876 0.007142857142857143 0.016497461928934008
3 0.5167857142857143 0.13007614213197968 0.007857142857142858 0.011421319796954314
