4 0.4875 0.7785532994923857 0.020714285714285713 0.07233502538071065
3 0.4546428571428571 0.6148477157360406 0.017857142857142856 0.052030456852791875
3 0.3464285714285714 0.5786802030456852 0.022857142857142857 0.04060913705583756
3 0.29035714285714287 0.6586294416243654 0.025 0.04060913705583756
3 0.43714285714285717 0.4625634517766497 0.012857142857142857 0.03680203045685279
3 0.46714285714285714 0.4029187817258883 0.01 0.029187817258883246
3 0.4421428571428571 0.3978426395939086 0.01 0.024111675126903553
5 0.37464285714285717 0.3299492385786802 0.017857142857142856 0.050761421319796954
4 0.395 0.3178934010152284 0.01 0.021573604060913704
3 0.41535714285714287 0.3178934010152284 0.009285714285714286 0.016497461928934008
3 0.465 0.29441624365482233 0.01 0.02030456852791878
3 0.3989285714285714 0.266497461928934 0.007857142857142858 0.015228426395939085
5 0.46214285714285713 0.22842639593908629 0.01 0.03045685279187817
8 0.4475 0.22271573604060912 0.009285714285714286 0.021573604060913704
3 0.47035714285714286 0.19670050761421318 0.0064285714285714285 0.012690355329949238
3 0.445 0.19987309644670048 0.005714285714285714 0.008883248730964466
3 0.45714285714285713 0.18591370558375633 0.005714285714285714 0.011421319796954314
3 0.46714285714285714 0.16624365482233502 0.007142857142857143 0.012690355329949238
3 0.4446428571428571 0.18337563451776648 0.005 0.008883248730964466
3 0.41464285714285715 0.17956852791878172 0.007857142857142858 0.011421319796954314
3 0.4025 0.17956852791878172 0.0064285714285714285 0.011421319796954314
3 0.44392857142857145 0.16560913705583755 0.0064285714285714285 0.006345177664974619
3 0.4539285714285714 0.1548223350253807 0.0064285714285714285 0.01015228426395939
3 0.4617857142857143 0.14784263959390861 0.0064285714285714285 0.008883248730964466
5 0.46035714285714285 0.13197969543147206 0.007857142857142858 0.02030456852791878
3 0.4496428571428571 0.13007614213197968 0.005 0.008883248730964466
3 0.44142857142857145 0.141497461928934 0.005714285714285714 0.008883248730964466
9 0.445 0.15609137055837563 0.004285714285714286 0.012690355329949238
1 0.44535714285714284 0.1548223350253807 0.002142857142857143 0.0076142131979695426
3 0.41714285714285715 0.12690355329949238 0.007142857142857143 0.0076142131979695426
3 0.4089285714285714 0.11040609137055837 0.005 0.0076142131979695426
3 0.425 0.10469543147208121 0.007142857142857143 0.006345177664974619
3 0.44 0.11548223350253806 0.007142857142857143 0.0076142131979695426
3 0.455 0.10596446700507614 0.005714285714285714 0.006345177664974619
5 0.44535714285714284 0.09137055837563451 0.007857142857142858 0.02030456852791878
3 0.40964285714285714 0.09517766497461928 0.005 0.0076142131979695426
3 0.41928571428571426 0.07423857868020305 0.005714285714285714 0.006345177664974619
3 0.4375 0.09327411167512689 0.005 0.008883248730964466
3 0.4521428571428571 0.08375634517766496 0.005714285714285714 0.0076142131979695426
3 0.5442857142857143 0.18718274111675126 0.005714285714285714 0.008883248730964466
3 0.5403571428571429 0.18210659898477155 0.005 0.008883248730964466
3 0.5375 0.17576142131979694 0.005 0.006345177664974619
3 0.5525 0.2017766497461929 0.005 0.01015228426395939
3 0.5589285714285714 0.20875634517766495 0.005 0.008883248730964466
4 0.565 0.21256345177664973 0.007142857142857143 0.011421319796954314
5 0.575 0.2379441624365482 0.02142857142857143 0.03934010152284264
3 0.5896428571428571 0.2519035532994924 0.007857142857142858 0.016497461928934008
8 0.6225 0.30203045685279184 0.016428571428571428 0.02284263959390863
3 0.6628571428571428 0.4035532994923858 0.011428571428571429 0.02284263959390863
4 0.6425 0.4892131979695431 0.015 0.03680203045685279
5 0.6928571428571428 0.5120558375634517 0.025714285714285714 0.07233502538071065
5 0.7142857142857143 0.574238578680203 0.032857142857142856 0.09771573604060912
5 0.7417857142857143 0.6649746192893401 0.04071428571428572 0.08883248730964466
5 0.7703571428571429 0.7506345177664974 0.04071428571428572 0.11802030456852791
