3 0.5271428571428571 0.6021573604060914 0.022857142857142857 0.05964467005076142
3 0.5246428571428572 0.4676395939086294 0.02214285714285714 0.049492385786802026
3 0.5596428571428571 0.4308375634517766 0.017857142857142856 0.04441624365482233
3 0.5575 0.30837563451776645 0.019285714285714285 0.03807106598984771
3 0.5846428571428571 0.3102791878172589 0.017857142857142856 0.03680203045685279
4 0.6239285714285714 0.21256345177664973 0.015 0.03680203045685279
3 0.6121428571428571 0.1611675126903553 0.012857142857142857 0.032994923857868015
3 0.6821428571428572 0.02728426395939086 0.012857142857142857 0.031725888324873094
3 0.6242857142857143 0.010786802030456852 0.01 0.021573604060913704
3 0.64 0.015228426395939085 0.011428571428571429 0.025380710659898477
