3 0.4903571428571429 0.017619047619047618 0.04642857142857143 0.035238095238095235
3 0.45964285714285713 0.026666666666666665 0.045 0.047619047619047616
3 0.6546428571428572 0.30428571428571427 0.062142857142857146 0.06761904761904762
3 0.44392857142857145 0.2571428571428571 0.05357142857142857 0.07428571428571429
3 0.37035714285714283 0.2876190476190476 0.05785714285714286 0.07428571428571429
9 0.6167857142857143 0.34714285714285714 0.02214285714285714 0.02761904761904762
9 0.6289285714285714 0.3352380952380952 0.019285714285714285 0.03619047619047619
9 0.16964285714285715 0.7238095238095238 0.03214285714285714 0.0380952380952381
9 0.5075 0.7066666666666667 0.027857142857142858 0.04380952380952381
1 0.5075 0.7052380952380952 0.015 0.029523809523809525
0 0.5117857142857143 0.5190476190476191 0.012142857142857143 0.030476190476190476
1 0.5539285714285714 0.9771428571428571 0.015 0.024761904761904763
1 0.5428571428571428 0.9871428571428571 0.018571428571428572 0.02
9 0.5471428571428572 0.98 0.037142857142857144 0.0380952380952381
3 0.5125 0.611904761904762 0.07785714285714286 0.09238095238095238
3 0.30178571428571427 0.3395238095238095 0.047857142857142855 0.06190476190476191
3 0.26035714285714284 0.36666666666666664 0.060714285714285714 0.07238095238095238
3 0.22464285714285714 0.39666666666666667 0.05785714285714286 0.08285714285714285
5 0.6796428571428571 0.9119047619047619 0.09928571428571428 0.1419047619047619
3 0.7996428571428571 0.9495238095238095 0.09214285714285714 0.09904761904761905
3 0.9228571428571428 0.7871428571428571 0.07857142857142857 0.10952380952380952
3 0.8217857142857142 0.7352380952380952 0.08214285714285714 0.10857142857142857
5 0.9464285714285714 0.5495238095238095 0.10571428571428572 0.15047619047619049
1 0.9839285714285714 0.2319047619047619 0.010714285714285714 0.02
7 0.9839285714285714 0.2338095238095238 0.027857142857142858 0.04285714285714286
3 0.6925 0.16952380952380952 0.05357142857142857 0.047619047619047616
0 0.2646428571428571 0.1219047619047619 0.009285714285714286 0.030476190476190476
