0 0.4039285714285714 0.3842857142857143 0.012142857142857143 0.035238095238095235
0 0.3439285714285714 0.49238095238095236 0.012142857142857143 0.0419047619047619
0 0.44142857142857145 0.5423809523809524 0.011428571428571429 0.035238095238095235
0 0.4442857142857143 0.5314285714285715 0.012857142857142857 0.04
2 0.2575 0.6019047619047619 0.015 0.045714285714285714
9 0.2842857142857143 0.5947619047619047 0.04285714285714286 0.035238095238095235
2 0.2775 0.6195238095238095 0.03785714285714286 0.03333333333333333
9 0.23285714285714285 0.7066666666666667 0.037142857142857144 0.04
9 0.20714285714285716 0.7971428571428572 0.05 0.0380952380952381
9 0.2017857142857143 0.8219047619047619 0.047857142857142855 0.026666666666666665
9 0.1925 0.8347619047619048 0.045 0.025714285714285714
2 0.195 0.8538095238095238 0.045714285714285714 0.029523809523809525
3 0.3967857142857143 0.950952380952381 0.06642857142857143 0.09619047619047619
3 0.5771428571428572 0.8019047619047619 0.06 0.1580952380952381
3 0.5596428571428571 0.6071428571428571 0.04214285714285714 0.08666666666666667
9 0.6528571428571428 0.5642857142857143 0.041428571428571426 0.02761904761904762
3 0.5439285714285714 0.41904761904761906 0.030714285714285715 0.05333333333333333
9 0.6421428571428571 0.4623809523809524 0.03 0.02761904761904762
3 0.4375 0.3295238095238095 0.025 0.0419047619047619
3 0.49964285714285717 0.3519047619047619 0.025 0.06380952380952382
3 0.5114285714285715 0.2723809523809524 0.024285714285714285 0.05904761904761905
0 0.5564285714285714 0.29428571428571426 0.01 0.03238095238095238
3 0.5014285714285714 0.08238095238095237 0.011428571428571429 0.02
0 0.44285714285714284 0.23238095238095238 0.007142857142857143 0.026666666666666665
3 0.4471428571428571 0.18714285714285714 0.014285714285714285 0.025714285714285714
3 0.40214285714285714 0.25666666666666665 0.047142857142857146 0.02761904761904762
3 0.3653571428571429 0.30428571428571427 0.04642857142857143 0.03333333333333333
3 0.37035714285714283 0.28714285714285714 0.045 0.03333333333333333
9 0.3375 0.4114285714285714 0.023571428571428573 0.02095238095238095
