3 0.3871428571428571 0.4727157360406091 0.017142857142857144 0.03934010152284264
3 0.4039285714285714 0.32043147208121825 0.012142857142857143 0.03426395939086294
3 0.4139285714285714 0.1846446700507614 0.010714285714285714 0.031725888324873094
3 0.43214285714285716 0.04695431472081218 0.01 0.02030456852791878
3 0.3675 0.5126903553299492 0.013571428571428571 0.03807106598984771
3 0.32 0.7360406091370558 0.02 0.055837563451776644
3 0.3725 0.9549492385786801 0.019285714285714285 0.0748730964467005
3 0.3167857142857143 0.9238578680203045 0.023571428571428573 0.06598984771573603
3 0.5139285714285714 0.10977157360406091 0.009285714285714286 0.026649746192893398
3 0.31785714285714284 0.25380710659898476 0.01 0.027918781725888322
3 0.19535714285714287 0.3064720812182741 0.015 0.029187817258883246
4 0.29178571428571426 0.2151015228426396 0.02214285714285714 0.024111675126903553
4 0.2814285714285714 0.20685279187817257 0.022857142857142857 0.02284263959390863
4 0.2742857142857143 0.1979695431472081 0.02142857142857143 0.015228426395939085
4 0.27 0.19035532994923857 0.02 0.02284263959390863
4 0.2592857142857143 0.18337563451776648 0.024285714285714285 0.029187817258883246
4 0.20785714285714285 0.5177664974619289 0.02857142857142857 0.04314720812182741
4 0.19178571428571428 0.48667512690355325 0.027857142857142858 0.03680203045685279
4 0.8864285714285715 0.03807106598984771 0.012857142857142857 0.03045685279187817
4 0.8692857142857143 0.03362944162436548 0.015714285714285715 0.031725888324873094
4 0.845 0.03045685279187817 0.015714285714285715 0.027918781725888322
0 0.8814285714285715 0.026649746192893398 0.004285714285714286 0.017766497461928932
0 0.5621428571428572 0.7969543147208121 0.007142857142857143 0.017766497461928932
0 0.5614285714285714 0.7493654822335025 0.004285714285714286 0.021573604060913704
0 0.5675 0.732233502538071 0.005 0.02030456852791878
0 0.5642857142857143 0.7246192893401014 0.004285714285714286 0.02284263959390863
0 0.5589285714285714 0.7163705583756345 0.005 0.021573604060913704
0 0.3325 0.26903553299492383 0.005 0.015228426395939085
0 0.3296428571428571 0.266497461928934 0.005 0.012690355329949238
3 0.18678571428571428 0.23350253807106597 0.017857142857142856 0.025380710659898477
8 0.35714285714285715 0.39911167512690354 0.027142857142857142 0.10532994923857868
4 0.2767857142857143 0.24936548223350252 0.02214285714285714 0.021573604060913704
3 0.27214285714285713 0.2442893401015228 0.022857142857142857 0.021573604060913704
0 0.19214285714285714 0.9454314720812182 0.005714285714285714 0.012690355329949238
5 0.18464285714285714 0.46510152284263956 0.047857142857142855 0.049492385786802026
