3 0.5128571428571429 0.6218274111675126 0.027142857142857142 0.02030456852791878
3 0.6796428571428571 0.5190355329949238 0.027857142857142858 0.02030456852791878
9 0.4317857142857143 0.5050761421319797 0.012142857142857143 0.01015228426395939
3 0.9096428571428572 0.6300761421319796 0.015 0.03934010152284264
3 0.8496428571428571 0.524746192893401 0.027857142857142858 0.021573604060913704
3 0.77 0.5241116751269035 0.02857142857142857 0.02284263959390863
3 0.815 0.4955583756345177 0.027142857142857142 0.024111675126903553
3 0.875 0.45368020304568524 0.022857142857142857 0.04187817258883248
9 0.8675 0.49682741116751267 0.012142857142857143 0.011421319796954314
0 0.7121428571428572 0.4416243654822335 0.002857142857142857 0.0076142131979695426
0 0.7146428571428571 0.4365482233502538 0.005 0.0076142131979695426
3 0.0175 0.038705583756345176 0.027857142857142858 0.021573604060913704
3 0.075 0.041243654822335024 0.027142857142857142 0.021573604060913704
3 0.10785714285714286 0.04505076142131979 0.02857142857142857 0.021573604060913704
0 0.525 0.10215736040609136 0.005714285714285714 0.008883248730964466
