3 0.17714285714285713 0.9866666666666667 0.06285714285714286 0.024761904761904763
4 0.2867857142857143 0.9795238095238096 0.027857142857142858 0.039047619047619046
3 0.4092857142857143 0.9833333333333333 0.025714285714285714 0.03142857142857143
3 0.47785714285714287 0.9795238095238096 0.025714285714285714 0.039047619047619046
4 0.17892857142857144 0.9147619047619048 0.056428571428571425 0.037142857142857144
3 0.17785714285714285 0.8776190476190476 0.055714285714285716 0.035238095238095235
3 0.2892857142857143 0.9142857142857143 0.027142857142857142 0.07238095238095238
3 0.28714285714285714 0.7871428571428571 0.05285714285714286 0.035238095238095235
3 0.18678571428571428 0.7966666666666666 0.056428571428571425 0.03142857142857143
9 0.12535714285714286 0.7347619047619047 0.020714285714285713 0.012380952380952381
9 0.12964285714285714 0.7142857142857143 0.02214285714285714 0.015238095238095238
9 0.13392857142857142 0.6447619047619048 0.02214285714285714 0.015238095238095238
9 0.1325 0.6319047619047619 0.025 0.012380952380952381
9 0.13214285714285715 0.611904761904762 0.022857142857142857 0.02
3 0.1875 0.6476190476190476 0.055 0.0419047619047619
3 0.195 0.5671428571428572 0.05714285714285714 0.035238095238095235
3 0.29642857142857143 0.6271428571428571 0.05285714285714286 0.03333333333333333
0 0.2367857142857143 0.6295238095238095 0.009285714285714286 0.009523809523809525
0 0.24642857142857144 0.6295238095238095 0.01 0.013333333333333332
4 0.2075 0.5219047619047619 0.055 0.04
3 0.3175 0.3742857142857143 0.025 0.06666666666666667
3 0.3221428571428571 0.2995238095238095 0.022857142857142857 0.06761904761904762
3 0.1075 0.31666666666666665 0.05785714285714286 0.03333333333333333
3 0.10928571428571429 0.2814285714285714 0.05857142857142857 0.03333333333333333
3 0.1792857142857143 0.29523809523809524 0.027142857142857142 0.06666666666666667
4 0.21964285714285714 0.2742857142857143 0.055 0.02857142857142857
3 0.32285714285714284 0.21714285714285714 0.025714285714285714 0.07047619047619047
3 0.22142857142857142 0.17952380952380953 0.05142857142857143 0.035238095238095235
3 0.10035714285714285 0.18523809523809523 0.055 0.035238095238095235
3 0.0975 0.14904761904761904 0.052142857142857144 0.02761904761904762
3 0.1742857142857143 0.14904761904761904 0.027142857142857142 0.06380952380952382
3 0.08642857142857142 0.06476190476190476 0.06142857142857143 0.0380952380952381
3 0.21714285714285714 0.09714285714285714 0.05285714285714286 0.0380952380952381
3 0.21928571428571428 0.05952380952380952 0.05142857142857143 0.035238095238095235
3 0.21678571428571428 0.02238095238095238 0.05785714285714286 0.037142857142857144
3 0.32535714285714284 0.05476190476190476 0.025 0.06761904761904762
3 0.32285714285714284 0.1295238095238095 0.024285714285714285 0.07428571428571429
1 0.49964285714285717 0.5619047619047619 0.007857142857142858 0.013333333333333332
9 0.49964285714285717 0.56 0.007857142857142858 0.024761904761904763
9 0.6228571428571429 0.9614285714285714 0.008571428571428572 0.025714285714285714
1 0.6225 0.9638095238095238 0.007857142857142858 0.013333333333333332
3 0.69 0.9547619047619048 0.054285714285714284 0.035238095238095235
0 0.7053571428571429 0.9238095238095239 0.009285714285714286 0.013333333333333332
6 0.7739285714285714 0.8766666666666667 0.012142857142857143 0.029523809523809525
5 0.6 0.8071428571428572 0.037142857142857144 0.07142857142857142
6 0.6164285714285714 0.7595238095238095 0.02142857142857143 0.04285714285714286
3 0.5942857142857143 0.7347619047619047 0.025714285714285714 0.06761904761904762
3 0.595 0.6542857142857142 0.02 0.06285714285714286
3 0.6021428571428571 0.5795238095238096 0.022857142857142857 0.06571428571428571
4 0.6196428571428572 0.4738095238095238 0.025 0.058095238095238096
5 0.6114285714285714 0.3923809523809524 0.027142857142857142 0.09523809523809523
0 0.5421428571428571 0.36952380952380953 0.007142857142857143 0.017142857142857144
9 0.6078571428571429 0.31952380952380954 0.024285714285714285 0.018095238095238095
9 0.6117857142857143 0.3038095238095238 0.02214285714285714 0.015238095238095238
0 0.6246428571428572 0.29428571428571426 0.007857142857142858 0.015238095238095238
0 0.6521428571428571 0.19428571428571428 0.007142857142857143 0.015238095238095238
0 0.6325 0.18476190476190477 0.005 0.017142857142857144
6 0.6164285714285714 0.1523809523809524 0.014285714285714285 0.0419047619047619
9 0.6517857142857143 0.7390476190476191 0.012142857142857143 0.024761904761904763
1 0.6525 0.7376190476190476 0.012142857142857143 0.014285714285714285
9 0.7075 0.77 0.019285714285714285 0.02
9 0.7264285714285714 0.7876190476190477 0.022857142857142857 0.02095238095238095
0 0.7221428571428572 0.7423809523809524 0.012857142857142857 0.012380952380952381
9 0.7242857142857143 0.7071428571428572 0.017142857142857144 0.012380952380952381
0 0.6664285714285715 0.41714285714285715 0.012857142857142857 0.015238095238095238
