0 0.6962421711899791 0.511595547309833 0.016701461377870562 0.05658627087198516
1 0.6779749478079331 0.6377551020408163 0.01774530271398747 0.04730983302411874
1 0.5600208768267223 0.6229128014842301 0.019832985386221292 0.05287569573283859
1 0.5542797494780792 0.5343228200371057 0.011482254697286011 0.04452690166975881
1 0.1829331941544885 0.5027829313543599 0.013048016701461376 0.03896103896103896
1 0.61821503131524 0.23376623376623376 0.007828810020876827 0.020408163265306124
1 0.5884655532359081 0.19387755102040816 0.007828810020876827 0.01855287569573284
6 0.02635699373695198 0.10111317254174397 0.012004175365344467 0.027829313543599257
0 0.01487473903966597 0.18831168831168832 0.007828810020876827 0.03153988868274583
7 0.044885177453027135 0.2504638218923933 0.016701461377870562 0.04081632653061225
1 0.04540709812108559 0.2481447124304267 0.009394572025052192 0.01948051948051948
5 0.03444676409185803 0.3552875695732839 0.06680584551148225 0.12987012987012989
6 0.18710855949895613 0.5111317254174397 0.02139874739039666 0.0463821892393321
7 0.18345511482254695 0.5974025974025974 0.04227557411273486 0.08348794063079777
5 0.19258872651356992 0.7922077922077922 0.18267223382045927 0.4137291280148423
9 0.6779749478079331 0.6465677179962894 0.016701461377870562 0.05380333951762523
9 0.5605427974947808 0.6340445269016698 0.014613778705636741 0.05658627087198516
9 0.5537578288100208 0.5449907235621522 0.012526096033402922 0.049165120593692026
1 0.5868997912317327 0.4313543599257885 0.014091858037578286 0.03710575139146568
6 0.5882045929018789 0.4225417439703154 0.020876826722338204 0.07884972170686456
7 0.5563674321503131 0.4332096474953618 0.019832985386221292 0.07421150278293136
9 0.6184759916492693 0.24165120593692022 0.009394572025052192 0.026901669758812616
9 0.5889874739039666 0.20408163265306123 0.006784968684759916 0.02411873840445269
2 0.583768267223382 0.16975881261595546 0.0057411273486430055 0.020408163265306124
1 0.583768267223382 0.16512059369202226 0.0057411273486430055 0.020408163265306124
1 0.5842901878914405 0.1461038961038961 0.0057411273486430055 0.015769944341372914
9 0.5842901878914405 0.14935064935064934 0.0057411273486430055 0.016697588126159554
0 0.5354906054279749 0.2504638218923933 0.010438413361169102 0.03896103896103896
1 0.5957724425887264 0.15445269016697588 0.0057411273486430055 0.0176252319109462
1 0.6116910229645093 0.14935064935064934 0.0041753653444676405 0.016697588126159554
1 0.6195198329853862 0.12569573283858998 0.006263048016701461 0.0176252319109462
1 0.6153444676409185 0.10482374768089053 0.0041753653444676405 0.016697588126159554
6 0.5960334029227556 0.16001855287569575 0.0073068893528183704 0.021335807050092765
9 0.6122129436325678 0.15445269016697588 0.006263048016701461 0.0176252319109462
9 0.6195198329853862 0.1303339517625232 0.008350730688935281 0.015769944341372914
9 0.6150835073068893 0.10899814471243043 0.004697286012526096 0.0176252319109462
9 0.6093423799582462 0.08534322820037106 0.004697286012526096 0.011131725417439703
1 0.6096033402922755 0.07931354359925788 0.0041753653444676405 0.013914656771799629
0 0.6257828810020876 0.10853432282003711 0.005219206680584551 0.014842300556586271
0 0.6805845511482254 0.12569573283858998 0.005219206680584551 0.021335807050092765
9 0.6604906054279749 0.10528756957328386 0.008872651356993735 0.010204081632653062
4 0.6336116910229644 0.12059369202226346 0.025052192066805843 0.03339517625231911
5 0.5717640918580376 0.08719851576994435 0.017223382045929016 0.03153988868274583
4 0.568893528183716 0.07235621521335807 0.010438413361169102 0.02411873840445269
7 0.604384133611691 0.06818181818181818 0.008350730688935281 0.02319109461966605
1 0.6062108559498955 0.04777365491651206 0.0057411273486430055 0.010204081632653062
6 0.6080375782881001 0.04777365491651206 0.009394572025052192 0.0176252319109462
6 0.5965553235908141 0.03246753246753247 0.008350730688935281 0.014842300556586271
5 0.5944676409185803 0.02411873840445269 0.008350730688935281 0.01855287569573284
1 0.5842901878914405 0.016233766233766236 0.0036534446764091852 0.010204081632653062
1 0.6012526096033403 0.016233766233766236 0.0031315240083507304 0.008348794063079777
1 0.604384133611691 0.015306122448979591 0.0031315240083507304 0.008348794063079777
9 0.5840292275574113 0.01948051948051948 0.0031315240083507304 0.00927643784786642
9 0.6012526096033403 0.01901669758812616 0.0031315240083507304 0.008348794063079777
9 0.6049060542797494 0.017161410018552876 0.0031315240083507304 0.010204081632653062
7 0.5874217118997912 0.008348794063079777 0.004697286012526096 0.014842300556586271
3 0.5394050104384133 0.0839517625231911 0.014091858037578286 0.026901669758812616
3 0.5414926931106472 0.06910946196660482 0.010960334029227557 0.021335807050092765
3 0.522964509394572 0.07931354359925788 0.01774530271398747 0.02504638218923933
3 0.8178496868475991 0.17764378478664195 0.038622129436325675 0.039888682745825604
1 0.8068893528183715 0.21057513914656772 0.009394572025052192 0.022263450834879406
9 0.8074112734864299 0.21706864564007422 0.014613778705636741 0.016697588126159554
1 0.8496868475991648 0.22263450834879406 0.008350730688935281 0.02411873840445269
6 0.8494258872651356 0.2300556586270872 0.020354906054279746 0.022263450834879406
1 0.9488517745302713 0.2694805194805195 0.0073068893528183704 0.026901669758812616
9 0.946242171189979 0.2764378478664193 0.015657620041753653 0.02411873840445269
0 0.397964509394572 0.03432282003710575 0.004697286012526096 0.011131725417439703
3 0.5748956158663883 0.03432282003710575 0.007828810020876827 0.016697588126159554
3 0.5762004175365344 0.02411873840445269 0.006263048016701461 0.012987012987012988
