3 0.14642857142857144 0.06476190476190476 0.05142857142857143 0.11047619047619048
3 0.1742857142857143 0.2019047619047619 0.05285714285714286 0.11238095238095239
3 0.25 0.2542857142857143 0.045714285714285714 0.11047619047619048
3 0.28964285714285715 0.0919047619047619 0.045 0.10952380952380952
0 0.20214285714285715 0.3142857142857143 0.017142857142857144 0.022857142857142857
3 0.26785714285714285 0.43714285714285717 0.03857142857142857 0.11047619047619048
3 0.22 0.4942857142857143 0.03428571428571429 0.11428571428571428
3 0.2571428571428571 0.6147619047619047 0.047142857142857146 0.11523809523809524
3 0.13642857142857143 0.62 0.08571428571428572 0.07809523809523809
3 0.15535714285714286 0.7323809523809524 0.09071428571428572 0.07238095238095238
4 0.19142857142857142 0.7919047619047619 0.08142857142857143 0.07523809523809524
3 0.33214285714285713 0.6947619047619048 0.07 0.1019047619047619
0 0.2017857142857143 0.3419047619047619 0.013571428571428571 0.02095238095238095
0 0.30428571428571427 0.39476190476190476 0.017142857142857144 0.021904761904761906
0 0.12535714285714286 0.5666666666666667 0.03214285714285714 0.017142857142857144
9 0.3171428571428571 0.49238095238095236 0.02 0.03619047619047619
0 0.31785714285714284 0.49523809523809526 0.015714285714285715 0.02095238095238095
3 0.04285714285714286 0.8542857142857143 0.08714285714285715 0.06476190476190476
3 0.0425 0.7590476190476191 0.08642857142857142 0.07238095238095238
3 0.029285714285714286 0.9447619047619048 0.05857142857142857 0.06476190476190476
4 0.2592857142857143 0.8866666666666667 0.08 0.06285714285714286
3 0.365 0.8647619047619047 0.09142857142857143 0.06476190476190476
9 0.6053571428571428 0.7295238095238096 0.027857142857142858 0.01904761904761905
1 0.605 0.7271428571428571 0.011428571428571429 0.012380952380952381
9 0.735 0.6966666666666667 0.03 0.02
1 0.7421428571428571 0.6938095238095238 0.017142857142857144 0.014285714285714285
3 0.7317857142857143 0.7538095238095238 0.07642857142857143 0.05619047619047619
6 0.4467857142857143 0.5395238095238095 0.012142857142857143 0.039047619047619046
1 0.445 0.5395238095238095 0.008571428571428572 0.014285714285714285
3 0.6 0.42904761904761907 0.05 0.0980952380952381
0 0.5253571428571429 0.36428571428571427 0.010714285714285714 0.02
0 0.5171428571428571 0.29428571428571426 0.01 0.022857142857142857
3 0.3796428571428571 0.1895238095238095 0.045 0.11428571428571428
4 0.6375 0.21666666666666667 0.07785714285714286 0.11333333333333333
3 0.5846428571428571 0.18476190476190477 0.06785714285714285 0.09523809523809523
1 0.5428571428571428 0.08142857142857143 0.011428571428571429 0.025714285714285714
9 0.5439285714285714 0.0919047619047619 0.016428571428571428 0.05047619047619047
9 0.5717857142857142 0.06142857142857143 0.030714285714285715 0.025714285714285714
9 0.5646428571428571 0.03190476190476191 0.025 0.03333333333333333
4 0.46785714285714286 0.03 0.041428571428571426 0.06190476190476191
3 0.10214285714285715 0.21714285714285714 0.05 0.12
9 0.7721428571428571 0.26 0.017142857142857144 0.0380952380952381
3 0.8067857142857143 0.43476190476190474 0.07785714285714286 0.06952380952380953
3 0.8625 0.5138095238095238 0.07785714285714286 0.06190476190476191
9 0.7721428571428571 0.4847619047619048 0.02 0.03238095238095238
9 0.9246428571428571 0.28476190476190477 0.03214285714285714 0.024761904761904763
3 0.9446428571428571 0.39380952380952383 0.075 0.058095238095238096
3 0.9653571428571428 0.49238095238095236 0.06785714285714285 0.047619047619047616
3 0.9828571428571429 0.6938095238095238 0.032857142857142856 0.04476190476190476
