3 0.39035714285714285 0.799047619047619 0.047857142857142855 0.1523809523809524
3 0.4421428571428571 0.3819047619047619 0.022857142857142857 0.05523809523809524
3 0.5225 0.7671428571428571 0.03357142857142857 0.1019047619047619
3 0.5421428571428571 0.5123809523809524 0.022857142857142857 0.05523809523809524
3 0.46535714285714286 0.24952380952380954 0.017857142857142856 0.030476190476190476
0 0.42678571428571427 0.05380952380952381 0.0035714285714285713 0.012380952380952381
3 0.5017857142857143 0.007142857142857143 0.007857142857142858 0.012380952380952381
0 0.5671428571428572 0.03142857142857143 0.002857142857142857 0.011428571428571429
0 0.575 0.03190476190476191 0.002857142857142857 0.008571428571428572
0 0.6021428571428571 0.004761904761904762 0.002857142857142857 0.011428571428571429
0 0.6071428571428571 0.004761904761904762 0.002857142857142857 0.009523809523809525
0 0.6517857142857143 0.22904761904761906 0.005 0.018095238095238095
0 0.64 0.22523809523809524 0.007142857142857143 0.02
0 0.6846428571428571 0.6076190476190476 0.007857142857142858 0.03619047619047619
0 0.675 0.6066666666666667 0.01 0.03238095238095238
