0 0.49178571428571427 0.7923809523809524 0.009285714285714286 0.015238095238095238
0 0.5096428571428572 0.7895238095238095 0.007857142857142858 0.009523809523809525
0 0.495 0.7971428571428572 0.01 0.011428571428571429
0 0.505 0.7947619047619048 0.01 0.010476190476190476
0 0.5296428571428572 0.7547619047619047 0.007857142857142858 0.012380952380952381
0 0.5321428571428571 0.7366666666666667 0.007142857142857143 0.014285714285714285
0 0.4117857142857143 0.7247619047619047 0.007857142857142858 0.011428571428571429
0 0.41285714285714287 0.71 0.011428571428571429 0.02
0 0.32285714285714284 0.7471428571428571 0.01 0.012380952380952381
0 0.13964285714285715 0.6742857142857143 0.015 0.013333333333333332
0 0.0475 0.2419047619047619 0.017857142857142856 0.013333333333333332
0 0.09214285714285714 0.3547619047619048 0.01 0.021904761904761906
0 0.07464285714285715 0.49952380952380954 0.015 0.018095238095238095
0 0.1575 0.5647619047619048 0.015 0.015238095238095238
0 0.20964285714285713 0.6142857142857143 0.015 0.011428571428571429
0 0.31214285714285717 0.6147619047619047 0.01 0.010476190476190476
0 0.205 0.49476190476190474 0.017142857142857144 0.010476190476190476
0 0.31285714285714283 0.46190476190476193 0.011428571428571429 0.007619047619047619
0 0.3417857142857143 0.4819047619047619 0.012142857142857143 0.009523809523809525
0 0.3725 0.46904761904761905 0.009285714285714286 0.006666666666666666
0 0.40214285714285714 0.46904761904761905 0.01 0.010476190476190476
0 0.37142857142857144 0.43952380952380954 0.008571428571428572 0.006666666666666666
0 0.35892857142857143 0.45714285714285713 0.009285714285714286 0.009523809523809525
0 0.35214285714285715 0.4471428571428571 0.007142857142857143 0.004761904761904762
0 0.4014285714285714 0.31523809523809526 0.01 0.013333333333333332
0 0.3717857142857143 0.38142857142857145 0.009285714285714286 0.010476190476190476
0 0.34285714285714286 0.3914285714285714 0.011428571428571429 0.015238095238095238
0 0.3871428571428571 0.39476190476190476 0.01 0.010476190476190476
0 0.3967857142857143 0.3995238095238095 0.007857142857142858 0.010476190476190476
0 0.3892857142857143 0.41714285714285715 0.008571428571428572 0.009523809523809525
0 0.18535714285714286 0.34714285714285714 0.0064285714285714285 0.010476190476190476
