0 0.31535714285714284 0.5066666666666667 0.0064285714285714285 0.022857142857142857
0 0.22964285714285715 0.8747619047619047 0.012142857142857143 0.035238095238095235
0 0.19464285714285715 0.91 0.012142857142857143 0.035238095238095235
0 0.2642857142857143 0.8895238095238095 0.012857142857142857 0.04
0 0.41 0.87 0.011428571428571429 0.04285714285714286
3 0.6146428571428572 0.8852380952380953 0.045 0.1438095238095238
0 0.37035714285714283 0.6947619047619048 0.012142857142857143 0.06761904761904762
3 0.6246428571428572 0.6952380952380952 0.03785714285714286 0.12
3 0.5921428571428572 0.4719047619047619 0.037142857142857144 0.10952380952380952
0 0.5739285714285715 0.3442857142857143 0.009285714285714286 0.02761904761904762
0 0.5596428571428571 0.12476190476190477 0.002142857142857143 0.015238095238095238
3 0.7467857142857143 0.21476190476190476 0.029285714285714286 0.05238095238095238
3 0.6575 0.5166666666666667 0.055 0.12476190476190477
3 0.6821428571428572 0.9247619047619048 0.045714285714285714 0.14857142857142858
9 0.7542857142857143 0.9295238095238095 0.02 0.05523809523809524
1 0.7539285714285714 0.9176190476190477 0.017857142857142856 0.035238095238095235
