3 0.36392857142857143 0.7242857142857143 0.05928571428571429 0.08476190476190476
3 0.4521428571428571 0.7071428571428572 0.047142857142857146 0.09238095238095238
3 0.4614285714285714 0.5623809523809524 0.03428571428571429 0.05238095238095238
3 0.42928571428571427 0.5066666666666667 0.03142857142857143 0.03428571428571429
5 0.475 0.4471428571428571 0.02857142857142857 0.05238095238095238
3 0.47 0.4195238095238095 0.018571428571428572 0.02
3 0.47714285714285715 0.3823809523809524 0.015714285714285715 0.014285714285714285
5 0.2017857142857143 0.46190476190476193 0.05785714285714286 0.06476190476190476
0 0.0525 0.5447619047619048 0.012142857142857143 0.030476190476190476
0 0.061785714285714284 0.5466666666666666 0.013571428571428571 0.03238095238095238
0 0.2867857142857143 0.38476190476190475 0.0064285714285714285 0.015238095238095238
3 0.48892857142857143 0.36142857142857143 0.012142857142857143 0.01619047619047619
3 0.5028571428571429 0.3519047619047619 0.01 0.012380952380952381
3 0.5296428571428572 0.3566666666666667 0.012142857142857143 0.012380952380952381
5 0.5053571428571428 0.33476190476190476 0.010714285714285714 0.02
5 0.5 0.3242857142857143 0.01 0.021904761904761906
3 0.5092857142857142 0.3219047619047619 0.007142857142857143 0.011428571428571429
3 0.505 0.31 0.005714285714285714 0.006666666666666666
4 0.5021428571428571 0.30238095238095236 0.007142857142857143 0.012380952380952381
9 0.5217857142857143 0.3519047619047619 0.005 0.012380952380952381
0 0.5214285714285715 0.3519047619047619 0.0014285714285714286 0.010476190476190476
4 0.5671428571428572 0.31666666666666665 0.007142857142857143 0.010476190476190476
3 0.5921428571428572 0.3619047619047619 0.014285714285714285 0.013333333333333332
7 0.6025 0.3647619047619048 0.016428571428571428 0.015238095238095238
5 0.6628571428571428 0.4114285714285714 0.06285714285714286 0.0380952380952381
8 0.6603571428571429 0.3995238095238095 0.04357142857142857 0.02761904761904762
3 0.6875 0.45476190476190476 0.05357142857142857 0.023809523809523808
3 0.635 0.37142857142857144 0.02857142857142857 0.015238095238095238
7 0.53 0.4614285714285714 0.022857142857142857 0.02761904761904762
1 0.5296428571428572 0.46476190476190476 0.005 0.022857142857142857
7 0.5403571428571429 0.4695238095238095 0.019285714285714285 0.026666666666666665
7 0.53 0.4942857142857143 0.027142857142857142 0.03238095238095238
7 0.5392857142857143 0.5023809523809524 0.024285714285714285 0.02761904761904762
7 0.5371428571428571 0.5195238095238095 0.024285714285714285 0.035238095238095235
1 0.5375 0.46904761904761905 0.0035714285714285713 0.018095238095238095
1 0.53 0.49666666666666665 0.002857142857142857 0.018095238095238095
1 0.5321428571428571 0.5219047619047619 0.002857142857142857 0.017142857142857144
1 0.5396428571428571 0.5223809523809524 0.005 0.02761904761904762
3 0.8639285714285714 0.709047619047619 0.11214285714285714 0.06380952380952382
3 0.8042857142857143 0.6338095238095238 0.08714285714285715 0.05238095238095238
0 0.7521428571428571 0.6171428571428571 0.007142857142857143 0.03238095238095238
0 0.7753571428571429 0.5952380952380952 0.007857142857142858 0.02857142857142857
