8 0.05178571428571429 0.266497461928934 0.05071428571428571 0.11928934010152284
4 0.10714285714285714 0.07868020304568528 0.022857142857142857 0.03807106598984771
8 0.19 0.11548223350253806 0.04285714285714286 0.11928934010152284
0 0.1475 0.23223350253807104 0.005 0.012690355329949238
0 0.1367857142857143 0.28045685279187815 0.0064285714285714285 0.01015228426395939
0 0.13142857142857142 0.2918781725888325 0.005714285714285714 0.01015228426395939
0 0.13285714285714287 0.2798223350253807 0.005714285714285714 0.011421319796954314
0 0.14964285714285713 0.2151015228426396 0.005 0.008883248730964466
0 0.15964285714285714 0.18210659898477155 0.005 0.011421319796954314
0 0.20142857142857143 0.042512690355329945 0.004285714285714286 0.013959390862944161
0 0.20035714285714284 0.039974619289340096 0.0064285714285714285 0.016497461928934008
0 0.20142857142857143 0.03489847715736041 0.005714285714285714 0.011421319796954314
0 0.19714285714285715 0.052030456852791875 0.007142857142857143 0.012690355329949238
8 0.1325 0.3699238578680203 0.04214285714285714 0.1383248730964467
5 0.21392857142857144 0.34200507614213194 0.025 0.06979695431472081
4 0.21 0.4746192893401015 0.02 0.053299492385786795
4 0.33785714285714286 0.49048223350253806 0.015714285714285715 0.05456852791878172
4 0.3171428571428571 0.05139593908629441 0.017142857142857144 0.03934010152284264
4 0.36142857142857143 0.20685279187817257 0.014285714285714285 0.04568527918781726
4 0.3892857142857143 0.23350253807106597 0.012857142857142857 0.050761421319796954
8 0.1825 0.7176395939086294 0.025 0.10025380710659898
8 0.05 0.9714467005076142 0.06571428571428571 0.052030456852791875
3 0.4017857142857143 0.9156091370558375 0.04214285714285714 0.04441624365482233
3 0.2517857142857143 0.78997461928934 0.016428571428571428 0.05964467005076142
4 0.30714285714285716 0.8559644670050761 0.04428571428571428 0.04441624365482233
3 0.54 0.7474619289340101 0.04 0.03807106598984771
3 0.6867857142857143 0.6859137055837563 0.039285714285714285 0.03680203045685279
4 0.5675 0.8401015228426395 0.04071428571428572 0.04568527918781726
3 0.8275 0.706218274111675 0.04214285714285714 0.04187817258883248
3 0.8242857142857143 0.6224619289340101 0.037142857142857144 0.03426395939086294
8 0.8667857142857143 0.6465736040609137 0.056428571428571425 0.05710659898477157
4 0.9078571428571428 0.5634517766497461 0.037142857142857144 0.050761421319796954
4 0.9514285714285714 0.42068527918781723 0.02 0.052030456852791875
5 0.8792857142857143 0.4041878172588832 0.037142857142857144 0.07233502538071065
3 0.9228571428571428 0.2760152284263959 0.022857142857142857 0.049492385786802026
4 0.9096428571428572 0.20431472081218272 0.025 0.048223350253807105
3 0.7164285714285714 0.09898477157360405 0.017142857142857144 0.04060913705583756
3 0.5167857142857143 0.5019035532994923 0.017857142857142856 0.05456852791878172
4 0.5417857142857143 0.6281725888324873 0.017857142857142856 0.055837563451776644
3 0.47928571428571426 0.45875634517766495 0.017142857142857144 0.052030456852791875
8 0.5289285714285714 0.3978426395939086 0.02642857142857143 0.08756345177664974
9 0.4342857142857143 0.25571065989847713 0.007142857142857143 0.021573604060913704
1 0.43464285714285716 0.2506345177664974 0.005 0.021573604060913704
8 0.4992857142857143 0.04378172588832487 0.025714285714285714 0.08756345177664974
8 0.5939285714285715 0.04441624365482233 0.03642857142857143 0.09137055837563451
0 0.6203571428571428 0.07994923857868019 0.0035714285714285713 0.017766497461928932
0 0.65 0.2848984771573604 0.002857142857142857 0.011421319796954314
0 0.6496428571428572 0.274746192893401 0.002142857142857143 0.008883248730964466
0 0.6517857142857143 0.2703045685279188 0.002142857142857143 0.012690355329949238
0 0.6521428571428571 0.4232233502538071 0.005714285714285714 0.016497461928934008
