8 0.5096428571428572 0.7125634517766497 0.019285714285714285 0.08502538071065989
8 0.42964285714285716 0.7785532994923857 0.02214285714285714 0.08756345177664974
8 0.4642857142857143 0.5507614213197969 0.012857142857142857 0.05837563451776649
8 0.46214285714285713 0.4225888324873096 0.012857142857142857 0.04568527918781726
8 0.4617857142857143 0.3102791878172589 0.012142857142857143 0.03934010152284264
8 0.4675 0.2246192893401015 0.017857142857142856 0.06345177664974619
3 0.8971428571428571 0.8876903553299492 0.03 0.06218274111675126
3 0.8592857142857143 0.7614213197969543 0.022857142857142857 0.04568527918781726
3 0.8442857142857143 0.7125634517766497 0.02 0.04441624365482233
3 0.4446428571428571 0.5374365482233502 0.012142857142857143 0.03426395939086294
3 0.4467857142857143 0.45177664974619286 0.010714285714285714 0.03045685279187817
3 0.4471428571428571 0.4048223350253807 0.01 0.025380710659898477
3 0.45785714285714285 0.348984771573604 0.008571428571428572 0.02030456852791878
3 0.4342857142857143 0.32170050761421315 0.008571428571428572 0.016497461928934008
3 0.5421428571428571 0.34517766497461927 0.01 0.025380710659898477
4 0.4614285714285714 0.28236040609137053 0.008571428571428572 0.021573604060913704
3 0.4517857142857143 0.2519035532994924 0.009285714285714286 0.013959390862944161
4 0.4492857142857143 0.31408629441624364 0.008571428571428572 0.016497461928934008
4 0.4496428571428571 0.2798223350253807 0.007857142857142858 0.019035532994923856
4 0.12464285714285714 0.19035532994923857 0.019285714285714285 0.015228426395939085
3 0.08928571428571429 0.20304568527918782 0.018571428571428572 0.015228426395939085
3 0.2017857142857143 0.17005076142131978 0.017857142857142856 0.012690355329949238
3 0.32142857142857145 0.15736040609137056 0.018571428571428572 0.015228426395939085
3 0.20964285714285713 0.25444162436548223 0.017857142857142856 0.016497461928934008
4 0.36964285714285716 0.2519035532994924 0.017857142857142856 0.016497461928934008
4 0.5375 0.2798223350253807 0.009285714285714286 0.026649746192893398
0 0.3392857142857143 0.8826142131979695 0.007142857142857143 0.024111675126903553
0 0.5346428571428572 0.7360406091370558 0.005 0.02030456852791878
4 0.32142857142857145 0.0076142131979695426 0.01 0.015228426395939085
0 0.5071428571428571 0.3166243654822335 0.002857142857142857 0.011421319796954314
0 0.5075 0.2899746192893401 0.005 0.008883248730964466
4 0.009285714285714286 0.18718274111675126 0.018571428571428572 0.016497461928934008
