9 0.38535714285714284 0.027142857142857142 0.013571428571428571 0.03142857142857143
9 0.43642857142857144 0.14904761904761904 0.025714285714285714 0.02
9 0.45 0.1719047619047619 0.017142857142857144 0.029523809523809525
0 0.515 0.439047619047619 0.007142857142857143 0.015238095238095238
0 0.52 0.45 0.007142857142857143 0.02
0 0.5517857142857143 0.49142857142857144 0.012142857142857143 0.015238095238095238
0 0.5214285714285715 0.9823809523809524 0.01 0.02
0 0.6367857142857143 0.9923809523809524 0.012142857142857143 0.013333333333333332
1 0.6246428571428572 0.9795238095238096 0.012142857142857143 0.012380952380952381
1 0.29464285714285715 0.9119047619047619 0.015 0.02
1 0.3314285714285714 0.9214285714285714 0.014285714285714285 0.01619047619047619
1 0.32285714285714284 0.9295238095238095 0.01 0.015238095238095238
1 0.4514285714285714 0.8514285714285714 0.012857142857142857 0.01904761904761905
1 0.5125 0.7371428571428571 0.010714285714285714 0.015238095238095238
1 0.49464285714285716 0.789047619047619 0.012142857142857143 0.01619047619047619
1 0.5446428571428571 0.5223809523809524 0.015 0.01619047619047619
1 0.61 0.6895238095238095 0.012857142857142857 0.017142857142857144
1 0.705 0.6895238095238095 0.015714285714285715 0.01904761904761905
1 0.7717857142857143 0.6171428571428571 0.010714285714285714 0.015238095238095238
0 0.6071428571428571 0.4595238095238095 0.01 0.014285714285714285
0 0.6228571428571429 0.4519047619047619 0.01 0.014285714285714285
0 0.6846428571428571 0.589047619047619 0.009285714285714286 0.014285714285714285
0 0.6989285714285715 0.6138095238095238 0.015 0.01619047619047619
1 0.8396428571428571 0.6238095238095238 0.012142857142857143 0.017142857142857144
0 0.7075 0.8571428571428571 0.012142857142857143 0.01904761904761905
0 0.9578571428571429 0.14476190476190476 0.017142857142857144 0.024761904761904763
9 0.9767857142857143 0.1742857142857143 0.02642857142857143 0.02857142857142857
9 0.6914285714285714 0.3442857142857143 0.018571428571428572 0.037142857142857144
9 0.5446428571428571 0.5238095238095238 0.020714285714285713 0.02095238095238095
9 0.34464285714285714 0.5547619047619048 0.017857142857142856 0.035238095238095235
9 0.3314285714285714 0.5795238095238096 0.025714285714285714 0.02761904761904762
0 0.22285714285714286 0.6452380952380953 0.011428571428571429 0.01619047619047619
9 0.07464285714285715 0.7171428571428572 0.015 0.0419047619047619
9 0.061785714285714284 0.7223809523809523 0.015 0.040952380952380955
9 0.09285714285714286 0.699047619047619 0.014285714285714285 0.03428571428571429
9 0.29392857142857143 0.9114285714285715 0.03214285714285714 0.022857142857142857
9 0.33214285714285713 0.9219047619047619 0.032857142857142856 0.03238095238095238
9 0.4496428571428571 0.85 0.027857142857142858 0.02
9 0.495 0.7876190476190477 0.03 0.022857142857142857
9 0.51 0.7395238095238095 0.027142857142857142 0.021904761904761906
9 0.6089285714285714 0.6895238095238095 0.027857142857142858 0.02095238095238095
9 0.7021428571428572 0.6914285714285714 0.027142857142857142 0.024761904761904763
9 0.7689285714285714 0.6195238095238095 0.02214285714285714 0.021904761904761906
2 0.7492857142857143 0.3223809523809524 0.018571428571428572 0.035238095238095235
9 0.8364285714285714 0.6252380952380953 0.024285714285714285 0.023809523809523808
9 0.9703571428571428 0.65 0.029285714285714286 0.03333333333333333
9 0.9575 0.6619047619047619 0.025 0.0380952380952381
9 0.945 0.6647619047619048 0.02 0.0380952380952381
9 0.9371428571428572 0.67 0.022857142857142857 0.037142857142857144
3 0.8789285714285714 0.7723809523809524 0.07071428571428572 0.06476190476190476
3 0.8575 0.6619047619047619 0.05928571428571429 0.06857142857142857
3 0.5453571428571429 0.39 0.05357142857142857 0.08476190476190476
3 0.9325 0.611904761904762 0.07071428571428572 0.06761904761904762
3 0.985 0.5738095238095238 0.02857142857142857 0.058095238095238096
3 0.7089285714285715 0.3919047619047619 0.06785714285714285 0.06380952380952382
3 0.7792857142857142 0.34714285714285714 0.06571428571428571 0.06571428571428571
3 0.8492857142857143 0.3038095238095238 0.06714285714285714 0.06285714285714286
3 0.37 0.9733333333333334 0.08428571428571428 0.05142857142857143
9 0.9514285714285714 0.8442857142857143 0.018571428571428572 0.039047619047619046
9 0.9614285714285714 0.8395238095238096 0.02142857142857143 0.040952380952380955
9 0.9678571428571429 0.8323809523809523 0.022857142857142857 0.04
9 0.975 0.8271428571428572 0.02142857142857143 0.04285714285714286
0 0.4546428571428571 0.9771428571428571 0.015 0.015238095238095238
