3 0.4515 0.6586666666666666 0.031 0.052
3 0.504 0.7336666666666667 0.038 0.06466666666666666
5 0.455 0.5076666666666666 0.029 0.054
5 0.6725 0.8803333333333333 0.159 0.238
3 0.5740000000000001 0.6396666666666666 0.031 0.046
3 0.71325 0.6746666666666666 0.0785 0.03866666666666667
5 0.48975 0.5696666666666667 0.0405 0.07266666666666667
3 0.82525 0.6506666666666666 0.0645 0.04133333333333333
3 0.8300000000000001 0.6016666666666667 0.055 0.03266666666666666
3 0.80075 0.5856666666666667 0.0485 0.02733333333333333
3 0.793 0.5626666666666666 0.055 0.025333333333333333
7 0.54725 0.5106666666666666 0.0145 0.022666666666666665
3 0.4975 0.474 0.015 0.016
5 0.516 0.4656666666666667 0.017 0.024666666666666667
5 0.4655 0.44966666666666666 0.019 0.02733333333333333
3 0.44625000000000004 0.4136666666666666 0.0095 0.011333333333333332
3 0.4605 0.41666666666666663 0.01 0.012
3 0.4845 0.4086666666666667 0.011 0.010666666666666666
3 0.50775 0.4066666666666667 0.0225 0.009333333333333332
3 0.449 0.38866666666666666 0.009000000000000001 0.009333333333333332
3 0.45825 0.39666666666666667 0.0095 0.013333333333333332
3 0.47525 0.39799999999999996 0.0085 0.008
7 0.809 0.5286666666666666 0.02 0.017333333333333333
1 0.93675 0.6616666666666666 0.0085 0.024666666666666667
3 0.722 0.476 0.036000000000000004 0.024
3 0.73575 0.4666666666666667 0.0245 0.014666666666666666
3 0.68075 0.45166666666666666 0.0155 0.014
3 0.62925 0.425 0.0175 0.01
3 0.63275 0.4086666666666667 0.0135 0.009333333333333332
3 0.54425 0.37166666666666665 0.006500000000000001 0.006
5 0.5417500000000001 0.365 0.0045000000000000005 0.006
5 0.48475 0.39366666666666666 0.006500000000000001 0.011333333333333332
4 0.47250000000000003 0.38966666666666666 0.007 0.008666666666666666
3 0.46975 0.38066666666666665 0.006500000000000001 0.006666666666666666
3 0.47525 0.37366666666666665 0.0045000000000000005 0.007333333333333333
3 0.4675 0.37566666666666665 0.005 0.004666666666666666
3 0.466 0.37066666666666664 0.005 0.006666666666666666
3 0.47200000000000003 0.37066666666666664 0.004 0.006666666666666666
5 0.45225 0.35866666666666663 0.0055 0.009333333333333332
5 0.4685 0.36266666666666664 0.006 0.009333333333333332
5 0.46675 0.36566666666666664 0.0055 0.004666666666666666
0 0.46175 0.36766666666666664 0.0025 0.004666666666666666
3 0.446 0.3466666666666667 0.008 0.005333333333333333
3 0.4455 0.35266666666666663 0.004 0.005333333333333333
3 0.4485 0.35466666666666663 0.004 0.005333333333333333
