3 0.20642857142857143 0.8597715736040609 0.04285714285714286 0.16878172588832485
3 0.29178571428571426 0.8515228426395939 0.04642857142857143 0.15228426395939085
3 0.3392857142857143 0.8515228426395939 0.04 0.14213197969543145
3 0.38785714285714284 0.8343908629441624 0.04285714285714286 0.1713197969543147
3 0.4828571428571429 0.8083756345177664 0.03428571428571429 0.15736040609137056
3 0.5242857142857142 0.8045685279187816 0.04285714285714286 0.17258883248730963
3 0.5753571428571429 0.7994923857868019 0.04214285714285714 0.18527918781725886
3 0.6228571428571429 0.7760152284263959 0.04857142857142857 0.1763959390862944
3 0.665 0.7703045685279187 0.047142857142857146 0.16243654822335024
3 0.7067857142857142 0.7544416243654821 0.052142857142857144 0.16878172588832485
3 0.7478571428571429 0.7468274111675126 0.04857142857142857 0.16370558375634517
3 0.7896428571428571 0.7449238578680203 0.052142857142857144 0.15228426395939085
3 0.8296428571428571 0.7417512690355329 0.055 0.15609137055837563
3 0.8721428571428571 0.7430203045685279 0.05 0.16624365482233502
3 0.9446428571428571 0.7519035532994923 0.08214285714285714 0.10025380710659898
3 0.9403571428571429 0.6668781725888324 0.095 0.09263959390862943
3 0.9342857142857143 0.4911167512690355 0.09857142857142857 0.11928934010152284
3 0.8489285714285715 0.3965736040609137 0.09928571428571428 0.11802030456852791
3 0.7175 0.25380710659898476 0.07214285714285715 0.11675126903553298
3 0.6321428571428571 0.17576142131979694 0.07571428571428572 0.10025380710659898
3 0.6146428571428572 0.23604060913705582 0.07785714285714286 0.11167512690355329
3 0.6942857142857143 0.3178934010152284 0.07428571428571429 0.11294416243654821
3 0.92 0.5507614213197969 0.1 0.12436548223350252
3 0.47714285714285715 0.11104060913705582 0.07714285714285714 0.11294416243654821
3 0.4496428571428571 0.1630710659898477 0.075 0.10532994923857868
3 0.44035714285714284 0.4676395939086294 0.08071428571428571 0.12055837563451775
3 0.5164285714285715 0.5596446700507614 0.07714285714285714 0.14213197969543145
3 0.41464285714285715 0.5310913705583756 0.08214285714285714 0.1281725888324873
3 0.37642857142857145 0.5850253807106599 0.07714285714285714 0.11928934010152284
3 0.33035714285714285 0.5063451776649746 0.06357142857142857 0.13705583756345177
3 0.2925 0.4682741116751269 0.06785714285714285 0.13705583756345177
3 0.645 0.43718274111675126 0.08714285714285715 0.12309644670050761
3 0.6653571428571429 0.3743654822335025 0.06785714285714285 0.10913705583756345
3 0.5742857142857143 0.3559644670050761 0.06428571428571428 0.10786802030456852
3 0.8028571428571428 0.5564720812182741 0.1 0.07741116751269035
3 0.8239285714285715 0.4479695431472081 0.09785714285714285 0.13705583756345177
3 0.7375 0.6345177664974618 0.10214285714285715 0.07868020304568528
3 0.8428571428571429 0.6288071065989848 0.10428571428571429 0.06979695431472081
