3 0.6171711899791231 0.5932282003710575 0.02766179540709812 0.05844155844155844
3 0.6484864300626304 0.5482374768089054 0.03810020876826722 0.0463821892393321
3 0.6808455114822546 0.4972170686456401 0.03705636743215031 0.0463821892393321
0 0.5994258872651357 0.39285714285714285 0.0036534446764091852 0.01948051948051948
9 0.5981210855949896 0.39842300556586274 0.009394572025052192 0.0176252319109462
3 0.6631002087682671 0.3747680890538033 0.02974947807933194 0.0352504638218924
3 0.6850208768267223 0.34415584415584416 0.03392484342379958 0.03339517625231911
3 0.29827766179540705 0.42439703153988867 0.03392484342379958 0.043599257884972174
3 0.24399791231732773 0.4267161410018553 0.03705636743215031 0.04267161410018553
3 0.22964509394572022 0.40862708719851576 0.037578288100208766 0.043599257884972174
0 0.18736951983298536 0.4095547309833024 0.005219206680584551 0.01948051948051948
0 0.2009394572025052 0.4137291280148423 0.006263048016701461 0.022263450834879406
0 0.20641962421711899 0.4137291280148423 0.0057411273486430055 0.020408163265306124
3 0.20902922755741124 0.37337662337662336 0.03183716075156576 0.039888682745825604
3 0.19937369519832984 0.3589981447124304 0.033402922755741124 0.04081632653061225
3 0.19389352818371605 0.3432282003710575 0.03079331941544885 0.0352504638218924
3 0.1847599164926931 0.3339517625231911 0.033402922755741124 0.03896103896103896
4 0.17197286012526095 0.31864564007421153 0.032881002087682666 0.041743970315398886
9 0.1516179540709812 0.30565862708719854 0.015135699373695197 0.0176252319109462
3 0.14874739039665968 0.28988868274582563 0.03444676409185803 0.039888682745825604
3 0.13204592901878914 0.2662337662337662 0.032359081419624215 0.0352504638218924
3 0.0644572025052192 0.1326530612244898 0.02766179540709812 0.027829313543599257
3 0.007828810020876827 0.16697588126159554 0.016701461377870562 0.025974025974025976
1 0.025313152400835072 0.1442486085343228 0.0036534446764091852 0.012059369202226345
9 0.024791231732776614 0.14888682745825604 0.009916492693110646 0.010204081632653062
