3 0.5303571428571429 0.03 0.052142857142857144 0.06
3 0.5378571428571428 0.11666666666666667 0.06142857142857143 0.14
3 0.5214285714285715 0.2623809523809524 0.06285714285714286 0.13238095238095238
4 0.5192857142857142 0.4195238095238095 0.14142857142857143 0.2123809523809524
3 0.4992857142857143 0.6423809523809524 0.08857142857142856 0.23523809523809525
3 0.4675 0.9152380952380952 0.095 0.1676190476190476
3 0.9692857142857143 0.9119047619047619 0.06 0.17238095238095238
3 0.9446428571428571 0.6071428571428571 0.10928571428571429 0.19714285714285715
3 0.8971428571428571 0.38666666666666666 0.08571428571428572 0.14285714285714285
3 0.8528571428571429 0.20523809523809525 0.08 0.11142857142857143
3 0.8314285714285714 0.09714285714285714 0.06714285714285714 0.08761904761904762
