3 0.3425 0.09010152284263959 0.015 0.03807106598984771
0 0.04535714285714286 0.9225888324873096 0.015 0.03045685279187817
0 0.03535714285714286 0.9086294416243654 0.019285714285714285 0.032994923857868015
0 0.2017857142857143 0.9911167512690354 0.007857142857142858 0.015228426395939085
0 0.21428571428571427 0.766497461928934 0.011428571428571429 0.03045685279187817
0 0.20714285714285716 0.732233502538071 0.012857142857142857 0.032994923857868015
0 0.2739285714285714 0.383248730964467 0.005 0.02030456852791878
0 0.27464285714285713 0.3756345177664974 0.005 0.02030456852791878
0 0.2575 0.383248730964467 0.005 0.02030456852791878
0 0.255 0.39530456852791873 0.004285714285714286 0.016497461928934008
0 0.25642857142857145 0.4035532994923858 0.004285714285714286 0.02030456852791878
0 0.2646428571428571 0.4111675126903553 0.005 0.015228426395939085
0 0.2646428571428571 0.40038071065989844 0.005 0.016497461928934008
0 0.26035714285714284 0.39403553299492383 0.005 0.013959390862944161
0 0.26964285714285713 0.3375634517766497 0.007857142857142858 0.025380710659898477
0 0.2664285714285714 0.3229695431472081 0.005714285714285714 0.024111675126903553
0 0.25535714285714284 0.299492385786802 0.0064285714285714285 0.025380710659898477
0 0.26535714285714285 0.31218274111675126 0.005 0.02284263959390863
0 0.2792857142857143 0.33502538071065985 0.007142857142857143 0.02284263959390863
8 0.42892857142857144 0.06535532994923858 0.029285714285714286 0.11294416243654821
3 0.465 0.008883248730964466 0.017142857142857144 0.02030456852791878
3 0.5814285714285714 0.6218274111675126 0.032857142857142856 0.09390862944162436
3 0.5371428571428571 0.26903553299492383 0.022857142857142857 0.055837563451776644
8 0.5914285714285714 0.26015228426395937 0.032857142857142856 0.09644670050761421
8 0.5471428571428572 0.09517766497461928 0.04428571428571428 0.11928934010152284
0 0.5371428571428571 0.015228426395939085 0.002857142857142857 0.02030456852791878
0 0.5792857142857143 0.03489847715736041 0.002857142857142857 0.021573604060913704
0 0.5489285714285714 0.03489847715736041 0.0035714285714285713 0.013959390862944161
0 0.5621428571428572 0.07804568527918782 0.002857142857142857 0.016497461928934008
0 0.5592857142857143 0.07170050761421319 0.002857142857142857 0.016497461928934008
0 0.5871428571428572 0.141497461928934 0.004285714285714286 0.024111675126903553
0 0.65 0.18083756345177662 0.002857142857142857 0.024111675126903553
0 0.6296428571428572 0.15989847715736039 0.005 0.012690355329949238
0 0.605 0.09517766497461928 0.002857142857142857 0.02284263959390863
0 0.5921428571428572 0.06789340101522842 0.002857142857142857 0.016497461928934008
0 0.5921428571428572 0.050761421319796954 0.002857142857142857 0.015228426395939085
0 0.645 0.05456852791878172 0.002857142857142857 0.017766497461928932
0 0.6521428571428571 0.05964467005076142 0.002857142857142857 0.015228426395939085
0 0.6921428571428572 0.10723350253807105 0.004285714285714286 0.019035532994923856
0 0.6825 0.10977157360406091 0.005 0.021573604060913704
0 0.6992857142857143 0.13197969543147206 0.004285714285714286 0.02030456852791878
0 0.6621428571428571 0.29568527918781723 0.002857142857142857 0.012690355329949238
0 0.8375 0.7994923857868019 0.005 0.017766497461928932
0 0.7964285714285714 0.6967005076142131 0.005714285714285714 0.02284263959390863
0 0.8064285714285714 0.5901015228426395 0.008571428571428572 0.03045685279187817
0 0.8171428571428572 0.5932741116751269 0.01 0.029187817258883246
0 0.7975 0.5964467005076142 0.007857142857142858 0.03045685279187817
0 0.7139285714285715 0.17195431472081216 0.0035714285714285713 0.016497461928934008
1 0.8903571428571428 0.0666243654822335 0.007857142857142858 0.029187817258883246
0 0.9153571428571429 0.11294416243654821 0.007857142857142858 0.02284263959390863
