3 0.135 0.6671428571428571 0.06285714285714286 0.16666666666666666
3 0.20214285714285715 0.6623809523809524 0.05714285714285714 0.16476190476190475
3 0.3242857142857143 0.6547619047619048 0.05285714285714286 0.16476190476190475
3 0.4114285714285714 0.6595238095238095 0.05714285714285714 0.18571428571428572
3 0.5571428571428572 0.6571428571428571 0.054285714285714284 0.1676190476190476
3 0.6371428571428571 0.6595238095238095 0.05714285714285714 0.17047619047619048
3 0.7189285714285715 0.6438095238095238 0.05928571428571429 0.1657142857142857
3 0.8021428571428572 0.6366666666666667 0.06 0.1742857142857143
3 0.9539285714285715 0.6152380952380953 0.07071428571428572 0.17714285714285713
3 0.1692857142857143 0.062380952380952384 0.17714285714285713 0.1
