3 0.6496428571428572 0.8166666666666667 0.055 0.11142857142857143
3 0.5278571428571428 0.78 0.03571428571428571 0.09714285714285714
3 0.46785714285714286 0.5614285714285714 0.02142857142857143 0.05238095238095238
3 0.5714285714285714 0.539047619047619 0.024285714285714285 0.04380952380952381
3 0.5364285714285715 0.40714285714285714 0.015714285714285715 0.025714285714285714
3 0.5496428571428571 0.38666666666666666 0.015 0.024761904761904763
3 0.46035714285714285 0.41523809523809524 0.016428571428571428 0.024761904761904763
3 0.47714285714285715 0.2723809523809524 0.01 0.013333333333333332
3 0.4592857142857143 0.2723809523809524 0.011428571428571429 0.015238095238095238
3 0.4942857142857143 0.25952380952380955 0.011428571428571429 0.014285714285714285
3 0.48142857142857143 0.24523809523809523 0.008571428571428572 0.012380952380952381
3 0.5496428571428571 0.9595238095238096 0.045 0.07714285714285714
