5 0.03892857142857143 0.4219047619047619 0.03785714285714286 0.0419047619047619
5 0.0525 0.42952380952380953 0.03214285714285714 0.03428571428571429
5 0.061785714285714284 0.4342857142857143 0.027857142857142858 0.03238095238095238
5 0.05964285714285714 0.5147619047619048 0.027857142857142858 0.035238095238095235
4 0.23285714285714285 0.41523809523809524 0.02142857142857143 0.015238095238095238
3 0.26142857142857145 0.44952380952380955 0.014285714285714285 0.017142857142857144
3 0.18964285714285714 0.5138095238095238 0.027857142857142858 0.01619047619047619
3 0.17214285714285715 0.5376190476190477 0.022857142857142857 0.01619047619047619
3 0.1492857142857143 0.5747619047619048 0.032857142857142856 0.018095238095238095
4 0.15892857142857142 0.5542857142857143 0.030714285714285715 0.024761904761904763
3 0.5817857142857142 0.9038095238095238 0.025 0.06666666666666667
3 0.7117857142857142 0.9171428571428571 0.04357142857142857 0.06095238095238095
3 0.6521428571428571 0.7195238095238096 0.037142857142857144 0.037142857142857144
3 0.6378571428571429 0.6723809523809524 0.03571428571428571 0.03428571428571429
3 0.5439285714285714 0.6242857142857143 0.015 0.035238095238095235
3 0.6371428571428571 0.46714285714285714 0.025714285714285714 0.014285714285714285
3 0.5896428571428571 0.3523809523809524 0.019285714285714285 0.013333333333333332
3 0.6146428571428572 0.4138095238095238 0.02214285714285714 0.014285714285714285
3 0.5225 0.36238095238095236 0.007857142857142858 0.014285714285714285
3 0.475 0.38142857142857145 0.008571428571428572 0.018095238095238095
3 0.48964285714285716 0.3842857142857143 0.007857142857142858 0.01619047619047619
5 0.495 0.5671428571428572 0.02 0.054285714285714284
5 0.5203571428571429 0.4247619047619048 0.016428571428571428 0.030476190476190476
5 0.5367857142857143 0.40904761904761905 0.012142857142857143 0.025714285714285714
5 0.5178571428571429 0.31952380952380954 0.011428571428571429 0.029523809523809525
5 0.5014285714285714 0.30238095238095236 0.01 0.02
5 0.5075 0.26904761904761904 0.007857142857142858 0.018095238095238095
5 0.49535714285714283 0.25523809523809526 0.009285714285714286 0.017142857142857144
5 0.5028571428571429 0.23904761904761904 0.008571428571428572 0.01904761904761905
5 0.4725 0.2219047619047619 0.007857142857142858 0.024761904761904763
5 0.49714285714285716 0.20238095238095238 0.007142857142857143 0.018095238095238095
5 0.49 0.21666666666666667 0.008571428571428572 0.02
5 0.47928571428571426 0.24952380952380954 0.01 0.0380952380952381
8 0.5028571428571429 0.33476190476190476 0.012857142857142857 0.035238095238095235
8 0.4825 0.3376190476190476 0.012142857142857143 0.039047619047619046
4 0.5271428571428571 0.3823809523809524 0.01 0.02
0 0.565 0.42904761904761907 0.002857142857142857 0.012380952380952381
3 0.6292857142857143 0.45714285714285713 0.024285714285714285 0.015238095238095238
3 0.6271428571428571 0.4471428571428571 0.022857142857142857 0.014285714285714285
3 0.6246428571428572 0.43952380952380954 0.025 0.012380952380952381
3 0.6221428571428571 0.42904761904761907 0.022857142857142857 0.012380952380952381
3 0.5246428571428572 0.2519047619047619 0.007857142857142858 0.008571428571428572
3 0.47964285714285715 0.29 0.007857142857142858 0.012380952380952381
3 0.49785714285714283 0.28 0.007142857142857143 0.011428571428571429
3 0.51 0.28714285714285714 0.007142857142857143 0.008571428571428572
3 0.51 0.2976190476190476 0.007142857142857143 0.010476190476190476
3 0.495 0.2695238095238095 0.007142857142857143 0.009523809523809525
3 0.49214285714285716 0.2419047619047619 0.004285714285714286 0.007619047619047619
3 0.46785714285714286 0.2419047619047619 0.005714285714285714 0.009523809523809525
3 0.535 0.22952380952380952 0.007142857142857143 0.007619047619047619
4 0.535 0.2823809523809524 0.005714285714285714 0.012380952380952381
5 0.5064285714285715 0.2519047619047619 0.007142857142857143 0.014285714285714285
3 0.5253571428571429 0.24476190476190476 0.007857142857142858 0.007619047619047619
3 0.4975 0.2919047619047619 0.0064285714285714285 0.010476190476190476
3 0.5046428571428572 0.20476190476190476 0.005 0.007619047619047619
3 0.47035714285714286 0.20952380952380953 0.005 0.005714285714285714
3 0.47714285714285715 0.21523809523809523 0.004285714285714286 0.007619047619047619
8 0.47714285714285715 0.16238095238095238 0.007142857142857143 0.012380952380952381
4 0.4725 0.16714285714285715 0.005 0.010476190476190476
5 0.4142857142857143 0.17476190476190476 0.01 0.006666666666666666
5 0.39714285714285713 0.18476190476190477 0.027142857142857142 0.013333333333333332
5 0.3942857142857143 0.1838095238095238 0.027142857142857142 0.011428571428571429
5 0.36678571428571427 0.18904761904761905 0.019285714285714285 0.012380952380952381
3 0.023928571428571428 0.7614285714285715 0.039285714285714285 0.054285714285714284
4 0.06964285714285715 0.8123809523809524 0.03785714285714286 0.05523809523809524
4 0.04928571428571429 0.8042857142857143 0.03428571428571429 0.06
5 0.09178571428571429 0.6676190476190477 0.09214285714285714 0.10476190476190476
0 0.40714285714285714 0.32 0.002857142857142857 0.013333333333333332
0 0.4521428571428571 0.2842857142857143 0.002857142857142857 0.012380952380952381
0 0.41928571428571426 0.30142857142857143 0.002857142857142857 0.012380952380952381
0 0.41214285714285714 0.2914285714285714 0.002857142857142857 0.011428571428571429
0 0.41464285714285715 0.27476190476190476 0.002142857142857143 0.012380952380952381
0 0.41714285714285715 0.2719047619047619 0.002857142857142857 0.012380952380952381
0 0.40964285714285714 0.25952380952380955 0.002142857142857143 0.012380952380952381
0 0.405 0.2623809523809524 0.002857142857142857 0.012380952380952381
0 0.4092857142857143 0.3119047619047619 0.002857142857142857 0.012380952380952381
1 0.4714285714285714 0.5919047619047619 0.004285714285714286 0.012380952380952381
1 0.4664285714285714 0.6 0.002857142857142857 0.009523809523809525
1 0.47 0.6147619047619047 0.004285714285714286 0.010476190476190476
2 0.47035714285714286 0.5976190476190476 0.0035714285714285713 0.012380952380952381
2 0.47 0.6195238095238095 0.002857142857142857 0.012380952380952381
2 0.4664285714285714 0.6066666666666667 0.002857142857142857 0.013333333333333332
2 0.5903571428571428 0.69 0.0035714285714285713 0.018095238095238095
1 0.5903571428571428 0.6895238095238095 0.005 0.009523809523809525
0 0.2317857142857143 0.8771428571428571 0.0064285714285714285 0.01904761904761905
