3 0.45035714285714284 0.9252380952380952 0.04928571428571429 0.09047619047619047
3 0.3517857142857143 0.8023809523809524 0.062142857142857146 0.10761904761904761
3 0.5253571428571429 0.6847619047619048 0.035 0.05523809523809524
3 0.5446428571428571 0.789047619047619 0.03785714285714286 0.06952380952380953
3 0.5846428571428571 0.599047619047619 0.025 0.05523809523809524
3 0.5775 0.5119047619047619 0.02214285714285714 0.035238095238095235
3 0.6121428571428571 0.4723809523809524 0.02 0.03238095238095238
3 0.58 0.4066666666666667 0.02 0.0380952380952381
3 0.5142857142857142 0.43 0.022857142857142857 0.04476190476190476
4 0.4575 0.6314285714285715 0.035 0.06857142857142857
4 0.5371428571428571 0.43666666666666665 0.022857142857142857 0.04476190476190476
3 0.13535714285714287 0.89 0.06642857142857143 0.11523809523809524
3 0.3692857142857143 0.9752380952380952 0.03857142857142857 0.047619047619047616
9 0.41964285714285715 0.5495238095238095 0.015 0.04
3 0.5396428571428571 0.17904761904761904 0.02214285714285714 0.015238095238095238
0 0.5921428571428572 0.16666666666666666 0.002857142857142857 0.007619047619047619
9 0.5621428571428572 0.26904761904761904 0.005714285714285714 0.01619047619047619
0 0.5171428571428571 0.23666666666666666 0.002857142857142857 0.008571428571428572
9 0.615 0.7295238095238096 0.008571428571428572 0.03238095238095238
9 0.6003571428571428 0.8319047619047619 0.012142857142857143 0.03333333333333333
9 0.6792857142857143 0.4142857142857143 0.007142857142857143 0.01904761904761905
9 0.73 0.12523809523809523 0.002857142857142857 0.012380952380952381
3 0.6821428571428572 0.017142857142857144 0.005714285714285714 0.005714285714285714
3 0.6828571428571428 0.011428571428571429 0.005714285714285714 0.005714285714285714
3 0.7 0.027142857142857142 0.007142857142857143 0.010476190476190476
3 0.7128571428571429 0.017142857142857144 0.007142857142857143 0.007619047619047619
3 0.7078571428571429 0.03761904761904762 0.007142857142857143 0.008571428571428572
3 0.6971428571428572 0.05952380952380952 0.007142857142857143 0.010476190476190476
3 0.6775 0.08428571428571428 0.010714285714285714 0.012380952380952381
3 0.6542857142857142 0.06761904761904762 0.007142857142857143 0.005714285714285714
0 0.6746428571428571 0.027142857142857142 0.002142857142857143 0.004761904761904762
0 0.7414285714285714 0.12714285714285714 0.002857142857142857 0.012380952380952381
0 0.7467857142857143 0.12714285714285714 0.002142857142857143 0.006666666666666666
3 0.6546428571428572 0.06142857142857143 0.007857142857142858 0.006666666666666666
1 0.6017857142857143 0.8223809523809524 0.007857142857142858 0.01619047619047619
1 0.615 0.7238095238095238 0.008571428571428572 0.02095238095238095
1 0.42142857142857143 0.5442857142857143 0.01 0.02
1 0.5617857142857143 0.26666666666666666 0.005 0.009523809523809525
1 0.73 0.12380952380952381 0.002857142857142857 0.007619047619047619
1 0.6792857142857143 0.4076190476190476 0.007142857142857143 0.009523809523809525
