3 0.2092857142857143 0.6423809523809524 0.07714285714285714 0.16285714285714287
3 0.41 0.5642857142857143 0.06 0.15904761904761905
3 0.30178571428571427 0.4523809523809524 0.04928571428571429 0.12761904761904763
0 0.06892857142857142 0.5842857142857143 0.03785714285714286 0.05238095238095238
0 0.3125 0.5919047619047619 0.017857142857142856 0.06380952380952382
7 0.34464285714285714 0.5376190476190477 0.052142857142857144 0.11523809523809524
3 0.3489285714285714 0.8795238095238095 0.08214285714285714 0.2257142857142857
3 0.2667857142857143 0.8771428571428571 0.07642857142857143 0.24
3 0.16428571428571428 0.8933333333333333 0.10857142857142857 0.21142857142857144
3 0.3296428571428571 0.08 0.045 0.08571428571428572
3 0.5192857142857142 0.0919047619047619 0.04 0.06190476190476191
3 0.5503571428571429 0.039523809523809524 0.029285714285714286 0.054285714285714284
3 0.5925 0.07666666666666666 0.030714285714285715 0.06
3 0.30714285714285716 0.3423809523809524 0.05 0.10571428571428572
0 0.87 0.7123809523809523 0.03142857142857143 0.05714285714285714
2 0.8103571428571429 0.74 0.03357142857142857 0.06666666666666667
2 0.6767857142857143 0.2842857142857143 0.02214285714285714 0.037142857142857144
2 0.7221428571428572 0.23952380952380953 0.017142857142857144 0.02761904761904762
1 0.6803571428571429 0.2619047619047619 0.013571428571428571 0.047619047619047616
1 0.7217857142857143 0.2195238095238095 0.013571428571428571 0.02761904761904762
1 0.8103571428571429 0.7076190476190476 0.02214285714285714 0.05333333333333333
3 0.6339285714285714 0.051904761904761905 0.03785714285714286 0.05238095238095238
3 0.66 0.12428571428571429 0.047142857142857146 0.06190476190476191
3 0.7342857142857143 0.11190476190476191 0.04285714285714286 0.05047619047619047
3 0.8442857142857143 0.08666666666666667 0.07571428571428572 0.047619047619047616
9 0.8096428571428571 0.06428571428571428 0.015 0.02
9 0.8096428571428571 0.05 0.017857142857142856 0.02
0 0.8242857142857143 0.05238095238095238 0.007142857142857143 0.03238095238095238
3 0.6942857142857143 0.027142857142857142 0.04 0.04857142857142857
3 0.7575 0.01 0.03785714285714286 0.02
3 0.775 0.33666666666666667 0.07285714285714286 0.0980952380952381
3 0.8117857142857143 0.2919047619047619 0.07214285714285715 0.09238095238095238
3 0.8671428571428571 0.38476190476190475 0.1 0.11428571428571428
9 0.9389285714285714 0.3252380952380952 0.027857142857142858 0.039047619047619046
1 0.9446428571428571 0.3047619047619048 0.012142857142857143 0.02857142857142857
3 0.8339285714285715 0.46476190476190476 0.09071428571428572 0.12
4 0.9342857142857143 0.4942857142857143 0.09285714285714286 0.14095238095238094
3 0.9153571428571429 0.6347619047619047 0.12785714285714286 0.1742857142857143
3 0.9725 0.8471428571428572 0.05071428571428571 0.1742857142857143
