3 0.18892857142857142 0.689047619047619 0.21071428571428572 0.1380952380952381
2 0.10678571428571429 0.77 0.06785714285714285 0.054285714285714284
2 0.12214285714285714 0.49714285714285716 0.03 0.06476190476190476
3 0.22428571428571428 0.5895238095238096 0.17142857142857143 0.10666666666666666
3 0.2475 0.5214285714285715 0.165 0.1
3 0.29428571428571426 0.46714285714285714 0.12285714285714286 0.08476190476190476
3 0.3271428571428571 0.4123809523809524 0.12 0.07238095238095238
3 0.335 0.3719047619047619 0.10571428571428572 0.06761904761904762
3 0.3517857142857143 0.3352380952380952 0.115 0.06476190476190476
3 0.36392857142857143 0.28714285714285714 0.105 0.06190476190476191
3 0.3925 0.21904761904761905 0.08785714285714286 0.05523809523809524
3 0.40464285714285714 0.19952380952380952 0.065 0.037142857142857144
3 0.42214285714285715 0.16666666666666666 0.08 0.047619047619047616
0 0.44892857142857145 0.1519047619047619 0.015 0.037142857142857144
0 0.47285714285714286 0.13476190476190475 0.017142857142857144 0.035238095238095235
0 0.5328571428571428 0.13428571428571429 0.011428571428571429 0.047619047619047616
0 0.48178571428571426 0.36714285714285716 0.017857142857142856 0.06190476190476191
3 0.5825 0.07476190476190477 0.025 0.039047619047619046
3 0.5821428571428572 0.11952380952380952 0.027142857142857142 0.04666666666666667
3 0.6203571428571428 0.19428571428571428 0.039285714285714285 0.06285714285714286
3 0.5839285714285715 0.19428571428571428 0.030714285714285715 0.05714285714285714
0 0.6064285714285714 0.2538095238095238 0.014285714285714285 0.035238095238095235
0 0.6067857142857143 0.25523809523809526 0.007857142857142858 0.04380952380952381
3 0.585 0.2895238095238095 0.04 0.07809523809523809
3 0.585 0.379047619047619 0.05 0.10095238095238095
3 0.5892857142857143 0.4895238095238095 0.05285714285714286 0.13714285714285715
3 0.5042857142857143 0.439047619047619 0.05142857142857143 0.10666666666666666
3 0.49392857142857144 0.6123809523809524 0.07071428571428572 0.16
3 0.59 0.6647619047619048 0.08142857142857143 0.21523809523809523
4 0.6467857142857143 0.33714285714285713 0.055 0.12761904761904763
3 0.09678571428571428 0.9419047619047619 0.19357142857142856 0.11428571428571428
3 0.7021428571428572 0.16380952380952382 0.03571428571428571 0.049523809523809526
5 0.6721428571428572 0.05904761904761905 0.03 0.06476190476190476
3 0.6921428571428572 0.03190476190476191 0.017142857142857144 0.023809523809523808
9 0.6721428571428572 0.017142857142857144 0.005714285714285714 0.013333333333333332
9 0.7114285714285714 0.03142857142857143 0.007142857142857143 0.011428571428571429
1 0.6725 0.01 0.0064285714285714285 0.010476190476190476
1 0.7117857142857142 0.021904761904761906 0.005 0.017142857142857144
1 0.8189285714285715 0.16476190476190475 0.010714285714285714 0.02095238095238095
9 0.82 0.17523809523809525 0.015714285714285715 0.022857142857142857
3 0.7221428571428572 0.07904761904761905 0.032857142857142856 0.02857142857142857
3 0.7767857142857143 0.08952380952380952 0.03785714285714286 0.030476190476190476
3 0.7428571428571429 0.051904761904761905 0.02 0.02761904761904762
3 0.7253571428571428 0.014285714285714285 0.017857142857142856 0.022857142857142857
3 0.7464285714285714 0.019523809523809523 0.018571428571428572 0.02
3 0.7375 0.011428571428571429 0.007857142857142858 0.013333333333333332
3 0.7675 0.051904761904761905 0.020714285714285713 0.025714285714285714
3 0.7571428571428571 0.03238095238095238 0.017142857142857144 0.01904761904761905
3 0.7817857142857143 0.06761904761904762 0.027857142857142858 0.024761904761904763
3 0.8053571428571429 0.07 0.025 0.02761904761904762
3 0.8317857142857142 0.0719047619047619 0.02214285714285714 0.02761904761904762
3 0.8096428571428571 0.04476190476190476 0.02214285714285714 0.022857142857142857
3 0.8514285714285714 0.039523809523809524 0.02857142857142857 0.021904761904761906
3 0.9003571428571429 0.06428571428571428 0.039285714285714285 0.02761904761904762
0 0.8214285714285714 0.04238095238095238 0.005714285714285714 0.025714285714285714
0 0.8575 0.05952380952380952 0.007857142857142858 0.025714285714285714
0 0.8521428571428571 0.04428571428571428 0.007142857142857143 0.02761904761904762
2 0.815 0.1 0.007142857142857143 0.022857142857142857
0 0.8164285714285714 0.08952380952380952 0.008571428571428572 0.01904761904761905
3 0.8425 0.1219047619047619 0.04071428571428572 0.0380952380952381
3 0.8671428571428571 0.1519047619047619 0.04285714285714286 0.037142857142857144
3 0.8678571428571429 0.11428571428571428 0.02857142857142857 0.03238095238095238
3 0.8925 0.13428571428571429 0.045 0.04
4 0.9196428571428571 0.15142857142857144 0.045 0.05523809523809524
3 0.9 0.1819047619047619 0.055714285714285716 0.049523809523809526
3 0.9625 0.19476190476190477 0.05785714285714286 0.05047619047619047
3 0.935 0.22476190476190477 0.054285714285714284 0.05714285714285714
5 0.9717857142857143 0.2776190476190476 0.05357142857142857 0.10952380952380952
5 0.9264285714285714 0.3019047619047619 0.03 0.04
1 0.93 0.28 0.014285714285714285 0.030476190476190476
0 0.9446428571428571 0.12714285714285714 0.012142857142857143 0.03333333333333333
0 0.9564285714285714 0.13666666666666666 0.012857142857142857 0.035238095238095235
3 0.9821428571428571 0.11476190476190476 0.032857142857142856 0.029523809523809525
3 0.9817857142857143 0.13476190476190475 0.035 0.040952380952380955
3 0.5146428571428572 0.3495238095238095 0.039285714285714285 0.07809523809523809
3 0.4739285714285714 0.8423809523809523 0.11785714285714285 0.22
3 0.5871428571428572 0.9019047619047619 0.12571428571428572 0.17523809523809525
