3 0.6826722338204593 0.32884972170686455 0.013569937369519832 0.0287569573283859
3 0.6740605427974947 0.39842300556586274 0.014091858037578286 0.030612244897959183
3 0.7134655532359081 0.39935064935064934 0.031315240083507306 0.02504638218923933
3 0.7092901878914404 0.38636363636363635 0.029227557411273482 0.0176252319109462
3 0.7069415448851774 0.37430426716141 0.02974947807933194 0.021335807050092765
0 0.6349164926931106 0.2481447124304267 0.004697286012526096 0.015769944341372914
4 0.4746868475991649 0.3961038961038961 0.014091858037578286 0.03153988868274583
3 0.4822546972860125 0.3682745825602968 0.013569937369519832 0.025974025974025976
3 0.49034446764091855 0.3172541743970315 0.009916492693110646 0.022263450834879406
4 0.17875782881002086 0.6702226345083488 0.03183716075156576 0.041743970315398886
3 0.14770354906054278 0.5839517625231911 0.024008350730688934 0.05102040816326531
3 0.4305845511482254 0.7272727272727273 0.04070981210855949 0.0463821892393321
3 0.4326722338204593 0.6224489795918368 0.022964509394572022 0.05009276437847866
5 0.5936847599164926 0.7537105751391466 0.050626304801670144 0.05102040816326531
6 0.6631002087682671 0.7662337662337663 0.055845511482254695 0.04267161410018553
3 0.7549582463465553 0.5811688311688312 0.03810020876826722 0.030612244897959183
3 0.7335594989561586 0.4967532467532468 0.03810020876826722 0.030612244897959183
3 0.720250521920668 0.44109461966604824 0.03549060542797494 0.030612244897959183
0 0.46398747390396655 0.4930426716141002 0.008350730688935281 0.01948051948051948
0 0.4548538622129436 0.5394248608534323 0.0036534446764091852 0.021335807050092765
0 0.4626826722338204 0.5384972170686456 0.0057411273486430055 0.021335807050092765
0 0.45850730688935276 0.538961038961039 0.004697286012526096 0.02411873840445269
1 0.4947807933194154 0.25742115027829315 0.0041753653444676405 0.008348794063079777
3 0.4963465553235908 0.27087198515769945 0.022964509394572022 0.020408163265306124
6 0.4569415448851774 0.21706864564007422 0.015135699373695197 0.01855287569573284
3 0.4788622129436325 0.18320964749536178 0.014091858037578286 0.015769944341372914
3 0.5331419624217119 0.07142857142857142 0.006784968684759916 0.012987012987012988
3 0.5302713987473904 0.08441558441558442 0.005219206680584551 0.011131725417439703
3 0.5070459290187891 0.0862708719851577 0.016179540709812108 0.012987012987012988
4 0.5033924843423799 0.09972170686456401 0.013048016701461376 0.015769944341372914
4 0.5101774530271398 0.0663265306122449 0.012004175365344467 0.013914656771799629
3 0.4806889352818371 0.16419294990723562 0.009394572025052192 0.020408163265306124
3 0.48956158663883087 0.15584415584415584 0.011482254697286011 0.016697588126159554
5 0.4898225469728601 0.1461038961038961 0.019311064718162838 0.015769944341372914
5 0.45850730688935276 0.1349721706864564 0.010960334029227557 0.02504638218923933
3 0.5114822546972859 0.05658627087198516 0.005219206680584551 0.014842300556586271
9 0.43110647181628386 0.21150278293135436 0.0041753653444676405 0.00927643784786642
9 0.42875782881002084 0.21196660482374768 0.004697286012526096 0.010204081632653062
9 0.42223382045929014 0.21057513914656772 0.0031315240083507304 0.00927643784786642
3 0.6072546972860124 0.12940630797773656 0.016179540709812108 0.0176252319109462
