8 0.66 0.5642857142857143 0.037142857142857144 0.14761904761904762
9 0.6317857142857143 0.3719047619047619 0.013571428571428571 0.03333333333333333
0 0.8364285714285714 0.6290476190476191 0.011428571428571429 0.012380952380952381
0 0.8346428571428571 0.579047619047619 0.012142857142857143 0.009523809523809525
4 0.7821428571428571 0.43952380952380954 0.03 0.035238095238095235
3 0.7792857142857142 0.4114285714285714 0.037142857142857144 0.0380952380952381
3 0.7746428571428572 0.38142857142857145 0.03785714285714286 0.039047619047619046
3 0.7739285714285714 0.34523809523809523 0.03357142857142857 0.04285714285714286
4 0.7675 0.30142857142857143 0.035 0.05238095238095238
3 0.8142857142857143 0.1895238095238095 0.022857142857142857 0.05904761904761905
3 0.7721428571428571 0.21476190476190476 0.03428571428571429 0.035238095238095235
3 0.7753571428571429 0.18428571428571427 0.03785714285714286 0.035238095238095235
3 0.77 0.15428571428571428 0.03 0.03238095238095238
4 0.8571428571428571 0.08476190476190476 0.037142857142857144 0.03238095238095238
3 0.8489285714285715 0.05952380952380952 0.04214285714285714 0.02761904761904762
3 0.6039285714285715 0.17714285714285713 0.04071428571428572 0.05523809523809524
9 0.5603571428571429 0.16428571428571428 0.010714285714285714 0.039047619047619046
3 0.7664285714285715 0.017619047619047618 0.022857142857142857 0.035238095238095235
3 0.535 0.2319047619047619 0.04428571428571428 0.035238095238095235
1 0.49964285714285717 0.19523809523809524 0.009285714285714286 0.026666666666666665
9 0.4975 0.20666666666666667 0.012142857142857143 0.024761904761904763
5 0.42928571428571427 0.26476190476190475 0.06428571428571428 0.07238095238095238
3 0.41214285714285714 0.4742857142857143 0.047142857142857146 0.030476190476190476
3 0.41 0.5095238095238095 0.05 0.03428571428571429
3 0.405 0.54 0.047142857142857146 0.03619047619047619
4 0.5096428571428572 0.4452380952380952 0.02214285714285714 0.058095238095238096
4 0.5071428571428571 0.5076190476190476 0.022857142857142857 0.05142857142857143
3 0.4067857142857143 0.5795238095238096 0.052142857142857144 0.03333333333333333
9 0.6042857142857143 0.7876190476190477 0.011428571428571429 0.03238095238095238
9 0.6742857142857143 0.8576190476190476 0.01 0.03142857142857143
