3 0.48464285714285715 0.7576190476190476 0.045 0.11904761904761904
3 0.4278571428571429 0.7619047619047619 0.037142857142857144 0.12
3 0.42178571428571426 0.6247619047619047 0.03214285714285714 0.08952380952380952
3 0.4642857142857143 0.6176190476190476 0.03571428571428571 0.09428571428571429
3 0.4567857142857143 0.5171428571428571 0.027857142857142858 0.07238095238095238
3 0.4925 0.4876190476190476 0.03214285714285714 0.07047619047619047
3 0.5821428571428572 0.6619047619047619 0.047142857142857146 0.09142857142857143
3 0.555 0.56 0.032857142857142856 0.08
3 0.5325 0.46714285714285714 0.03357142857142857 0.07714285714285714
3 0.44285714285714284 0.4142857142857143 0.02857142857142857 0.05714285714285714
3 0.4825 0.4219047619047619 0.03214285714285714 0.049523809523809526
3 0.405 0.38761904761904764 0.027142857142857142 0.07047619047619047
3 0.395 0.2671428571428571 0.02 0.037142857142857144
3 0.4025 0.09904761904761905 0.015 0.030476190476190476
3 0.4546428571428571 0.06190476190476191 0.012142857142857143 0.017142857142857144
3 0.4042857142857143 0.03428571428571429 0.012857142857142857 0.017142857142857144
3 0.7096428571428571 0.31142857142857144 0.05071428571428571 0.0380952380952381
3 0.74 0.37523809523809526 0.05 0.04380952380952381
9 0.37285714285714283 0.7766666666666666 0.012857142857142857 0.035238095238095235
9 0.3317857142857143 0.7895238095238095 0.015 0.045714285714285714
9 0.28535714285714286 0.9452380952380952 0.019285714285714285 0.05047619047619047
9 0.24464285714285713 0.8938095238095238 0.019285714285714285 0.039047619047619046
1 0.33 0.7738095238095238 0.01 0.037142857142857144
1 0.37464285714285717 0.7642857142857142 0.010714285714285714 0.025714285714285714
1 0.24428571428571427 0.8771428571428571 0.012857142857142857 0.03238095238095238
1 0.28714285714285714 0.9195238095238095 0.012857142857142857 0.04476190476190476
1 0.3242857142857143 0.8523809523809524 0.011428571428571429 0.03238095238095238
1 0.34214285714285714 0.8971428571428571 0.01 0.03238095238095238
2 0.3425 0.9195238095238095 0.015 0.04285714285714286
2 0.32392857142857145 0.8719047619047618 0.015 0.04476190476190476
8 0.5321428571428571 0.6638095238095238 0.08571428571428572 0.23809523809523808
