3 0.8378571428571429 0.9390862944162436 0.05142857142857143 0.05837563451776649
3 0.8192857142857143 0.8978426395939085 0.04285714285714286 0.04441624365482233
3 0.8046428571428571 0.8597715736040609 0.047857142857142855 0.05456852791878172
4 0.7942857142857143 0.8153553299492385 0.041428571428571426 0.05710659898477157
8 0.8696428571428572 0.8071065989847716 0.045 0.09390862944162436
4 0.7475 0.5095177664974619 0.027857142857142858 0.06218274111675126
3 0.7314285714285714 0.5215736040609137 0.02857142857142857 0.06091370558375634
3 0.7125 0.5266497461928934 0.02642857142857143 0.06091370558375634
3 0.6921428571428572 0.5323604060913705 0.032857142857142856 0.06218274111675126
3 0.6714285714285714 0.5463197969543147 0.03142857142857143 0.05964467005076142
3 0.6525 0.5482233502538071 0.027857142857142858 0.06345177664974619
3 0.6346428571428572 0.5558375634517766 0.029285714285714286 0.07360406091370558
3 0.61 0.5545685279187816 0.03 0.06598984771573603
3 0.5939285714285715 0.572969543147208 0.027857142857142858 0.06218274111675126
3 0.29714285714285715 0.4416243654822335 0.03 0.06345177664974619
3 0.31464285714285717 0.3312182741116751 0.025 0.05837563451776649
3 0.35678571428571426 0.32170050761421315 0.017857142857142856 0.049492385786802026
3 0.23892857142857143 0.2848984771573604 0.027857142857142858 0.06218274111675126
3 0.2367857142857143 0.12055837563451775 0.023571428571428573 0.050761421319796954
3 0.1667857142857143 0.10025380710659898 0.023571428571428573 0.04314720812182741
