5 0.5171428571428571 0.9625634517766497 0.04 0.06979695431472081
3 0.5371428571428571 0.9663705583756345 0.02 0.04441624365482233
3 0.5225 0.9003807106598984 0.019285714285714285 0.04441624365482233
3 0.49142857142857144 0.9086294416243654 0.02142857142857143 0.050761421319796954
3 0.4767857142857143 0.8559644670050761 0.017857142857142856 0.04695431472081218
8 0.5196428571428572 0.825507614213198 0.025 0.052030456852791875
3 0.47964285714285715 0.825507614213198 0.02214285714285714 0.04695431472081218
3 0.4925 0.8109137055837563 0.020714285714285713 0.04314720812182741
3 0.5021428571428571 0.7810913705583755 0.022857142857142857 0.04187817258883248
3 0.48678571428571427 0.7392131979695431 0.02214285714285714 0.03934010152284264
3 0.4667857142857143 0.7392131979695431 0.02214285714285714 0.04187817258883248
3 0.4675 0.6998730964467005 0.020714285714285713 0.03680203045685279
3 0.4525 0.6675126903553299 0.020714285714285713 0.03807106598984771
4 0.435 0.6288071065989848 0.02142857142857143 0.03934010152284264
3 0.41928571428571426 0.5983502538071066 0.02142857142857143 0.03934010152284264
8 0.4092857142857143 0.6142131979695431 0.04857142857142857 0.09644670050761421
3 0.3875 0.641497461928934 0.020714285714285713 0.03680203045685279
3 0.40714285714285714 0.6725888324873096 0.02 0.032994923857868015
3 0.44 0.5050761421319797 0.02142857142857143 0.027918781725888322
3 0.37 0.49175126903553296 0.02 0.03426395939086294
3 0.35285714285714287 0.45748730964467 0.017142857142857144 0.029187817258883246
3 0.33964285714285714 0.4295685279187817 0.017857142857142856 0.029187817258883246
5 0.26035714285714284 0.25444162436548223 0.025 0.04695431472081218
3 0.245 0.2049492385786802 0.014285714285714285 0.026649746192893398
4 0.21392857142857144 0.02982233502538071 0.019285714285714285 0.026649746192893398
3 0.6478571428571429 0.4143401015228426 0.015714285714285715 0.029187817258883246
3 0.6364285714285715 0.3826142131979695 0.014285714285714285 0.03426395939086294
3 0.5946428571428571 0.3229695431472081 0.015 0.029187817258883246
3 0.585 0.21890862944162434 0.012857142857142857 0.026649746192893398
3 0.5942857142857143 0.2449238578680203 0.014285714285714285 0.03045685279187817
3 0.6025 0.27538071065989844 0.013571428571428571 0.025380710659898477
3 0.6103571428571428 0.30012690355329946 0.013571428571428571 0.031725888324873094
4 0.5771428571428572 0.18401015228426396 0.01 0.032994923857868015
4 0.585 0.13197969543147206 0.018571428571428572 0.025380710659898477
3 0.6021428571428571 0.13197969543147206 0.017142857142857144 0.02030456852791878
