8 0.4114285714285714 0.697969543147208 0.05285714285714286 0.22335025380710657
8 0.605 0.7956852791878172 0.04 0.25380710659898476
4 0.3875 0.46002538071065985 0.027857142857142858 0.05964467005076142
3 0.4542857142857143 0.482233502538071 0.024285714285714285 0.04568527918781726
3 0.6228571428571429 0.3889593908629441 0.015714285714285715 0.04441624365482233
3 0.6225 0.4942893401015228 0.016428571428571428 0.04695431472081218
3 0.6242857142857143 0.5875634517766497 0.02142857142857143 0.06091370558375634
1 0.4253571428571429 0.3794416243654822 0.0035714285714285713 0.005076142131979695
1 0.42464285714285716 0.3711928934010152 0.002142857142857143 0.0038071065989847713
1 0.42214285714285715 0.3756345177664974 0.002857142857142857 0.005076142131979695
1 0.42928571428571427 0.37246192893401014 0.002857142857142857 0.0038071065989847713
1 0.42464285714285716 0.3642131979695431 0.002142857142857143 0.005076142131979695
1 0.4278571428571429 0.36548223350253806 0.004285714285714286 0.005076142131979695
1 0.42714285714285716 0.3559644670050761 0.004285714285714286 0.0038071065989847713
1 0.43142857142857144 0.357233502538071 0.002857142857142857 0.0012690355329949238
1 0.4342857142857143 0.34010152284263956 0.004285714285714286 0.0076142131979695426
1 0.4446428571428571 0.3362944162436548 0.002142857142857143 0.005076142131979695
1 0.42714285714285716 0.348984771573604 0.002857142857142857 0.005076142131979695
1 0.43714285714285717 0.3623096446700507 0.002857142857142857 0.006345177664974619
1 0.44142857142857145 0.3635786802030457 0.004285714285714286 0.006345177664974619
1 0.44 0.3496192893401015 0.004285714285714286 0.0038071065989847713
1 0.43714285714285717 0.35406091370558374 0.002857142857142857 0.0025380710659898475
1 0.4325 0.350253807106599 0.0035714285714285713 0.005076142131979695
1 0.43392857142857144 0.3762690355329949 0.002142857142857143 0.0038071065989847713
1 0.43714285714285717 0.3769035532994924 0.002857142857142857 0.005076142131979695
1 0.4342857142857143 0.3692893401015228 0.002857142857142857 0.005076142131979695
1 0.43714285714285717 0.3699238578680203 0.002857142857142857 0.0038071065989847713
8 0.435 0.36738578680203043 0.037142857142857144 0.13071065989847716
0 0.43 0.16243654822335024 0.002857142857142857 0.02030456852791878
0 0.37464285714285717 0.05456852791878172 0.002142857142857143 0.0076142131979695426
0 0.3821428571428571 0.06789340101522842 0.002857142857142857 0.008883248730964466
0 0.41214285714285714 0.005710659898477157 0.002857142857142857 0.011421319796954314
0 0.6596428571428572 0.28870558375634514 0.002142857142857143 0.013959390862944161
0 0.6264285714285714 0.02284263959390863 0.002857142857142857 0.01015228426395939
0 0.6475 0.013959390862944161 0.002142857142857143 0.01015228426395939
0 0.6678571428571428 0.6465736040609137 0.005714285714285714 0.026649746192893398
0 0.6553571428571429 0.9213197969543147 0.007857142857142858 0.025380710659898477
0 0.6675 0.956218274111675 0.0064285714285714285 0.026649746192893398
0 0.7146428571428571 0.8096446700507614 0.005 0.027918781725888322
0 0.7203571428571428 0.8058375634517766 0.005 0.03045685279187817
0 0.6603571428571429 0.9847715736040609 0.0064285714285714285 0.027918781725888322
1 0.7121428571428572 0.8477157360406091 0.005714285714285714 0.015228426395939085
1 0.7646428571428572 0.8781725888324873 0.012142857142857143 0.02030456852791878
9 0.7121428571428572 0.8515228426395939 0.012857142857142857 0.032994923857868015
0 0.7971428571428572 0.9758883248730964 0.017142857142857144 0.032994923857868015
