3 0.2042857142857143 0.5095238095238095 0.04428571428571428 0.0380952380952381
3 0.8346428571428571 0.6771428571428572 0.027857142857142858 0.06285714285714286
3 0.91 0.7719047619047619 0.027142857142857142 0.06761904761904762
3 0.9396428571428571 0.7538095238095238 0.030714285714285715 0.07714285714285714
3 0.95 0.6247619047619047 0.025714285714285714 0.05523809523809524
3 0.9703571428571428 0.7314285714285714 0.029285714285714286 0.06666666666666667
3 0.9910714285714286 0.599047619047619 0.016428571428571428 0.05333333333333333
3 0.9896428571428572 0.7147619047619047 0.019285714285714285 0.06571428571428571
3 0.5725 0.9219047619047619 0.04214285714285714 0.08761904761904762
3 0.445 0.5047619047619047 0.022857142857142857 0.047619047619047616
3 0.4114285714285714 0.4042857142857143 0.018571428571428572 0.037142857142857144
3 0.48178571428571426 0.3819047619047619 0.023571428571428573 0.03238095238095238
3 0.45285714285714285 0.31952380952380954 0.02 0.029523809523809525
3 0.4664285714285714 0.35 0.022857142857142857 0.03142857142857143
3 0.3842857142857143 0.14904761904761904 0.012857142857142857 0.02
3 0.395 0.3423809523809524 0.018571428571428572 0.02761904761904762
3 0.405 0.37 0.02 0.035238095238095235
4 0.4775 0.6114285714285714 0.025 0.05333333333333333
4 0.4592857142857143 0.5542857142857143 0.022857142857142857 0.05523809523809524
4 0.38285714285714284 0.30714285714285716 0.018571428571428572 0.035238095238095235
4 0.37285714285714283 0.2723809523809524 0.02142857142857143 0.03428571428571429
4 0.33464285714285713 0.1523809523809524 0.012142857142857143 0.01904761904761905
5 0.42714285714285716 0.45380952380952383 0.025714285714285714 0.04476190476190476
5 0.5364285714285715 0.3914285714285714 0.037142857142857144 0.03428571428571429
5 0.3492857142857143 0.19428571428571428 0.02 0.04
5 0.5989285714285715 0.9838095238095238 0.03785714285714286 0.030476190476190476
6 0.5403571428571429 0.8095238095238095 0.02214285714285714 0.05333333333333333
6 0.5242857142857142 0.7442857142857143 0.024285714285714285 0.04285714285714286
6 0.5242857142857142 0.48428571428571426 0.018571428571428572 0.037142857142857144
9 0.5717857142857142 0.6095238095238096 0.012142857142857143 0.024761904761904763
9 0.5425 0.5347619047619048 0.017857142857142856 0.02
9 0.5396428571428571 0.5219047619047619 0.015 0.015238095238095238
9 0.5564285714285714 0.4066666666666667 0.014285714285714285 0.015238095238095238
9 0.5578571428571428 0.5676190476190476 0.014285714285714285 0.01904761904761905
9 0.5646428571428571 0.5795238095238096 0.017857142857142856 0.02
9 0.5442857142857143 0.5966666666666667 0.007142857142857143 0.02
9 0.4928571428571429 0.56 0.01 0.024761904761904763
9 0.49464285714285716 0.48 0.005 0.02095238095238095
9 0.5071428571428571 0.4623809523809524 0.007142857142857143 0.02
9 0.5296428571428572 0.4342857142857143 0.007857142857142858 0.017142857142857144
2 0.5696428571428571 0.7076190476190476 0.009285714285714286 0.022857142857142857
2 0.5996428571428571 0.7590476190476191 0.010714285714285714 0.026666666666666665
0 0.6146428571428572 0.6776190476190476 0.007857142857142858 0.02
0 0.5975 0.6095238095238096 0.005 0.017142857142857144
0 0.6078571428571429 0.6142857142857143 0.007142857142857143 0.017142857142857144
0 0.5746428571428571 0.5542857142857143 0.005 0.015238095238095238
0 0.5771428571428572 0.5547619047619048 0.004285714285714286 0.008571428571428572
0 0.5371428571428571 0.44476190476190475 0.002857142857142857 0.017142857142857144
0 0.135 0.5219047619047619 0.01 0.01904761904761905
0 0.36964285714285716 0.11190476190476191 0.005 0.014285714285714285
0 0.4525 0.35428571428571426 0.005 0.017142857142857144
2 0.5121428571428571 0.36952380952380953 0.012857142857142857 0.009523809523809525
9 0.5475 0.3619047619047619 0.013571428571428571 0.015238095238095238
1 0.5996428571428571 0.7590476190476191 0.007857142857142858 0.015238095238095238
1 0.5696428571428571 0.7071428571428572 0.005 0.014285714285714285
1 0.4925 0.5566666666666666 0.0064285714285714285 0.012380952380952381
1 0.5446428571428571 0.5952380952380952 0.005 0.013333333333333332
1 0.49464285714285716 0.47904761904761906 0.005 0.015238095238095238
1 0.5075 0.4623809523809524 0.005 0.012380952380952381
1 0.5296428571428572 0.4342857142857143 0.005 0.015238095238095238
1 0.5589285714285714 0.40714285714285714 0.0064285714285714285 0.012380952380952381
5 0.35535714285714287 0.21714285714285714 0.016428571428571428 0.022857142857142857
