4 0.14714285714285713 0.9060913705583755 0.037142857142857144 0.055837563451776644
4 0.065 0.8058375634517766 0.032857142857142856 0.048223350253807105
3 0.009285714285714286 0.7214467005076142 0.018571428571428572 0.04695431472081218
9 0.030357142857142857 0.8413705583756345 0.013571428571428571 0.02284263959390863
1 0.029285714285714286 0.8388324873096447 0.01 0.01015228426395939
3 0.22035714285714286 0.815989847715736 0.035 0.04568527918781726
9 0.38785714285714284 0.8102791878172588 0.015714285714285715 0.021573604060913704
1 0.3889285714285714 0.8134517766497461 0.007857142857142858 0.015228426395939085
3 0.033928571428571426 0.3032994923857868 0.02642857142857143 0.035532994923857864
3 0.014285714285714285 0.4149746192893401 0.02857142857142857 0.055837563451776644
3 0.13428571428571429 0.23350253807106597 0.03142857142857143 0.04060913705583756
3 0.3317857142857143 0.016497461928934008 0.023571428571428573 0.035532994923857864
5 0.29892857142857143 0.10469543147208121 0.030714285714285715 0.05456852791878172
8 0.22214285714285714 0.3508883248730964 0.07 0.11548223350253806
4 0.1367857142857143 0.4428934010152284 0.025 0.04060913705583756
8 0.26535714285714285 0.5437817258883249 0.06642857142857143 0.10279187817258882
3 0.34714285714285714 0.7151015228426395 0.032857142857142856 0.049492385786802026
8 0.62 0.9384517766497461 0.09 0.12055837563451775
5 0.525 0.581218274111675 0.03428571428571429 0.055837563451776644
3 0.5028571428571429 0.6180203045685279 0.027142857142857142 0.04568527918781726
4 0.5225 0.7055837563451776 0.025 0.05837563451776649
3 0.5546428571428571 0.7189086294416243 0.02214285714285714 0.05456852791878172
4 0.6592857142857143 0.7772842639593908 0.03571428571428571 0.052030456852791875
4 0.6714285714285714 0.7506345177664974 0.03428571428571429 0.04695431472081218
3 0.6871428571428572 0.7271573604060914 0.032857142857142856 0.04568527918781726
5 0.7975 0.8318527918781725 0.09071428571428572 0.11548223350253806
5 0.8925 0.9416243654822334 0.075 0.10406091370558375
4 0.8239285714285715 0.9873096446700507 0.04071428571428572 0.02284263959390863
4 0.7996428571428571 0.9631979695431472 0.04214285714285714 0.035532994923857864
4 0.7675 0.9327411167512689 0.04214285714285714 0.035532994923857864
4 0.7453571428571428 0.9029187817258882 0.04071428571428572 0.03934010152284264
1 0.9292857142857143 0.4149746192893401 0.007142857142857143 0.012690355329949238
1 0.9589285714285715 0.2652284263959391 0.0035714285714285713 0.015228426395939085
1 0.9421428571428572 0.2379441624365482 0.005714285714285714 0.008883248730964466
1 0.9375 0.1713197969543147 0.009285714285714286 0.012690355329949238
1 0.9364285714285714 0.15609137055837563 0.005714285714285714 0.0076142131979695426
1 0.9389285714285714 0.15291878172588833 0.007857142857142858 0.008883248730964466
0 0.8446428571428571 0.048223350253807105 0.005 0.012690355329949238
0 0.8496428571428571 0.05710659898477157 0.005 0.012690355329949238
0 0.8671428571428571 0.055837563451776644 0.005714285714285714 0.012690355329949238
3 0.5971428571428572 0.357233502538071 0.03 0.03934010152284264
4 0.6614285714285715 0.22017766497461927 0.025714285714285714 0.031725888324873094
4 0.6289285714285714 0.1878172588832487 0.02642857142857143 0.032994923857868015
3 0.6003571428571428 0.15862944162436546 0.02642857142857143 0.035532994923857864
5 0.7471428571428571 0.021573604060913704 0.05 0.04314720812182741
8 0.555 0.02728426395939086 0.06714285714285714 0.05710659898477157
8 0.5721428571428572 0.02030456852791878 0.06 0.04060913705583756
