4 0.046785714285714285 0.15101522842639592 0.06642857142857143 0.048223350253807105
9 0.1742857142857143 0.12880710659898476 0.01 0.031725888324873094
0 0.22964285714285715 0.9917512690355329 0.005 0.011421319796954314
0 0.22392857142857142 0.9917512690355329 0.0064285714285714285 0.011421319796954314
0 0.29428571428571426 0.6142131979695431 0.005714285714285714 0.02284263959390863
0 0.2892857142857143 0.6269035532994923 0.007142857142857143 0.025380710659898477
0 0.31214285714285717 0.6326142131979695 0.007142857142857143 0.026649746192893398
0 0.31892857142857145 0.58248730964467 0.005 0.02284263959390863
0 0.30642857142857144 0.5634517766497461 0.004285714285714286 0.02284263959390863
0 0.3067857142857143 0.5717005076142132 0.005 0.024111675126903553
0 0.31 0.583756345177665 0.008571428571428572 0.025380710659898477
0 0.3025 0.6541878172588832 0.005 0.024111675126903553
0 0.3175 0.29441624365482233 0.005 0.02030456852791878
0 0.30428571428571427 0.1516497461928934 0.002857142857142857 0.016497461928934008
0 0.30142857142857143 0.15038071065989847 0.002857142857142857 0.013959390862944161
3 0.31464285714285717 0.20368020304568527 0.02214285714285714 0.019035532994923856
0 0.3142857142857143 0.13388324873096447 0.002857142857142857 0.016497461928934008
0 0.31285714285714283 0.09010152284263959 0.002857142857142857 0.015228426395939085
0 0.3067857142857143 0.10342639593908629 0.0035714285714285713 0.011421319796954314
0 0.30642857142857144 0.09390862944162436 0.002857142857142857 0.012690355329949238
0 0.30428571428571427 0.09263959390862943 0.002857142857142857 0.012690355329949238
0 0.30142857142857143 0.04505076142131979 0.002857142857142857 0.013959390862944161
0 0.30964285714285716 0.09010152284263959 0.002142857142857143 0.012690355329949238
4 0.3292857142857143 0.0666243654822335 0.01 0.016497461928934008
5 0.36428571428571427 0.08185279187817258 0.014285714285714285 0.05710659898477157
3 0.3414285714285714 0.12944162436548223 0.01 0.02030456852791878
3 0.3867857142857143 0.16243654822335024 0.012142857142857143 0.02030456852791878
3 0.395 0.21890862944162434 0.011428571428571429 0.021573604060913704
3 0.35678571428571426 0.6307106598984771 0.019285714285714285 0.050761421319796954
9 0.42214285714285715 0.9041878172588832 0.01 0.03934010152284264
3 0.45714285714285713 0.15101522842639592 0.01 0.025380710659898477
0 0.4992857142857143 0.13071065989847716 0.002857142857142857 0.015228426395939085
0 0.4764285714285714 0.09517766497461928 0.002857142857142857 0.012690355329949238
0 0.47464285714285714 0.05710659898477157 0.002142857142857143 0.01015228426395939
0 0.4789285714285714 0.04441624365482233 0.002142857142857143 0.012690355329949238
0 0.46964285714285714 0.06027918781725888 0.002142857142857143 0.013959390862944161
0 0.4717857142857143 0.059010152284263956 0.002142857142857143 0.011421319796954314
0 0.48 0.04314720812182741 0.0014285714285714286 0.01015228426395939
0 0.46964285714285714 0.028553299492385786 0.002142857142857143 0.011421319796954314
0 0.46035714285714285 0.008248730964467004 0.002142857142857143 0.011421319796954314
0 0.46714285714285714 0.01015228426395939 0.002857142857142857 0.01015228426395939
0 0.46214285714285713 0.016497461928934008 0.002857142857142857 0.01015228426395939
0 0.46464285714285714 0.015228426395939085 0.002142857142857143 0.0076142131979695426
0 0.46285714285714286 0.008248730964467004 0.0014285714285714286 0.008883248730964466
0 0.46464285714285714 0.009517766497461928 0.002142857142857143 0.008883248730964466
0 0.49535714285714283 0.07741116751269035 0.002142857142857143 0.012690355329949238
2 0.48892857142857143 0.13071065989847716 0.007857142857142858 0.01015228426395939
0 0.5096428571428572 0.11294416243654821 0.002142857142857143 0.012690355329949238
1 0.5667857142857143 0.03489847715736041 0.002142857142857143 0.011421319796954314
1 0.5678571428571428 0.03743654822335025 0.002857142857142857 0.011421319796954314
1 0.5696428571428571 0.038705583756345176 0.002142857142857143 0.008883248730964466
1 0.5678571428571428 0.04758883248730964 0.004285714285714286 0.011421319796954314
1 0.5225 0.18718274111675126 0.0035714285714285713 0.013959390862944161
1 0.5175 0.18210659898477155 0.005 0.011421319796954314
0 0.5367857142857143 0.22017766497461927 0.005 0.016497461928934008
0 0.5439285714285714 0.258248730964467 0.002142857142857143 0.016497461928934008
0 0.5471428571428572 0.25571065989847713 0.002857142857142857 0.013959390862944161
0 0.5603571428571429 0.22017766497461927 0.0035714285714285713 0.013959390862944161
0 0.5353571428571429 0.2442893401015228 0.002142857142857143 0.013959390862944161
0 0.5389285714285714 0.2480964467005076 0.002142857142857143 0.013959390862944161
0 0.5428571428571428 0.2430203045685279 0.0014285714285714286 0.011421319796954314
0 0.5453571428571429 0.24555837563451774 0.002142857142857143 0.011421319796954314
0 0.5475 0.2480964467005076 0.002142857142857143 0.008883248730964466
1 0.5417857142857143 0.24936548223350252 0.002142857142857143 0.013959390862944161
0 0.5767857142857142 0.26903553299492383 0.0035714285714285713 0.015228426395939085
0 0.5578571428571428 0.29251269035532995 0.002857142857142857 0.016497461928934008
0 0.5614285714285714 0.29251269035532995 0.002857142857142857 0.016497461928934008
0 0.5692857142857143 0.28870558375634514 0.002857142857142857 0.016497461928934008
0 0.5728571428571428 0.28743654822335024 0.002857142857142857 0.021573604060913704
0 0.5771428571428572 0.28743654822335024 0.002857142857142857 0.016497461928934008
0 0.5814285714285714 0.2836294416243655 0.002857142857142857 0.016497461928934008
0 0.575 0.3293147208121827 0.002857142857142857 0.016497461928934008
3 0.5721428571428572 0.5444162436548223 0.027142857142857142 0.050761421319796954
8 0.5725 0.3978426395939086 0.03642857142857143 0.1281725888324873
0 0.5842857142857143 0.3610406091370558 0.002857142857142857 0.016497461928934008
0 0.5867857142857142 0.35850253807106597 0.002142857142857143 0.013959390862944161
0 0.5853571428571429 0.35215736040609136 0.002142857142857143 0.011421319796954314
0 0.5921428571428572 0.31535532994923854 0.002857142857142857 0.013959390862944161
0 0.5871428571428572 0.28236040609137053 0.002857142857142857 0.011421319796954314
0 0.5921428571428572 0.2861675126903553 0.002857142857142857 0.011421319796954314
0 0.5992857142857143 0.4029187817258883 0.002857142857142857 0.011421319796954314
0 0.6121428571428571 0.42195431472081213 0.002857142857142857 0.016497461928934008
0 0.6103571428571428 0.42068527918781723 0.0035714285714285713 0.021573604060913704
0 0.6414285714285715 0.40038071065989844 0.002857142857142857 0.016497461928934008
0 0.6614285714285715 0.4562182741116751 0.004285714285714286 0.024111675126903553
0 0.5971428571428572 0.31916243654822335 0.002857142857142857 0.013959390862944161
0 0.6014285714285714 0.40038071065989844 0.004285714285714286 0.016497461928934008
0 0.6278571428571429 0.27411167512690354 0.004285714285714286 0.02284263959390863
0 0.63 0.2779187817258883 0.004285714285714286 0.02030456852791878
0 0.6475 0.2861675126903553 0.005 0.019035532994923856
1 0.5889285714285715 0.07423857868020305 0.0035714285714285713 0.013959390862944161
1 0.6664285714285715 0.34010152284263956 0.004285714285714286 0.017766497461928932
1 0.7114285714285714 0.3902284263959391 0.002857142857142857 0.016497461928934008
1 0.7146428571428571 0.39530456852791873 0.002142857142857143 0.016497461928934008
0 0.6667857142857143 0.4549492385786802 0.005 0.024111675126903553
0 0.6903571428571429 0.506979695431472 0.0035714285714285713 0.019035532994923856
0 0.6725 0.4562182741116751 0.005 0.021573604060913704
0 0.71 0.5215736040609137 0.002857142857142857 0.012690355329949238
0 0.825 0.9555837563451776 0.007142857142857143 0.02284263959390863
0 0.8267857142857142 0.8261421319796953 0.007857142857142858 0.03045685279187817
1 0.8146428571428571 0.7874365482233502 0.007857142857142858 0.024111675126903553
1 0.81 0.7798223350253807 0.004285714285714286 0.021573604060913704
3 0.8989285714285714 0.08248730964467005 0.02214285714285714 0.02284263959390863
0 0.8475 0.4156091370558375 0.007857142857142858 0.031725888324873094
0 0.8378571428571429 0.4035532994923858 0.007142857142857143 0.02030456852791878
0 0.8371428571428572 0.39911167512690354 0.01 0.029187817258883246
0 0.9253571428571429 0.39530456852791873 0.005 0.024111675126903553
0 0.9271428571428572 0.391497461928934 0.002857142857142857 0.021573604060913704
0 0.9578571428571429 0.29251269035532995 0.004285714285714286 0.021573604060913704
0 0.9196428571428571 0.04695431472081218 0.005 0.02284263959390863
0 0.9239285714285714 0.04695431472081218 0.0035714285714285713 0.02030456852791878
0 0.9296428571428571 0.048223350253807105 0.005 0.02030456852791878
0 0.9414285714285714 0.05456852791878172 0.002857142857142857 0.015228426395939085
0 0.94 0.049492385786802026 0.004285714285714286 0.015228426395939085
0 0.9353571428571429 0.041243654822335024 0.0035714285714285713 0.019035532994923856
0 0.9328571428571428 0.039974619289340096 0.004285714285714286 0.021573604060913704
