0 0.5167857142857143 0.9366666666666666 0.012142857142857143 0.023809523809523808
0 0.5242857142857142 0.8971428571428571 0.012857142857142857 0.017142857142857144
0 0.4875 0.8476190476190476 0.013571428571428571 0.02095238095238095
0 0.5125 0.7442857142857143 0.010714285714285714 0.023809523809523808
3 0.46285714285714286 0.83 0.03571428571428571 0.11714285714285715
9 0.4567857142857143 0.6619047619047619 0.012142857142857143 0.045714285714285714
0 0.4664285714285714 0.6642857142857143 0.012857142857142857 0.02
2 0.52 0.6071428571428571 0.02142857142857143 0.02
9 0.44642857142857145 0.4142857142857143 0.011428571428571429 0.03238095238095238
0 0.46535714285714286 0.34714285714285714 0.012142857142857143 0.021904761904761906
1 0.46964285714285714 0.3142857142857143 0.009285714285714286 0.02095238095238095
0 0.4675 0.3 0.009285714285714286 0.030476190476190476
3 0.5075 0.2276190476190476 0.02642857142857143 0.08190476190476191
0 0.48928571428571427 0.19428571428571428 0.008571428571428572 0.03238095238095238
0 0.4575 0.16428571428571428 0.007857142857142858 0.029523809523809525
9 0.43964285714285717 0.15428571428571428 0.012142857142857143 0.04
3 0.5075 0.062380952380952384 0.025 0.07523809523809524
0 0.4767857142857143 0.027142857142857142 0.009285714285714286 0.02761904761904762
0 0.48964285714285716 0.02238095238095238 0.007857142857142858 0.02761904761904762
0 0.4875 0.007142857142857143 0.0064285714285714285 0.014285714285714285
0 0.47785714285714287 0.009047619047619047 0.005714285714285714 0.018095238095238095
