3 0.5425365344467641 0.6688311688311689 0.03079331941544885 0.05009276437847866
3 0.4733820459290187 0.575139146567718 0.030271398747390394 0.03339517625231911
0 0.5206158663883089 0.5686456400742115 0.006784968684759916 0.022263450834879406
0 0.522964509394572 0.5728200371057514 0.0041753653444676405 0.0176252319109462
1 0.5503653444676408 0.5936920222634509 0.006784968684759916 0.020408163265306124
1 0.5480167014613778 0.5909090909090909 0.009394572025052192 0.022263450834879406
0 0.383089770354906 0.4355287569573284 0.0041753653444676405 0.013914656771799629
0 0.39405010438413357 0.4332096474953618 0.0031315240083507304 0.014842300556586271
0 0.4637265135699373 0.5320037105751392 0.004697286012526096 0.015769944341372914
0 0.4616388308977035 0.5292207792207793 0.0036534446764091852 0.0176252319109462
