3 0.11285714285714285 0.21002538071065988 0.045714285714285714 0.09010152284263959
0 0.11678571428571428 0.8502538071065989 0.017857142857142856 0.035532994923857864
1 0.12035714285714286 0.7436548223350253 0.029285714285714286 0.032994923857868015
1 0.1225 0.7258883248730964 0.025 0.02030456852791878
0 0.30964285714285716 0.5786802030456852 0.010714285714285714 0.04060913705583756
1 0.31392857142857145 0.8680203045685279 0.03785714285714286 0.015228426395939085
1 0.31535714285714284 0.8585025380710659 0.035 0.011421319796954314
1 0.16535714285714287 0.5317258883248731 0.016428571428571428 0.03045685279187817
0 0.18178571428571427 0.47715736040609136 0.02214285714285714 0.053299492385786795
0 0.28464285714285714 0.3413705583756345 0.012142857142857143 0.035532994923857864
1 0.2067857142857143 0.38578680203045684 0.017857142857142856 0.027918781725888322
1 0.20464285714285715 0.3775380710659898 0.015 0.029187817258883246
0 0.5296428571428572 0.9784263959390862 0.010714285714285714 0.03807106598984771
0 0.5371428571428571 0.7823604060913705 0.012857142857142857 0.03680203045685279
0 0.5525 0.8178934010152283 0.007857142857142858 0.04187817258883248
0 0.47964285714285715 0.773477157360406 0.009285714285714286 0.026649746192893398
0 0.4789285714285714 0.5469543147208121 0.010714285714285714 0.032994923857868015
1 0.47 0.5393401015228426 0.01 0.03045685279187817
1 0.35714285714285715 0.45748730964467 0.027142857142857142 0.019035532994923856
1 0.3628571428571429 0.44670050761421315 0.008571428571428572 0.015228426395939085
1 0.3525 0.4441624365482233 0.007857142857142858 0.01015228426395939
1 0.3025 0.42068527918781723 0.015 0.016497461928934008
0 0.3025 0.33312182741116747 0.012142857142857143 0.031725888324873094
0 0.31392857142857145 0.3102791878172589 0.007857142857142858 0.024111675126903553
1 0.4725 0.40545685279187815 0.012142857142857143 0.031725888324873094
1 0.47285714285714286 0.3965736040609137 0.011428571428571429 0.026649746192893398
0 0.4517857142857143 0.29378172588832485 0.005 0.016497461928934008
1 0.3989285714285714 0.3692893401015228 0.010714285714285714 0.025380710659898477
1 0.4025 0.35977157360406087 0.015 0.021573604060913704
0 0.4521428571428571 0.2798223350253807 0.01 0.031725888324873094
0 0.5292857142857142 0.33375634517766495 0.007142857142857143 0.025380710659898477
1 0.515 0.28236040609137053 0.01 0.024111675126903553
1 0.5128571428571429 0.2728426395939086 0.008571428571428572 0.02284263959390863
0 0.5275 0.11611675126903552 0.005 0.029187817258883246
1 0.2325 0.2563451776649746 0.015 0.025380710659898477
1 0.22964285714285715 0.22525380710659898 0.012142857142857143 0.026649746192893398
1 0.25214285714285717 0.1484771573604061 0.014285714285714285 0.03045685279187817
1 0.27464285714285713 0.06789340101522842 0.015 0.031725888324873094
0 0.285 0.09010152284263959 0.008571428571428572 0.032994923857868015
0 0.3 0.10406091370558375 0.008571428571428572 0.035532994923857864
0 0.30964285714285716 0.042512690355329945 0.007857142857142858 0.031725888324873094
0 0.5264285714285715 0.11802030456852791 0.005714285714285714 0.02284263959390863
0 0.47464285714285714 0.06535532994923858 0.007857142857142858 0.021573604060913704
0 0.48035714285714287 0.06091370558375634 0.0064285714285714285 0.02284263959390863
1 0.37214285714285716 0.10215736040609136 0.007142857142857143 0.019035532994923856
1 0.3742857142857143 0.09010152284263959 0.007142857142857143 0.02030456852791878
