3 0.8375 0.741904761904762 0.15928571428571428 0.2723809523809524
3 0.9417857142857143 0.43952380952380954 0.115 0.08285714285714285
3 0.35678571428571426 0.4442857142857143 0.09071428571428572 0.07523809523809524
3 0.47785714285714287 0.439047619047619 0.10571428571428572 0.09523809523809523
3 0.05392857142857143 0.5419047619047619 0.10357142857142858 0.11238095238095239
2 0.1075 0.6223809523809524 0.055 0.10761904761904761
3 0.0325 0.4795238095238095 0.065 0.07333333333333333
0 0.0125 0.6219047619047618 0.025 0.08952380952380952
3 0.6267857142857143 0.36714285714285716 0.09214285714285714 0.05238095238095238
3 0.5325 0.34476190476190477 0.06785714285714285 0.04
3 0.4517857142857143 0.3314285714285714 0.06928571428571428 0.0380952380952381
3 0.395 0.31666666666666665 0.04428571428571428 0.035238095238095235
0 0.425 0.7447619047619047 0.037142857142857144 0.16
0 0.46464285714285714 0.6623809523809524 0.03785714285714286 0.12476190476190477
0 0.5042857142857143 0.679047619047619 0.032857142857142856 0.12
0 0.5592857142857143 0.7242857142857143 0.032857142857142856 0.12666666666666668
0 0.49392857142857144 0.5542857142857143 0.020714285714285713 0.09523809523809523
0 0.7746428571428572 0.43666666666666665 0.017857142857142856 0.06761904761904762
0 0.8042857142857143 0.4514285714285714 0.02857142857142857 0.08190476190476191
3 0.8921428571428571 0.34904761904761905 0.09714285714285714 0.058095238095238096
1 0.1075 0.6147619047619047 0.052142857142857144 0.09238095238095238
9 0.77 0.5295238095238095 0.06714285714285714 0.05904761904761905
1 0.7728571428571429 0.5138095238095238 0.027142857142857142 0.07714285714285714
1 0.76 0.5071428571428571 0.02857142857142857 0.08666666666666667
