0 0.505 0.13238095238095238 0.01 0.026666666666666665
0 0.5714285714285714 0.16714285714285715 0.01 0.021904761904761906
3 0.46 0.14 0.07714285714285714 0.047619047619047616
3 0.45964285714285713 0.18904761904761905 0.07928571428571428 0.05238095238095238
3 0.46035714285714285 0.24142857142857144 0.075 0.04666666666666667
3 0.46 0.2842857142857143 0.07857142857142857 0.04476190476190476
3 0.4496428571428571 0.34714285714285714 0.07214285714285715 0.04476190476190476
3 0.4525 0.3976190476190476 0.075 0.04476190476190476
0 0.3817857142857143 0.5119047619047619 0.009285714285714286 0.012380952380952381
2 0.45714285714285713 0.4695238095238095 0.025714285714285714 0.015238095238095238
9 0.47928571428571426 0.44142857142857145 0.03428571428571429 0.021904761904761906
9 0.51 0.4942857142857143 0.01 0.03238095238095238
0 0.51 0.5742857142857143 0.01 0.015238095238095238
2 0.415 0.5114285714285715 0.01 0.0419047619047619
3 0.4575 0.5071428571428571 0.075 0.040952380952380955
3 0.46035714285714285 0.5614285714285714 0.075 0.040952380952380955
3 0.4642857142857143 0.6076190476190476 0.07714285714285714 0.045714285714285714
3 0.4564285714285714 0.6595238095238095 0.07142857142857142 0.04476190476190476
9 0.4142857142857143 0.7542857142857143 0.037142857142857144 0.024761904761904763
3 0.4517857142857143 0.7971428571428572 0.07357142857142857 0.049523809523809526
3 0.44892857142857145 0.8547619047619047 0.07357142857142857 0.04666666666666667
3 0.45035714285714284 0.9071428571428571 0.07928571428571428 0.058095238095238096
3 0.4592857142857143 0.959047619047619 0.07285714285714286 0.04380952380952381
3 0.695 0.9566666666666667 0.07714285714285714 0.05238095238095238
3 0.7046428571428571 0.8671428571428571 0.075 0.04476190476190476
3 0.71 0.7671428571428571 0.07857142857142857 0.05238095238095238
3 0.7064285714285714 0.7152380952380952 0.07285714285714286 0.0419047619047619
3 0.6796428571428571 0.5919047619047619 0.07071428571428572 0.04476190476190476
3 0.7028571428571428 0.5366666666666666 0.07428571428571429 0.04476190476190476
0 0.5421428571428571 0.3995238095238095 0.012857142857142857 0.04476190476190476
0 0.6567857142857143 0.45380952380952383 0.010714285714285714 0.012380952380952381
3 0.6442857142857142 0.40714285714285714 0.07142857142857142 0.04666666666666667
3 0.6375 0.3547619047619048 0.07357142857142857 0.05047619047619047
3 0.6275 0.3038095238095238 0.075 0.05714285714285714
4 0.6214285714285714 0.2423809523809524 0.07571428571428572 0.07523809523809524
4 0.61 0.18428571428571427 0.06857142857142857 0.07523809523809524
9 0.5342857142857143 0.1419047619047619 0.01 0.030476190476190476
0 0.5814285714285714 0.29523809523809524 0.012857142857142857 0.017142857142857144
