3 0.6121428571428571 0.5295238095238095 0.05714285714285714 0.049523809523809526
3 0.5253571428571429 0.39714285714285713 0.062142857142857146 0.0380952380952381
0 0.5371428571428571 0.4919047619047619 0.01 0.012380952380952381
0 0.5475 0.4866666666666667 0.007857142857142858 0.007619047619047619
0 0.4614285714285714 0.43 0.01 0.010476190476190476
0 0.4667857142857143 0.4247619047619048 0.007857142857142858 0.013333333333333332
3 0.505 0.35 0.06285714285714286 0.040952380952380955
2 0.46964285714285714 0.33714285714285713 0.012142857142857143 0.024761904761904763
3 0.49 0.30238095238095236 0.06285714285714286 0.04476190476190476
9 0.48214285714285715 0.26 0.02 0.01904761904761905
9 0.425 0.2342857142857143 0.017142857142857144 0.024761904761904763
6 0.4467857142857143 0.22714285714285715 0.030714285714285715 0.035238095238095235
4 0.4275 0.2038095238095238 0.05785714285714286 0.05714285714285714
3 0.40535714285714286 0.16952380952380952 0.05928571428571429 0.06285714285714286
9 0.315 0.16523809523809524 0.02 0.025714285714285714
1 0.3117857142857143 0.16 0.013571428571428571 0.011428571428571429
3 0.3871428571428571 0.1319047619047619 0.06285714285714286 0.06
7 0.36678571428571427 0.08714285714285715 0.047857142857142855 0.05047619047619047
7 0.34 0.029523809523809525 0.054285714285714284 0.05333333333333333
3 0.3053571428571429 0.014761904761904763 0.05357142857142857 0.03142857142857143
9 0.15678571428571428 0.017619047619047618 0.016428571428571428 0.037142857142857144
1 0.15678571428571428 0.011904761904761904 0.012142857142857143 0.021904761904761906
