5 0.03679540709812108 0.9601113172541744 0.07463465553235907 0.07606679035250465
4 0.19702505219206679 0.9197588126159555 0.04227557411273486 0.12337662337662338
5 0.20798538622129434 0.7796846011131725 0.04749478079331941 0.13079777365491652
3 0.3243736951983298 0.7769016697588126 0.03079331941544885 0.09925788497217068
3 0.36064718162839243 0.774582560296846 0.025052192066805843 0.09647495361781076
3 0.3935281837160751 0.7731910946196661 0.026096033402922752 0.09740259740259741
3 0.47703549060542794 0.7592764378478665 0.028183716075156573 0.09925788497217068
3 0.9164926931106471 0.11827458256029685 0.038622129436325675 0.0287569573283859
4 0.8958768267223381 0.05519480519480519 0.03392484342379958 0.02504638218923933
3 0.8901356993736951 0.03710575139146568 0.028705636743215027 0.022263450834879406
3 0.8700417536534446 0.0088126159554731 0.032359081419624215 0.0176252319109462
