3 0.3125 0.29 0.027857142857142858 0.02
3 0.31535714285714284 0.3142857142857143 0.027857142857142858 0.022857142857142857
3 0.31642857142857145 0.34 0.03 0.01904761904761905
3 0.3175 0.3647619047619048 0.027857142857142858 0.017142857142857144
3 0.31892857142857145 0.3871428571428571 0.030714285714285715 0.02
3 0.315 0.40714285714285714 0.027142857142857142 0.018095238095238095
3 0.31642857142857145 0.4276190476190476 0.024285714285714285 0.015238095238095238
3 0.32035714285714284 0.44666666666666666 0.02642857142857143 0.015238095238095238
4 0.3217857142857143 0.47 0.027857142857142858 0.02
3 0.3975 0.34476190476190477 0.027857142857142858 0.01904761904761905
4 0.3942857142857143 0.36428571428571427 0.02857142857142857 0.02
3 0.4014285714285714 0.4095238095238095 0.027142857142857142 0.017142857142857144
3 0.39964285714285713 0.43476190476190474 0.029285714285714286 0.02
3 0.8521428571428571 0.2519047619047619 0.03 0.021904761904761906
3 0.915 0.2642857142857143 0.03 0.02
3 0.9171428571428571 0.2995238095238095 0.027142857142857142 0.021904761904761906
4 0.8553571428571428 0.32666666666666666 0.027857142857142858 0.015238095238095238
3 0.8571428571428571 0.3423809523809524 0.027142857142857142 0.02
3 0.8575 0.36 0.025 0.01904761904761905
3 0.8167857142857143 0.4066666666666667 0.015 0.04
3 0.8621428571428571 0.47 0.03 0.018095238095238095
3 0.8671428571428571 0.5023809523809524 0.024285714285714285 0.018095238095238095
3 0.925 0.48428571428571426 0.02857142857142857 0.018095238095238095
0 0.8571428571428571 0.4419047619047619 0.012857142857142857 0.007619047619047619
3 0.7971428571428572 0.5895238095238096 0.014285714285714285 0.04
3 0.6064285714285714 0.44476190476190475 0.014285714285714285 0.04
8 0.79 0.7838095238095238 0.02857142857142857 0.09904761904761905
3 0.8617857142857143 0.9771428571428571 0.013571428571428571 0.04
3 0.94 0.731904761904762 0.032857142857142856 0.02
5 0.9396428571428571 0.6776190476190476 0.035 0.023809523809523808
0 0.9321428571428572 0.5895238095238096 0.01 0.007619047619047619
3 0.6378571428571429 0.7995238095238095 0.014285714285714285 0.039047619047619046
0 0.8067857142857143 0.89 0.007857142857142858 0.012380952380952381
0 0.8064285714285714 0.9319047619047619 0.007142857142857143 0.010476190476190476
0 0.8078571428571428 0.9514285714285714 0.007142857142857143 0.013333333333333332
0 0.8114285714285714 0.9642857142857143 0.007142857142857143 0.012380952380952381
5 0.8667857142857143 0.5419047619047619 0.03357142857142857 0.017142857142857144
5 0.5417857142857143 0.7019047619047619 0.020714285714285713 0.08190476190476191
3 0.3575 0.7047619047619048 0.012142857142857143 0.04
3 0.37392857142857144 0.6971428571428572 0.015 0.04
3 0.36 0.8142857142857143 0.017142857142857144 0.04
3 0.40714285714285714 0.8738095238095238 0.014285714285714285 0.03333333333333333
3 0.36178571428571427 0.9266666666666666 0.012142857142857143 0.04
3 0.4067857142857143 0.9214285714285714 0.012142857142857143 0.040952380952380955
3 0.36392857142857143 0.97 0.013571428571428571 0.040952380952380955
3 0.40785714285714286 0.9671428571428572 0.014285714285714285 0.04476190476190476
0 0.9114285714285715 0.14761904761904762 0.014285714285714285 0.01904761904761905
