8 0.15785714285714286 0.08185279187817258 0.032857142857142856 0.026649746192893398
0 0.27464285714285713 0.09708121827411166 0.002142857142857143 0.011421319796954314
0 0.29178571428571426 0.10215736040609136 0.0035714285714285713 0.011421319796954314
0 0.27535714285714286 0.09454314720812182 0.0035714285714285713 0.008883248730964466
0 0.29464285714285715 0.10342639593908629 0.002142857142857143 0.013959390862944161
0 0.30464285714285716 0.10342639593908629 0.002142857142857143 0.008883248730964466
0 0.0825 0.20304568527918782 0.002142857142857143 0.01015228426395939
0 0.04428571428571428 0.9244923857868019 0.005714285714285714 0.013959390862944161
4 0.12178571428571429 0.9124365482233502 0.029285714285714286 0.050761421319796954
4 0.19785714285714287 0.7296954314720812 0.022857142857142857 0.04568527918781726
4 0.26785714285714285 0.8502538071065989 0.025714285714285714 0.05837563451776649
4 0.31214285714285717 0.7284263959390862 0.022857142857142857 0.050761421319796954
5 0.28464285714285714 0.7347715736040609 0.04214285714285714 0.09898477157360405
0 0.16964285714285715 0.6871827411167513 0.005 0.016497461928934008
0 0.1975 0.6034263959390862 0.005 0.008883248730964466
0 0.145 0.7335025380710659 0.004285714285714286 0.015228426395939085
0 0.15142857142857144 0.706218274111675 0.005714285714285714 0.013959390862944161
0 0.14714285714285713 0.7049492385786802 0.007142857142857143 0.011421319796954314
0 0.1475 0.7347715736040609 0.005 0.015228426395939085
4 0.24964285714285714 0.6040609137055837 0.02214285714285714 0.035532994923857864
4 0.27285714285714285 0.5545685279187816 0.02 0.032994923857868015
3 0.29 0.5615482233502538 0.017142857142857144 0.029187817258883246
3 0.3067857142857143 0.5266497461928934 0.019285714285714285 0.03045685279187817
3 0.29464285714285715 0.5139593908629442 0.02214285714285714 0.027918781725888322
1 0.24428571428571427 0.5602791878172588 0.005714285714285714 0.011421319796954314
2 0.24464285714285713 0.5640862944162436 0.005 0.013959390862944161
8 0.31642857142857145 0.46002538071065985 0.032857142857142856 0.06218274111675126
3 0.3264285714285714 0.49048223350253806 0.018571428571428572 0.026649746192893398
3 0.3575 0.5640862944162436 0.017857142857142856 0.031725888324873094
8 0.3625 0.13451776649746192 0.03785714285714286 0.035532994923857864
8 0.37785714285714284 0.1611675126903553 0.024285714285714285 0.025380710659898477
3 0.3914285714285714 0.15291878172588833 0.012857142857142857 0.011421319796954314
3 0.3921428571428571 0.15989847715736039 0.012857142857142857 0.012690355329949238
3 0.4014285714285714 0.17195431472081216 0.015714285714285715 0.011421319796954314
3 0.4317857142857143 0.17576142131979694 0.012142857142857143 0.011421319796954314
3 0.4589285714285714 0.17956852791878172 0.016428571428571428 0.013959390862944161
3 0.4521428571428571 0.18210659898477155 0.012857142857142857 0.013959390862944161
3 0.42 0.18083756345177662 0.012857142857142857 0.013959390862944161
4 0.40785714285714286 0.16624365482233502 0.014285714285714285 0.017766497461928932
5 0.4164285714285714 0.15862944162436546 0.018571428571428572 0.015228426395939085
8 0.44392857142857145 0.18718274111675126 0.020714285714285713 0.024111675126903553
8 0.43892857142857145 0.16560913705583755 0.020714285714285713 0.024111675126903553
3 0.5 0.17322335025380708 0.012857142857142857 0.011421319796954314
3 0.48 0.0076142131979695426 0.004285714285714286 0.012690355329949238
4 0.4417857142857143 0.2703045685279188 0.016428571428571428 0.025380710659898477
4 0.45964285714285713 0.266497461928934 0.012142857142857143 0.015228426395939085
5 0.41964285714285715 0.2785532994923858 0.03785714285714286 0.05964467005076142
8 0.4592857142857143 0.28743654822335024 0.027142857142857142 0.04695431472081218
8 0.3896428571428571 0.315989847715736 0.035 0.06091370558375634
8 0.36464285714285716 0.35850253807106597 0.035 0.06725888324873096
5 0.41535714285714287 0.3261421319796954 0.04214285714285714 0.07360406091370558
8 0.38642857142857145 0.38705583756345174 0.02142857142857143 0.03807106598984771
3 0.42178571428571426 0.35342639593908626 0.013571428571428571 0.021573604060913704
3 0.43214285714285716 0.33502538071065985 0.012857142857142857 0.015228426395939085
3 0.44392857142857145 0.32043147208121825 0.013571428571428571 0.021573604060913704
5 0.34 0.40862944162436543 0.025714285714285714 0.048223350253807105
3 0.36464285714285716 0.424492385786802 0.019285714285714285 0.024111675126903553
4 0.3442857142857143 0.45241116751269034 0.02 0.031725888324873094
3 0.4317857142857143 0.44035532994923854 0.015 0.025380710659898477
3 0.36964285714285716 0.5831218274111675 0.017857142857142856 0.03680203045685279
0 0.42892857142857144 0.6085025380710659 0.005 0.013959390862944161
0 0.6271428571428571 0.6453045685279187 0.007142857142857143 0.013959390862944161
0 0.41678571428571426 0.6142131979695431 0.0035714285714285713 0.012690355329949238
8 0.54 0.1465736040609137 0.015714285714285715 0.026649746192893398
3 0.5903571428571428 0.2112944162436548 0.007857142857142858 0.013959390862944161
3 0.6289285714285714 0.046319796954314714 0.0064285714285714285 0.011421319796954314
3 0.6096428571428572 0.05837563451776649 0.007857142857142858 0.01015228426395939
5 0.61 0.14911167512690354 0.014285714285714285 0.026649746192893398
4 0.6364285714285715 0.10850253807106598 0.011428571428571429 0.026649746192893398
5 0.6271428571428571 0.23730964467005075 0.032857142857142856 0.04314720812182741
4 0.65 0.027918781725888322 0.01 0.02030456852791878
5 0.7253571428571428 0.28870558375634514 0.04357142857142857 0.04695431472081218
4 0.975 0.3515228426395939 0.014285714285714285 0.027918781725888322
4 0.9178571428571428 0.391497461928934 0.022857142857142857 0.016497461928934008
1 0.8689285714285714 0.6675126903553299 0.005 0.01015228426395939
2 0.8689285714285714 0.6694162436548223 0.009285714285714286 0.008883248730964466
0 0.8771428571428571 0.6440355329949238 0.005714285714285714 0.016497461928934008
0 0.8296428571428571 0.6649746192893401 0.005 0.012690355329949238
0 0.9014285714285715 0.7125634517766497 0.005714285714285714 0.013959390862944161
0 0.87 0.6954314720812182 0.004285714285714286 0.012690355329949238
0 0.9489285714285715 0.7296954314720812 0.0064285714285714285 0.012690355329949238
3 0.9746428571428571 0.18083756345177662 0.019285714285714285 0.011421319796954314
3 0.9767857142857143 0.17576142131979694 0.017857142857142856 0.016497461928934008
3 0.9789285714285715 0.17195431472081216 0.016428571428571428 0.013959390862944161
3 0.9796428571428571 0.16624365482233502 0.015 0.012690355329949238
3 0.9792857142857143 0.16624365482233502 0.014285714285714285 0.015228426395939085
3 0.9821428571428571 0.15862944162436546 0.017142857142857144 0.012690355329949238
3 0.985 0.15101522842639592 0.018571428571428572 0.01015228426395939
3 0.9892857142857143 0.14530456852791876 0.015714285714285715 0.013959390862944161
3 0.9892857142857143 0.14022842639593908 0.017142857142857144 0.008883248730964466
3 0.9935714285714285 0.13388324873096447 0.011428571428571429 0.011421319796954314
