0 0.3817857142857143 0.6719047619047619 0.03785714285714286 0.07714285714285714
0 0.3225 0.5166666666666667 0.02214285714285714 0.06
0 0.255 0.4623809523809524 0.02 0.04476190476190476
0 0.155 0.2695238095238095 0.012857142857142857 0.026666666666666665
0 0.2675 0.2695238095238095 0.010714285714285714 0.026666666666666665
0 0.41928571428571426 0.33 0.01 0.03142857142857143
0 0.43214285714285716 0.3314285714285714 0.017142857142857144 0.03428571428571429
0 0.4471428571428571 0.3342857142857143 0.01 0.03238095238095238
0 0.46464285714285714 0.3519047619047619 0.015 0.037142857142857144
1 0.5003571428571428 0.33904761904761904 0.015 0.026666666666666665
2 0.46035714285714285 0.34476190476190477 0.02642857142857143 0.022857142857142857
2 0.5514285714285714 0.35904761904761906 0.02142857142857143 0.0380952380952381
2 0.5528571428571428 0.3576190476190476 0.03142857142857143 0.03333333333333333
0 0.7114285714285714 0.3076190476190476 0.012857142857142857 0.03619047619047619
0 0.7967857142857143 0.31 0.0064285714285714285 0.02761904761904762
0 0.7896428571428571 0.3047619047619048 0.005 0.024761904761904763
0 0.8067857142857143 0.30952380952380953 0.007857142857142858 0.030476190476190476
0 0.7914285714285715 0.31238095238095237 0.007142857142857143 0.02857142857142857
0 0.7846428571428572 0.3142857142857143 0.009285714285714286 0.03238095238095238
0 0.7767857142857143 0.30428571428571427 0.007857142857142858 0.02761904761904762
0 0.7671428571428571 0.3 0.007142857142857143 0.03238095238095238
1 0.7289285714285715 0.3 0.012142857142857143 0.024761904761904763
0 0.8675 0.2623809523809524 0.0064285714285714285 0.02
0 0.8739285714285714 0.2623809523809524 0.0064285714285714285 0.02
2 0.8625 0.3419047619047619 0.025 0.024761904761904763
2 0.8842857142857142 0.34 0.018571428571428572 0.026666666666666665
2 0.9092857142857143 0.3514285714285714 0.024285714285714285 0.026666666666666665
9 0.9353571428571429 0.35523809523809524 0.030714285714285715 0.024761904761904763
0 0.9614285714285714 0.3442857142857143 0.011428571428571429 0.037142857142857144
1 0.8567857142857143 0.2995238095238095 0.010714285714285714 0.021904761904761906
