3 0.26535714285714285 0.4319047619047619 0.019285714285714285 0.035238095238095235
3 0.30464285714285716 0.46714285714285714 0.03214285714285714 0.02
3 0.29928571428571427 0.48904761904761906 0.03142857142857143 0.021904761904761906
3 0.29178571428571426 0.5219047619047619 0.03357142857142857 0.022857142857142857
3 0.2775 0.5719047619047619 0.03214285714285714 0.02
4 0.28785714285714287 0.5442857142857143 0.03142857142857143 0.023809523809523808
4 0.27464285714285713 0.4795238095238095 0.017857142857142856 0.035238095238095235
3 0.19428571428571428 0.9566666666666667 0.05285714285714286 0.035238095238095235
3 0.195 0.6847619047619048 0.027142857142857142 0.047619047619047616
3 0.3192857142857143 0.23714285714285716 0.012857142857142857 0.02095238095238095
3 0.335 0.18714285714285714 0.01 0.02
3 0.3871428571428571 0.11666666666666667 0.017142857142857144 0.010476190476190476
3 0.3871428571428571 0.11 0.017142857142857144 0.010476190476190476
3 0.3896428571428571 0.1019047619047619 0.015 0.007619047619047619
3 0.3889285714285714 0.09904761904761905 0.017857142857142856 0.009523809523809525
3 0.39 0.09428571428571429 0.015714285714285715 0.009523809523809525
3 0.39285714285714285 0.08904761904761904 0.015714285714285715 0.010476190476190476
3 0.3975 0.07666666666666666 0.015 0.010476190476190476
3 0.4142857142857143 0.07666666666666666 0.008571428571428572 0.010476190476190476
3 0.4253571428571429 0.07428571428571429 0.015 0.009523809523809525
3 0.39964285714285713 0.054285714285714284 0.015 0.009523809523809525
3 0.42464285714285716 0.07952380952380952 0.012142857142857143 0.010476190476190476
3 0.37714285714285717 0.04238095238095238 0.007142857142857143 0.012380952380952381
3 0.41964285714285715 0.041428571428571426 0.007857142857142858 0.010476190476190476
3 0.4278571428571429 0.04238095238095238 0.005714285714285714 0.012380952380952381
3 0.435 0.039523809523809524 0.007142857142857143 0.014285714285714285
3 0.3578571428571429 0.04380952380952381 0.008571428571428572 0.011428571428571429
3 0.3492857142857143 0.0419047619047619 0.007142857142857143 0.009523809523809525
5 0.4317857142857143 0.10238095238095238 0.023571428571428573 0.021904761904761906
5 0.4539285714285714 0.14 0.010714285714285714 0.030476190476190476
5 0.43642857142857144 0.2966666666666667 0.022857142857142857 0.07333333333333333
8 0.4928571428571429 0.11190476190476191 0.014285714285714285 0.037142857142857144
0 0.45285714285714285 0.1619047619047619 0.004285714285714286 0.009523809523809525
0 0.46214285714285713 0.17476190476190476 0.004285714285714286 0.012380952380952381
0 0.43714285714285717 0.07476190476190477 0.002857142857142857 0.008571428571428572
4 0.44535714285714284 0.07952380952380952 0.010714285714285714 0.02
0 0.23214285714285715 0.4795238095238095 0.005714285714285714 0.014285714285714285
0 0.24428571428571427 0.48714285714285716 0.007142857142857143 0.014285714285714285
0 0.25535714285714284 0.3995238095238095 0.005 0.012380952380952381
5 0.8578571428571429 0.9714285714285714 0.08 0.05523809523809524
3 0.855 0.9447619047619048 0.05 0.03238095238095238
9 0.8421428571428572 0.8866666666666667 0.02 0.015238095238095238
9 0.7275 0.8766666666666667 0.012142857142857143 0.029523809523809525
3 0.7725 0.7514285714285714 0.027857142857142858 0.05714285714285714
5 0.8689285714285714 0.8023809523809524 0.04214285714285714 0.07142857142857142
3 0.9071428571428571 0.8095238095238095 0.037142857142857144 0.026666666666666665
3 0.8875 0.7738095238095238 0.047857142857142855 0.03142857142857143
3 0.8267857142857142 0.7395238095238095 0.030714285714285715 0.05238095238095238
3 0.7589285714285714 0.6871428571428572 0.023571428571428573 0.05047619047619047
3 0.7596428571428572 0.6338095238095238 0.02214285714285714 0.04666666666666667
5 0.7421428571428571 0.63 0.022857142857142857 0.05238095238095238
3 0.8467857142857143 0.6595238095238095 0.039285714285714285 0.02761904761904762
3 0.8396428571428571 0.6366666666666667 0.04214285714285714 0.025714285714285714
3 0.8275 0.6123809523809524 0.03785714285714286 0.024761904761904763
4 0.8164285714285714 0.5919047619047619 0.03428571428571429 0.021904761904761906
4 0.8075 0.5747619047619048 0.03357142857142857 0.023809523809523808
3 0.745 0.43952380952380954 0.025714285714285714 0.02
3 0.7903571428571429 0.43714285714285717 0.027857142857142858 0.01904761904761905
4 0.6392857142857142 0.4076190476190476 0.018571428571428572 0.03428571428571429
4 0.7575 0.3223809523809524 0.015 0.021904761904761906
3 0.7025 0.3495238095238095 0.017857142857142856 0.026666666666666665
3 0.7742857142857142 0.3219047619047619 0.017142857142857144 0.026666666666666665
3 0.7892857142857143 0.3219047619047619 0.014285714285714285 0.024761904761904763
3 0.7892857142857143 0.26476190476190475 0.024285714285714285 0.017142857142857144
3 0.7821428571428571 0.24904761904761905 0.014285714285714285 0.02
3 0.7525 0.24714285714285714 0.015 0.02
3 0.74 0.24761904761904763 0.012857142857142857 0.02095238095238095
3 0.7271428571428571 0.24761904761904763 0.012857142857142857 0.02095238095238095
3 0.6989285714285715 0.1719047619047619 0.010714285714285714 0.02
4 0.71 0.17 0.012857142857142857 0.021904761904761906
3 0.5967857142857143 0.23952380952380953 0.013571428571428571 0.02
3 0.5696428571428571 0.051904761904761905 0.007857142857142858 0.012380952380952381
3 0.6753571428571429 0.06904761904761905 0.009285714285714286 0.012380952380952381
4 0.7239285714285715 0.1138095238095238 0.013571428571428571 0.014285714285714285
0 0.6171428571428571 0.09428571428571429 0.004285714285714286 0.007619047619047619
0 0.615 0.09476190476190476 0.002857142857142857 0.010476190476190476
0 0.6189285714285714 0.049523809523809526 0.0035714285714285713 0.007619047619047619
