0 0.1875 0.9438095238095238 0.045 0.08
0 0.6596428571428572 0.6542857142857142 0.030714285714285715 0.05523809523809524
0 0.22214285714285714 0.72 0.05285714285714286 0.06285714285714286
3 0.45964285714285713 0.741904761904762 0.18785714285714286 0.14095238095238094
3 0.12464285714285714 0.6419047619047619 0.07785714285714286 0.18285714285714286
3 0.2775 0.5571428571428572 0.07357142857142857 0.13714285714285715
3 0.9639285714285715 0.6819047619047619 0.07071428571428572 0.12
3 0.8303571428571429 0.7171428571428572 0.17357142857142857 0.13523809523809524
3 0.9671428571428572 0.3119047619047619 0.06428571428571428 0.13238095238095238
3 0.9246428571428571 0.3242857142857143 0.09785714285714285 0.1361904761904762
3 0.8071428571428572 0.30666666666666664 0.08571428571428572 0.1295238095238095
4 0.7471428571428571 0.2671428571428571 0.08285714285714285 0.12666666666666668
4 0.4875 0.5671428571428572 0.165 0.11714285714285715
4 0.4446428571428571 0.3676190476190476 0.125 0.10857142857142857
4 0.3967857142857143 0.3171428571428571 0.11071428571428571 0.1219047619047619
4 0.265 0.3923809523809524 0.07285714285714286 0.1657142857142857
0 0.5817857142857142 0.4438095238095238 0.016428571428571428 0.05523809523809524
0 0.5275 0.27666666666666667 0.015 0.06
0 0.48714285714285716 0.22952380952380952 0.01 0.05333333333333333
0 0.5046428571428572 0.2195238095238095 0.012142857142857143 0.05047619047619047
0 0.6903571428571429 0.15476190476190477 0.015 0.05047619047619047
3 0.5417857142857143 0.17 0.08214285714285714 0.0980952380952381
3 0.49714285714285716 0.1595238095238095 0.08285714285714285 0.09428571428571429
3 0.46714285714285714 0.13238095238095238 0.08285714285714285 0.07238095238095238
3 0.20285714285714285 0.1742857142857143 0.06142857142857143 0.07428571428571429
4 0.29392857142857143 0.19714285714285715 0.05785714285714286 0.11047619047619048
3 0.3075 0.12476190476190477 0.045 0.06476190476190476
3 0.31892857142857145 0.0419047619047619 0.03785714285714286 0.06285714285714286
3 0.029285714285714286 0.3619047619047619 0.05714285714285714 0.1295238095238095
3 0.055 0.24761904761904763 0.08285714285714285 0.10666666666666666
3 0.10464285714285715 0.15761904761904763 0.062142857142857146 0.08285714285714285
3 0.1367857142857143 0.0838095238095238 0.055 0.07428571428571429
3 0.22428571428571428 0.02 0.04285714285714286 0.04
3 0.3339285714285714 0.012380952380952381 0.030714285714285715 0.024761904761904763
0 0.22785714285714287 0.23523809523809525 0.01 0.03428571428571429
0 0.23285714285714285 0.2523809523809524 0.007142857142857143 0.03619047619047619
