3 0.32975 0.5136666666666666 0.0925 0.10466666666666666
2 0.30325 0.41666666666666663 0.0345 0.026666666666666665
2 0.30025 0.4026666666666667 0.029500000000000002 0.026666666666666665
0 0.406 0.8476666666666667 0.022 0.03133333333333333
0 0.1885 0.8166666666666667 0.022 0.04533333333333333
0 0.19925 0.6966666666666667 0.0175 0.03733333333333333
0 0.212 0.7026666666666667 0.018000000000000002 0.029333333333333333
2 0.227 0.9286666666666666 0.05 0.032
3 0.718 0.9403333333333334 0.075 0.118
6 0.6365000000000001 0.7976666666666666 0.049 0.13266666666666665
3 0.68225 0.7096666666666667 0.0625 0.146
3 0.9675 0.9246666666666666 0.064 0.09866666666666667
3 0.94475 0.8006666666666666 0.1095 0.08133333333333333
3 0.93575 0.6966666666666667 0.1275 0.06933333333333333
3 0.6405 0.49966666666666665 0.052000000000000005 0.11133333333333333
3 0.61525 0.38266666666666665 0.0495 0.08266666666666667
2 0.55175 0.39066666666666666 0.0095 0.03733333333333333
1 0.55275 0.38266666666666665 0.0115 0.025333333333333333
3 0.59975 0.24966666666666665 0.0305 0.05266666666666667
3 0.34825 0.26166666666666666 0.0725 0.04733333333333333
1 0.2975 0.24566666666666667 0.014 0.024666666666666667
5 0.6315000000000001 0.13166666666666665 0.04 0.07533333333333334
3 0.5745 0.14466666666666667 0.028 0.042666666666666665
3 0.5655 0.09566666666666666 0.025 0.033999999999999996
2 0.584 0.06966666666666667 0.017 0.016666666666666666
1 0.58225 0.06266666666666666 0.0075 0.018666666666666665
2 0.4465 0.10266666666666667 0.016 0.02
1 0.4455 0.09566666666666666 0.008 0.026
2 0.428 0.10466666666666666 0.014 0.018666666666666665
1 0.4275 0.09766666666666667 0.009000000000000001 0.028666666666666667
3 0.36825 0.15066666666666667 0.0645 0.036
3 0.37025 0.12666666666666665 0.0615 0.03333333333333333
4 0.3765 0.10666666666666666 0.053 0.034666666666666665
3 0.38825 0.07466666666666666 0.0565 0.03733333333333333
4 0.38575 0.057666666666666665 0.043500000000000004 0.028666666666666667
0 0.368 0.08566666666666667 0.007 0.026
1 0.36875 0.08266666666666667 0.0045000000000000005 0.013333333333333332
3 0.37825000000000003 0.033666666666666664 0.0455 0.026
3 0.3925 0.024666666666666667 0.044 0.028
3 0.4045 0.013666666666666666 0.046 0.02733333333333333
2 0.56275 0.009666666666666667 0.0055 0.016666666666666666
1 0.5640000000000001 0.006666666666666666 0.009000000000000001 0.014666666666666666
