3 0.23 0.03109137055837563 0.02 0.021573604060913704
3 0.22714285714285715 0.021573604060913704 0.017142857142857144 0.02030456852791878
3 0.22428571428571428 0.013959390862944161 0.017142857142857144 0.015228426395939085
3 0.22392857142857142 0.008248730964467004 0.020714285714285713 0.016497461928934008
3 0.23964285714285713 0.26078680203045684 0.012142857142857143 0.029187817258883246
3 0.2342857142857143 0.23730964467005075 0.012857142857142857 0.025380710659898477
3 0.22035714285714286 0.24365482233502536 0.012142857142857143 0.027918781725888322
3 0.21714285714285714 0.2779187817258883 0.012857142857142857 0.027918781725888322
3 0.20464285714285715 0.28236040609137053 0.012142857142857143 0.03680203045685279
3 0.1925 0.2899746192893401 0.012142857142857143 0.031725888324873094
3 0.18 0.29505076142131975 0.012857142857142857 0.031725888324873094
3 0.18678571428571428 0.26205583756345174 0.012142857142857143 0.029187817258883246
3 0.1767857142857143 0.2112944162436548 0.010714285714285714 0.026649746192893398
3 0.13 0.324238578680203 0.011428571428571429 0.03426395939086294
3 0.1175 0.33185279187817257 0.010714285714285714 0.029187817258883246
3 0.2546428571428571 0.25444162436548223 0.015 0.03426395939086294
8 0.2425 0.12944162436548223 0.017857142857142856 0.04568527918781726
4 0.21 0.2480964467005076 0.012857142857142857 0.03426395939086294
3 0.19964285714285715 0.2569796954314721 0.012142857142857143 0.029187817258883246
4 0.14392857142857143 0.315989847715736 0.013571428571428571 0.03807106598984771
4 0.1025 0.30710659898477155 0.012142857142857143 0.032994923857868015
3 0.06785714285714285 0.3642131979695431 0.014285714285714285 0.03045685279187817
4 0.047857142857142855 0.3508883248730964 0.017142857142857144 0.052030456852791875
4 0.02 0.35977157360406087 0.011428571428571429 0.026649746192893398
4 0.03428571428571429 0.348984771573604 0.011428571428571429 0.027918781725888322
3 0.011785714285714287 0.39403553299492383 0.016428571428571428 0.03934010152284264
3 0.024285714285714285 0.3826142131979695 0.012857142857142857 0.03426395939086294
3 0.03785714285714286 0.3813451776649746 0.014285714285714285 0.03426395939086294
3 0.0925 0.3445431472081218 0.012142857142857143 0.03426395939086294
3 0.105 0.3369289340101523 0.014285714285714285 0.03680203045685279
3 0.21642857142857141 0.5196700507614213 0.032857142857142856 0.031725888324873094
5 0.335 0.506979695431472 0.06285714285714286 0.05456852791878172
3 0.3875 0.2296954314720812 0.02642857142857143 0.025380710659898477
4 0.5446428571428571 0.949238578680203 0.027857142857142858 0.06345177664974619
3 0.49892857142857144 0.5666243654822335 0.030714285714285715 0.026649746192893398
5 0.4967857142857143 0.1884517766497462 0.05071428571428571 0.04441624365482233
0 0.5564285714285714 0.09581218274111675 0.004285714285714286 0.013959390862944161
0 0.5421428571428571 0.07931472081218273 0.004285714285714286 0.011421319796954314
0 0.5446428571428571 0.06789340101522842 0.002142857142857143 0.011421319796954314
0 0.49714285714285716 0.03109137055837563 0.002857142857142857 0.011421319796954314
0 0.5075 0.013959390862944161 0.0035714285714285713 0.012690355329949238
0 0.5221428571428571 0.015228426395939085 0.002857142857142857 0.015228426395939085
0 0.49785714285714283 0.013959390862944161 0.002857142857142857 0.012690355329949238
0 0.4925 0.019035532994923856 0.002142857142857143 0.01015228426395939
0 0.49464285714285716 0.013959390862944161 0.002142857142857143 0.01015228426395939
3 0.6596428571428572 0.46002538071065985 0.025 0.024111675126903553
3 0.8571428571428571 0.5482233502538071 0.027142857142857142 0.02284263959390863
5 0.7692857142857142 0.12436548223350252 0.07857142857142857 0.06852791878172589
3 0.7796428571428572 0.1548223350253807 0.027857142857142858 0.025380710659898477
4 0.8628571428571429 0.15609137055837563 0.027142857142857142 0.02284263959390863
3 0.9889285714285714 0.20241116751269034 0.020714285714285713 0.021573604060913704
8 0.9696428571428571 0.15736040609137056 0.05928571428571429 0.04060913705583756
