3 0.3875 0.9666666666666667 0.052142857142857144 0.06476190476190476
3 0.3475 0.49666666666666665 0.052142857142857144 0.05238095238095238
3 0.4667857142857143 0.5752380952380952 0.05785714285714286 0.05333333333333333
4 0.6121428571428571 0.6123809523809524 0.055714285714285716 0.06095238095238095
3 0.8346428571428571 0.7642857142857142 0.08214285714285714 0.07523809523809524
3 0.8146428571428571 0.6295238095238095 0.06928571428571428 0.06095238095238095
3 0.9075 0.731904761904762 0.075 0.06571428571428571
4 0.9153571428571429 0.6471428571428571 0.07357142857142857 0.06571428571428571
4 0.825 0.3942857142857143 0.037142857142857144 0.06285714285714286
4 0.42678571428571427 0.4838095238095238 0.07357142857142857 0.07428571428571429
4 0.22392857142857142 0.4023809523809524 0.04642857142857143 0.04476190476190476
8 0.062142857142857146 0.27904761904761904 0.09 0.08
3 0.0825 0.19952380952380952 0.03214285714285714 0.029523809523809525
3 0.0125 0.20761904761904762 0.02214285714285714 0.03428571428571429
3 0.1467857142857143 0.21476190476190476 0.03785714285714286 0.029523809523809525
3 0.18035714285714285 0.29714285714285715 0.039285714285714285 0.04
3 0.1925 0.34476190476190477 0.045 0.04
3 0.24714285714285714 0.3423809523809524 0.03571428571428571 0.037142857142857144
3 0.26964285714285713 0.3142857142857143 0.03785714285714286 0.04
3 0.36214285714285716 0.3395238095238095 0.04285714285714286 0.03333333333333333
3 0.29928571428571427 0.37761904761904763 0.04428571428571428 0.04285714285714286
3 0.295 0.41523809523809524 0.05 0.047619047619047616
3 0.5564285714285714 0.4523809523809524 0.047142857142857146 0.047619047619047616
3 0.5846428571428571 0.5142857142857142 0.05785714285714286 0.045714285714285714
3 0.6 0.2642857142857143 0.024285714285714285 0.04476190476190476
3 0.6289285714285714 0.2814285714285714 0.023571428571428573 0.04666666666666667
3 0.575 0.25761904761904764 0.022857142857142857 0.039047619047619046
3 0.21214285714285713 0.1676190476190476 0.027142857142857142 0.022857142857142857
3 0.19714285714285715 0.16476190476190475 0.03 0.022857142857142857
3 0.22178571428571428 0.14476190476190476 0.02642857142857143 0.024761904761904763
3 0.3517857142857143 0.13714285714285715 0.029285714285714286 0.022857142857142857
3 0.22714285714285715 0.07714285714285714 0.027142857142857142 0.024761904761904763
4 0.23892857142857143 0.07 0.025 0.02
3 0.30714285714285716 0.08904761904761904 0.024285714285714285 0.023809523809523808
9 0.22464285714285714 0.049523809523809526 0.007857142857142858 0.013333333333333332
9 0.23892857142857143 0.05142857142857143 0.007857142857142858 0.011428571428571429
9 0.24285714285714285 0.054285714285714284 0.007142857142857143 0.015238095238095238
9 0.2542857142857143 0.05714285714285714 0.005714285714285714 0.011428571428571429
9 0.27714285714285714 0.062380952380952384 0.007142857142857143 0.010476190476190476
2 0.23142857142857143 0.05 0.005714285714285714 0.010476190476190476
3 0.4017857142857143 0.13904761904761906 0.02642857142857143 0.03238095238095238
1 0.3489285714285714 0.2695238095238095 0.005 0.01904761904761905
9 0.3492857142857143 0.2742857142857143 0.012857142857142857 0.009523809523809525
9 0.3867857142857143 0.2947619047619048 0.012142857142857143 0.012380952380952381
1 0.385 0.2923809523809524 0.007142857142857143 0.015238095238095238
1 0.024285714285714285 0.3252380952380952 0.011428571428571429 0.01619047619047619
1 0.0275 0.3466666666666667 0.015 0.015238095238095238
1 0.08964285714285715 0.38 0.012142857142857143 0.017142857142857144
1 0.2017857142857143 0.46 0.012142857142857143 0.022857142857142857
1 0.20285714285714285 0.4938095238095238 0.012857142857142857 0.01619047619047619
1 0.20214285714285715 0.4938095238095238 0.012857142857142857 0.018095238095238095
1 0.23285714285714285 0.5142857142857142 0.011428571428571429 0.015238095238095238
1 0.3217857142857143 0.5619047619047619 0.010714285714285714 0.022857142857142857
1 0.26964285714285713 0.5866666666666667 0.010714285714285714 0.015238095238095238
1 0.18214285714285713 0.6695238095238095 0.017142857142857144 0.01904761904761905
1 0.4164285714285714 0.6552380952380953 0.011428571428571429 0.02095238095238095
1 0.4089285714285714 0.6523809523809524 0.009285714285714286 0.02095238095238095
1 0.4492857142857143 0.6414285714285715 0.012857142857142857 0.021904761904761906
1 0.5117857142857143 0.6823809523809524 0.012142857142857143 0.02
1 0.6546428571428572 0.8 0.012142857142857143 0.02095238095238095
1 0.5539285714285714 0.9042857142857142 0.017857142857142856 0.021904761904761906
1 0.5664285714285714 0.9495238095238095 0.015714285714285715 0.02095238095238095
1 0.5825 0.991904761904762 0.015 0.014285714285714285
9 0.5817857142857142 0.9895238095238095 0.016428571428571428 0.01904761904761905
2 0.5671428571428572 0.9538095238095238 0.017142857142857144 0.037142857142857144
9 0.5528571428571428 0.9066666666666666 0.014285714285714285 0.03238095238095238
0 0.5325 0.8590476190476191 0.019285714285714285 0.022857142857142857
9 0.6542857142857142 0.8019047619047619 0.022857142857142857 0.022857142857142857
9 0.5117857142857143 0.6842857142857143 0.017857142857142856 0.02
9 0.45 0.64 0.02142857142857143 0.026666666666666665
9 0.41678571428571426 0.6576190476190477 0.025 0.023809523809523808
2 0.3225 0.5652380952380952 0.017857142857142856 0.021904761904761906
2 0.2714285714285714 0.5914285714285714 0.011428571428571429 0.024761904761904763
2 0.23642857142857143 0.5190476190476191 0.012857142857142857 0.01904761904761905
2 0.2042857142857143 0.46190476190476193 0.018571428571428572 0.017142857142857144
2 0.205 0.49952380952380954 0.02142857142857143 0.02
2 0.0925 0.38476190476190475 0.015 0.015238095238095238
9 0.12428571428571429 0.44476190476190475 0.02142857142857143 0.024761904761904763
9 0.02892857142857143 0.3495238095238095 0.017857142857142856 0.015238095238095238
9 0.0275 0.3295238095238095 0.015 0.022857142857142857
1 0.8 0.9519047619047619 0.02 0.02761904761904762
1 0.7828571428571428 0.9071428571428571 0.017142857142857144 0.021904761904761906
1 0.7917857142857143 0.8542857142857143 0.017857142857142856 0.024761904761904763
9 0.7921428571428571 0.8595238095238095 0.032857142857142856 0.02761904761904762
9 0.7992857142857143 0.9495238095238095 0.032857142857142856 0.03238095238095238
2 0.7817857142857143 0.9114285714285715 0.03214285714285714 0.03238095238095238
1 0.46035714285714285 0.10380952380952381 0.005 0.011428571428571429
0 0.4714285714285714 0.09714285714285714 0.005714285714285714 0.017142857142857144
3 0.45964285714285713 0.15428571428571428 0.017857142857142856 0.03238095238095238
3 0.5317857142857143 0.13714285714285715 0.029285714285714286 0.024761904761904763
3 0.5092857142857142 0.10238095238095238 0.022857142857142857 0.029523809523809525
3 0.5442857142857143 0.0919047619047619 0.03428571428571429 0.02
9 0.47535714285714287 0.10904761904761905 0.007857142857142858 0.014285714285714285
9 0.48 0.10904761904761905 0.007142857142857143 0.014285714285714285
2 0.48428571428571426 0.10523809523809524 0.007142857142857143 0.012380952380952381
9 0.48928571428571427 0.10476190476190476 0.008571428571428572 0.015238095238095238
9 0.49464285714285716 0.10476190476190476 0.009285714285714286 0.015238095238095238
3 0.5596428571428571 0.07238095238095238 0.035 0.017142857142857144
9 0.5467857142857143 0.07666666666666666 0.012142857142857143 0.010476190476190476
3 0.5653571428571429 0.06428571428571428 0.03357142857142857 0.02
3 0.565 0.05142857142857143 0.03142857142857143 0.01904761904761905
3 0.5696428571428571 0.039523809523809524 0.027857142857142858 0.02
4 0.5871428571428572 0.01 0.032857142857142856 0.02
3 0.6742857142857143 0.011428571428571429 0.02 0.022857142857142857
4 0.6675 0.05904761904761905 0.019285714285714285 0.03428571428571429
3 0.6553571428571429 0.09380952380952381 0.012142857142857143 0.02761904761904762
3 0.6942857142857143 0.029523809523809525 0.012857142857142857 0.022857142857142857
3 0.6892857142857143 0.05476190476190476 0.015714285714285715 0.025714285714285714
3 0.6753571428571429 0.10428571428571429 0.016428571428571428 0.035238095238095235
3 0.6703571428571429 0.13380952380952382 0.016428571428571428 0.029523809523809525
3 0.6396428571428572 0.15 0.019285714285714285 0.03333333333333333
3 0.6103571428571428 0.1595238095238095 0.020714285714285713 0.035238095238095235
3 0.6271428571428571 0.1819047619047619 0.02 0.0380952380952381
3 0.6021428571428571 0.19714285714285715 0.02 0.03428571428571429
3 0.6171428571428571 0.22238095238095237 0.02 0.039047619047619046
8 0.655 0.17952380952380953 0.037142857142857144 0.08666666666666667
3 0.6367857142857143 0.23714285714285716 0.025 0.047619047619047616
1 0.5842857142857143 0.2195238095238095 0.008571428571428572 0.014285714285714285
1 0.5792857142857143 0.23714285714285716 0.004285714285714286 0.009523809523809525
1 0.5625 0.2519047619047619 0.0064285714285714285 0.012380952380952381
9 0.5846428571428571 0.22 0.009285714285714286 0.01904761904761905
9 0.5789285714285715 0.23904761904761904 0.007857142857142858 0.017142857142857144
9 0.5621428571428572 0.2523809523809524 0.01 0.015238095238095238
1 0.42642857142857143 0.31142857142857144 0.008571428571428572 0.015238095238095238
1 0.4492857142857143 0.2914285714285714 0.008571428571428572 0.013333333333333332
1 0.46214285714285713 0.30142857142857143 0.007142857142857143 0.014285714285714285
1 0.48178571428571426 0.3523809523809524 0.007857142857142858 0.015238095238095238
1 0.5396428571428571 0.3842857142857143 0.007857142857142858 0.012380952380952381
1 0.495 0.2742857142857143 0.008571428571428572 0.017142857142857144
1 0.5353571428571429 0.29523809523809524 0.007857142857142858 0.017142857142857144
1 0.5353571428571429 0.2714285714285714 0.007857142857142858 0.015238095238095238
1 0.5275 0.26476190476190475 0.005 0.015238095238095238
1 0.5114285714285715 0.2642857142857143 0.007142857142857143 0.018095238095238095
1 0.5139285714285714 0.2623809523809524 0.005 0.01619047619047619
1 0.5521428571428572 0.3595238095238095 0.007142857142857143 0.012380952380952381
1 0.5521428571428572 0.37238095238095237 0.005714285714285714 0.015238095238095238
1 0.5564285714285714 0.37523809523809526 0.005714285714285714 0.015238095238095238
1 0.5875 0.4 0.009285714285714286 0.015238095238095238
1 0.6367857142857143 0.44142857142857145 0.007857142857142858 0.014285714285714285
1 0.6625 0.43714285714285717 0.012142857142857143 0.013333333333333332
1 0.6796428571428571 0.4338095238095238 0.009285714285714286 0.018095238095238095
1 0.7278571428571429 0.38952380952380955 0.008571428571428572 0.017142857142857144
1 0.7275 0.4523809523809524 0.012142857142857143 0.015238095238095238
1 0.7542857142857143 0.4838095238095238 0.008571428571428572 0.015238095238095238
1 0.7889285714285714 0.5252380952380953 0.012142857142857143 0.018095238095238095
1 0.8417857142857142 0.5166666666666667 0.013571428571428571 0.02
1 0.8542857142857143 0.5338095238095238 0.008571428571428572 0.021904761904761906
1 0.8646428571428572 0.5495238095238095 0.012142857142857143 0.017142857142857144
1 0.8771428571428571 0.5423809523809524 0.012857142857142857 0.01619047619047619
1 0.9246428571428571 0.5623809523809524 0.012142857142857143 0.01619047619047619
1 0.9321428571428572 0.5842857142857143 0.01 0.02
1 0.9671428571428572 0.6042857142857143 0.014285714285714285 0.02
1 0.9464285714285714 0.6223809523809524 0.018571428571428572 0.02
0 0.9564285714285714 0.5366666666666666 0.014285714285714285 0.02761904761904762
9 0.9071428571428571 0.5071428571428571 0.02 0.02
9 0.9639285714285715 0.6090476190476191 0.023571428571428573 0.025714285714285714
9 0.945 0.6247619047619047 0.03 0.024761904761904763
9 0.93 0.5876190476190476 0.02 0.017142857142857144
9 0.8642857142857143 0.5519047619047619 0.022857142857142857 0.018095238095238095
9 0.8753571428571428 0.5471428571428572 0.023571428571428573 0.021904761904761906
2 0.9196428571428571 0.5666666666666667 0.02214285714285714 0.017142857142857144
2 0.8517857142857143 0.5347619047619048 0.02214285714285714 0.018095238095238095
9 0.8396428571428571 0.5171428571428571 0.02214285714285714 0.022857142857142857
9 0.7853571428571429 0.53 0.02214285714285714 0.02
9 0.7514285714285714 0.4866666666666667 0.018571428571428572 0.015238095238095238
9 0.725 0.4552380952380952 0.02 0.01904761904761905
2 0.7289285714285715 0.39 0.007857142857142858 0.025714285714285714
2 0.6796428571428571 0.43238095238095237 0.012142857142857143 0.015238095238095238
2 0.6764285714285714 0.43952380952380954 0.017142857142857144 0.018095238095238095
1 0.6771428571428572 0.43761904761904763 0.01 0.01619047619047619
9 0.6614285714285715 0.44142857142857145 0.014285714285714285 0.014285714285714285
9 0.6396428571428572 0.44476190476190475 0.02214285714285714 0.022857142857142857
9 0.5892857142857143 0.40476190476190477 0.015714285714285715 0.017142857142857144
9 0.5396428571428571 0.3852380952380952 0.017857142857142856 0.014285714285714285
9 0.5525 0.37714285714285717 0.015 0.015238095238095238
9 0.5521428571428572 0.3638095238095238 0.012857142857142857 0.015238095238095238
9 0.48464285714285715 0.3547619047619048 0.015 0.014285714285714285
9 0.5353571428571429 0.29904761904761906 0.012142857142857143 0.015238095238095238
9 0.5375 0.27666666666666667 0.012142857142857143 0.01619047619047619
9 0.5267857142857143 0.26761904761904765 0.010714285714285714 0.01904761904761905
9 0.5121428571428571 0.2671428571428571 0.012857142857142857 0.014285714285714285
9 0.495 0.27714285714285714 0.01 0.017142857142857144
9 0.46 0.30666666666666664 0.012857142857142857 0.015238095238095238
9 0.4475 0.2938095238095238 0.015 0.014285714285714285
9 0.42714285714285716 0.3119047619047619 0.014285714285714285 0.012380952380952381
