1 0.7146428571428571 0.8790476190476191 0.035 0.07428571428571429
9 0.7075 0.8990476190476191 0.07785714285714286 0.07238095238095238
2 0.3575 0.82 0.07214285714285715 0.05523809523809524
0 0.35678571428571426 0.8123809523809524 0.03214285714285714 0.09714285714285714
0 0.16964285714285715 0.5995238095238096 0.025 0.06761904761904762
0 0.4421428571428571 0.6819047619047619 0.027142857142857142 0.08
3 0.105 0.5766666666666667 0.12285714285714286 0.09619047619047619
3 0.16035714285714286 0.49714285714285716 0.08071428571428571 0.06285714285714286
3 0.2692857142857143 0.43952380952380954 0.06714285714285714 0.04666666666666667
3 0.1367857142857143 0.45666666666666667 0.085 0.05619047619047619
3 0.07678571428571429 0.41714285714285715 0.09785714285714285 0.05333333333333333
3 0.14642857142857144 0.4176190476190476 0.07 0.04476190476190476
0 0.07428571428571429 0.4066666666666667 0.018571428571428572 0.047619047619047616
3 0.3846428571428571 0.37666666666666665 0.04214285714285714 0.035238095238095235
3 0.9278571428571428 0.5114285714285715 0.11 0.05333333333333333
3 0.9692857142857143 0.4419047619047619 0.05857142857142857 0.045714285714285714
3 0.9303571428571429 0.42714285714285716 0.065 0.05238095238095238
3 0.7921428571428571 0.37714285714285717 0.047142857142857146 0.04
3 0.7603571428571428 0.36952380952380953 0.039285714285714285 0.04
3 0.725 0.3647619047619048 0.047142857142857146 0.030476190476190476
3 0.7071428571428572 0.3619047619047619 0.07 0.0380952380952381
3 0.705 0.3476190476190476 0.06 0.03428571428571429
3 0.6975 0.34 0.062142857142857146 0.02857142857142857
3 0.6942857142857143 0.33714285714285713 0.055714285714285716 0.03238095238095238
3 0.6771428571428572 0.3076190476190476 0.04285714285714286 0.022857142857142857
3 0.6767857142857143 0.29523809523809524 0.03214285714285714 0.017142857142857144
3 0.6796428571428571 0.2919047619047619 0.03214285714285714 0.021904761904761906
0 0.6567857142857143 0.3514285714285714 0.0064285714285714285 0.01904761904761905
0 0.6521428571428571 0.3466666666666667 0.007142857142857143 0.024761904761904763
0 0.6371428571428571 0.2995238095238095 0.007142857142857143 0.02
0 0.6246428571428572 0.3038095238095238 0.005 0.02095238095238095
0 0.6175 0.3076190476190476 0.005 0.02095238095238095
0 0.6146428571428572 0.3076190476190476 0.005 0.02095238095238095
0 0.6442857142857142 0.27666666666666667 0.007142857142857143 0.02
0 0.6239285714285714 0.2866666666666667 0.005 0.015238095238095238
0 0.62 0.2866666666666667 0.004285714285714286 0.017142857142857144
0 0.5864285714285714 0.2819047619047619 0.007142857142857143 0.017142857142857144
0 0.5217857142857143 0.41523809523809524 0.012142857142857143 0.03619047619047619
1 0.5814285714285714 0.26 0.004285714285714286 0.007619047619047619
1 0.5928571428571429 0.2571428571428571 0.002857142857142857 0.009523809523809525
1 0.6146428571428572 0.26761904761904765 0.005 0.009523809523809525
1 0.6053571428571428 0.24523809523809523 0.0035714285714285713 0.008571428571428572
9 0.5817857142857142 0.26476190476190475 0.005 0.009523809523809525
9 0.5939285714285715 0.26 0.0035714285714285713 0.007619047619047619
2 0.6153571428571428 0.2742857142857143 0.0064285714285714285 0.007619047619047619
9 0.6064285714285714 0.24904761904761905 0.005714285714285714 0.006666666666666666
0 0.6189285714285714 0.25666666666666665 0.0035714285714285713 0.012380952380952381
0 0.6175 0.2519047619047619 0.0035714285714285713 0.012380952380952381
0 0.6246428571428572 0.2542857142857143 0.002142857142857143 0.011428571428571429
0 0.6228571428571429 0.2542857142857143 0.004285714285714286 0.011428571428571429
0 0.6142857142857143 0.23714285714285716 0.002857142857142857 0.009523809523809525
0 0.5921428571428572 0.23666666666666666 0.004285714285714286 0.010476190476190476
0 0.62 0.23952380952380953 0.004285714285714286 0.012380952380952381
0 0.6196428571428572 0.23476190476190475 0.005 0.010476190476190476
0 0.6253571428571428 0.2319047619047619 0.0035714285714285713 0.010476190476190476
3 0.6039285714285715 0.23761904761904762 0.009285714285714286 0.012380952380952381
3 0.6296428571428572 0.24714285714285714 0.012142857142857143 0.014285714285714285
3 0.6314285714285715 0.2423809523809524 0.008571428571428572 0.012380952380952381
3 0.5921428571428572 0.22 0.007142857142857143 0.007619047619047619
3 0.41964285714285715 0.30523809523809525 0.027857142857142858 0.021904761904761906
3 0.4446428571428571 0.2895238095238095 0.02214285714285714 0.017142857142857144
3 0.465 0.28 0.02 0.015238095238095238
3 0.4742857142857143 0.2742857142857143 0.017142857142857144 0.017142857142857144
3 0.4853571428571429 0.26761904761904765 0.016428571428571428 0.013333333333333332
3 0.4967857142857143 0.2623809523809524 0.015 0.012380952380952381
3 0.5025 0.25666666666666665 0.015 0.012380952380952381
3 0.5075 0.2523809523809524 0.012142857142857143 0.013333333333333332
4 0.5142857142857142 0.24714285714285714 0.012857142857142857 0.012380952380952381
3 0.5246428571428572 0.24476190476190476 0.009285714285714286 0.009523809523809525
3 0.5339285714285714 0.24 0.010714285714285714 0.009523809523809525
3 0.4092857142857143 0.2966666666666667 0.02142857142857143 0.02
3 0.43 0.28523809523809524 0.02142857142857143 0.02
3 0.4446428571428571 0.2742857142857143 0.019285714285714285 0.01904761904761905
3 0.46035714285714285 0.2714285714285714 0.017857142857142856 0.017142857142857144
3 0.44785714285714284 0.2642857142857143 0.014285714285714285 0.012380952380952381
3 0.4589285714285714 0.25952380952380955 0.013571428571428571 0.012380952380952381
3 0.46964285714285714 0.2623809523809524 0.017857142857142856 0.012380952380952381
3 0.47928571428571426 0.25761904761904764 0.012857142857142857 0.012380952380952381
3 0.48714285714285716 0.25666666666666665 0.012857142857142857 0.012380952380952381
3 0.4925 0.2519047619047619 0.013571428571428571 0.012380952380952381
8 0.4717857142857143 0.24714285714285714 0.030714285714285715 0.02761904761904762
8 0.41964285714285715 0.26904761904761904 0.045 0.037142857142857144
1 0.4564285714285714 0.23904761904761904 0.005714285714285714 0.007619047619047619
0 0.4853571428571429 0.24142857142857144 0.0035714285714285713 0.010476190476190476
3 0.38392857142857145 0.29428571428571426 0.027857142857142858 0.022857142857142857
3 0.3517857142857143 0.3047619047619048 0.030714285714285715 0.024761904761904763
3 0.3889285714285714 0.32 0.030714285714285715 0.026666666666666665
3 0.35214285714285715 0.3423809523809524 0.04 0.02761904761904762
3 0.35 0.3238095238095238 0.032857142857142856 0.024761904761904763
3 0.29178571428571426 0.3342857142857143 0.035 0.024761904761904763
3 0.3067857142857143 0.34476190476190477 0.039285714285714285 0.03238095238095238
3 0.27285714285714285 0.38666666666666666 0.05714285714285714 0.04
3 0.20892857142857144 0.36714285714285716 0.045 0.035238095238095235
3 0.2342857142857143 0.37761904761904763 0.06142857142857143 0.04476190476190476
0 0.1742857142857143 0.36238095238095236 0.01 0.025714285714285714
0 0.1925 0.36 0.012142857142857143 0.026666666666666665
0 0.20464285714285715 0.35 0.007857142857142858 0.021904761904761906
2 0.175 0.37 0.02 0.02
2 0.1925 0.36238095238095236 0.015 0.012380952380952381
9 0.2075 0.35428571428571426 0.023571428571428573 0.015238095238095238
0 0.2617857142857143 0.3119047619047619 0.010714285714285714 0.02761904761904762
1 0.34285714285714286 0.27476190476190476 0.01 0.012380952380952381
5 0.3025 0.27714285714285714 0.055 0.03428571428571429
5 0.39035714285714285 0.2519047619047619 0.03214285714285714 0.02761904761904762
3 0.4425 0.31952380952380954 0.03214285714285714 0.021904761904761906
0 0.3846428571428571 0.3995238095238095 0.010714285714285714 0.039047619047619046
0 0.4417857142857143 0.37142857142857144 0.007857142857142858 0.026666666666666665
0 0.43642857142857144 0.3647619047619048 0.007142857142857143 0.026666666666666665
0 0.4421428571428571 0.36428571428571427 0.007142857142857143 0.02761904761904762
0 0.4775 0.3547619047619048 0.007857142857142858 0.02761904761904762
2 0.47464285714285714 0.3595238095238095 0.02214285714285714 0.014285714285714285
5 0.48964285714285716 0.39 0.04071428571428572 0.05047619047619047
4 0.5075 0.35904761904761906 0.047857142857142855 0.0380952380952381
3 0.5317857142857143 0.3423809523809524 0.045 0.035238095238095235
5 0.5239285714285714 0.32476190476190475 0.03357142857142857 0.0419047619047619
5 0.49964285714285717 0.2419047619047619 0.017857142857142856 0.01904761904761905
1 0.49 0.23952380952380953 0.002857142857142857 0.006666666666666666
9 0.49 0.23952380952380953 0.005714285714285714 0.004761904761904762
0 0.49178571428571427 0.23904761904761904 0.002142857142857143 0.007619047619047619
3 0.5114285714285715 0.24476190476190476 0.008571428571428572 0.009523809523809525
3 0.5164285714285715 0.2419047619047619 0.008571428571428572 0.009523809523809525
3 0.52 0.24 0.007142857142857143 0.011428571428571429
