5 0.28285714285714286 0.6766666666666666 0.037142857142857144 0.10761904761904761
5 0.3092857142857143 0.49238095238095236 0.027142857142857142 0.04
5 0.425 0.37476190476190474 0.037142857142857144 0.021904761904761906
5 0.42678571428571427 0.35428571428571426 0.035 0.01904761904761905
5 0.5928571428571429 0.15666666666666668 0.008571428571428572 0.021904761904761906
5 0.5842857142857143 0.1519047619047619 0.01 0.018095238095238095
5 0.6071428571428571 0.0919047619047619 0.007142857142857143 0.012380952380952381
1 0.39785714285714285 0.6919047619047619 0.007142857142857143 0.014285714285714285
1 0.4139285714285714 0.6595238095238095 0.007857142857142858 0.012380952380952381
9 0.4142857142857143 0.6652380952380952 0.005714285714285714 0.023809523809523808
9 0.3989285714285714 0.6947619047619048 0.005 0.021904761904761906
9 0.8553571428571428 0.8523809523809524 0.012142857142857143 0.030476190476190476
8 0.46464285714285714 0.5371428571428571 0.045 0.09523809523809523
3 0.1767857142857143 0.6919047619047619 0.03357142857142857 0.05238095238095238
3 0.2725 0.5519047619047619 0.03642857142857143 0.02761904761904762
3 0.24392857142857144 0.6 0.03357142857142857 0.030476190476190476
3 0.20464285714285715 0.5247619047619048 0.035 0.024761904761904763
3 0.22142857142857142 0.6395238095238095 0.03857142857142857 0.029523809523809525
3 0.29035714285714287 0.5938095238095238 0.030714285714285715 0.03333333333333333
5 0.30964285714285716 0.55 0.025 0.025714285714285714
5 0.3025 0.5676190476190476 0.025 0.03428571428571429
5 0.27535714285714286 0.6076190476190476 0.02642857142857143 0.030476190476190476
0 0.23714285714285716 0.6742857142857143 0.007142857142857143 0.015238095238095238
3 0.34 0.4419047619047619 0.017142857142857144 0.024761904761904763
3 0.33 0.4695238095238095 0.02 0.024761904761904763
3 0.29678571428571426 0.5147619047619048 0.023571428571428573 0.03142857142857143
3 0.42 0.2419047619047619 0.015714285714285715 0.009523809523809525
3 0.4589285714285714 0.25 0.013571428571428571 0.010476190476190476
3 0.4446428571428571 0.27 0.020714285714285713 0.010476190476190476
3 0.48464285714285715 0.2019047619047619 0.015 0.009523809523809525
3 0.49214285714285716 0.19904761904761906 0.015714285714285715 0.009523809523809525
3 0.49464285714285716 0.19714285714285715 0.012142857142857143 0.009523809523809525
3 0.4567857142857143 0.1895238095238095 0.0064285714285714285 0.007619047619047619
3 0.46535714285714286 0.21476190476190476 0.017857142857142856 0.008571428571428572
3 0.4642857142857143 0.22 0.014285714285714285 0.007619047619047619
3 0.4789285714285714 0.21142857142857144 0.015 0.009523809523809525
3 0.4675 0.18904761904761905 0.0064285714285714285 0.008571428571428572
3 0.45 0.25952380952380955 0.015714285714285715 0.010476190476190476
6 0.4278571428571429 0.30904761904761907 0.007142857142857143 0.012380952380952381
3 0.5046428571428572 0.4195238095238095 0.015 0.025714285714285714
4 0.47964285714285715 0.4819047619047619 0.015 0.026666666666666665
0 0.6646428571428571 0.3871428571428571 0.005 0.014285714285714285
0 0.6746428571428571 0.36714285714285716 0.005 0.012380952380952381
0 0.6225 0.3719047619047619 0.0035714285714285713 0.012380952380952381
0 0.6228571428571429 0.35428571428571426 0.004285714285714286 0.013333333333333332
0 0.6571428571428571 0.36238095238095236 0.004285714285714286 0.012380952380952381
0 0.67 0.35714285714285715 0.002857142857142857 0.015238095238095238
0 0.6946428571428571 0.3638095238095238 0.005 0.015238095238095238
0 0.6853571428571429 0.36428571428571427 0.0035714285714285713 0.014285714285714285
0 0.7021428571428572 0.4123809523809524 0.007142857142857143 0.013333333333333332
0 0.6892857142857143 0.3619047619047619 0.004285714285714286 0.009523809523809525
0 0.6396428571428572 0.35 0.005 0.012380952380952381
0 0.6492857142857142 0.35904761904761906 0.005714285714285714 0.013333333333333332
3 0.7103571428571429 0.31142857142857144 0.012142857142857143 0.011428571428571429
3 0.12785714285714286 0.9566666666666667 0.06285714285714286 0.08476190476190476
4 0.1625 0.9547619047619048 0.045 0.07523809523809524
3 0.17714285714285713 0.8671428571428571 0.04428571428571428 0.07523809523809524
0 0.6289285714285714 0.64 0.009285714285714286 0.022857142857142857
1 0.7175 0.5371428571428571 0.007857142857142858 0.015238095238095238
0 0.6792857142857143 0.5142857142857142 0.005714285714285714 0.024761904761904763
0 0.7346428571428572 0.5047619047619047 0.005 0.01904761904761905
9 0.7775 0.49714285714285716 0.005 0.015238095238095238
3 0.7775 0.5766666666666667 0.025 0.035238095238095235
3 0.9621428571428572 0.4938095238095238 0.032857142857142856 0.029523809523809525
3 0.9175 0.5219047619047619 0.027857142857142858 0.024761904761904763
3 0.9042857142857142 0.5019047619047619 0.027142857142857142 0.024761904761904763
1 0.7775 0.4942857142857143 0.0064285714285714285 0.007619047619047619
5 0.8221428571428572 0.709047619047619 0.04 0.07904761904761905
4 0.08714285714285715 0.6571428571428571 0.05 0.03238095238095238
3 0.011428571428571429 0.6314285714285715 0.022857142857142857 0.030476190476190476
7 0.23 0.5371428571428571 0.017142857142857144 0.024761904761904763
3 0.36464285714285716 0.3019047619047619 0.017857142857142856 0.015238095238095238
