0 0.4475 0.8942857142857142 0.015 0.05523809523809524
0 0.335 0.6047619047619047 0.01 0.03238095238095238
0 0.35892857142857143 0.6076190476190476 0.007857142857142858 0.024761904761904763
0 0.35428571428571426 0.6095238095238096 0.005714285714285714 0.022857142857142857
0 0.6571428571428571 0.6866666666666666 0.014285714285714285 0.030476190476190476
0 0.6689285714285714 0.6966666666666667 0.009285714285714286 0.03333333333333333
1 0.5378571428571428 0.7223809523809523 0.015714285714285715 0.037142857142857144
9 0.5346428571428572 0.729047619047619 0.03214285714285714 0.02761904761904762
3 0.425 0.6466666666666666 0.06714285714285714 0.0419047619047619
3 0.4375 0.6042857142857143 0.045 0.035238095238095235
3 0.58 0.6352380952380953 0.047142857142857146 0.03619047619047619
3 0.5446428571428571 0.5919047619047619 0.03785714285714286 0.035238095238095235
3 0.5878571428571429 0.5623809523809524 0.03857142857142857 0.035238095238095235
3 0.63 0.49666666666666665 0.025714285714285714 0.02761904761904762
3 0.43464285714285716 0.5019047619047619 0.03214285714285714 0.022857142857142857
3 0.51 0.5871428571428572 0.04285714285714286 0.04476190476190476
3 0.6164285714285714 0.6066666666666667 0.03428571428571429 0.03238095238095238
3 0.6496428571428572 0.5752380952380952 0.03214285714285714 0.03619047619047619
3 0.6771428571428572 0.5519047619047619 0.027142857142857142 0.03142857142857143
3 0.6975 0.5395238095238095 0.025 0.029523809523809525
3 0.59 0.5219047619047619 0.03 0.030476190476190476
3 0.5546428571428571 0.5376190476190477 0.03785714285714286 0.035238095238095235
3 0.5203571428571429 0.5614285714285714 0.039285714285714285 0.03333333333333333
3 0.655 0.48142857142857143 0.022857142857142857 0.02
3 0.6821428571428572 0.47 0.022857142857142857 0.02
3 0.6989285714285715 0.45904761904761904 0.020714285714285713 0.01904761904761905
5 0.4564285714285714 0.5447619047619048 0.04285714285714286 0.0380952380952381
3 0.4325 0.5395238095238095 0.029285714285714286 0.021904761904761906
4 0.39714285714285713 0.48714285714285716 0.03 0.02761904761904762
4 0.38142857142857145 0.5238095238095238 0.03 0.02857142857142857
3 0.5053571428571428 0.5195238095238095 0.035 0.02761904761904762
3 0.48964285714285716 0.5166666666666667 0.035 0.02761904761904762
4 0.3492857142857143 0.47904761904761906 0.032857142857142856 0.024761904761904763
3 0.26142857142857145 0.45476190476190476 0.032857142857142856 0.021904761904761906
3 0.3317857142857143 0.4719047619047619 0.027857142857142858 0.021904761904761906
3 0.31892857142857145 0.46714285714285714 0.027857142857142858 0.021904761904761906
3 0.30714285714285716 0.4695238095238095 0.027142857142857142 0.022857142857142857
3 0.29464285714285715 0.46476190476190476 0.027857142857142858 0.022857142857142857
3 0.3464285714285714 0.5171428571428571 0.02857142857142857 0.022857142857142857
3 0.33 0.5119047619047619 0.02857142857142857 0.021904761904761906
3 0.3142857142857143 0.5090476190476191 0.02857142857142857 0.021904761904761906
3 0.29964285714285716 0.5023809523809524 0.027857142857142858 0.021904761904761906
3 0.28964285714285715 0.5014285714285714 0.027857142857142858 0.021904761904761906
3 0.7064285714285714 0.41 0.02142857142857143 0.01619047619047619
3 0.6742857142857143 0.42952380952380953 0.024285714285714285 0.015238095238095238
3 0.7275 0.44142857142857145 0.019285714285714285 0.01619047619047619
3 0.7125 0.4076190476190476 0.02214285714285714 0.015238095238095238
3 0.8292857142857143 0.7671428571428571 0.09285714285714286 0.06571428571428571
9 0.8153571428571429 0.6295238095238095 0.029285714285714286 0.024761904761904763
9 0.8489285714285715 0.6271428571428571 0.020714285714285713 0.025714285714285714
9 0.7828571428571428 0.6138095238095238 0.02142857142857143 0.021904761904761906
9 0.7521428571428571 0.6014285714285714 0.027142857142857142 0.023809523809523808
9 0.9242857142857143 0.6766666666666666 0.01 0.02761904761904762
2 0.9596428571428571 0.7019047619047619 0.017857142857142856 0.03428571428571429
3 0.18714285714285714 0.611904761904762 0.05 0.04476190476190476
3 0.15714285714285714 0.7814285714285715 0.08714285714285715 0.07714285714285714
3 0.03678571428571428 0.8938095238095238 0.07357142857142857 0.09619047619047619
3 0.0225 0.729047619047619 0.045 0.06
3 0.5489285714285714 0.48238095238095235 0.039285714285714285 0.02761904761904762
