0 0.2714285714285714 0.03616751269035533 0.0014285714285714286 0.008883248730964466
0 0.2675 0.03616751269035533 0.002142857142857143 0.011421319796954314
0 0.3439285714285714 0.03362944162436548 0.002142857142857143 0.008883248730964466
4 0.33285714285714285 0.059010152284263956 0.02857142857142857 0.026649746192893398
0 0.32285714285714284 0.09137055837563451 0.002857142857142857 0.01015228426395939
0 0.3246428571428571 0.08756345177664974 0.002142857142857143 0.01015228426395939
0 0.3296428571428571 0.09010152284263959 0.002142857142857143 0.01015228426395939
0 0.2542857142857143 0.1281725888324873 0.002857142857142857 0.012690355329949238
0 0.23285714285714285 0.20431472081218272 0.002857142857142857 0.017766497461928932
0 0.2292857142857143 0.20621827411167512 0.004285714285714286 0.019035532994923856
0 0.22464285714285714 0.20875634517766495 0.002142857142857143 0.019035532994923856
3 0.325 0.26776649746192893 0.014285714285714285 0.03045685279187817
3 0.355 0.3972081218274111 0.02 0.035532994923857864
3 0.31642857142857145 0.19035532994923857 0.018571428571428572 0.02284263959390863
3 0.36142857142857143 0.23223350253807104 0.018571428571428572 0.03045685279187817
3 0.225 0.3413705583756345 0.025714285714285714 0.02030456852791878
3 0.2646428571428571 0.3375634517766497 0.035 0.025380710659898477
4 0.2546428571428571 0.4860406091370558 0.025 0.05837563451776649
0 0.17392857142857143 0.5977157360406091 0.0035714285714285713 0.012690355329949238
0 0.11785714285714285 0.682741116751269 0.01 0.035532994923857864
0 0.11 0.690989847715736 0.01 0.026649746192893398
0 0.11678571428571428 0.7290609137055837 0.010714285714285714 0.031725888324873094
4 0.18928571428571428 0.7607868020304568 0.054285714285714284 0.13578680203045684
3 0.29464285714285715 0.8464467005076142 0.03785714285714286 0.09898477157360405
0 0.11535714285714285 0.8730964467005076 0.005 0.027918781725888322
0 0.10785714285714286 0.8838832487309644 0.007142857142857143 0.029187817258883246
8 0.375 0.8857868020304568 0.06857142857142857 0.22588832487309643
3 0.37714285714285717 0.2893401015228426 0.014285714285714285 0.032994923857868015
3 0.43285714285714283 0.2246192893401015 0.018571428571428572 0.03045685279187817
8 0.42392857142857143 0.40545685279187815 0.03642857142857143 0.1484771573604061
1 0.41 0.4232233502538071 0.002857142857142857 0.0038071065989847713
1 0.415 0.4232233502538071 0.004285714285714286 0.0038071065989847713
1 0.4117857142857143 0.41878172588832485 0.0035714285714285713 0.005076142131979695
1 0.41214285714285714 0.4111675126903553 0.002857142857142857 0.0025380710659898475
1 0.41714285714285715 0.41180203045685276 0.002857142857142857 0.0038071065989847713
1 0.41285714285714287 0.4048223350253807 0.002857142857142857 0.005076142131979695
1 0.41714285714285715 0.4048223350253807 0.004285714285714286 0.005076142131979695
1 0.41464285714285715 0.3927664974619289 0.002142857142857143 0.0038071065989847713
1 0.4142857142857143 0.39847715736040606 0.002857142857142857 0.005076142131979695
1 0.4175 0.39847715736040606 0.0035714285714285713 0.005076142131979695
1 0.415 0.38642131979695427 0.002857142857142857 0.0038071065989847713
1 0.42428571428571427 0.3648477157360406 0.002857142857142857 0.0038071065989847713
1 0.41678571428571426 0.38197969543147203 0.0035714285714285713 0.005076142131979695
1 0.42214285714285715 0.3743654822335025 0.004285714285714286 0.0076142131979695426
1 0.4203571428571429 0.38832487309644664 0.0035714285714285713 0.005076142131979695
1 0.43392857142857144 0.37182741116751267 0.0035714285714285713 0.005076142131979695
1 0.42892857142857144 0.383248730964467 0.0035714285714285713 0.005076142131979695
1 0.42714285714285716 0.3876903553299492 0.002857142857142857 0.0038071065989847713
1 0.42642857142857143 0.40038071065989844 0.002857142857142857 0.006345177664974619
1 0.43 0.39974619289340096 0.002857142857142857 0.0076142131979695426
1 0.42714285714285716 0.39403553299492383 0.002857142857142857 0.0038071065989847713
1 0.42392857142857143 0.4181472081218274 0.0035714285714285713 0.0038071065989847713
1 0.42428571428571427 0.41180203045685276 0.002857142857142857 0.0038071065989847713
0 0.5303571428571429 0.15862944162436546 0.0035714285714285713 0.017766497461928932
9 0.49642857142857144 0.17576142131979694 0.005714285714285714 0.019035532994923856
0 0.40464285714285714 0.03362944162436548 0.002142857142857143 0.011421319796954314
0 0.4067857142857143 0.03616751269035533 0.002142857142857143 0.011421319796954314
0 0.5128571428571429 0.06408629441624365 0.002857142857142857 0.013959390862944161
0 0.515 0.06408629441624365 0.002857142857142857 0.013959390862944161
0 0.5203571428571429 0.0666243654822335 0.005 0.016497461928934008
0 0.47714285714285715 0.050761421319796954 0.002857142857142857 0.015228426395939085
3 0.4714285714285714 0.039974619289340096 0.02 0.013959390862944161
3 0.5764285714285714 0.1878172588832487 0.012857142857142857 0.032994923857868015
0 0.5446428571428571 0.17956852791878172 0.002142857142857143 0.013959390862944161
0 0.5492857142857143 0.17576142131979694 0.002857142857142857 0.013959390862944161
0 0.5496428571428571 0.17068527918781726 0.002142857142857143 0.013959390862944161
0 0.5539285714285714 0.17322335025380708 0.002142857142857143 0.013959390862944161
4 0.6114285714285714 0.046319796954314714 0.011428571428571429 0.029187817258883246
0 0.6321428571428571 0.08185279187817258 0.002857142857142857 0.011421319796954314
0 0.6353571428571428 0.07804568527918782 0.002142857142857143 0.008883248730964466
0 0.6567857142857143 0.009517766497461928 0.002142857142857143 0.008883248730964466
0 0.6639285714285714 0.027918781725888322 0.0035714285714285713 0.012690355329949238
0 0.6625 0.038705583756345176 0.0035714285714285713 0.013959390862944161
0 0.6521428571428571 0.017766497461928932 0.002857142857142857 0.012690355329949238
0 0.6546428571428572 0.019035532994923856 0.002142857142857143 0.012690355329949238
0 0.63 0.06281725888324872 0.002857142857142857 0.013959390862944161
3 0.6353571428571428 0.005710659898477157 0.009285714285714286 0.011421319796954314
0 0.6489285714285714 0.2569796954314721 0.002142857142857143 0.013959390862944161
0 0.6596428571428572 0.38197969543147203 0.005 0.025380710659898477
3 0.7846428571428572 0.19416243654822332 0.03785714285714286 0.032994923857868015
