4 0.3653571428571429 0.08502538071065989 0.023571428571428573 0.02284263959390863
4 0.36428571428571427 0.10850253807106598 0.024285714285714285 0.021573604060913704
3 0.36178571428571427 0.13261421319796954 0.029285714285714286 0.024111675126903553
3 0.35964285714285715 0.18083756345177662 0.027857142857142858 0.026649746192893398
3 0.36428571428571427 0.20685279187817257 0.02142857142857143 0.025380710659898477
4 0.35214285714285715 0.2531725888324873 0.027142857142857142 0.024111675126903553
3 0.34964285714285714 0.2798223350253807 0.025 0.021573604060913704
3 0.3467857142857143 0.30583756345177665 0.02214285714285714 0.02030456852791878
5 0.26535714285714285 0.4314720812182741 0.03642857142857143 0.09898477157360405
5 0.23535714285714285 0.5761421319796954 0.04357142857142857 0.14213197969543145
3 0.16964285714285715 0.8362944162436547 0.017857142857142856 0.05837563451776649
3 0.21035714285714285 0.7690355329949238 0.020714285714285713 0.06091370558375634
4 0.2292857142857143 0.7874365482233502 0.022857142857142857 0.05964467005076142
4 0.24714285714285714 0.7982233502538071 0.022857142857142857 0.06345177664974619
4 0.28535714285714286 0.631979695431472 0.025 0.055837563451776644
4 0.2925 0.5977157360406091 0.02214285714285714 0.06091370558375634
4 0.2975 0.5469543147208121 0.023571428571428573 0.06091370558375634
4 0.305 0.5076142131979695 0.02 0.053299492385786795
3 0.31285714285714283 0.47335025380710655 0.02 0.055837563451776644
4 0.3196428571428571 0.43210659898477155 0.025 0.06218274111675126
9 0.33535714285714285 0.3756345177664974 0.0064285714285714285 0.03045685279187817
9 0.3296428571428571 0.38642131979695427 0.010714285714285714 0.029187817258883246
3 0.4689285714285714 0.9352791878172588 0.015 0.06598984771573603
3 0.42714285714285716 0.7258883248730964 0.014285714285714285 0.05837563451776649
9 0.5042857142857143 0.58248730964467 0.007142857142857143 0.027918781725888322
1 0.5042857142857143 0.58248730964467 0.007142857142857143 0.017766497461928932
4 0.5353571428571429 0.6180203045685279 0.013571428571428571 0.050761421319796954
4 0.41535714285714287 0.4942893401015228 0.013571428571428571 0.04695431472081218
3 0.4317857142857143 0.5507614213197969 0.015 0.053299492385786795
4 0.8125 0.9524111675126903 0.025 0.06979695431472081
9 0.9103571428571429 0.8121827411167513 0.012142857142857143 0.015228426395939085
9 0.955 0.7480964467005076 0.015714285714285715 0.021573604060913704
0 0.8242857142857143 0.6123096446700507 0.005714285714285714 0.011421319796954314
3 0.76 0.7138324873096447 0.022857142857142857 0.06472081218274112
8 0.7878571428571428 0.8375634517766497 0.03857142857142857 0.10406091370558375
4 0.41 0.008248730964467004 0.01 0.013959390862944161
4 0.4253571428571429 0.14530456852791876 0.012142857142857143 0.04441624365482233
4 0.40464285714285714 0.23350253807106597 0.012142857142857143 0.04060913705583756
3 0.42642857142857143 0.03362944162436548 0.011428571428571429 0.03934010152284264
4 0.48892857142857143 0.22715736040609136 0.012142857142857143 0.053299492385786795
4 0.46964285714285714 0.2569796954314721 0.012142857142857143 0.052030456852791875
4 0.425 0.23730964467005075 0.012857142857142857 0.04314720812182741
3 0.42642857142857143 0.324238578680203 0.012857142857142857 0.04695431472081218
3 0.39785714285714285 0.416243654822335 0.012857142857142857 0.050761421319796954
3 0.43 0.4416243654822335 0.012857142857142857 0.048223350253807105
