4 0.7078571428571429 0.8692893401015228 0.07 0.10913705583756345
3 0.55 0.700507614213198 0.055714285714285716 0.08121827411167512
3 0.48 0.6142131979695431 0.04857142857142857 0.08375634517766496
3 0.42464285714285716 0.5336294416243654 0.047857142857142855 0.07741116751269035
3 0.37285714285714283 0.2772842639593908 0.04285714285714286 0.05964467005076142
3 0.3067857142857143 0.37309644670050757 0.03785714285714286 0.06345177664974619
3 0.29464285714285715 0.16941624365482233 0.02214285714285714 0.04695431472081218
3 0.3246428571428571 0.08058375634517766 0.035 0.03426395939086294
4 0.3821428571428571 0.4758883248730964 0.047142857142857146 0.08375634517766496
0 0.6392857142857142 0.9219543147208121 0.01 0.029187817258883246
0 0.38 0.24555837563451774 0.01 0.029187817258883246
0 0.38392857142857145 0.2309644670050761 0.007857142857142858 0.027918781725888322
0 0.054642857142857146 0.2151015228426396 0.012142857142857143 0.026649746192893398
0 0.10464285714285715 0.3756345177664974 0.012142857142857143 0.03045685279187817
0 0.08785714285714286 0.391497461928934 0.01 0.024111675126903553
0 0.2571428571428571 0.06916243654822335 0.01 0.024111675126903553
0 0.24285714285714285 0.052030456852791875 0.007142857142857143 0.02030456852791878
0 0.30178571428571427 0.04758883248730964 0.0064285714285714285 0.024111675126903553
0 0.3167857142857143 0.05837563451776649 0.007857142857142858 0.017766497461928932
0 0.2042857142857143 0.03236040609137056 0.007142857142857143 0.026649746192893398
0 0.20964285714285713 0.029187817258883246 0.007857142857142858 0.02284263959390863
1 0.21464285714285714 0.640228426395939 0.012142857142857143 0.026649746192893398
0 0.21678571428571428 0.383248730964467 0.007857142857142858 0.032994923857868015
0 0.20714285714285716 0.383248730964467 0.01 0.027918781725888322
3 0.04535714285714286 0.02030456852791878 0.025 0.03045685279187817
8 0.46714285714285714 0.41243654822335024 0.07285714285714286 0.10659898477157359
