3 0.4853571428571429 0.4876190476190476 0.09642857142857143 0.07047619047619047
3 0.37785714285714284 0.4514285714285714 0.08428571428571428 0.06857142857142857
3 0.4075 0.36952380952380953 0.04071428571428572 0.10285714285714286
3 0.34035714285714286 0.3523809523809524 0.04357142857142857 0.08761904761904762
3 0.2714285714285714 0.3219047619047619 0.03857142857142857 0.07238095238095238
3 0.2067857142857143 0.36238095238095236 0.06928571428571428 0.058095238095238096
3 0.135 0.3271428571428571 0.07142857142857142 0.058095238095238096
3 0.06642857142857143 0.3 0.06428571428571428 0.047619047619047616
3 0.6021428571428571 0.5338095238095238 0.09714285714285714 0.08095238095238096
3 0.5167857142857143 0.4147619047619048 0.047857142857142855 0.09238095238095238
3 0.6 0.44904761904761903 0.05 0.10952380952380952
3 0.71 0.5919047619047619 0.11428571428571428 0.08857142857142856
3 0.7146428571428571 0.4990476190476191 0.095 0.08952380952380952
3 0.6796428571428571 0.4595238095238095 0.09214285714285714 0.07523809523809524
3 0.8789285714285714 0.539047619047619 0.10214285714285715 0.08
3 0.8953571428571429 0.3547619047619048 0.047857142857142855 0.09047619047619047
3 0.8096428571428571 0.32904761904761903 0.047857142857142855 0.08095238095238096
3 0.6346428571428572 0.27476190476190476 0.04214285714285714 0.06761904761904762
3 0.5321428571428571 0.24 0.06571428571428571 0.05523809523809524
3 0.5417857142857143 0.20761904761904762 0.07214285714285715 0.05142857142857143
3 0.23785714285714285 0.17238095238095238 0.054285714285714284 0.05142857142857143
3 0.20964285714285713 0.16714285714285715 0.045 0.04285714285714286
3 0.05964285714285714 0.11666666666666667 0.052142857142857144 0.04476190476190476
3 0.037142857142857144 0.10476190476190476 0.05 0.049523809523809526
3 0.17214285714285715 0.2719047619047619 0.06571428571428571 0.06
3 0.14035714285714285 0.25 0.05071428571428571 0.06380952380952382
3 0.10535714285714286 0.25666666666666665 0.056428571428571425 0.058095238095238096
3 0.06 0.23476190476190475 0.054285714285714284 0.05238095238095238
3 0.03214285714285714 0.22238095238095237 0.06 0.05238095238095238
4 0.2842857142857143 0.4066666666666667 0.07285714285714286 0.06095238095238095
4 0.6025 0.2542857142857143 0.04214285714285714 0.06857142857142857
4 0.09178571428571429 0.23238095238095238 0.05785714285714286 0.047619047619047616
3 0.12642857142857142 0.12238095238095238 0.05285714285714286 0.04476190476190476
3 0.5125 0.26666666666666666 0.075 0.05523809523809524
3 0.8092857142857143 0.5090476190476191 0.09285714285714286 0.08857142857142856
3 0.865 0.6466666666666666 0.14142857142857143 0.10095238095238095
3 0.4664285714285714 0.38476190476190475 0.047142857142857146 0.08761904761904762
3 0.21464285714285714 0.2976190476190476 0.045 0.06952380952380953
3 0.017857142857142856 0.2723809523809524 0.037142857142857144 0.05523809523809524
3 0.9614285714285714 0.5895238095238096 0.07571428571428572 0.08190476190476191
3 0.9878571428571429 0.37952380952380954 0.022857142857142857 0.08476190476190476
1 0.9517857142857142 0.7295238095238096 0.029285714285714286 0.05333333333333333
3 0.02214285714285714 0.9142857142857143 0.04428571428571428 0.11428571428571428
3 0.08142857142857143 0.9742857142857143 0.11 0.049523809523809526
0 0.695 0.40904761904761905 0.012857142857142857 0.04285714285714286
0 0.265 0.14 0.011428571428571429 0.03428571428571429
9 0.18964285714285714 0.11761904761904762 0.017857142857142856 0.023809523809523808
9 0.3242857142857143 0.1738095238095238 0.017142857142857144 0.025714285714285714
2 0.2425 0.13142857142857142 0.016428571428571428 0.022857142857142857
2 0.29428571428571426 0.14523809523809525 0.01 0.023809523809523808
2 0.28535714285714286 0.1419047619047619 0.009285714285714286 0.024761904761904763
2 0.3442857142857143 0.15666666666666668 0.015714285714285715 0.02761904761904762
2 0.3267857142857143 0.1538095238095238 0.017857142857142856 0.02761904761904762
9 0.305 0.14238095238095239 0.014285714285714285 0.021904761904761906
4 0.2725 0.24761904761904763 0.05071428571428571 0.049523809523809526
3 0.019285714285714285 0.10714285714285714 0.03857142857142857 0.037142857142857144
