8 0.0575 0.6713197969543147 0.115 0.19289340101522842
8 0.25285714285714284 0.5304568527918782 0.13714285714285715 0.1446700507614213
8 0.425 0.41243654822335024 0.10571428571428572 0.11421319796954314
8 0.5646428571428571 0.34010152284263956 0.125 0.1446700507614213
8 0.6417857142857143 0.25253807106598986 0.09928571428571428 0.10913705583756345
8 0.7817857142857143 0.17195431472081216 0.06785714285714285 0.08756345177664974
3 0.5475 0.4378172588832487 0.055 0.06091370558375634
0 0.6517857142857143 0.5222081218274112 0.010714285714285714 0.03680203045685279
0 0.31535714285714284 0.6478426395939085 0.009285714285714286 0.049492385786802026
1 0.31214285714285717 0.6389593908629441 0.007142857142857143 0.03934010152284264
4 0.7503571428571428 0.2626903553299492 0.03642857142857143 0.048223350253807105
3 0.7364285714285714 0.21890862944162434 0.03142857142857143 0.03426395939086294
3 0.7021428571428572 0.23540609137055835 0.032857142857142856 0.03680203045685279
0 0.4853571428571429 0.2715736040609137 0.0064285714285714285 0.035532994923857864
0 0.4878571428571429 0.35406091370558374 0.008571428571428572 0.03807106598984771
0 0.44285714285714284 0.35532994923857864 0.008571428571428572 0.032994923857868015
0 0.4303571428571429 0.3705583756345177 0.0064285714285714285 0.032994923857868015
0 0.4275 0.36040609137055835 0.007857142857142858 0.032994923857868015
0 0.29714285714285715 0.4359137055837563 0.007142857142857143 0.03680203045685279
0 0.30464285714285716 0.43401015228426393 0.007857142857142858 0.03807106598984771
0 0.09964285714285714 0.04695431472081218 0.005 0.02284263959390863
0 0.12928571428571428 0.10723350253807105 0.005714285714285714 0.021573604060913704
0 0.16035714285714286 0.18718274111675126 0.005 0.019035532994923856
4 0.12678571428571428 0.258248730964467 0.020714285714285713 0.04695431472081218
3 0.12214285714285714 0.30076142131979694 0.022857142857142857 0.048223350253807105
3 0.10892857142857143 0.141497461928934 0.027857142857142858 0.03426395939086294
4 0.125 0.16624365482233502 0.02 0.04568527918781726
4 0.13142857142857142 0.20304568527918782 0.018571428571428572 0.050761421319796954
5 0.06285714285714286 0.06091370558375634 0.024285714285714285 0.04314720812182741
5 0.047142857142857146 0.02982233502538071 0.027142857142857142 0.03680203045685279
3 0.08392857142857142 0.08502538071065989 0.03642857142857143 0.027918781725888322
