8 0.44392857142857145 0.25380710659898476 0.04214285714285714 0.1751269035532995
3 0.465 0.42703045685279184 0.02 0.06472081218274112
3 0.48714285714285716 0.8032994923857867 0.03 0.11675126903553298
3 0.5164285714285715 0.06598984771573603 0.037142857142857144 0.04060913705583756
3 0.685 0.1916243654822335 0.05142857142857143 0.04568527918781726
3 0.4514285714285714 0.03743654822335025 0.03 0.03934010152284264
3 0.5442857142857143 0.13705583756345177 0.04285714285714286 0.04568527918781726
3 0.47464285714285714 0.581218274111675 0.025 0.08121827411167512
3 0.6 0.32677664974619286 0.02 0.06218274111675126
0 0.14964285714285713 0.141497461928934 0.005 0.016497461928934008
0 0.15535714285714286 0.1548223350253807 0.0035714285714285713 0.012690355329949238
0 0.16428571428571428 0.16624365482233502 0.004285714285714286 0.012690355329949238
0 0.1667857142857143 0.15989847715736039 0.005 0.02284263959390863
0 0.16785714285714284 0.1351522842639594 0.005714285714285714 0.019035532994923856
0 0.2792857142857143 0.038705583756345176 0.002857142857142857 0.013959390862944161
0 0.3525 0.10088832487309644 0.007857142857142858 0.021573604060913704
1 0.29178571428571426 0.5964467005076142 0.007857142857142858 0.01015228426395939
1 0.2925 0.5983502538071066 0.010714285714285714 0.011421319796954314
1 0.29428571428571426 0.6085025380710659 0.011428571428571429 0.008883248730964466
1 0.2953571428571429 0.6142131979695431 0.005 0.015228426395939085
1 0.30214285714285716 0.5977157360406091 0.005714285714285714 0.012690355329949238
1 0.27 0.6510152284263959 0.01 0.017766497461928932
1 0.2689285714285714 0.6694162436548223 0.0064285714285714285 0.013959390862944161
1 0.08892857142857143 0.8534263959390862 0.007857142857142858 0.011421319796954314
1 0.11642857142857142 0.8451776649746192 0.005714285714285714 0.015228426395939085
1 0.10714285714285714 0.8534263959390862 0.007142857142857143 0.016497461928934008
1 0.004642857142857143 0.8705583756345177 0.009285714285714286 0.027918781725888322
0 0.4 0.8553299492385786 0.01 0.032994923857868015
0 0.4114285714285714 0.8585025380710659 0.011428571428571429 0.029187817258883246
0 0.4471428571428571 0.9219543147208121 0.007142857142857143 0.029187817258883246
0 0.415 0.24555837563451774 0.002857142857142857 0.024111675126903553
0 0.41035714285714286 0.24555837563451774 0.005 0.021573604060913704
8 0.43285714285714283 0.08248730964467005 0.022857142857142857 0.11928934010152284
0 0.3846428571428571 0.050761421319796954 0.005 0.025380710659898477
0 0.35285714285714287 0.14784263959390861 0.007142857142857143 0.021573604060913704
0 0.35892857142857143 0.1465736040609137 0.005 0.024111675126903553
0 0.3675 0.15862944162436546 0.0064285714285714285 0.02030456852791878
0 0.36964285714285716 0.141497461928934 0.005 0.016497461928934008
0 0.3625 0.1465736040609137 0.005 0.019035532994923856
0 0.5142857142857142 0.010786802030456852 0.002857142857142857 0.013959390862944161
0 0.5189285714285714 0.008883248730964466 0.0035714285714285713 0.017766497461928932
0 0.6971428571428572 0.09010152284263959 0.004285714285714286 0.02284263959390863
0 0.7167857142857142 0.06916243654822335 0.005 0.021573604060913704
3 0.6421428571428571 0.14403553299492386 0.02 0.052030456852791875
0 0.7139285714285715 0.473984771573604 0.0064285714285714285 0.024111675126903553
0 0.7121428571428572 0.46002538071065985 0.004285714285714286 0.024111675126903553
0 0.7189285714285715 0.46510152284263956 0.005 0.024111675126903553
0 0.7296428571428571 0.5057106598984771 0.007857142857142858 0.029187817258883246
0 0.7821428571428571 0.6611675126903552 0.01 0.032994923857868015
1 0.7496428571428572 0.40609137055837563 0.007857142857142858 0.012690355329949238
1 0.7378571428571429 0.3838832487309644 0.004285714285714286 0.013959390862944161
1 0.7346428571428572 0.3965736040609137 0.005 0.011421319796954314
1 0.74 0.4022842639593908 0.007142857142857143 0.01015228426395939
1 0.7521428571428571 0.3902284263959391 0.005714285714285714 0.006345177664974619
1 0.7453571428571428 0.3845177664974619 0.005 0.012690355329949238
1 0.7421428571428571 0.39530456852791873 0.007142857142857143 0.019035532994923856
3 0.7039285714285715 0.2506345177664974 0.05357142857142857 0.052030456852791875
1 0.9442857142857143 0.506979695431472 0.008571428571428572 0.016497461928934008
1 0.975 0.5190355329949238 0.007142857142857143 0.015228426395939085
1 0.9892857142857143 0.5076142131979695 0.005714285714285714 0.015228426395939085
1 0.9892857142857143 0.5285532994923857 0.007142857142857143 0.013959390862944161
1 0.98 0.5298223350253807 0.005714285714285714 0.011421319796954314
1 0.9821428571428571 0.516497461928934 0.005714285714285714 0.02030456852791878
0 0.9692857142857143 0.49175126903553296 0.007142857142857143 0.021573604060913704
0 0.8067857142857143 0.7100253807106598 0.007857142857142858 0.024111675126903553
0 0.8442857142857143 0.899746192893401 0.01 0.02030456852791878
0 0.8525 0.898477157360406 0.0064285714285714285 0.027918781725888322
0 0.8603571428571428 0.8756345177664974 0.010714285714285714 0.03045685279187817
0 0.8228571428571428 0.8102791878172588 0.008571428571428572 0.024111675126903553
0 0.8203571428571429 0.833756345177665 0.0064285714285714285 0.02284263959390863
0 0.8271428571428572 0.8280456852791878 0.007142857142857143 0.024111675126903553
0 0.8053571428571429 0.8058375634517766 0.007857142857142858 0.02284263959390863
0 0.8075 0.8140862944162436 0.005 0.016497461928934008
0 0.8096428571428571 0.822969543147208 0.007857142857142858 0.024111675126903553
0 0.7971428571428572 0.8217005076142131 0.01 0.029187817258883246
0 0.8096428571428571 0.8458121827411167 0.007857142857142858 0.029187817258883246
0 0.8178571428571428 0.8534263959390862 0.007142857142857143 0.021573604060913704
0 0.7989285714285714 0.7138324873096447 0.007857142857142858 0.026649746192893398
0 0.8078571428571428 0.8642131979695431 0.008571428571428572 0.027918781725888322
0 0.8467857142857143 0.8781725888324873 0.015 0.02030456852791878
3 0.9742857142857143 0.8559644670050761 0.05 0.0748730964467005
3 0.9653571428571428 0.7601522842639593 0.06785714285714285 0.06852791878172589
