3 0.19464285714285715 0.09200507614213198 0.02214285714285714 0.031725888324873094
3 0.21964285714285714 0.09073604060913705 0.02214285714285714 0.03680203045685279
3 0.3025 0.05837563451776649 0.015 0.03807106598984771
3 0.31392857142857145 0.014593908629441623 0.013571428571428571 0.029187817258883246
4 0.3296428571428571 0.015228426395939085 0.015 0.03045685279187817
3 0.2542857142857143 0.5139593908629442 0.014285714285714285 0.050761421319796954
3 0.3389285714285714 0.6846446700507614 0.029285714285714286 0.021573604060913704
3 0.3914285714285714 0.574238578680203 0.022857142857142857 0.03680203045685279
3 0.4325 0.3978426395939086 0.025 0.04187817258883248
3 0.5367857142857143 0.18210659898477155 0.010714285714285714 0.04441624365482233
8 0.5528571428571428 0.46700507614213194 0.04285714285714286 0.07614213197969542
4 0.72 0.8305837563451776 0.02857142857142857 0.049492385786802026
8 0.8146428571428571 0.8350253807106598 0.05785714285714286 0.08375634517766496
3 0.8246428571428571 0.9835025380710659 0.025 0.03045685279187817
4 0.29928571428571427 0.6002538071065989 0.02857142857142857 0.03807106598984771
