3 0.898 0.9683333333333333 0.082 0.062
3 0.90475 0.8406666666666667 0.051500000000000004 0.06666666666666667
3 0.8160000000000001 0.7876666666666666 0.068 0.057999999999999996
3 0.6885 0.8166666666666667 0.063 0.06
3 0.73625 0.7396666666666667 0.059500000000000004 0.05533333333333333
3 0.661 0.6926666666666667 0.055 0.04666666666666666
3 0.625 0.7706666666666666 0.053 0.06266666666666666
3 0.56525 0.7336666666666667 0.0545 0.05533333333333333
3 0.627 0.6026666666666667 0.031 0.034666666666666665
3 0.70325 0.5633333333333334 0.0465 0.032
3 0.50025 0.602 0.0415 0.032
3 0.465 0.6646666666666666 0.044 0.04133333333333333
3 0.6032500000000001 0.533 0.0345 0.03
3 0.6145 0.5176666666666666 0.036000000000000004 0.02733333333333333
3 0.6815 0.5316666666666666 0.025 0.026
3 0.70225 0.4726666666666666 0.0235 0.026666666666666665
3 0.69275 0.44666666666666666 0.0305 0.025333333333333333
3 0.712 0.43266666666666664 0.033 0.022666666666666665
3 0.7222500000000001 0.42566666666666664 0.0325 0.02333333333333333
3 0.73 0.42 0.028 0.02
3 0.74225 0.41566666666666663 0.0245 0.020666666666666667
3 0.75275 0.4116666666666666 0.0275 0.019333333333333334
3 0.4605 0.5756666666666667 0.038 0.03133333333333333
3 0.41550000000000004 0.5516666666666666 0.034 0.028666666666666667
3 0.361 0.5886666666666667 0.038 0.03333333333333333
3 0.327 0.5636666666666666 0.036000000000000004 0.028666666666666667
3 0.295 0.5386666666666666 0.026000000000000002 0.034666666666666665
3 0.31475000000000003 0.49266666666666664 0.0265 0.021333333333333333
3 0.292 0.47866666666666663 0.025 0.021333333333333333
3 0.3815 0.5316666666666666 0.032 0.02733333333333333
3 0.29175 0.43666666666666665 0.029500000000000002 0.018666666666666665
3 0.256 0.44166666666666665 0.015 0.020666666666666667
0 0.26825 0.46066666666666667 0.0055 0.014666666666666666
0 0.35100000000000003 0.5086666666666666 0.006 0.014666666666666666
3 0.26675 0.52 0.0165 0.024
1 0.43175 0.6006666666666667 0.0085 0.021333333333333333
9 0.4325 0.6056666666666667 0.012 0.016666666666666666
3 0.98275 0.89 0.0335 0.048
3 0.79725 0.38966666666666666 0.0265 0.019333333333333334
3 0.8180000000000001 0.37466666666666665 0.022 0.013333333333333332
5 0.7475 0.45366666666666666 0.033 0.03933333333333333
5 0.76125 0.4766666666666666 0.0175 0.022666666666666665
0 0.66225 0.5186666666666666 0.0055 0.017333333333333333
0 0.67625 0.5176666666666666 0.0045000000000000005 0.012666666666666666
9 0.77575 0.5693333333333334 0.006500000000000001 0.02
9 0.717 0.5376666666666666 0.013000000000000001 0.015333333333333332
9 0.70425 0.5316666666666666 0.0105 0.015333333333333332
9 0.71975 0.5166666666666666 0.0105 0.016
9 0.7272500000000001 0.519 0.0095 0.014
2 0.7325 0.5206666666666666 0.009000000000000001 0.014666666666666666
2 0.737 0.5256666666666666 0.007 0.015333333333333332
2 0.74075 0.5286666666666666 0.006500000000000001 0.013333333333333332
2 0.7495 0.5306666666666666 0.007 0.017333333333333333
2 0.75675 0.5336666666666666 0.0055 0.016666666666666666
2 0.76125 0.5346666666666666 0.0055 0.014666666666666666
2 0.76925 0.5386666666666666 0.0105 0.014666666666666666
2 0.72875 0.5416666666666666 0.0085 0.011333333333333332
3 0.3175 0.246 0.017 0.012
3 0.3365 0.24566666666666667 0.013000000000000001 0.007333333333333333
3 0.36925 0.25966666666666666 0.0105 0.01
3 0.35125 0.25266666666666665 0.006500000000000001 0.010666666666666666
3 0.354 0.26366666666666666 0.01 0.007333333333333333
3 0.30225 0.26266666666666666 0.0105 0.009333333333333332
3 0.30825 0.37666666666666665 0.0185 0.014666666666666666
3 0.322 0.37166666666666665 0.014 0.014
3 0.35625 0.35866666666666663 0.0185 0.012
3 0.3685 0.35466666666666663 0.014 0.013333333333333332
3 0.33025 0.3396666666666667 0.0165 0.012666666666666666
3 0.57075 0.29166666666666663 0.0175 0.01
3 0.5765 0.2896666666666667 0.016 0.008666666666666666
3 0.585 0.2876666666666667 0.017 0.008666666666666666
3 0.589 0.2836666666666667 0.016 0.008666666666666666
3 0.58325 0.27566666666666667 0.0135 0.008666666666666666
3 0.57575 0.27366666666666667 0.0145 0.01
7 0.61425 0.31066666666666665 0.0125 0.012
7 0.6072500000000001 0.30166666666666664 0.0075 0.011333333333333332
0 0.75725 0.33066666666666666 0.0055 0.013333333333333332
3 0.79025 0.25966666666666666 0.0135 0.012666666666666666
9 0.33975 0.8196666666666667 0.021500000000000002 0.012666666666666666
9 0.38975 0.773 0.0185 0.022
2 0.35525 0.7976666666666666 0.0175 0.020666666666666667
2 0.391 0.7576666666666666 0.017 0.016666666666666666
2 0.4 0.7466666666666666 0.015 0.02
2 0.4215 0.7246666666666667 0.016 0.017333333333333333
2 0.432 0.714 0.019 0.016
