3 0.3329853862212943 0.37430426716141 0.030271398747390394 0.02504638218923933
3 0.3384655532359081 0.36317254174397035 0.03183716075156576 0.021335807050092765
3 0.5968162839248433 0.599721706864564 0.019311064718162838 0.05287569573283859
3 0.6187369519832985 0.6294063079777366 0.019311064718162838 0.05658627087198516
3 0.6492693110647181 0.6205936920222634 0.019832985386221292 0.055658627087198514
4 0.6203027139874738 0.5487012987012987 0.01826722338204593 0.05658627087198516
3 0.5949895615866387 0.550556586270872 0.016701461377870562 0.041743970315398886
3 0.5712421711899791 0.5292207792207793 0.016179540709812108 0.04730983302411874
3 0.5999478079331941 0.49814471243042674 0.015135699373695197 0.04081632653061225
3 0.647964509394572 0.524582560296846 0.017223382045929016 0.043599257884972174
5 0.6231732776617953 0.48747680890538037 0.015657620041753653 0.05473098330241188
3 0.6007306889352818 0.45454545454545453 0.014613778705636741 0.03339517625231911
3 0.6017745302713987 0.41233766233766234 0.015657620041753653 0.036178107606679034
3 0.62160751565762 0.41233766233766234 0.012526096033402922 0.03432282003710575
3 0.6022964509394572 0.3761595547309833 0.011482254697286011 0.030612244897959183
3 0.6236951983298538 0.37059369202226344 0.013569937369519832 0.030612244897959183
3 0.6064718162839248 0.34461966604823746 0.012526096033402922 0.03246753246753247
3 0.6458768267223381 0.36038961038961037 0.014091858037578286 0.03246753246753247
3 0.5929018789144049 0.28988868274582563 0.010438413361169102 0.02504638218923933
3 0.6096033402922755 0.30009276437847865 0.010438413361169102 0.02504638218923933
3 0.6260438413361169 0.3075139146567718 0.012004175365344467 0.0287569573283859
3 0.6758872651356993 0.349721706864564 0.014613778705636741 0.027829313543599257
3 0.6231732776617953 0.23330241187384046 0.009394572025052192 0.02319109461966605
8 0.6221294363256784 0.10760667903525047 0.011482254697286011 0.03339517625231911
1 0.4819937369519833 0.7323747680890538 0.007828810020876827 0.0287569573283859
1 0.48173277661795405 0.7230983302411874 0.006263048016701461 0.021335807050092765
1 0.48173277661795405 0.650278293135436 0.005219206680584551 0.02411873840445269
1 0.5007828810020877 0.6280148423005566 0.0057411273486430055 0.025974025974025976
9 0.48173277661795405 0.6572356215213359 0.009394572025052192 0.013914656771799629
9 0.4822546972860125 0.7402597402597403 0.010438413361169102 0.022263450834879406
9 0.4994780793319415 0.6363636363636364 0.009394572025052192 0.016697588126159554
1 0.5644572025052191 0.22217068645640076 0.0036534446764091852 0.010204081632653062
1 0.5832463465553235 0.10714285714285715 0.0026096033402922755 0.00463821892393321
9 0.582724425887265 0.11131725417439703 0.0026096033402922755 0.00927643784786642
9 0.5636743215031315 0.2277365491651206 0.0031315240083507304 0.010204081632653062
3 0.6200417536534446 0.05333951762523191 0.005219206680584551 0.010204081632653062
