3 0.2978571428571429 0.18761904761904763 0.02857142857142857 0.030476190476190476
3 0.3167857142857143 0.024761904761904763 0.052142857142857144 0.03238095238095238
3 0.4017857142857143 0.06666666666666667 0.03785714285714286 0.03238095238095238
3 0.4467857142857143 0.09523809523809523 0.04928571428571429 0.05142857142857143
7 0.5178571428571429 0.30714285714285716 0.02142857142857143 0.029523809523809525
1 0.51 0.29 0.008571428571428572 0.018095238095238095
3 0.7428571428571429 0.37476190476190474 0.07428571428571429 0.07714285714285714
5 0.9289285714285714 0.20714285714285716 0.055 0.08285714285714285
3 0.7975 0.4719047619047619 0.07642857142857143 0.10952380952380952
9 0.5439285714285714 0.5266666666666666 0.019285714285714285 0.04
1 0.5403571428571429 0.5223809523809524 0.010714285714285714 0.02
8 0.4375 0.7819047619047619 0.30785714285714283 0.43238095238095237
4 0.5139285714285714 0.9261904761904762 0.12928571428571428 0.1457142857142857
0 0.31892857142857145 0.8214285714285714 0.019285714285714285 0.029523809523809525
0 0.36892857142857144 0.7595238095238095 0.016428571428571428 0.03333333333333333
0 0.39785714285714285 0.7052380952380952 0.022857142857142857 0.035238095238095235
0 0.325 0.6347619047619047 0.02 0.035238095238095235
0 0.3939285714285714 0.6766666666666666 0.013571428571428571 0.035238095238095235
0 0.3475 0.7519047619047619 0.017857142857142856 0.03142857142857143
0 0.3439285714285714 0.729047619047619 0.017857142857142856 0.023809523809523808
0 0.33 0.7438095238095238 0.01 0.015238095238095238
0 0.33214285714285713 0.7042857142857143 0.014285714285714285 0.03333333333333333
0 0.30392857142857144 0.7242857142857143 0.015 0.02761904761904762
