7 0.8467857142857143 0.7747619047619048 0.04071428571428572 0.05047619047619047
1 0.8446428571428571 0.7547619047619047 0.02214285714285714 0.035238095238095235
4 0.9264285714285714 0.9566666666666667 0.09285714285714286 0.08476190476190476
0 0.6371428571428571 0.59 0.01 0.039047619047619046
2 0.5721428571428572 0.5723809523809524 0.017142857142857144 0.026666666666666665
1 0.5728571428571428 0.5595238095238095 0.011428571428571429 0.02761904761904762
0 0.08178571428571428 0.3519047619047619 0.012142857142857143 0.02761904761904762
0 0.04428571428571428 0.3523809523809524 0.015714285714285715 0.026666666666666665
0 0.065 0.36142857142857143 0.011428571428571429 0.025714285714285714
1 0.03535714285714286 0.4247619047619048 0.012142857142857143 0.022857142857142857
2 0.18785714285714286 0.3619047619047619 0.015714285714285715 0.017142857142857144
2 0.23892857142857143 0.3742857142857143 0.015 0.017142857142857144
9 0.215 0.37 0.014285714285714285 0.02
1 0.47714285714285715 0.4676190476190476 0.014285714285714285 0.024761904761904763
2 0.4228571428571429 0.5514285714285714 0.022857142857142857 0.02095238095238095
1 0.4225 0.5366666666666666 0.015 0.02761904761904762
1 0.5853571428571429 0.42904761904761907 0.009285714285714286 0.02
2 0.6225 0.47714285714285715 0.013571428571428571 0.01904761904761905
9 0.7117857142857142 0.5071428571428571 0.017857142857142856 0.021904761904761906
9 0.7242857142857143 0.4452380952380952 0.012857142857142857 0.021904761904761906
2 0.6675 0.42428571428571427 0.015 0.02
1 0.6678571428571428 0.4166666666666667 0.01 0.023809523809523808
1 0.7242857142857143 0.43666666666666665 0.008571428571428572 0.02761904761904762
1 0.7125 0.49952380952380954 0.010714285714285714 0.02761904761904762
1 0.625 0.4666666666666667 0.01 0.030476190476190476
1 0.7189285714285715 0.49714285714285716 0.009285714285714286 0.02857142857142857
1 0.5921428571428572 0.37523809523809526 0.007142857142857143 0.017142857142857144
0 0.6325 0.37142857142857144 0.0064285714285714285 0.024761904761904763
0 0.6417857142857143 0.3676190476190476 0.0064285714285714285 0.024761904761904763
0 0.6721428571428572 0.3395238095238095 0.007142857142857143 0.021904761904761906
0 0.7289285714285715 0.36428571428571427 0.007857142857142858 0.02761904761904762
0 0.7328571428571429 0.34714285714285714 0.007142857142857143 0.021904761904761906
9 0.6292857142857143 0.3419047619047619 0.017142857142857144 0.01904761904761905
2 0.6446428571428572 0.3423809523809524 0.015 0.012380952380952381
4 0.7078571428571429 0.3466666666666667 0.041428571428571426 0.047619047619047616
5 0.7692857142857142 0.33666666666666667 0.045714285714285714 0.06952380952380953
3 0.8189285714285715 0.30714285714285716 0.023571428571428573 0.029523809523809525
3 0.7364285714285714 0.31523809523809526 0.03 0.03619047619047619
3 0.7589285714285714 0.30428571428571427 0.023571428571428573 0.02761904761904762
3 0.7553571428571428 0.28476190476190477 0.03642857142857143 0.022857142857142857
4 0.7221428571428572 0.2842857142857143 0.032857142857142856 0.04476190476190476
3 0.7971428571428572 0.27714285714285714 0.027142857142857142 0.030476190476190476
3 0.785 0.2619047619047619 0.018571428571428572 0.022857142857142857
3 0.7953571428571429 0.24714285714285714 0.017857142857142856 0.021904761904761906
3 0.6928571428571428 0.25952380952380955 0.02142857142857143 0.018095238095238095
3 0.91 0.2742857142857143 0.047142857142857146 0.022857142857142857
0 0.955 0.25952380952380955 0.007142857142857143 0.018095238095238095
0 0.9421428571428572 0.3047619047619048 0.01 0.02095238095238095
0 0.8989285714285714 0.29 0.009285714285714286 0.02
3 0.9121428571428571 0.25142857142857145 0.04 0.02095238095238095
3 0.9142857142857143 0.24714285714285714 0.03857142857142857 0.018095238095238095
3 0.9196428571428571 0.2419047619047619 0.03785714285714286 0.015238095238095238
3 0.92 0.23714285714285716 0.032857142857142856 0.015238095238095238
3 0.9225 0.2319047619047619 0.03214285714285714 0.01619047619047619
3 0.9225 0.22428571428571428 0.03642857142857143 0.012380952380952381
3 0.9228571428571428 0.21666666666666667 0.037142857142857144 0.012380952380952381
3 0.9246428571428571 0.20714285714285716 0.03214285714285714 0.012380952380952381
3 0.92 0.20476190476190476 0.03571428571428571 0.015238095238095238
3 0.8214285714285714 0.1823809523809524 0.027142857142857142 0.012380952380952381
3 0.8275 0.17904761904761904 0.025 0.013333333333333332
3 0.8303571428571429 0.16952380952380952 0.023571428571428573 0.009523809523809525
3 0.8364285714285714 0.16714285714285715 0.022857142857142857 0.012380952380952381
0 0.9003571428571429 0.18904761904761905 0.0064285714285714285 0.014285714285714285
0 0.9014285714285715 0.2 0.002857142857142857 0.011428571428571429
1 0.8828571428571429 0.21666666666666667 0.005714285714285714 0.010476190476190476
2 0.8825 0.2219047619047619 0.005 0.011428571428571429
3 0.8767857142857143 0.1538095238095238 0.009285714285714286 0.010476190476190476
3 0.8842857142857142 0.14761904761904762 0.008571428571428572 0.013333333333333332
3 0.8871428571428571 0.14142857142857143 0.007142857142857143 0.008571428571428572
0 0.8792857142857143 0.13714285714285715 0.002857142857142857 0.007619047619047619
0 0.8853571428571428 0.13238095238095238 0.002142857142857143 0.007619047619047619
3 0.8903571428571428 0.11952380952380952 0.007857142857142858 0.012380952380952381
4 0.92 0.10380952380952381 0.005714285714285714 0.009523809523809525
5 0.9296428571428571 0.10428571428571429 0.007857142857142858 0.012380952380952381
