0 0.37212943632567846 0.9448051948051949 0.0073068893528183704 0.01948051948051948
0 0.3747390396659707 0.9369202226345084 0.005219206680584551 0.016697588126159554
9 0.37160751565762 0.9619666048237477 0.0073068893528183704 0.02411873840445269
1 0.4806889352818371 0.7597402597402597 0.006263048016701461 0.016697588126159554
1 0.4131002087682672 0.7987012987012987 0.007828810020876827 0.02411873840445269
9 0.4138830897703549 0.8051948051948052 0.009394572025052192 0.03153988868274583
9 0.4796450939457202 0.775974025974026 0.009394572025052192 0.026901669758812616
3 0.5662839248434237 0.14795918367346939 0.010438413361169102 0.0176252319109462
3 0.549321503131524 0.13126159554730985 0.006784968684759916 0.015769944341372914
3 0.41153444676409184 0.08951762523191095 0.007828810020876827 0.012059369202226345
3 0.41753653444676403 0.07884972170686456 0.0073068893528183704 0.011131725417439703
3 0.4042275574112734 0.03293135435992579 0.006784968684759916 0.008348794063079777
3 0.42118997912317324 0.03432282003710575 0.008350730688935281 0.011131725417439703
3 0.4245824634655532 0.05333951762523191 0.008872651356993735 0.008348794063079777
