0 0.94 0.92 0.03 0.10285714285714286
0 0.9746428571428571 0.6838095238095238 0.017857142857142856 0.05333333333333333
3 0.8678571428571429 0.6971428571428572 0.11 0.049523809523809526
3 0.855 0.6723809523809524 0.09 0.03238095238095238
3 0.8296428571428571 0.6552380952380953 0.075 0.03238095238095238
3 0.7646428571428572 0.6342857142857142 0.06785714285714285 0.03619047619047619
3 0.5664285714285714 0.5923809523809523 0.02142857142857143 0.026666666666666665
3 0.34 0.5842857142857143 0.037142857142857144 0.025714285714285714
8 0.41714285714285715 0.5514285714285714 0.047142857142857146 0.03238095238095238
3 0.49 0.5442857142857143 0.015714285714285715 0.014285714285714285
3 0.5971428571428572 0.5347619047619048 0.01 0.010476190476190476
3 0.15964285714285714 0.6147619047619047 0.062142857142857146 0.039047619047619046
3 0.28285714285714286 0.5447619047619048 0.027142857142857142 0.011428571428571429
3 0.2978571428571429 0.5447619047619048 0.02142857142857143 0.013333333333333332
0 0.05035714285714286 0.5895238095238096 0.012142857142857143 0.024761904761904763
3 0.14285714285714285 0.7547619047619047 0.12 0.06761904761904762
3 0.6164285714285714 0.5347619047619048 0.01 0.012380952380952381
