4 0.19642857142857142 0.5945431472081217 0.03428571428571429 0.0748730964467005
3 0.17214285714285715 0.40609137055837563 0.022857142857142857 0.03045685279187817
4 0.18428571428571427 0.3147208121827411 0.018571428571428572 0.03045685279187817
4 0.215 0.29441624365482233 0.017142857142857144 0.027918781725888322
4 0.22392857142857142 0.2277918781725888 0.016428571428571428 0.031725888324873094
4 0.2596428571428571 0.258248730964467 0.015 0.026649746192893398
4 0.2817857142857143 0.1782994923857868 0.009285714285714286 0.016497461928934008
4 0.29964285714285716 0.1611675126903553 0.007857142857142858 0.02030456852791878
5 0.2767857142857143 0.258248730964467 0.017857142857142856 0.052030456852791875
5 0.20464285714285715 0.22208121827411165 0.02214285714285714 0.04060913705583756
5 0.29464285714285715 0.2709390862944162 0.017857142857142856 0.03680203045685279
3 0.23214285714285715 0.18083756345177662 0.01 0.013959390862944161
3 0.2739285714285714 0.20875634517766495 0.010714285714285714 0.019035532994923856
3 0.28714285714285714 0.16370558375634517 0.007142857142857143 0.012690355329949238
3 0.24714285714285714 0.15291878172588833 0.007142857142857143 0.011421319796954314
3 0.3171428571428571 0.14530456852791876 0.007142857142857143 0.013959390862944161
3 0.2925 0.141497461928934 0.0064285714285714285 0.013959390862944161
3 0.30785714285714283 0.1281725888324873 0.007142857142857143 0.01015228426395939
3 0.30142857142857143 0.11928934010152284 0.005714285714285714 0.01015228426395939
3 0.2571428571428571 0.13578680203045684 0.007142857142857143 0.012690355329949238
3 0.2621428571428571 0.12436548223350252 0.007142857142857143 0.01015228426395939
3 0.3117857142857143 0.11230964467005075 0.005 0.011421319796954314
3 0.3225 0.10596446700507614 0.005 0.011421319796954314
3 0.3242857142857143 0.09010152284263959 0.005714285714285714 0.0076142131979695426
5 0.27214285714285713 0.09835025380710659 0.01 0.019035532994923856
5 0.28285714285714286 0.09644670050761421 0.008571428571428572 0.015228426395939085
5 0.28714285714285714 0.08502538071065989 0.01 0.02030456852791878
5 0.30464285714285716 0.09835025380710659 0.007857142857142858 0.016497461928934008
3 0.3192857142857143 0.07931472081218273 0.004285714285714286 0.008883248730964466
3 0.3075 0.08883248730964466 0.005 0.0076142131979695426
3 0.29928571428571427 0.07994923857868019 0.005714285714285714 0.01015228426395939
3 0.31464285714285717 0.06408629441624365 0.005 0.008883248730964466
5 0.29642857142857143 0.05456852791878172 0.005714285714285714 0.015228426395939085
5 0.3025 0.05456852791878172 0.005 0.012690355329949238
3 0.2978571428571429 0.06789340101522842 0.004285714285714286 0.008883248730964466
3 0.2892857142857143 0.06789340101522842 0.002857142857142857 0.006345177664974619
5 0.29392857142857143 0.07296954314720812 0.0064285714285714285 0.013959390862944161
3 0.3025 0.07423857868020305 0.005 0.008883248730964466
3 0.30714285714285716 0.06027918781725888 0.004285714285714286 0.008883248730964466
8 0.5642857142857143 0.8845177664974618 0.04285714285714286 0.13959390862944163
3 0.7921428571428571 0.9359137055837563 0.06 0.06979695431472081
3 0.6521428571428571 0.7347715736040609 0.027142857142857142 0.06091370558375634
3 0.635 0.6890862944162436 0.025714285714285714 0.053299492385786795
3 0.6225 0.6453045685279187 0.04214285714285714 0.03934010152284264
3 0.6021428571428571 0.6135786802030456 0.022857142857142857 0.04695431472081218
3 0.5739285714285715 0.5939086294416244 0.02642857142857143 0.04568527918781726
3 0.5878571428571429 0.5831218274111675 0.02142857142857143 0.04441624365482233
5 0.5025 0.5241116751269035 0.03214285714285714 0.06598984771573603
3 0.5425 0.49365482233502533 0.017857142857142856 0.035532994923857864
3 0.5325 0.4708121827411167 0.016428571428571428 0.035532994923857864
3 0.5228571428571429 0.4543147208121827 0.017142857142857144 0.03045685279187817
3 0.5142857142857142 0.43401015228426393 0.017142857142857144 0.032994923857868015
3 0.4392857142857143 0.3635786802030457 0.012857142857142857 0.021573604060913704
4 0.48714285714285716 0.3781725888324873 0.015714285714285715 0.03045685279187817
3 0.47785714285714287 0.3642131979695431 0.011428571428571429 0.02030456852791878
3 0.46964285714285714 0.350253807106599 0.015 0.02284263959390863
3 0.4675 0.3362944162436548 0.010714285714285714 0.02284263959390863
5 0.4253571428571429 0.3210659898477157 0.016428571428571428 0.035532994923857864
8 0.3964285714285714 0.2506345177664974 0.014285714285714285 0.031725888324873094
5 0.37714285714285717 0.20431472081218272 0.012857142857142857 0.032994923857868015
5 0.3892857142857143 0.20621827411167512 0.012857142857142857 0.026649746192893398
3 0.3821428571428571 0.25444162436548223 0.01 0.019035532994923856
3 0.3846428571428571 0.23223350253807104 0.007857142857142858 0.012690355329949238
3 0.4 0.3045685279187817 0.012857142857142857 0.025380710659898477
0 0.5453571428571429 0.44670050761421315 0.0064285714285714285 0.02284263959390863
0 0.4425 0.23857868020304568 0.005 0.012690355329949238
0 0.46714285714285714 0.2899746192893401 0.002857142857142857 0.016497461928934008
0 0.4689285714285714 0.28870558375634514 0.0035714285714285713 0.013959390862944161
0 0.41 0.1878172588832487 0.002857142857142857 0.012690355329949238
3 0.4525 0.30710659898477155 0.012142857142857143 0.02284263959390863
3 0.4375 0.2982233502538071 0.012142857142857143 0.02284263959390863
3 0.44642857142857145 0.2969543147208122 0.008571428571428572 0.017766497461928932
3 0.4421428571428571 0.28743654822335024 0.01 0.016497461928934008
3 0.43642857142857144 0.2772842639593908 0.01 0.019035532994923856
3 0.42964285714285716 0.2639593908629441 0.009285714285714286 0.02030456852791878
3 0.3653571428571429 0.17576142131979694 0.0064285714285714285 0.011421319796954314
5 0.3842857142857143 0.15038071065989847 0.01 0.019035532994923856
3 0.36464285714285716 0.14530456852791876 0.007857142857142858 0.013959390862944161
0 0.010357142857142856 0.4612944162436548 0.005 0.021573604060913704
0 0.005357142857142857 0.4625634517766497 0.0035714285714285713 0.021573604060913704
0 0.08 0.33883248730964466 0.005714285714285714 0.015228426395939085
0 0.09392857142857143 0.35977157360406087 0.0035714285714285713 0.013959390862944161
0 0.09714285714285714 0.3610406091370558 0.002857142857142857 0.016497461928934008
0 0.09892857142857144 0.3439086294416243 0.005 0.017766497461928932
0 0.085 0.33248730964467005 0.007142857142857143 0.017766497461928932
0 0.08785714285714286 0.3280456852791878 0.005714285714285714 0.016497461928934008
0 0.105 0.34644670050761417 0.002857142857142857 0.012690355329949238
0 0.11642857142857142 0.3166243654822335 0.004285714285714286 0.016497461928934008
0 0.11785714285714285 0.3362944162436548 0.004285714285714286 0.015228426395939085
0 0.14714285714285713 0.2626903553299492 0.004285714285714286 0.012690355329949238
0 0.15892857142857142 0.2519035532994924 0.0035714285714285713 0.008883248730964466
0 0.215 0.1611675126903553 0.002857142857142857 0.01015228426395939
0 0.20464285714285715 0.174492385786802 0.002142857142857143 0.008883248730964466
0 0.19285714285714287 0.18083756345177662 0.002857142857142857 0.008883248730964466
0 0.19964285714285715 0.17322335025380708 0.002142857142857143 0.008883248730964466
0 0.17285714285714285 0.2309644670050761 0.004285714285714286 0.01015228426395939
