4 0.34464285714285714 0.6859137055837563 0.075 0.11040609137055837
4 0.42392857142857143 0.7690355329949238 0.07785714285714286 0.10913705583756345
4 0.5021428571428571 0.8470812182741116 0.08714285714285715 0.14086294416243653
4 0.2689285714285714 0.6097715736040609 0.07357142857142857 0.09771573604060912
4 0.20392857142857143 0.5361675126903553 0.06928571428571428 0.10532994923857868
3 0.14714285714285713 0.48477157360406087 0.06571428571428571 0.08375634517766496
3 0.785 0.3115482233502538 0.03428571428571429 0.0748730964467005
3 0.7253571428571428 0.2779187817258883 0.039285714285714285 0.08121827411167512
3 0.8678571428571429 0.29568527918781723 0.037142857142857144 0.07106598984771573
3 0.8089285714285714 0.2442893401015228 0.03357142857142857 0.06218274111675126
3 0.6925 0.18083756345177662 0.03214285714285714 0.05710659898477157
3 0.7503571428571428 0.2049492385786802 0.03357142857142857 0.06725888324873096
3 0.7825 0.22398477157360405 0.035 0.06979695431472081
3 0.8428571428571429 0.2645939086294416 0.037142857142857144 0.06979695431472081
3 0.6671428571428571 0.15989847715736039 0.037142857142857144 0.07106598984771573
3 0.7317857142857143 0.07423857868020305 0.035 0.06472081218274112
3 0.7839285714285714 0.09263959390862943 0.02642857142857143 0.055837563451776644
4 0.6967857142857142 0.24555837563451774 0.047857142857142855 0.11548223350253806
4 0.8242857142857143 0.3305837563451776 0.04 0.08756345177664974
4 0.6425 0.20875634517766495 0.03785714285714286 0.07741116751269035
4 0.7603571428571428 0.2772842639593908 0.03785714285714286 0.09263959390862943
4 0.5375 0.22017766497461927 0.052142857142857144 0.11040609137055837
4 0.8578571428571429 0.16687817258883247 0.07857142857142857 0.07741116751269035
4 0.5971428571428572 0.10723350253807105 0.032857142857142856 0.06472081218274112
4 0.5721428571428572 0.15862944162436546 0.04 0.07360406091370558
4 0.7196428571428571 0.19289340101522842 0.039285714285714285 0.06598984771573603
4 0.5721428571428572 0.04885786802030456 0.06 0.06472081218274112
4 0.5946428571428571 0.039974619289340096 0.04214285714285714 0.04695431472081218
4 0.6271428571428571 0.37182741116751267 0.08285714285714285 0.10152284263959391
4 0.5271428571428571 0.3299492385786802 0.05714285714285714 0.10659898477157359
4 0.6289285714285714 0.47017766497461927 0.056428571428571425 0.10025380710659898
4 0.04 0.3692893401015228 0.06142857142857143 0.09137055837563451
4 0.09 0.4181472081218274 0.06142857142857143 0.08502538071065989
4 0.009285714285714286 0.34517766497461927 0.018571428571428572 0.05837563451776649
0 0.13142857142857142 0.39847715736040606 0.015714285714285715 0.035532994923857864
0 0.14392857142857143 0.3965736040609137 0.016428571428571428 0.03426395939086294
0 0.0575 0.2614213197969543 0.015 0.03807106598984771
0 0.5053571428571428 0.708756345177665 0.016428571428571428 0.03680203045685279
9 0.56 0.9238578680203045 0.022857142857142857 0.06345177664974619
9 0.585 0.9340101522842639 0.02 0.08121827411167512
9 0.595 0.947969543147208 0.02 0.06598984771573603
9 0.6071428571428571 0.9517766497461928 0.032857142857142856 0.08375634517766496
9 0.625 0.9593908629441623 0.025714285714285714 0.07868020304568528
9 0.6367857142857143 0.9771573604060912 0.019285714285714285 0.04060913705583756
9 0.655 0.9873096446700507 0.014285714285714285 0.02284263959390863
9 0.6714285714285714 0.9860406091370557 0.015714285714285715 0.025380710659898477
9 0.6875 0.9911167512690354 0.019285714285714285 0.015228426395939085
0 0.17714285714285713 0.9219543147208121 0.017142857142857144 0.03426395939086294
9 0.9292857142857143 0.18083756345177662 0.014285714285714285 0.04441624365482233
9 0.9425 0.18654822335025378 0.015 0.03807106598984771
9 0.9553571428571429 0.19352791878172587 0.016428571428571428 0.03934010152284264
9 0.9664285714285714 0.19670050761421318 0.017142857142857144 0.04314720812182741
9 0.9796428571428571 0.19035532994923857 0.015 0.032994923857868015
9 0.8021428571428572 0.11548223350253806 0.015714285714285715 0.03807106598984771
9 0.815 0.11675126903553298 0.017142857142857144 0.03807106598984771
9 0.6346428571428572 0.03362944162436548 0.017857142857142856 0.029187817258883246
9 0.6771428571428572 0.05710659898477157 0.022857142857142857 0.027918781725888322
9 0.6796428571428571 0.04378172588832487 0.02214285714285714 0.019035532994923856
9 0.6846428571428571 0.03236040609137056 0.02214285714285714 0.016497461928934008
9 0.6403571428571428 0.016497461928934008 0.019285714285714285 0.03045685279187817
9 0.6496428571428572 0.01015228426395939 0.015 0.02030456852791878
