0 0.11392857142857143 0.21763959390862941 0.016428571428571428 0.03426395939086294
0 0.11214285714285714 0.7049492385786802 0.02 0.019035532994923856
0 0.105 0.7246192893401014 0.02 0.02030456852791878
0 0.11 0.7423857868020304 0.02142857142857143 0.015228426395939085
0 0.24964285714285714 0.8508883248730964 0.015 0.016497461928934008
0 0.7389285714285714 0.708756345177665 0.017857142857142856 0.031725888324873094
0 0.4521428571428571 0.44035532994923854 0.01 0.02030456852791878
0 0.24464285714285713 0.45241116751269034 0.017857142857142856 0.024111675126903553
0 0.24214285714285713 0.4809644670050761 0.014285714285714285 0.025380710659898477
0 0.2546428571428571 0.4746192893401015 0.015 0.02030456852791878
0 0.27464285714285713 0.45304568527918776 0.015 0.02284263959390863
0 0.2717857142857143 0.47335025380710655 0.012142857142857143 0.02030456852791878
0 0.28785714285714287 0.4708121827411167 0.014285714285714285 0.02030456852791878
0 0.30428571428571427 0.4562182741116751 0.012857142857142857 0.021573604060913704
0 0.32035714285714284 0.4555837563451776 0.013571428571428571 0.02284263959390863
0 0.3028571428571429 0.47715736040609136 0.012857142857142857 0.02284263959390863
0 0.3192857142857143 0.4758883248730964 0.012857142857142857 0.02030456852791878
0 0.30178571428571427 0.5006345177664975 0.015 0.016497461928934008
0 0.31892857142857145 0.49682741116751267 0.015 0.021573604060913704
0 0.28214285714285714 0.5139593908629442 0.017142857142857144 0.02284263959390863
0 0.2817857142857143 0.5291878172588832 0.015 0.02284263959390863
0 0.30142857142857143 0.515228426395939 0.014285714285714285 0.02284263959390863
0 0.3192857142857143 0.515228426395939 0.012857142857142857 0.017766497461928932
0 0.3 0.5399746192893401 0.015714285714285715 0.021573604060913704
0 0.31892857142857145 0.5374365482233502 0.013571428571428571 0.016497461928934008
0 0.28 0.5640862944162436 0.017142857142857144 0.021573604060913704
0 0.3003571428571429 0.5640862944162436 0.015 0.021573604060913704
0 0.3175 0.5628172588832487 0.012142857142857143 0.019035532994923856
0 0.3171428571428571 0.583756345177665 0.012857142857142857 0.017766497461928932
0 0.3167857142857143 0.6046954314720812 0.012142857142857143 0.021573604060913704
0 0.2978571428571429 0.6008883248730964 0.015714285714285715 0.016497461928934008
0 0.29678571428571426 0.6218274111675126 0.015 0.02030456852791878
0 0.315 0.6230964467005076 0.014285714285714285 0.015228426395939085
0 0.27464285714285713 0.6465736040609137 0.015 0.013959390862944161
0 0.2621428571428571 0.6782994923857868 0.014285714285714285 0.024111675126903553
0 0.2764285714285714 0.6833756345177664 0.02 0.016497461928934008
0 0.29464285714285715 0.6491116751269035 0.015 0.013959390862944161
0 0.31464285714285717 0.6516497461928934 0.012142857142857143 0.016497461928934008
0 0.31285714285714283 0.6770304568527918 0.012857142857142857 0.019035532994923856
0 0.29178571428571426 0.732233502538071 0.015 0.012690355329949238
0 0.31285714285714283 0.7373096446700507 0.014285714285714285 0.015228426395939085
0 0.2671428571428571 0.7810913705583755 0.014285714285714285 0.011421319796954314
0 0.2892857142857143 0.7874365482233502 0.012857142857142857 0.013959390862944161
0 0.3125 0.7810913705583755 0.015 0.013959390862944161
0 0.33464285714285713 0.7887055837563451 0.015 0.013959390862944161
0 0.33464285714285713 0.7360406091370558 0.012142857142857143 0.012690355329949238
0 0.36178571428571427 0.7874365482233502 0.012142857142857143 0.019035532994923856
0 0.3846428571428571 0.7912436548223349 0.010714285714285714 0.013959390862944161
0 0.46214285714285713 0.8521573604060914 0.012857142857142857 0.026649746192893398
0 0.45 0.8147208121827411 0.01 0.03045685279187817
0 0.405 0.7969543147208121 0.01 0.015228426395939085
0 0.4317857142857143 0.7836294416243654 0.012142857142857143 0.013959390862944161
0 0.4725 0.7258883248730964 0.012142857142857143 0.025380710659898477
0 0.4492857142857143 0.7373096446700507 0.018571428571428572 0.02030456852791878
0 0.33785714285714286 0.6770304568527918 0.011428571428571429 0.013959390862944161
0 0.40714285714285714 0.7398477157360406 0.01 0.015228426395939085
0 0.3875 0.7373096446700507 0.012142857142857143 0.012690355329949238
0 0.3625 0.732233502538071 0.015 0.012690355329949238
0 0.34035714285714286 0.6535532994923857 0.010714285714285714 0.012690355329949238
0 0.3628571428571429 0.6732233502538071 0.011428571428571429 0.011421319796954314
0 0.3867857142857143 0.6744923857868019 0.010714285714285714 0.013959390862944161
0 0.40714285714285714 0.6719543147208121 0.01 0.011421319796954314
0 0.43285714285714283 0.7417512690355329 0.011428571428571429 0.013959390862944161
0 0.43392857142857144 0.6903553299492385 0.013571428571428571 0.015228426395939085
0 0.43464285714285716 0.6611675126903552 0.007857142857142858 0.012690355329949238
0 0.435 0.641497461928934 0.011428571428571429 0.016497461928934008
0 0.41 0.6453045685279187 0.01 0.021573604060913704
0 0.3875 0.6491116751269035 0.007857142857142858 0.016497461928934008
0 0.365 0.6453045685279187 0.01 0.016497461928934008
0 0.3417857142857143 0.6281725888324873 0.015 0.015228426395939085
0 0.34214285714285714 0.6034263959390862 0.012857142857142857 0.024111675126903553
0 0.365 0.6230964467005076 0.01 0.015228426395939085
0 0.3867857142857143 0.6269035532994923 0.012142857142857143 0.02030456852791878
0 0.41214285714285714 0.6192893401015228 0.007142857142857143 0.017766497461928932
0 0.43714285714285717 0.6230964467005076 0.01 0.015228426395939085
0 0.4575 0.5951776649746192 0.012142857142857143 0.02030456852791878
0 0.4589285714285714 0.46510152284263956 0.009285714285714286 0.024111675126903553
0 0.4592857142857143 0.4911167512690355 0.01 0.02030456852791878
0 0.45785714285714285 0.5507614213197969 0.01 0.02030456852791878
0 0.43535714285714283 0.5951776649746192 0.009285714285714286 0.025380710659898477
0 0.41035714285714286 0.5977157360406091 0.010714285714285714 0.02030456852791878
0 0.43714285714285717 0.574238578680203 0.007142857142857143 0.013959390862944161
0 0.435 0.5583756345177665 0.008571428571428572 0.017766497461928932
0 0.43285714285714283 0.5412436548223349 0.012857142857142857 0.013959390862944161
0 0.43535714285714283 0.5203045685279187 0.009285714285714286 0.02030456852791878
0 0.4367857142857143 0.508248730964467 0.010714285714285714 0.019035532994923856
0 0.43642857142857144 0.49175126903553296 0.008571428571428572 0.021573604060913704
0 0.4367857142857143 0.482233502538071 0.010714285714285714 0.02284263959390863
0 0.43714285714285717 0.46002538071065985 0.01 0.024111675126903553
0 0.3889285714285714 0.6008883248730964 0.009285714285714286 0.016497461928934008
0 0.36428571428571427 0.6008883248730964 0.01 0.013959390862944161
0 0.34285714285714286 0.5799492385786802 0.011428571428571429 0.015228426395939085
0 0.36464285714285716 0.5818527918781725 0.012142857142857143 0.013959390862944161
0 0.39 0.5786802030456852 0.01 0.015228426395939085
0 0.4114285714285714 0.5780456852791878 0.01 0.019035532994923856
0 0.4117857142857143 0.5609137055837563 0.007857142857142858 0.015228426395939085
0 0.4125 0.5425126903553299 0.009285714285714286 0.019035532994923856
0 0.3892857142857143 0.5596446700507614 0.011428571428571429 0.015228426395939085
0 0.3439285714285714 0.5596446700507614 0.012142857142857143 0.02030456852791878
0 0.36428571428571427 0.5609137055837563 0.012857142857142857 0.02030456852791878
0 0.3871428571428571 0.5431472081218274 0.012857142857142857 0.015228426395939085
0 0.36678571428571427 0.5425126903553299 0.012142857142857143 0.013959390862944161
0 0.345 0.5431472081218274 0.011428571428571429 0.015228426395939085
0 0.34464285714285714 0.5260152284263959 0.012142857142857143 0.016497461928934008
0 0.36642857142857144 0.5253807106598984 0.011428571428571429 0.017766497461928932
0 0.3875 0.5266497461928934 0.012142857142857143 0.017766497461928932
0 0.41214285714285714 0.5228426395939086 0.01 0.02284263959390863
0 0.34714285714285714 0.45748730964467 0.012857142857142857 0.024111675126903553
0 0.3464285714285714 0.49238578680203043 0.012857142857142857 0.02284263959390863
0 0.3467857142857143 0.5088832487309645 0.007857142857142858 0.017766497461928932
0 0.36714285714285716 0.45748730964467 0.01 0.026649746192893398
0 0.3678571428571429 0.47335025380710655 0.01 0.02030456852791878
0 0.39035714285714285 0.4562182741116751 0.010714285714285714 0.024111675126903553
0 0.3925 0.47208121827411165 0.007857142857142858 0.017766497461928932
0 0.4139285714285714 0.45875634517766495 0.007857142857142858 0.024111675126903553
0 0.4142857142857143 0.4727157360406091 0.01 0.016497461928934008
0 0.41214285714285714 0.4873096446700507 0.01 0.02030456852791878
0 0.41214285714285714 0.506979695431472 0.01 0.019035532994923856
0 0.3896428571428571 0.508248730964467 0.012142857142857143 0.019035532994923856
0 0.39 0.4860406091370558 0.011428571428571429 0.02284263959390863
0 0.36714285714285716 0.506979695431472 0.01 0.021573604060913704
0 0.3675 0.4873096446700507 0.012142857142857143 0.02284263959390863
