0 0.38517745302713985 0.05241187384044527 0.009394572025052192 0.03432282003710575
4 0.46868475991649267 0.027829313543599257 0.04801670146137787 0.055658627087198514
6 0.5247912317327765 0.05009276437847866 0.03183716075156576 0.03153988868274583
6 0.4757306889352818 0.09740259740259741 0.04123173277661795 0.04081632653061225
3 0.4579853862212943 0.2717996289424861 0.07254697286012525 0.0575139146567718
3 0.33141962421711896 0.3302411873840445 0.032359081419624215 0.10204081632653061
0 0.3582985386221294 0.4095547309833024 0.010960334029227557 0.036178107606679034
6 0.3820459290187891 0.5060296846011132 0.016701461377870562 0.0640074211502783
4 0.2860125260960334 0.6001855287569573 0.044885177453027135 0.10760667903525047
6 0.31706680584551145 0.5936920222634509 0.02139874739039666 0.07606679035250465
4 0.4339770354906054 0.7782931354359925 0.08194154488517745 0.0927643784786642
3 0.4170146137787056 0.8761595547309833 0.10229645093945719 0.10667903525046382
9 0.6218684759916492 0.6113172541743971 0.012004175365344467 0.05380333951762523
4 0.9371085594989561 0.9550092764378478 0.12369519832985384 0.07884972170686456
