3 0.04475 0.03266666666666666 0.025500000000000002 0.014666666666666666
3 0.043750000000000004 0.03966666666666666 0.025500000000000002 0.016666666666666666
3 0.056 0.04666666666666666 0.029 0.010666666666666666
3 0.048 0.05466666666666666 0.024 0.013333333333333332
0 0.07275 0.015666666666666666 0.0045000000000000005 0.012666666666666666
0 0.01575 0.020666666666666667 0.0045000000000000005 0.013333333333333332
4 0.05025 0.12266666666666666 0.0175 0.022666666666666665
4 0.06125 0.14266666666666666 0.0195 0.022666666666666665
3 0.07075000000000001 0.15666666666666665 0.0205 0.022666666666666665
3 0.107 0.19266666666666665 0.038 0.025333333333333333
0 0.113 0.021666666666666667 0.005 0.012666666666666666
4 0.138 0.028666666666666667 0.022 0.017333333333333333
3 0.1235 0.24566666666666667 0.03 0.03133333333333333
3 0.11750000000000001 0.21566666666666667 0.041 0.026
3 0.14775 0.27666666666666667 0.0315 0.03333333333333333
3 0.22075 0.36766666666666664 0.0395 0.043333333333333335
3 0.2555 0.4056666666666667 0.047 0.04466666666666667
3 0.19025 0.33266666666666667 0.035500000000000004 0.034666666666666665
3 0.30225 0.45166666666666666 0.0565 0.051333333333333335
2 0.38425 0.45866666666666667 0.006500000000000001 0.029333333333333333
2 0.42075 0.48566666666666664 0.0175 0.02333333333333333
2 0.548 0.4106666666666667 0.021 0.017333333333333333
2 0.54025 0.4076666666666667 0.0185 0.015333333333333332
2 0.43525 0.5746666666666667 0.0155 0.034666666666666665
1 0.435 0.5646666666666667 0.014 0.024
0 0.6125 0.38366666666666666 0.008 0.026
3 0.6815 0.43066666666666664 0.068 0.04
4 0.75275 0.41966666666666663 0.0695 0.04733333333333333
3 0.898 0.42466666666666664 0.064 0.036
3 0.96875 0.42666666666666664 0.0615 0.03733333333333333
1 0.37575000000000003 0.7956666666666666 0.0155 0.028666666666666667
9 0.3755 0.8016666666666666 0.017 0.051333333333333335
3 0.2775 0.8896666666666666 0.062 0.14866666666666667
3 0.31825000000000003 0.7396666666666667 0.0615 0.12066666666666666
3 0.53725 0.7066666666666667 0.0735 0.11733333333333333
