5 0.8436847599164926 0.47263450834879406 0.02974947807933194 0.06586270871985157
3 0.7098121085594988 0.46938775510204084 0.037578288100208766 0.03710575139146568
3 0.7270354906054279 0.42810760667903525 0.03549060542797494 0.030612244897959183
3 0.792536534446764 0.3269944341372913 0.03079331941544885 0.0287569573283859
3 0.6719728601252609 0.40816326530612246 0.03392484342379958 0.0352504638218924
3 0.6946764091858036 0.37569573283859 0.03444676409185803 0.029684601113172542
3 0.6787578288100208 0.3395176252319109 0.03183716075156576 0.029684601113172542
3 0.6435281837160751 0.3682745825602968 0.033402922755741124 0.029684601113172542
3 0.7526096033402923 0.2699443413729128 0.029227557411273482 0.02411873840445269
5 0.795929018789144 0.2101113172541744 0.04906054279749478 0.03432282003710575
3 0.8061064718162838 0.19109461966604824 0.022442588726513567 0.01855287569573284
3 0.8301148225469728 0.12987012987012989 0.023486430062630476 0.016697588126159554
3 0.8121085594989561 0.11456400742115028 0.021920668058455113 0.0176252319109462
3 0.9010960334029227 0.08580705009276438 0.025574112734864297 0.0176252319109462
3 0.8990083507306889 0.054267161410018555 0.02453027139874739 0.02504638218923933
3 0.8961377870563674 0.012523191094619666 0.018789144050104383 0.013914656771799629
3 0.5623695198329853 0.37337662337662336 0.03392484342379958 0.0287569573283859
3 0.6033402922755741 0.5106679035250464 0.038622129436325675 0.036178107606679034
3 0.6163883089770354 0.5333951762523191 0.04070981210855949 0.03339517625231911
4 0.6302192066805845 0.5579777365491652 0.0360125260960334 0.041743970315398886
3 0.6362212943632567 0.6233766233766234 0.044885177453027135 0.03896103896103896
3 0.5571503131524008 0.7235621521335808 0.04853862212943632 0.0463821892393321
3 0.5292275574112735 0.5941558441558442 0.04279749478079332 0.03803339517625232
9 0.5122651356993736 0.3849721706864564 0.013048016701461376 0.022263450834879406
1 0.5151356993736952 0.3784786641929499 0.005219206680584551 0.016697588126159554
3 0.1450939457202505 0.04267161410018553 0.022964509394572022 0.016697588126159554
3 0.2463465553235908 0.05194805194805195 0.011482254697286011 0.02411873840445269
