3 0.4417857142857143 0.4142857142857143 0.010714285714285714 0.015238095238095238
5 0.44035714285714284 0.5123809523809524 0.03214285714285714 0.047619047619047616
3 0.5021428571428571 0.5238095238095238 0.022857142857142857 0.022857142857142857
3 0.49392857142857144 0.4847619047619048 0.019285714285714285 0.022857142857142857
3 0.5396428571428571 0.4023809523809524 0.012142857142857143 0.012380952380952381
3 0.48 0.42523809523809525 0.012857142857142857 0.014285714285714285
3 0.485 0.4423809523809524 0.012857142857142857 0.014285714285714285
3 0.48714285714285716 0.4552380952380952 0.017142857142857144 0.01904761904761905
3 0.495 0.46714285714285714 0.02 0.02
5 0.565 0.43238095238095237 0.02 0.024761904761904763
3 0.5767857142857142 0.45476190476190476 0.023571428571428573 0.018095238095238095
3 0.585 0.46476190476190476 0.02857142857142857 0.015238095238095238
3 0.605 0.4695238095238095 0.022857142857142857 0.017142857142857144
3 0.6303571428571428 0.4719047619047619 0.02214285714285714 0.018095238095238095
3 0.6503571428571429 0.47 0.016428571428571428 0.018095238095238095
3 0.6564285714285715 0.5123809523809524 0.04 0.024761904761904763
3 0.6975 0.5047619047619047 0.047857142857142855 0.022857142857142857
3 0.6821428571428572 0.4742857142857143 0.022857142857142857 0.01904761904761905
3 0.7067857142857142 0.47 0.02214285714285714 0.02
3 0.7475 0.49714285714285716 0.045 0.02095238095238095
3 0.6239285714285714 0.7771428571428571 0.060714285714285714 0.08761904761904762
3 0.5314285714285715 0.6195238095238095 0.03142857142857143 0.035238095238095235
3 0.6471428571428571 0.5452380952380952 0.037142857142857144 0.03142857142857143
3 0.6667857142857143 0.579047619047619 0.03785714285714286 0.03428571428571429
0 0.27 0.6219047619047618 0.012857142857142857 0.03238095238095238
