9 0.01 0.06666666666666667 0.02 0.045714285714285714
0 0.01 0.04476190476190476 0.02 0.04
0 0.019642857142857142 0.034761904761904765 0.02214285714285714 0.035238095238095235
0 0.031785714285714285 0.02142857142857143 0.017857142857142856 0.03142857142857143
0 0.025357142857142856 0.027142857142857142 0.02642857142857143 0.040952380952380955
9 0.032857142857142856 0.30904761904761907 0.02857142857142857 0.05047619047619047
1 0.029642857142857144 0.28714285714285714 0.027857142857142858 0.021904761904761906
1 0.0275 0.29714285714285715 0.02642857142857143 0.017142857142857144
9 0.08535714285714285 0.5652380952380952 0.035 0.05619047619047619
1 0.08392857142857142 0.5519047619047619 0.027857142857142858 0.035238095238095235
3 0.35642857142857143 0.6623809523809524 0.11142857142857143 0.2180952380952381
0 0.335 0.5871428571428572 0.018571428571428572 0.025714285714285714
3 0.38035714285714284 0.4676190476190476 0.09357142857142857 0.14476190476190476
3 0.46 0.63 0.11714285714285715 0.1895238095238095
4 0.5189285714285714 0.5395238095238095 0.13071428571428573 0.20476190476190476
3 0.5964285714285714 0.5142857142857142 0.11714285714285715 0.16380952380952382
3 0.6625 0.47 0.10357142857142858 0.12857142857142856
3 0.5771428571428572 0.36428571428571427 0.1 0.11523809523809524
2 0.5321428571428571 0.4419047619047619 0.05 0.03238095238095238
0 0.4539285714285714 0.36142857142857143 0.020714285714285713 0.058095238095238096
0 0.48928571428571427 0.36714285714285716 0.017142857142857144 0.058095238095238096
0 0.5846428571428571 0.2742857142857143 0.017857142857142856 0.05523809523809524
2 0.2617857142857143 0.3619047619047619 0.04071428571428572 0.03619047619047619
2 0.21535714285714286 0.3514285714285714 0.04928571428571429 0.04380952380952381
2 0.2814285714285714 0.3242857142857143 0.045714285714285714 0.04476190476190476
2 0.37035714285714283 0.27380952380952384 0.03785714285714286 0.03333333333333333
2 0.45964285714285713 0.23238095238095238 0.035 0.04
2 0.34535714285714286 0.30238095238095236 0.045 0.039047619047619046
2 0.5414285714285715 0.21761904761904763 0.03571428571428571 0.039047619047619046
2 0.5339285714285714 0.20142857142857143 0.023571428571428573 0.023809523809523808
3 0.7821428571428571 0.33666666666666667 0.12285714285714286 0.10761904761904761
3 0.7221428571428572 0.4176190476190476 0.11714285714285715 0.14
3 0.7328571428571429 0.29428571428571426 0.10428571428571429 0.09523809523809523
3 0.6917857142857143 0.24523809523809523 0.105 0.08285714285714285
4 0.5867857142857142 0.11142857142857143 0.06785714285714285 0.09714285714285714
4 0.635 0.08476190476190476 0.08285714285714285 0.10857142857142857
4 0.5296428571428572 0.05 0.06785714285714285 0.08095238095238096
4 0.8153571428571429 0.09428571428571429 0.11071428571428571 0.09523809523809523
4 0.7271428571428571 0.037142857142857144 0.08571428571428572 0.07428571428571429
0 0.8442857142857143 0.5271428571428571 0.037142857142857144 0.06571428571428571
0 0.8153571428571429 0.5052380952380953 0.029285714285714286 0.06571428571428571
3 0.9521428571428572 0.731904761904762 0.09285714285714286 0.18
4 0.8846428571428572 0.8914285714285715 0.22785714285714287 0.21523809523809523
