4 0.5892857142857143 0.9219047619047619 0.03 0.08
4 0.5178571428571429 0.36523809523809525 0.022857142857142857 0.06761904761904762
4 0.5053571428571428 0.27666666666666667 0.023571428571428573 0.06571428571428571
4 0.46714285714285714 0.16904761904761906 0.025714285714285714 0.06190476190476191
4 0.15785714285714286 0.6423809523809524 0.054285714285714284 0.02761904761904762
3 0.47464285714285714 0.8638095238095238 0.027857142857142858 0.07428571428571429
3 0.5742857142857143 0.82 0.027142857142857142 0.07238095238095238
3 0.5625 0.7438095238095238 0.025 0.06857142857142857
3 0.56 0.6671428571428571 0.025714285714285714 0.07142857142857142
3 0.8414285714285714 0.5095238095238095 0.055714285714285716 0.0419047619047619
3 0.4625 0.7747619047619048 0.027857142857142858 0.07523809523809524
3 0.4492857142857143 0.6966666666666667 0.03 0.07333333333333333
3 0.5278571428571428 0.4552380952380952 0.025714285714285714 0.06666666666666667
3 0.4175 0.11714285714285715 0.027857142857142858 0.07238095238095238
3 0.425 0.5295238095238095 0.045714285714285714 0.05904761904761905
3 0.3117857142857143 0.589047619047619 0.05357142857142857 0.035238095238095235
3 0.2567857142857143 0.6642857142857143 0.047857142857142855 0.035238095238095235
3 0.17285714285714285 0.6866666666666666 0.05 0.04
3 0.23785714285714285 0.6295238095238095 0.05714285714285714 0.03238095238095238
3 0.05928571428571429 0.6114285714285714 0.05714285714285714 0.0380952380952381
4 0.245 0.5671428571428572 0.05714285714285714 0.035238095238095235
5 0.09214285714285714 0.6776190476190476 0.06571428571428571 0.04285714285714286
5 0.3692857142857143 0.64 0.05714285714285714 0.04
5 0.545 0.5552380952380952 0.03 0.0838095238095238
6 0.3117857142857143 0.6538095238095238 0.03357142857142857 0.025714285714285714
6 0.41785714285714287 0.4642857142857143 0.02 0.05619047619047619
6 0.4789285714285714 0.10428571428571429 0.023571428571428573 0.06
6 0.4742857142857143 0.034761904761904765 0.022857142857142857 0.05619047619047619
9 0.0325 0.6538095238095238 0.025 0.014285714285714285
9 0.085 0.6395238095238095 0.022857142857142857 0.014285714285714285
9 0.13214285714285715 0.6219047619047618 0.022857142857142857 0.013333333333333332
9 0.17892857142857144 0.6642857142857143 0.025 0.012380952380952381
9 0.2075 0.6576190476190477 0.027857142857142858 0.014285714285714285
9 0.09392857142857143 0.6076190476190476 0.009285714285714286 0.03428571428571429
9 0.10142857142857142 0.5995238095238096 0.01 0.035238095238095235
9 0.18 0.5819047619047619 0.01 0.030476190476190476
9 0.19 0.5823809523809523 0.01 0.025714285714285714
9 0.2125 0.5752380952380952 0.010714285714285714 0.026666666666666665
9 0.1525 0.5866666666666667 0.015 0.030476190476190476
9 0.11714285714285715 0.6019047619047619 0.01 0.022857142857142857
9 0.12892857142857142 0.5895238095238096 0.010714285714285714 0.030476190476190476
2 0.16785714285714284 0.5819047619047619 0.011428571428571429 0.024761904761904763
9 0.3242857142857143 0.5466666666666666 0.011428571428571429 0.026666666666666665
9 0.34035714285714286 0.5447619047619048 0.010714285714285714 0.030476190476190476
9 0.29714285714285715 0.5547619047619048 0.012857142857142857 0.03333333333333333
9 0.27714285714285714 0.559047619047619 0.01 0.02857142857142857
9 0.3075 0.5519047619047619 0.015 0.021904761904761906
9 0.27464285714285713 0.6095238095238096 0.017857142857142856 0.017142857142857144
9 0.2117857142857143 0.5942857142857143 0.020714285714285713 0.013333333333333332
9 0.23464285714285715 0.6019047619047619 0.02214285714285714 0.015238095238095238
9 0.02642857142857143 0.62 0.011428571428571429 0.03238095238095238
9 0.005 0.7219047619047619 0.01 0.03238095238095238
9 0.03428571428571429 0.72 0.017142857142857144 0.02857142857142857
9 0.05178571428571429 0.7152380952380952 0.015 0.02857142857142857
9 0.08678571428571429 0.709047619047619 0.012142857142857143 0.02761904761904762
9 0.09892857142857144 0.7042857142857143 0.015 0.023809523809523808
9 0.11392857142857143 0.6995238095238095 0.013571428571428571 0.025714285714285714
9 0.12964285714285714 0.6995238095238095 0.010714285714285714 0.02761904761904762
9 0.2092857142857143 0.6795238095238095 0.012857142857142857 0.025714285714285714
9 0.062142857142857146 0.7714285714285715 0.01 0.026666666666666665
9 0.33785714285714286 0.7142857142857143 0.014285714285714285 0.030476190476190476
9 0.45035714285714284 0.5547619047619048 0.012142857142857143 0.02761904761904762
9 0.44892857142857145 0.4595238095238095 0.012142857142857143 0.025714285714285714
9 0.4625 0.46904761904761905 0.012142857142857143 0.03142857142857143
9 0.4475 0.4938095238095238 0.013571428571428571 0.02761904761904762
9 0.45 0.4076190476190476 0.01 0.03238095238095238
9 0.40964285714285714 0.3923809523809524 0.017857142857142856 0.013333333333333332
9 0.4075 0.3719047619047619 0.017857142857142856 0.021904761904761906
9 0.405 0.34523809523809523 0.015714285714285715 0.023809523809523808
9 0.39964285714285713 0.31523809523809526 0.017857142857142856 0.017142857142857144
9 0.43642857142857144 0.36666666666666664 0.008571428571428572 0.03238095238095238
9 0.3964285714285714 0.2519047619047619 0.01 0.037142857142857144
9 0.4114285714285714 0.19476190476190477 0.008571428571428572 0.029523809523809525
9 0.3942857142857143 0.2914285714285714 0.022857142857142857 0.02095238095238095
9 0.06464285714285714 0.7147619047619047 0.02214285714285714 0.03142857142857143
0 0.09928571428571428 0.7547619047619047 0.017142857142857144 0.012380952380952381
0 0.36714285714285716 0.6971428571428572 0.012857142857142857 0.015238095238095238
0 0.45 0.8795238095238095 0.01 0.02
0 0.3442857142857143 0.16904761904761906 0.01 0.01619047619047619
0 0.36464285714285716 0.2342857142857143 0.009285714285714286 0.015238095238095238
0 0.35464285714285715 0.22904761904761906 0.007857142857142858 0.014285714285714285
0 0.38392857142857145 0.3976190476190476 0.0064285714285714285 0.010476190476190476
0 0.3871428571428571 0.4719047619047619 0.007142857142857143 0.008571428571428572
0 0.24214285714285713 0.5195238095238095 0.012857142857142857 0.010476190476190476
0 0.18678571428571428 0.5338095238095238 0.013571428571428571 0.008571428571428572
0 0.09428571428571429 0.5547619047619048 0.02 0.010476190476190476
0 0.07535714285714286 0.5695238095238095 0.020714285714285713 0.007619047619047619
2 0.3975 0.7076190476190476 0.019285714285714285 0.011428571428571429
2 0.48642857142857143 0.6695238095238095 0.01 0.030476190476190476
2 0.1125 0.7347619047619047 0.02214285714285714 0.012380952380952381
2 0.3825 0.18 0.007857142857142858 0.026666666666666665
6 0.48714285714285716 0.3619047619047619 0.012857142857142857 0.0419047619047619
2 0.18392857142857144 0.611904761904762 0.020714285714285713 0.014285714285714285
0 0.07178571428571429 0.6619047619047619 0.017857142857142856 0.009523809523809525
0 0.08928571428571429 0.6547619047619048 0.017142857142857144 0.012380952380952381
2 0.3028571428571429 0.6138095238095238 0.02 0.012380952380952381
0 0.4567857142857143 0.015238095238095238 0.007857142857142858 0.024761904761904763
9 0.1975 0.6466666666666666 0.019285714285714285 0.013333333333333332
