5 0.5438413361169102 0.698051948051948 0.11482254697286011 0.12523191094619665
3 0.6458768267223381 0.5695732838589982 0.04227557411273486 0.05009276437847866
3 0.6607515657620041 0.8858998144712431 0.06054279749478079 0.07606679035250465
3 0.7199895615866387 0.9188311688311689 0.07359081419624217 0.09183673469387756
3 0.7278183716075156 0.8371985157699443 0.07045929018789143 0.075139146567718
5 0.8919624217118997 0.48747680890538037 0.09185803757828809 0.08812615955473098
3 0.10151356993736951 0.21799628942486085 0.017223382045929016 0.016697588126159554
3 0.17667014613778703 0.1859925788497217 0.016179540709812108 0.0176252319109462
5 0.21920668058455112 0.15166975881261596 0.022964509394572022 0.026901669758812616
0 0.24660751565762 0.17810760667903525 0.0036534446764091852 0.012987012987012988
5 0.2740083507306889 0.09461966604823747 0.024008350730688934 0.0352504638218924
4 0.42562630480167013 0.11688311688311688 0.0057411273486430055 0.014842300556586271
4 0.4180584551148225 0.10528756957328386 0.006263048016701461 0.012059369202226345
5 0.40501043841336115 0.09972170686456401 0.010438413361169102 0.021335807050092765
7 0.418580375782881 0.13358070500927643 0.006263048016701461 0.011131725417439703
5 0.4008350730688935 0.14888682745825604 0.014613778705636741 0.013914656771799629
7 0.39065762004175364 0.14656771799628943 0.009916492693110646 0.014842300556586271
4 0.38048016701461373 0.14935064935064934 0.010438413361169102 0.014842300556586271
3 0.3723903966597077 0.15306122448979592 0.015135699373695197 0.014842300556586271
3 0.3640396659707724 0.1567717996289425 0.010960334029227557 0.012987012987012988
3 0.383089770354906 0.16001855287569575 0.01774530271398747 0.012059369202226345
5 0.6281315240083507 0.10807050092764378 0.03183716075156576 0.02319109461966605
5 0.61821503131524 0.10064935064935066 0.02766179540709812 0.021335807050092765
5 0.6385699373695197 0.11549165120593692 0.04227557411273486 0.026901669758812616
5 0.6714509394572025 0.1280148423005566 0.03079331941544885 0.020408163265306124
5 0.6941544885177452 0.1391465677179963 0.025052192066805843 0.01855287569573284
5 0.6899791231732776 0.10714285714285715 0.04175365344467641 0.0287569573283859
5 0.6435281837160751 0.07699443413729128 0.03653444676409186 0.025974025974025976
5 0.6524008350730688 0.07606679035250465 0.028183716075156573 0.025974025974025976
5 0.6581419624217119 0.07653061224489796 0.022964509394572022 0.026901669758812616
5 0.667536534446764 0.07421150278293136 0.027139874739039664 0.020408163265306124
5 0.6988517745302714 0.09183673469387756 0.04070981210855949 0.022263450834879406
5 0.705375782881002 0.09230055658627087 0.04227557411273486 0.01948051948051948
5 0.7301670146137786 0.08441558441558442 0.04279749478079332 0.027829313543599257
5 0.7184237995824634 0.06539888682745826 0.03810020876826722 0.021335807050092765
5 0.725991649269311 0.11781076066790352 0.030271398747390394 0.027829313543599257
5 0.7346033402922755 0.11085343228200371 0.03810020876826722 0.0287569573283859
9 0.9572025052192066 0.21103896103896105 0.010438413361169102 0.008348794063079777
7 0.9355427974947808 0.22959183673469388 0.01826722338204593 0.02319109461966605
9 0.9545929018789143 0.2662337662337662 0.012526096033402922 0.012987012987012988
9 0.9217118997912317 0.2323747680890538 0.009394572025052192 0.012059369202226345
9 0.8836116910229644 0.2323747680890538 0.006263048016701461 0.010204081632653062
9 0.8940501043841336 0.24072356215213359 0.008350730688935281 0.010204081632653062
6 0.8937891440501043 0.23515769944341372 0.016179540709812108 0.013914656771799629
3 0.8749999999999999 0.24582560296846012 0.023486430062630476 0.016697588126159554
3 0.8676931106471816 0.24953617810760667 0.02139874739039666 0.020408163265306124
3 0.8582985386221293 0.2541743970315399 0.02139874739039666 0.020408163265306124
0 0.8308977035490605 0.25834879406307976 0.0041753653444676405 0.013914656771799629
0 0.8050626304801669 0.25463821892393323 0.004697286012526096 0.0176252319109462
3 0.7398225469728601 0.29638218923933213 0.02766179540709812 0.01948051948051948
3 0.670929018789144 0.33441558441558444 0.02974947807933194 0.02504638218923933
6 0.6719728601252609 0.3038033395176252 0.013048016701461376 0.008348794063079777
9 0.656054279749478 0.300556586270872 0.008350730688935281 0.011131725417439703
0 0.6912839248434237 0.28710575139146566 0.0036534446764091852 0.015769944341372914
9 0.7137265135699373 0.2880333951762523 0.0057411273486430055 0.008348794063079777
6 0.7747912317327765 0.36038961038961037 0.012004175365344467 0.015769944341372914
1 0.7768789144050103 0.35482374768089053 0.006784968684759916 0.013914656771799629
5 0.6082985386221293 0.4485157699443414 0.06002087682672233 0.05287569573283859
5 0.5701983298538622 0.4179035250463822 0.0464509394572025 0.036178107606679034
1 0.5811586638830897 0.42578849721706863 0.004697286012526096 0.01855287569573284
2 0.5801148225469728 0.43089053803339517 0.012004175365344467 0.015769944341372914
9 0.5409707724425886 0.41187384044526903 0.013048016701461376 0.016697588126159554
5 0.5174843423799582 0.4359925788497217 0.05271398747390396 0.04267161410018553
5 0.418580375782881 0.5371057513914657 0.08977035490605427 0.0705009276437848
5 0.34003131524008345 0.48283858998144713 0.03079331941544885 0.08070500927643785
5 0.29201461377870563 0.4967532467532468 0.04540709812108559 0.10111317254174397
0 0.36221294363256784 0.5088126159554731 0.006263048016701461 0.0287569573283859
0 0.36560542797494777 0.5037105751391465 0.006784968684759916 0.027829313543599257
0 0.35229645093945716 0.5658627087198516 0.0073068893528183704 0.029684601113172542
5 0.22625260960334026 0.524582560296846 0.07045929018789143 0.11224489795918367
5 0.16179540709812107 0.5602968460111317 0.029227557411273482 0.07792207792207792
5 0.1270876826722338 0.5528756957328386 0.05480167014613778 0.10204081632653061
5 0.08794363256784968 0.576530612244898 0.056889352818371604 0.12337662337662338
5 0.2719206680584551 0.5742115027829313 0.05427974947807933 0.03896103896103896
5 0.29410229645093944 0.601113172541744 0.10594989561586637 0.08905380333951762
1 0.6367432150313151 0.4044526901669759 0.008350730688935281 0.020408163265306124
9 0.635438413361169 0.4100185528756957 0.012004175365344467 0.014842300556586271
