3 0.4075 0.9733502538071065 0.035 0.048223350253807105
3 0.5496428571428571 0.972715736040609 0.035 0.052030456852791875
3 0.525 0.9689086294416243 0.03142857142857143 0.05964467005076142
3 0.4967857142857143 0.9295685279187816 0.03357142857142857 0.06218274111675126
3 0.47785714285714287 0.906725888324873 0.032857142857142856 0.06472081218274112
3 0.46214285714285713 0.890228426395939 0.04 0.07994923857868019
3 0.41035714285714286 0.8350253807106598 0.03214285714285714 0.06852791878172589
3 0.3975 0.8115482233502538 0.035 0.0748730964467005
3 0.38285714285714284 0.7975888324873096 0.03571428571428571 0.06979695431472081
4 0.3525 0.9257614213197969 0.04214285714285714 0.06725888324873096
3 0.2667857142857143 0.8667512690355329 0.03785714285714286 0.06598984771573603
3 0.23714285714285716 0.8343908629441624 0.037142857142857144 0.06218274111675126
3 0.225 0.8115482233502538 0.041428571428571426 0.06725888324873096
3 0.21 0.7925126903553299 0.04 0.06472081218274112
3 0.19714285714285715 0.774746192893401 0.037142857142857144 0.06218274111675126
3 0.17535714285714285 0.7557106598984771 0.045 0.06979695431472081
3 0.15964285714285714 0.732233502538071 0.03785714285714286 0.06091370558375634
3 0.11178571428571428 0.6897208121827411 0.03642857142857143 0.03680203045685279
3 0.07214285714285715 0.6941624365482233 0.03571428571428571 0.03807106598984771
4 0.054642857142857146 0.6338832487309645 0.04214285714285714 0.03934010152284264
3 0.07 0.5970812182741116 0.04 0.04441624365482233
3 0.09 0.5717005076142132 0.03428571428571429 0.04441624365482233
3 0.11214285714285714 0.5564720812182741 0.027142857142857142 0.03680203045685279
3 0.165 0.5463197969543147 0.03 0.049492385786802026
3 0.18 0.5596446700507614 0.032857142857142856 0.055837563451776644
3 0.19714285714285715 0.5717005076142132 0.032857142857142856 0.052030456852791875
3 0.2092857142857143 0.5926395939086294 0.032857142857142856 0.06091370558375634
3 0.21928571428571428 0.6085025380710659 0.032857142857142856 0.05710659898477157
3 0.23 0.6294416243654822 0.03142857142857143 0.050761421319796954
3 0.2567857142857143 0.6503807106598984 0.04214285714285714 0.07233502538071065
3 0.27 0.6681472081218274 0.03428571428571429 0.05964467005076142
3 0.28285714285714286 0.6840101522842639 0.037142857142857144 0.06598984771573603
3 0.31035714285714283 0.708756345177665 0.03357142857142857 0.06725888324873096
3 0.32392857142857145 0.7296954314720812 0.03214285714285714 0.05837563451776649
3 0.33714285714285713 0.7468274111675126 0.032857142857142856 0.06472081218274112
3 0.35214285714285715 0.7620558375634517 0.037142857142857144 0.0748730964467005
0 0.32285714285714284 0.3876903553299492 0.005714285714285714 0.013959390862944161
0 0.3314285714285714 0.3794416243654822 0.005714285714285714 0.015228426395939085
4 0.33535714285714285 0.36040609137055835 0.03642857142857143 0.04060913705583756
0 0.3342857142857143 0.34644670050761417 0.007142857142857143 0.015228426395939085
5 0.38142857142857145 0.3413705583756345 0.041428571428571426 0.06091370558375634
3 0.39785714285714285 0.36865482233502533 0.02 0.029187817258883246
3 0.37142857142857144 0.3172588832487309 0.02857142857142857 0.03045685279187817
3 0.3625 0.30076142131979694 0.02642857142857143 0.027918781725888322
3 0.35928571428571426 0.2861675126903553 0.027142857142857142 0.029187817258883246
3 0.32392857142857145 0.12055837563451775 0.023571428571428573 0.02284263959390863
3 0.3221428571428571 0.11104060913705582 0.027142857142857142 0.021573604060913704
4 0.3603571428571429 0.09137055837563451 0.012142857142857143 0.027918781725888322
3 0.37464285714285717 0.22906091370558374 0.02214285714285714 0.03426395939086294
3 0.3871428571428571 0.2315989847715736 0.02 0.03426395939086294
3 0.39964285714285713 0.24238578680203043 0.020714285714285713 0.032994923857868015
3 0.41714285714285715 0.26015228426395937 0.022857142857142857 0.035532994923857864
3 0.44535714285714284 0.28743654822335024 0.02214285714285714 0.03426395939086294
3 0.45964285714285713 0.2880710659898477 0.02214285714285714 0.035532994923857864
3 0.07178571428571429 0.015228426395939085 0.02214285714285714 0.03045685279187817
4 0.06 0.19416243654822332 0.024285714285714285 0.048223350253807105
