3 0.5328571428571428 0.4746192893401015 0.06428571428571428 0.050761421319796954
3 0.5067857142857143 0.11104060913705582 0.065 0.05964467005076142
3 0.7317857142857143 0.48032994923857864 0.039285714285714285 0.10786802030456852
3 0.7946428571428571 0.4828680203045685 0.03214285714285714 0.11040609137055837
3 0.715 0.7024111675126903 0.025714285714285714 0.10786802030456852
3 0.6417857142857143 0.7214467005076142 0.025 0.09517766497461928
3 0.5721428571428572 0.723984771573604 0.03 0.11040609137055837
3 0.5375 0.7100253807106598 0.025 0.11802030456852791
3 0.4539285714285714 0.706218274111675 0.027857142857142858 0.12309644670050761
3 0.41714285714285715 0.6916243654822335 0.027142857142857142 0.11167512690355329
3 0.3792857142857143 0.6941624365482233 0.027142857142857142 0.09390862944162436
3 0.3392857142857143 0.6782994923857868 0.03142857142857143 0.11294416243654821
3 0.2914285714285714 0.6630710659898477 0.024285714285714285 0.10786802030456852
3 0.25642857142857145 0.6586294416243654 0.032857142857142856 0.10659898477157359
3 0.09214285714285714 0.46002538071065985 0.06714285714285714 0.04187817258883248
3 0.12642857142857142 0.32170050761421315 0.06857142857142857 0.052030456852791875
3 0.045 0.424492385786802 0.04285714285714286 0.07994923857868019
4 0.135 0.5913705583756345 0.037142857142857144 0.12690355329949238
4 0.08 0.6795685279187816 0.06 0.049492385786802026
4 0.215 0.6345177664974618 0.027142857142857142 0.09898477157360405
4 0.8375 0.6897208121827411 0.029285714285714286 0.09517766497461928
3 0.9667857142857142 0.7525380710659898 0.035 0.11421319796954314
3 0.6596428571428572 0.4993654822335025 0.065 0.04695431472081218
3 0.1975 0.44035532994923854 0.06928571428571428 0.06598984771573603
3 0.24892857142857142 0.024111675126903553 0.075 0.048223350253807105
5 0.4967857142857143 0.6814720812182741 0.03214285714285714 0.13959390862944163
3 0.014285714285714285 0.35850253807106597 0.02857142857142857 0.06472081218274112
0 0.905 0.44035532994923854 0.02 0.02030456852791878
0 0.905 0.4232233502538071 0.022857142857142857 0.021573604060913704
0 0.735 0.8635786802030456 0.014285714285714285 0.021573604060913704
0 0.7428571428571429 0.8362944162436547 0.008571428571428572 0.012690355329949238
0 0.7596428571428572 0.8889593908629441 0.010714285714285714 0.019035532994923856
0 0.77 0.8705583756345177 0.012857142857142857 0.02284263959390863
0 0.9139285714285714 0.8680203045685279 0.017857142857142856 0.02030456852791878
0 0.2775 0.8134517766497461 0.015 0.02284263959390863
0 0.17892857142857144 0.7468274111675126 0.013571428571428571 0.019035532994923856
0 0.062142857142857146 0.8464467005076142 0.017142857142857144 0.025380710659898477
0 0.35892857142857143 0.7994923857868019 0.009285714285714286 0.02284263959390863
0 0.5171428571428571 0.8375634517766497 0.014285714285714285 0.02284263959390863
0 0.49535714285714283 0.8781725888324873 0.012142857142857143 0.017766497461928932
9 0.6121428571428571 0.8071065989847716 0.022857142857142857 0.025380710659898477
9 0.6746428571428571 0.8045685279187816 0.02214285714285714 0.02284263959390863
9 0.7953571428571429 0.7887055837563451 0.019285714285714285 0.03426395939086294
0 0.7871428571428571 0.8350253807106598 0.017142857142857144 0.02030456852791878
0 0.8614285714285714 0.765228426395939 0.014285714285714285 0.017766497461928932
0 0.8296428571428571 0.758248730964467 0.010714285714285714 0.021573604060913704
9 0.8971428571428571 0.7715736040609137 0.012857142857142857 0.04314720812182741
0 0.18678571428571428 0.8166243654822335 0.010714285714285714 0.021573604060913704
0 0.3067857142857143 0.8927664974619288 0.012142857142857143 0.024111675126903553
0 0.3692857142857143 0.8730964467005076 0.01 0.027918781725888322
0 0.7575 0.8623096446700507 0.012142857142857143 0.016497461928934008
9 0.8 0.8318527918781725 0.025714285714285714 0.026649746192893398
9 0.8225 0.8889593908629441 0.025 0.026649746192893398
9 0.8039285714285714 0.897208121827411 0.029285714285714286 0.025380710659898477
9 0.91 0.9035532994923857 0.022857142857142857 0.015228426395939085
0 0.7942857142857143 0.9206852791878172 0.014285714285714285 0.024111675126903553
0 0.7796428571428572 0.9162436548223349 0.012142857142857143 0.02030456852791878
1 0.5742857142857143 0.38642131979695427 0.012857142857142857 0.021573604060913704
