4 0.49785714285714283 0.31666666666666665 0.08 0.09238095238095238
1 0.535 0.48428571428571426 0.011428571428571429 0.014285714285714285
1 0.525 0.5114285714285715 0.008571428571428572 0.011428571428571429
3 0.0225 0.7747619047619048 0.04642857142857143 0.09619047619047619
4 0.5446428571428571 0.7638095238095238 0.06785714285714285 0.07428571428571429
4 0.5296428571428572 0.7 0.065 0.07047619047619047
3 0.7303571428571428 0.85 0.08071428571428571 0.09238095238095238
3 0.7178571428571429 0.7742857142857142 0.07142857142857142 0.08
3 0.6517857142857143 0.6276190476190476 0.07642857142857143 0.0838095238095238
3 0.9421428571428572 0.79 0.06714285714285714 0.06380952380952382
9 0.8417857142857142 0.5942857142857143 0.02214285714285714 0.024761904761904763
9 0.87 0.3742857142857143 0.027142857142857142 0.024761904761904763
4 0.7642857142857142 0.3019047619047619 0.10428571428571429 0.08761904761904762
9 0.7903571428571429 0.10714285714285714 0.019285714285714285 0.02
3 0.6139285714285714 0.012380952380952381 0.05928571428571429 0.024761904761904763
3 0.6825 0.01904761904761905 0.045 0.0380952380952381
