3 0.48678571428571427 0.4765228426395939 0.009285714285714286 0.026649746192893398
3 0.4878571428571429 0.5482233502538071 0.014285714285714285 0.03807106598984771
3 0.5039285714285714 0.4746192893401015 0.010714285714285714 0.03045685279187817
3 0.5046428571428572 0.5209390862944162 0.012142857142857143 0.029187817258883246
3 0.48714285714285716 0.6459390862944162 0.012857142857142857 0.04060913705583756
3 0.5114285714285715 0.641497461928934 0.012857142857142857 0.03680203045685279
3 0.4992857142857143 0.38642131979695427 0.008571428571428572 0.024111675126903553
3 0.49892857142857144 0.3508883248730964 0.007857142857142858 0.024111675126903553
3 0.4967857142857143 0.30076142131979694 0.007857142857142858 0.017766497461928932
3 0.4853571428571429 0.20431472081218272 0.0064285714285714285 0.012690355329949238
3 0.4725 0.16941624365482233 0.0064285714285714285 0.011421319796954314
3 0.46214285714285713 0.19289340101522842 0.005714285714285714 0.01015228426395939
3 0.4925 0.1465736040609137 0.005 0.008883248730964466
3 0.49214285714285716 0.12944162436548223 0.004285714285714286 0.01015228426395939
3 0.47285714285714286 0.1516497461928934 0.004285714285714286 0.011421319796954314
3 0.46464285714285714 0.14276649746192893 0.005 0.008883248730964466
8 0.4742857142857143 0.09137055837563451 0.01 0.027918781725888322
8 0.49214285714285716 0.019035532994923856 0.005714285714285714 0.025380710659898477
3 0.505 0.07423857868020305 0.004285714285714286 0.008883248730964466
4 0.4525 0.11802030456852791 0.007857142857142858 0.01015228426395939
4 0.4739285714285714 0.133248730964467 0.005 0.01015228426395939
4 0.48464285714285715 0.15355329949238578 0.005 0.012690355329949238
4 0.4853571428571429 0.28236040609137053 0.007857142857142858 0.021573604060913704
3 0.49642857142857144 0.2442893401015228 0.007142857142857143 0.019035532994923856
4 0.5089285714285714 0.33375634517766495 0.009285714285714286 0.025380710659898477
4 0.5075 0.7163705583756345 0.013571428571428571 0.05710659898477157
4 0.48428571428571426 0.766497461928934 0.015714285714285715 0.05837563451776649
8 0.5103571428571428 0.8267766497461928 0.025 0.15355329949238578
5 0.5067857142857143 0.5862944162436547 0.015 0.06598984771573603
8 0.61 0.700507614213198 0.02857142857142857 0.12182741116751268
8 0.5853571428571429 0.4942893401015228 0.020714285714285713 0.07233502538071065
8 0.6042857142857143 0.49682741116751267 0.022857142857142857 0.07741116751269035
8 0.6225 0.4955583756345177 0.020714285714285713 0.06979695431472081
4 0.4825 0.9898477157360406 0.016428571428571428 0.017766497461928932
5 0.5325 0.6878172588832486 0.017857142857142856 0.07106598984771573
3 0.8617857142857143 0.38515228426395937 0.02214285714285714 0.016497461928934008
3 0.9775 0.6046954314720812 0.020714285714285713 0.029187817258883246
3 0.8946428571428572 0.4727157360406091 0.017857142857142856 0.029187817258883246
3 0.8678571428571429 0.43401015228426393 0.011428571428571429 0.02284263959390863
3 0.9346428571428571 0.5380710659898477 0.017857142857142856 0.03045685279187817
